1.0000000 353.4858271 353.6122475 
2.0000000 353.2894085 353.4158290 
3.0000000 353.0929900 353.2194104 
4.0000000 352.8965714 353.0229919 
5.0000000 352.7001529 352.8265733 
6.0000000 352.5037343 352.6301547 
7.0000000 352.3073158 352.4337362 
8.0000000 352.1108972 352.2373176 
9.0000000 351.9144787 352.0408991 
10.0000000 351.7180601 351.8444805 
11.0000000 351.5216416 351.6480620 
12.0000000 351.3252230 351.4516434 
13.0000000 351.1288045 351.2552249 
14.0000000 350.9323859 351.0588063 
15.0000000 350.7359674 350.8623878 
16.0000000 350.5395488 350.6659692 
17.0000000 350.3431302 350.4695507 
18.0000000 350.1467117 350.2731321 
19.0000000 349.9502931 350.0767136 
20.0000000 349.7538746 349.8802950 
21.0000000 349.5574560 349.6838765 
22.0000000 349.3610375 349.4874579 
23.0000000 349.1646189 349.2910394 
24.0000000 348.9682004 349.0946208 
25.0000000 348.7717818 348.8982023 
26.0000000 348.5753633 348.7017837 
27.0000000 348.3789447 348.5053652 
28.0000000 348.1825262 348.3089466 
29.0000000 347.9861076 348.1125281 
30.0000000 347.7896891 347.9161095 
31.0000000 347.5932705 347.7196910 
32.0000000 347.3968520 347.5232724 
33.0000000 347.2004334 347.3268539 
34.0000000 347.0040149 347.1304353 
35.0000000 346.8075963 346.9340168 
36.0000000 346.6111778 346.7375982 
37.0000000 346.4147592 346.5411797 
38.0000000 346.2183407 346.3447611 
39.0000000 346.0219221 346.1483426 
40.0000000 345.8255036 345.9519240 
41.0000000 345.6290850 345.7555055 
42.0000000 345.4326665 345.5590869 
43.0000000 345.2362479 345.3626684 
44.0000000 345.0398294 345.1662498 
45.0000000 344.8434108 344.9698313 
46.0000000 344.6469923 344.7734127 
47.0000000 344.4505737 344.5769942 
48.0000000 344.2541552 344.3805756 
49.0000000 344.0577366 344.1841571 
50.0000000 343.8613181 343.9877385 
51.0000000 343.6648995 343.7913200 
52.0000000 343.4684810 343.5949014 
53.0000000 343.2720624 343.3984829 
54.0000000 343.0756439 343.2020643 
55.0000000 342.8792253 343.0056458 
56.0000000 342.6828068 342.8092272 
57.0000000 342.4863882 342.6128087 
58.0000000 342.2899697 342.4163901 
59.0000000 342.0935511 342.2199716 
60.0000000 341.8971326 342.0235530 
61.0000000 341.7007140 341.8271345 
62.0000000 341.5042955 341.6307159 
63.0000000 341.3078769 341.4342974 
64.0000000 341.1114584 341.2378788 
65.0000000 340.9150398 341.0414603 
66.0000000 340.7186213 340.8450417 
67.0000000 340.5222027 340.6486232 
68.0000000 340.3257842 340.4522046 
69.0000000 340.1293656 340.2557861 
70.0000000 339.9329471 340.0593675 
71.0000000 339.7365285 339.8629490 
72.0000000 339.5401100 339.6665304 
73.0000000 339.3436914 339.4701119 
74.0000000 339.1472729 339.2736933 
75.0000000 338.9508543 339.0772748 
76.0000000 338.7544358 338.8808562 
77.0000000 338.5580172 338.6844377 
78.0000000 338.3615987 338.4880191 
79.0000000 338.1651801 338.2916006 
80.0000000 337.9687616 338.0951820 
81.0000000 337.7723430 337.8987635 
82.0000000 337.5759245 337.7023449 
83.0000000 337.3795059 337.5059264 
84.0000000 337.1830874 337.3095078 
85.0000000 336.9866688 337.1130893 
86.0000000 336.7902503 336.9166707 
87.0000000 336.5938317 336.7202522 
88.0000000 336.3974132 336.5238336 
89.0000000 336.2009946 336.3274151 
90.0000000 336.0045761 336.1309965 
91.0000000 335.8081575 335.9345780 
92.0000000 335.6117390 335.7381594 
93.0000000 335.4153204 335.5417409 
94.0000000 335.2189019 335.3453223 
95.0000000 335.0224833 335.1489038 
96.0000000 334.8260648 334.9524852 
97.0000000 334.6296462 334.7560667 
98.0000000 334.4332277 334.5596481 
99.0000000 334.2368091 334.3632296 
100.0000000 334.0403906 334.1668110 
101.0000000 333.8439720 333.9703925 
102.0000000 333.6475535 333.7739739 
103.0000000 333.4511349 333.5775554 
104.0000000 333.2547164 333.3811368 
105.0000000 333.0582978 333.1847183 
106.0000000 332.8618793 332.9882997 
107.0000000 332.6654607 332.7918812 
108.0000000 332.4690422 332.5954626 
109.0000000 332.2726236 332.3990441 
110.0000000 332.0762051 332.2026255 
111.0000000 331.8797865 332.0062070 
112.0000000 331.6833680 331.8097884 
113.0000000 331.4869494 331.6133699 
114.0000000 331.2905309 331.4169513 
115.0000000 331.0941123 331.2205328 
116.0000000 330.8976938 331.0241142 
117.0000000 330.7012752 330.8276957 
118.0000000 330.5048567 330.6312771 
119.0000000 330.3084381 330.4348586 
120.0000000 330.1120196 330.2384400 
121.0000000 329.9156010 330.0420215 
122.0000000 329.7191825 329.8456029 
123.0000000 329.5227639 329.6491844 
124.0000000 329.3263454 329.4527658 
125.0000000 329.1299268 329.2563473 
126.0000000 328.9335083 329.0599287 
127.0000000 328.7370897 328.8635102 
128.0000000 328.5406712 328.6670916 
129.0000000 328.3442526 328.4706731 
130.0000000 328.1478341 328.2742545 
131.0000000 327.9514155 328.0778360 
132.0000000 327.7549970 327.8814174 
133.0000000 327.5585784 327.6849989 
134.0000000 327.3621599 327.4885803 
135.0000000 327.1657413 327.2921618 
136.0000000 326.9693228 327.0957432 
137.0000000 326.7729042 326.8993247 
138.0000000 326.5764857 326.7029061 
139.0000000 326.3800671 326.5064876 
140.0000000 326.1836486 326.3100690 
141.0000000 325.9872300 326.1136505 
142.0000000 325.7908115 325.9172319 
143.0000000 325.5943929 325.7208134 
144.0000000 325.3979744 325.5243948 
145.0000000 325.2015558 325.3279763 
146.0000000 325.0051373 325.1315577 
147.0000000 324.8087187 324.9351392 
148.0000000 324.6123002 324.7387206 
149.0000000 324.4158816 324.5423021 
150.0000000 324.2194631 324.3458835 
151.0000000 324.0230445 324.1494650 
152.0000000 323.8266260 323.9530464 
153.0000000 323.6302074 323.7566279 
154.0000000 323.4337889 323.5602093 
155.0000000 323.2373703 323.3637908 
156.0000000 323.0409518 323.1673722 
157.0000000 322.8445332 322.9709536 
158.0000000 322.6481147 322.7745351 
159.0000000 322.4516961 322.5781165 
160.0000000 322.2552776 322.3816980 
161.0000000 322.0588590 322.1852794 
162.0000000 321.8624405 321.9888609 
163.0000000 321.6660219 321.7924423 
164.0000000 321.4696034 321.5960238 
165.0000000 321.2731848 321.3996052 
166.0000000 321.0767663 321.2031867 
167.0000000 320.8803477 321.0067681 
168.0000000 320.6839291 320.8103496 
169.0000000 320.4875106 320.6139310 
170.0000000 320.2910920 320.4175125 
171.0000000 320.0946735 320.2210939 
172.0000000 319.8982549 320.0246754 
173.0000000 319.7018364 319.8282568 
174.0000000 319.5054178 319.6318383 
175.0000000 319.3089993 319.4354197 
176.0000000 319.1125807 319.2390012 
177.0000000 318.9161622 319.0425826 
178.0000000 318.7197436 318.8461641 
179.0000000 318.5233251 318.6497455 
180.0000000 318.3269065 318.4533270 
181.0000000 318.1304880 318.2569084 
182.0000000 317.9340694 318.0604899 
183.0000000 317.7376509 317.8640713 
184.0000000 317.5412323 317.6676528 
185.0000000 317.3448138 317.4712342 
186.0000000 317.1483952 317.2748157 
187.0000000 316.9519767 317.0783971 
188.0000000 316.7555581 316.8819786 
189.0000000 316.5591396 316.6855600 
190.0000000 316.3627210 316.4891415 
191.0000000 316.1663025 316.2927229 
192.0000000 315.9698839 316.0963044 
193.0000000 315.7734654 315.8998858 
194.0000000 315.5770468 315.7034673 
195.0000000 315.3806283 315.5070487 
196.0000000 315.1842097 315.3106302 
197.0000000 314.9877912 315.1142116 
198.0000000 314.7913726 314.9177931 
199.0000000 314.5949541 314.7213745 
200.0000000 314.3985355 314.5249560 
201.0000000 314.2021170 314.3285374 
202.0000000 314.0056984 314.1321189 
203.0000000 313.8092799 313.9357003 
204.0000000 313.6128613 313.7392818 
205.0000000 313.4164428 313.5428632 
206.0000000 313.2200242 313.3464447 
207.0000000 313.0236057 313.1500261 
208.0000000 312.8271871 312.9536076 
209.0000000 312.6307686 312.7571890 
210.0000000 312.4343500 312.5607705 
211.0000000 312.2379315 312.3643519 
212.0000000 312.0415129 312.1679334 
213.0000000 311.8450944 311.9715148 
214.0000000 311.6486758 311.7750963 
215.0000000 311.4522573 311.5786777 
216.0000000 311.2558387 311.3822592 
217.0000000 311.0594202 311.1858406 
218.0000000 310.8630016 310.9894221 
219.0000000 310.6665831 310.7930035 
220.0000000 310.4701645 310.5965850 
221.0000000 310.2737460 310.4001664 
222.0000000 310.0773274 310.2037479 
223.0000000 309.8809089 310.0073293 
224.0000000 309.6844903 309.8109108 
225.0000000 309.4880718 309.6144922 
226.0000000 309.2916532 309.4180737 
227.0000000 309.0952347 309.2216551 
228.0000000 308.8988161 309.0252366 
229.0000000 308.7023976 308.8288180 
230.0000000 308.5059790 308.6323995 
231.0000000 308.3095605 308.4359809 
232.0000000 308.1131419 308.2395624 
233.0000000 307.9167234 308.0431438 
234.0000000 307.7203048 307.8467253 
235.0000000 307.5238863 307.6503067 
236.0000000 307.3274677 307.4538882 
237.0000000 307.1310492 307.2574696 
238.0000000 306.9346306 307.0610511 
239.0000000 306.7382121 306.8646325 
240.0000000 306.5417935 306.6682140 
241.0000000 306.3453750 306.4717954 
242.0000000 306.1489564 306.2753769 
243.0000000 305.9525379 306.0789583 
244.0000000 305.7561193 305.8825398 
245.0000000 305.5597008 305.6861212 
246.0000000 305.3632822 305.4897027 
247.0000000 305.1668637 305.2932841 
248.0000000 304.9704451 305.0968656 
249.0000000 304.7740266 304.9004470 
250.0000000 304.5776080 304.7040285 
251.0000000 304.3811895 304.5076099 
252.0000000 304.1847709 304.3111914 
253.0000000 303.9883524 304.1147728 
254.0000000 303.7919338 303.9183543 
255.0000000 303.5955153 303.7219357 
256.0000000 303.3990967 303.5255172 
257.0000000 303.2026782 303.3290986 
258.0000000 303.0062596 303.1326801 
259.0000000 302.8098411 302.9362615 
260.0000000 302.6134225 302.7398430 
261.0000000 302.4170040 302.5434244 
262.0000000 302.2205854 302.3470059 
263.0000000 302.0241669 302.1505873 
264.0000000 301.8277483 301.9541688 
265.0000000 301.6313298 301.7577502 
266.0000000 301.4349112 301.5613317 
267.0000000 301.2384927 301.3649131 
268.0000000 301.0420741 301.1684946 
269.0000000 300.8456556 300.9720760 
270.0000000 300.6492370 300.7756575 
271.0000000 300.4528185 300.5792389 
272.0000000 300.2563999 300.3828204 
273.0000000 300.0599814 300.1864018 
274.0000000 299.8635628 299.9899833 
275.0000000 299.6671443 299.7935647 
276.0000000 299.4707257 299.5971462 
277.0000000 299.2743072 299.4007276 
278.0000000 299.0778886 299.2043091 
279.0000000 298.8814701 299.0078905 
280.0000000 298.6850515 298.8114720 
281.0000000 298.4886330 298.6150534 
282.0000000 298.2922144 298.4186349 
283.0000000 298.0957959 298.2222163 
284.0000000 297.8993773 298.0257978 
285.0000000 297.7029588 297.8293792 
286.0000000 297.5065402 297.6329607 
287.0000000 297.3101217 297.4365421 
288.0000000 297.1137031 297.2401236 
289.0000000 296.9172846 297.0437050 
290.0000000 296.7208660 296.8472865 
291.0000000 296.5244475 296.6508679 
292.0000000 296.3280289 296.4544494 
293.0000000 296.1316104 296.2580308 
294.0000000 295.9351918 296.0616123 
295.0000000 295.7387733 295.8651937 
296.0000000 295.5423547 295.6687752 
297.0000000 295.3459362 295.4723566 
298.0000000 295.1495176 295.2759381 
299.0000000 294.9530991 295.0795195 
300.0000000 294.7566805 294.8831010 
301.0000000 294.5602620 294.6866824 
302.0000000 294.3638434 294.4902639 
303.0000000 294.1674249 294.2938453 
304.0000000 293.9710063 294.0974268 
305.0000000 293.7745878 293.9010082 
306.0000000 293.5781692 293.7045897 
307.0000000 293.3817507 293.5081711 
308.0000000 293.1853321 293.3117526 
309.0000000 292.9889136 293.1153340 
310.0000000 292.7924950 292.9189154 
311.0000000 292.5960765 292.7224969 
312.0000000 292.3996579 292.5260783 
313.0000000 292.2032394 292.3296598 
314.0000000 292.0068208 292.1332412 
315.0000000 291.8104023 291.9368227 
316.0000000 291.6139837 291.7404041 
317.0000000 291.4175652 291.5439856 
318.0000000 291.2211466 291.3475670 
319.0000000 291.0247281 291.1511485 
320.0000000 290.8283095 290.9547299 
321.0000000 290.6318909 290.7583114 
322.0000000 290.4354724 290.5618928 
323.0000000 290.2390538 290.3654743 
324.0000000 290.0426353 290.1690557 
325.0000000 289.8462167 289.9726372 
326.0000000 289.6497982 289.7762186 
327.0000000 289.4533796 289.5798001 
328.0000000 289.2569611 289.3833815 
329.0000000 289.0605425 289.1869630 
330.0000000 288.8641240 288.9905444 
331.0000000 288.6677054 288.7941259 
332.0000000 288.4712869 288.5977073 
333.0000000 288.2748683 288.4012888 
334.0000000 288.0784498 288.2048702 
335.0000000 287.8820312 288.0084517 
336.0000000 287.6856127 287.8120331 
337.0000000 287.4891941 287.6156146 
338.0000000 287.2927756 287.4191960 
339.0000000 287.0963570 287.2227775 
340.0000000 286.8999385 287.0263589 
341.0000000 286.7035199 286.8299404 
342.0000000 286.5071014 286.6335218 
343.0000000 286.3106828 286.4371033 
344.0000000 286.1142643 286.2406847 
345.0000000 285.9178457 286.0442662 
346.0000000 285.7214272 285.8478476 
347.0000000 285.5250086 285.6514291 
348.0000000 285.3285901 285.4550105 
349.0000000 285.1321715 285.2585920 
350.0000000 284.9357530 285.0621734 
351.0000000 284.7393344 284.8657549 
352.0000000 284.5429159 284.6693363 
353.0000000 284.3464973 284.4729178 
354.0000000 284.1500788 284.2764992 
355.0000000 283.9536602 284.0800807 
356.0000000 283.7572417 283.8836621 
357.0000000 283.5608231 283.6872436 
358.0000000 283.3644046 283.4908250 
359.0000000 283.1679860 283.2944065 
360.0000000 282.9715675 283.0979879 
361.0000000 282.7751489 282.9015694 
362.0000000 282.5787304 282.7051508 
363.0000000 282.3823118 282.5087323 
364.0000000 282.1858933 282.3123137 
365.0000000 281.9894747 282.1158952 
366.0000000 281.7930562 281.9194766 
367.0000000 281.5966376 281.7230581 
368.0000000 281.4002191 281.5266395 
369.0000000 281.2038005 281.3302210 
370.0000000 281.0073820 281.1338024 
371.0000000 280.8109634 280.9373839 
372.0000000 280.6145449 280.7409653 
373.0000000 280.4181263 280.5445468 
374.0000000 280.2217078 280.3481282 
375.0000000 280.0252892 280.1517097 
376.0000000 279.8288707 279.9552911 
377.0000000 279.6324521 279.7588726 
378.0000000 279.4360336 279.5624540 
379.0000000 279.2396150 279.3660355 
380.0000000 279.0431965 279.1696169 
381.0000000 278.8467779 278.9731984 
382.0000000 278.6503594 278.7767798 
383.0000000 278.4539408 278.5803613 
384.0000000 278.2575223 278.3839427 
385.0000000 278.0611037 278.1875242 
386.0000000 277.8646852 277.9911056 
387.0000000 277.6682666 277.7946871 
388.0000000 277.4718481 277.5982685 
389.0000000 277.2754295 277.4018500 
390.0000000 277.0790110 277.2054314 
391.0000000 276.8825924 277.0090129 
392.0000000 276.6861739 276.8125943 
393.0000000 276.4897553 276.6161758 
394.0000000 276.2933368 276.4197572 
395.0000000 276.0969182 276.2233387 
396.0000000 275.9004997 276.0269201 
397.0000000 275.7040811 275.8305016 
398.0000000 275.5076626 275.6340830 
399.0000000 275.3112440 275.4376645 
400.0000000 275.1148255 275.2412459 
401.0000000 274.9184069 275.0448274 
402.0000000 274.7219884 274.8484088 
403.0000000 274.5255698 274.6519903 
404.0000000 274.3291513 274.4555717 
405.0000000 274.1327327 274.2591532 
406.0000000 273.9363142 274.0627346 
407.0000000 273.7398956 273.8663161 
408.0000000 273.5434771 273.6698975 
409.0000000 273.3470585 273.4734790 
410.0000000 273.1506400 273.2770604 
411.0000000 272.9542214 273.0806419 
412.0000000 272.7578029 272.8842233 
413.0000000 272.5613843 272.6878048 
414.0000000 272.3649658 272.4913862 
415.0000000 272.1685472 272.2949677 
416.0000000 271.9721287 272.0985491 
417.0000000 271.7757101 271.9021306 
418.0000000 271.5792916 271.7057120 
419.0000000 271.3828730 271.5092935 
420.0000000 271.1864545 271.3128749 
421.0000000 270.9900359 271.1164564 
422.0000000 270.7936174 270.9200378 
423.0000000 270.5971988 270.7236193 
424.0000000 270.4007803 270.5272007 
425.0000000 270.2043617 270.3307822 
426.0000000 270.0079432 270.1343636 
427.0000000 269.8115246 269.9379451 
428.0000000 269.6151061 269.7415265 
429.0000000 269.4186875 269.5451080 
430.0000000 269.2222690 269.3486894 
431.0000000 269.0258504 269.1522709 
432.0000000 268.8294319 268.9558523 
433.0000000 268.6330133 268.7594338 
434.0000000 268.4365948 268.5630152 
435.0000000 268.2401762 268.3665967 
436.0000000 268.0437577 268.1701781 
437.0000000 267.8473391 267.9737596 
438.0000000 267.6509206 267.7773410 
439.0000000 267.4545020 267.5809225 
440.0000000 267.2580835 267.3845039 
441.0000000 267.0616649 267.1880854 
442.0000000 266.8652464 266.9916668 
443.0000000 266.6688278 266.7952483 
444.0000000 266.4724093 266.5988297 
445.0000000 266.2759907 266.4024112 
446.0000000 266.0795722 266.2059926 
447.0000000 265.8831536 266.0095741 
448.0000000 265.6867351 265.8131555 
449.0000000 265.4903165 265.6167370 
450.0000000 265.2938980 265.4203184 
451.0000000 265.0974794 265.2238999 
452.0000000 264.9010609 265.0274813 
453.0000000 264.7046423 264.8310628 
454.0000000 264.5082238 264.6346442 
455.0000000 264.3118052 264.4382257 
456.0000000 264.1153867 264.2418071 
457.0000000 263.9189681 264.0453886 
458.0000000 263.7225496 263.8489700 
459.0000000 263.5261310 263.6525515 
460.0000000 263.3297125 263.4561329 
461.0000000 263.1332939 263.2597143 
462.0000000 262.9368754 263.0632958 
463.0000000 262.7404568 262.8668772 
464.0000000 262.5440383 262.6704587 
465.0000000 262.3476197 262.4740401 
466.0000000 262.1512012 262.2776216 
467.0000000 261.9547826 262.0812030 
468.0000000 261.7583641 261.8847845 
469.0000000 261.5619455 261.6883659 
470.0000000 261.3655270 261.4919474 
471.0000000 261.1691084 261.2955288 
472.0000000 260.9726898 261.0991103 
473.0000000 260.7762713 260.9026917 
474.0000000 260.5798527 260.7062732 
475.0000000 260.3834342 260.5098546 
476.0000000 260.1870156 260.3134361 
477.0000000 259.9905971 260.1170175 
478.0000000 259.7941785 259.9205990 
479.0000000 259.5977600 259.7241804 
480.0000000 259.4013414 259.5277619 
481.0000000 259.2049229 259.3313433 
482.0000000 259.0085043 259.1349248 
483.0000000 258.8120858 258.9385062 
484.0000000 258.6156672 258.7420877 
485.0000000 258.4192487 258.5456691 
486.0000000 258.2228301 258.3492506 
487.0000000 258.0264116 258.1528320 
488.0000000 257.8299930 257.9564135 
489.0000000 257.6335745 257.7599949 
490.0000000 257.4371559 257.5635764 
491.0000000 257.2407374 257.3671578 
492.0000000 257.0443188 257.1707393 
493.0000000 256.8479003 256.9743207 
494.0000000 256.6514817 256.7779022 
495.0000000 256.4550632 256.5814836 
496.0000000 256.2586446 256.3850651 
497.0000000 256.0622261 256.1886465 
498.0000000 255.8658075 255.9922280 
499.0000000 255.6693890 255.7958094 
500.0000000 255.4729704 255.5993909 
501.0000000 255.2765519 255.4029723 
502.0000000 255.0801333 255.2065538 
503.0000000 254.8837148 255.0101352 
504.0000000 254.6872962 254.8137167 
505.0000000 254.4908777 254.6172981 
506.0000000 254.2944591 254.4208796 
507.0000000 254.0980406 254.2244610 
508.0000000 253.9016220 254.0280425 
509.0000000 253.7052035 253.8316239 
510.0000000 253.5087849 253.6352054 
511.0000000 253.3123664 253.4387868 
512.0000000 253.1159478 253.2423683 
513.0000000 252.9195293 253.0459497 
514.0000000 252.7231107 252.8495312 
515.0000000 252.5266922 252.6531126 
516.0000000 252.3302736 252.4566941 
517.0000000 252.1338551 252.2602755 
518.0000000 251.9374365 252.0638570 
519.0000000 251.7410180 251.8674384 
520.0000000 251.5445994 251.6710199 
521.0000000 251.3481809 251.4746013 
522.0000000 251.1517623 251.2781828 
523.0000000 250.9553438 251.0817642 
524.0000000 250.7589252 250.8853457 
525.0000000 250.5625067 250.6889271 
526.0000000 250.3660881 250.4925086 
527.0000000 250.1696696 250.2960900 
528.0000000 249.9732510 250.0996715 
529.0000000 249.7768325 249.9032529 
530.0000000 249.5804139 249.7068344 
531.0000000 249.3839954 249.5104158 
532.0000000 249.1875768 249.3139973 
533.0000000 248.9911583 249.1175787 
534.0000000 248.7947397 248.9211602 
535.0000000 248.5983212 248.7247416 
536.0000000 248.4019026 248.5283231 
537.0000000 248.2054841 248.3319045 
538.0000000 248.0090655 248.1354860 
539.0000000 247.8126470 247.9390674 
540.0000000 247.6162284 247.7426489 
541.0000000 247.4198099 247.5462303 
542.0000000 247.2233913 247.3498118 
543.0000000 247.0269728 247.1533932 
544.0000000 246.8305542 246.9569747 
545.0000000 246.6341357 246.7605561 
546.0000000 246.4377171 246.5641376 
547.0000000 246.2412986 246.3677190 
548.0000000 246.0448800 246.1713005 
549.0000000 245.8484615 245.9748819 
550.0000000 245.6520429 245.7784634 
551.0000000 245.4556244 245.5820448 
552.0000000 245.2592058 245.3856263 
553.0000000 245.0627873 245.1892077 
554.0000000 244.8663687 244.9927892 
555.0000000 244.6699502 244.7963706 
556.0000000 244.4735316 244.5999521 
557.0000000 244.2771131 244.4035335 
558.0000000 244.0806945 244.2071150 
559.0000000 243.8842760 244.0106964 
560.0000000 243.6878574 243.8142779 
561.0000000 243.4914389 243.6178593 
562.0000000 243.2950203 243.4214408 
563.0000000 243.0986018 243.2250222 
564.0000000 242.9021832 243.0286037 
565.0000000 242.7057647 242.8321851 
566.0000000 242.5093461 242.6357666 
567.0000000 242.3129276 242.4393480 
568.0000000 242.1165090 242.2429295 
569.0000000 241.9200905 242.0465109 
570.0000000 241.7236719 241.8500924 
571.0000000 241.5272534 241.6536738 
572.0000000 241.3308348 241.4572553 
573.0000000 241.1344163 241.2608367 
574.0000000 240.9379977 241.0644182 
575.0000000 240.7415792 240.8679996 
576.0000000 240.5451606 240.6715811 
577.0000000 240.3487421 240.4751625 
578.0000000 240.1523235 240.2787440 
579.0000000 239.9559050 240.0823254 
580.0000000 239.7594864 239.8859069 
581.0000000 239.5630679 239.6894883 
582.0000000 239.3666493 239.4930698 
583.0000000 239.1702308 239.2966512 
584.0000000 238.9738122 239.1002327 
585.0000000 238.7773937 238.9038141 
586.0000000 238.5809751 238.7073956 
587.0000000 238.3845566 238.5109770 
588.0000000 238.1881380 238.3145585 
589.0000000 237.9917195 238.1181399 
590.0000000 237.7953009 237.9217214 
591.0000000 237.5988824 237.7253028 
592.0000000 237.4024638 237.5288843 
593.0000000 237.2060453 237.3324657 
594.0000000 237.0096267 237.1360472 
595.0000000 236.8132082 236.9396286 
596.0000000 236.6167896 236.7432101 
597.0000000 236.4203711 236.5467915 
598.0000000 236.2239525 236.3503730 
599.0000000 236.0275340 236.1539544 
600.0000000 235.8311154 235.9575359 
601.0000000 235.6346969 235.7611173 
602.0000000 235.4382783 235.5646988 
603.0000000 235.2418598 235.3682802 
604.0000000 235.0454412 235.1718617 
605.0000000 234.8490227 234.9754431 
606.0000000 234.6526041 234.7790246 
607.0000000 234.4561856 234.5826060 
608.0000000 234.2597670 234.3861875 
609.0000000 234.0633485 234.1897689 
610.0000000 233.8669299 233.9933504 
611.0000000 233.6705114 233.7969318 
612.0000000 233.4740928 233.6005133 
613.0000000 233.2776743 233.4040947 
614.0000000 233.0812557 233.2076761 
615.0000000 232.8848372 233.0112576 
616.0000000 232.6884186 232.8148390 
617.0000000 232.4920001 232.6184205 
618.0000000 232.2955815 232.4220019 
619.0000000 232.0991630 232.2255834 
620.0000000 231.9027444 232.0291648 
621.0000000 231.7063259 231.8327463 
622.0000000 231.5099073 231.6363277 
623.0000000 231.3134887 231.4399092 
624.0000000 231.1170702 231.2434906 
625.0000000 230.9206516 231.0470721 
626.0000000 230.7242331 230.8506535 
627.0000000 230.5278145 230.6542350 
628.0000000 230.3313960 230.4578164 
629.0000000 230.1349774 230.2613979 
630.0000000 229.9385589 230.0649793 
631.0000000 229.7421403 229.8685608 
632.0000000 229.5457218 229.6721422 
633.0000000 229.3493032 229.4757237 
634.0000000 229.1528847 229.2793051 
635.0000000 228.9564661 229.0828866 
636.0000000 228.7600476 228.8864680 
637.0000000 228.5636290 228.6900495 
638.0000000 228.3672105 228.4936309 
639.0000000 228.1707919 228.2972124 
640.0000000 227.9743734 228.1007938 
641.0000000 227.7779548 227.9043753 
642.0000000 227.5815363 227.7079567 
643.0000000 227.3851177 227.5115382 
644.0000000 227.1886992 227.3151196 
645.0000000 226.9922806 227.1187011 
646.0000000 226.7958621 226.9222825 
647.0000000 226.5994435 226.7258640 
648.0000000 226.4030250 226.5294454 
649.0000000 226.2066064 226.3330269 
650.0000000 226.0101879 226.1366083 
651.0000000 225.8137693 225.9401898 
652.0000000 225.6173508 225.7437712 
653.0000000 225.4209322 225.5473527 
654.0000000 225.2245137 225.3509341 
655.0000000 225.0280951 225.1545156 
656.0000000 224.8316766 224.9580970 
657.0000000 224.6352580 224.7616785 
658.0000000 224.4388395 224.5652599 
659.0000000 224.2424209 224.3688414 
660.0000000 224.0460024 224.1724228 
661.0000000 223.8495838 223.9760043 
662.0000000 223.6531653 223.7795857 
663.0000000 223.4567467 223.5831672 
664.0000000 223.2603282 223.3867486 
665.0000000 223.0639096 223.1903301 
666.0000000 222.8674911 222.9939115 
667.0000000 222.6710725 222.7974930 
668.0000000 222.4746540 222.6010744 
669.0000000 222.2782354 222.4046559 
670.0000000 222.0818169 222.2082373 
671.0000000 221.8853983 222.0118188 
672.0000000 221.6889798 221.8154002 
673.0000000 221.4925612 221.6189817 
674.0000000 221.2961427 221.4225631 
675.0000000 221.0997241 221.2261446 
676.0000000 220.9033056 221.0297260 
677.0000000 220.7068870 220.8333075 
678.0000000 220.5104685 220.6368889 
679.0000000 220.3140499 220.4404704 
680.0000000 220.1176314 220.2440518 
681.0000000 219.9212128 220.0476333 
682.0000000 219.7247943 219.8512147 
683.0000000 219.5283757 219.6547962 
684.0000000 219.3319572 219.4583776 
685.0000000 219.1355386 219.2619591 
686.0000000 218.9391201 219.0655405 
687.0000000 218.7427015 218.8691220 
688.0000000 218.5462830 218.6727034 
689.0000000 218.3498644 218.4762849 
690.0000000 218.1534459 218.2798663 
691.0000000 217.9570273 218.0834478 
692.0000000 217.7606088 217.8870292 
693.0000000 217.5641902 217.6906107 
694.0000000 217.3677717 217.4941921 
695.0000000 217.1713531 217.2977736 
696.0000000 216.9749346 217.1013550 
697.0000000 216.7785160 216.9049365 
698.0000000 216.5820975 216.7085179 
699.0000000 216.3856789 216.5120994 
700.0000000 216.1892604 216.3156808 
701.0000000 215.9928418 216.1192623 
702.0000000 215.7964233 215.9228437 
703.0000000 215.6000047 215.7264252 
704.0000000 215.4035862 215.5300066 
705.0000000 215.2071676 215.3335881 
706.0000000 215.0107491 215.1371695 
707.0000000 214.8143305 214.9407510 
708.0000000 214.6179120 214.7443324 
709.0000000 214.4214934 214.5479139 
710.0000000 214.2250749 214.3514953 
711.0000000 214.0286563 214.1550768 
712.0000000 213.8322378 213.9586582 
713.0000000 213.6358192 213.7622397 
714.0000000 213.4394007 213.5658211 
715.0000000 213.2429821 213.3694026 
716.0000000 213.0465636 213.1729840 
717.0000000 212.8501450 212.9765655 
718.0000000 212.6537265 212.7801469 
719.0000000 212.4573079 212.5837284 
720.0000000 212.2608894 212.3873098 
721.0000000 212.0644708 212.1908913 
722.0000000 211.8680523 211.9944727 
723.0000000 211.6716337 211.7980542 
724.0000000 211.4752152 211.6016356 
725.0000000 211.2787966 211.4052171 
726.0000000 211.0823781 211.2087985 
727.0000000 210.8859595 211.0123800 
728.0000000 210.6895410 210.8159614 
729.0000000 210.4931224 210.6195429 
730.0000000 210.2967039 210.4231243 
731.0000000 210.1002853 210.2267058 
732.0000000 209.9038668 210.0302872 
733.0000000 209.7074482 209.8338687 
734.0000000 209.5110297 209.6374501 
735.0000000 209.3146111 209.4410316 
736.0000000 209.1181926 209.2446130 
737.0000000 208.9217740 209.0481945 
738.0000000 208.7253555 208.8517759 
739.0000000 208.5289369 208.6553574 
740.0000000 208.3325184 208.4589388 
741.0000000 208.1360998 208.2625203 
742.0000000 207.9396813 208.0661017 
743.0000000 207.7432627 207.8696832 
744.0000000 207.5468442 207.6732646 
745.0000000 207.3504256 207.4768461 
746.0000000 207.1540071 207.2804275 
747.0000000 206.9575885 207.0840090 
748.0000000 206.7611700 206.8875904 
749.0000000 206.5647514 206.6911719 
750.0000000 206.3683329 206.4947533 
751.0000000 206.1719143 206.2983348 
752.0000000 205.9754958 206.1019162 
753.0000000 205.7790772 205.9054977 
754.0000000 205.5826587 205.7090791 
755.0000000 205.3862401 205.5126606 
756.0000000 205.1898216 205.3162420 
757.0000000 204.9934030 205.1198235 
758.0000000 204.7969845 204.9234049 
759.0000000 204.6005659 204.7269864 
760.0000000 204.4041474 204.5305678 
761.0000000 204.2077288 204.3341493 
762.0000000 204.0113103 204.1377307 
763.0000000 203.8148917 203.9413122 
764.0000000 203.6184732 203.7448936 
765.0000000 203.4220546 203.5484750 
766.0000000 203.2256361 203.3520565 
767.0000000 203.0292175 203.1556379 
768.0000000 202.8327990 202.9592194 
769.0000000 202.6363804 202.7628008 
770.0000000 202.4399619 202.5663823 
771.0000000 202.2435433 202.3699637 
772.0000000 202.0471248 202.1735452 
773.0000000 201.8507062 201.9771266 
774.0000000 201.6542877 201.7807081 
775.0000000 201.4578691 201.5842895 
776.0000000 201.2614505 201.3878710 
777.0000000 201.0650320 201.1914524 
778.0000000 200.8686134 200.9950339 
779.0000000 200.6721949 200.7986153 
780.0000000 200.4757763 200.6021968 
781.0000000 200.2793578 200.4057782 
782.0000000 200.0829392 200.2093597 
783.0000000 199.8865207 200.0129411 
784.0000000 199.6901021 199.8165226 
785.0000000 199.4936836 199.6201040 
786.0000000 199.2972650 199.4236855 
787.0000000 199.1008465 199.2272669 
788.0000000 198.9044279 199.0308484 
789.0000000 198.7080094 198.8344298 
790.0000000 198.5115908 198.6380113 
791.0000000 198.3151723 198.4415927 
792.0000000 198.1187537 198.2451742 
793.0000000 197.9223352 198.0487556 
794.0000000 197.7259166 197.8523371 
795.0000000 197.5294981 197.6559185 
796.0000000 197.3330795 197.4595000 
797.0000000 197.1366610 197.2630814 
798.0000000 196.9402424 197.0666629 
799.0000000 196.7438239 196.8702443 
800.0000000 196.5474053 196.6738258 
801.0000000 196.3509868 196.4774072 
802.0000000 196.1545682 196.2809887 
803.0000000 195.9581497 196.0845701 
804.0000000 195.7617311 195.8881516 
805.0000000 195.5653126 195.6917330 
806.0000000 195.3688940 195.4953145 
807.0000000 195.1724755 195.2988959 
808.0000000 194.9760569 195.1024774 
809.0000000 194.7796384 194.9060588 
810.0000000 194.5832198 194.7096403 
811.0000000 194.3868013 194.5132217 
812.0000000 194.1903827 194.3168032 
813.0000000 193.9939642 194.1203846 
814.0000000 193.7975456 193.9239661 
815.0000000 193.6011271 193.7275475 
816.0000000 193.4047085 193.5311290 
817.0000000 193.2082900 193.3347104 
818.0000000 193.0118714 193.1382919 
819.0000000 192.8154529 192.9418733 
820.0000000 192.6190343 192.7454548 
821.0000000 192.4226158 192.5490362 
822.0000000 192.2261972 192.3526177 
823.0000000 192.0297787 192.1561991 
824.0000000 191.8333601 191.9597806 
825.0000000 191.6369416 191.7633620 
826.0000000 191.4405230 191.5669435 
827.0000000 191.2441045 191.3705249 
828.0000000 191.0476859 191.1741064 
829.0000000 190.8512674 190.9776878 
830.0000000 190.6548488 190.7812693 
831.0000000 190.4584303 190.5848507 
832.0000000 190.2620117 190.3884322 
833.0000000 190.0655932 190.1920136 
834.0000000 189.8691746 189.9955951 
835.0000000 189.6727561 189.7991765 
836.0000000 189.4763375 189.6027580 
837.0000000 189.2799190 189.4063394 
838.0000000 189.0835004 189.2099209 
839.0000000 188.8870819 189.0135023 
840.0000000 188.6906633 188.8170838 
841.0000000 188.4942448 188.6206652 
842.0000000 188.2978262 188.4242467 
843.0000000 188.1014077 188.2278281 
844.0000000 187.9049891 188.0314096 
845.0000000 187.7085706 187.8349910 
846.0000000 187.5121520 187.6385725 
847.0000000 187.3157335 187.4421539 
848.0000000 187.1193149 187.2457354 
849.0000000 186.9228964 187.0493168 
850.0000000 186.7264778 186.8528983 
851.0000000 186.5300593 186.6564797 
852.0000000 186.3336407 186.4600612 
853.0000000 186.1372222 186.2636426 
854.0000000 185.9408036 186.0672241 
855.0000000 185.7443851 185.8708055 
856.0000000 185.5479665 185.6743870 
857.0000000 185.3515480 185.4779684 
858.0000000 185.1551294 185.2815499 
859.0000000 184.9587109 185.0851313 
860.0000000 184.7622923 184.8887128 
861.0000000 184.5658738 184.6922942 
862.0000000 184.3694552 184.4958757 
863.0000000 184.1730367 184.2994571 
864.0000000 183.9766181 184.1030386 
865.0000000 183.7801996 183.9066200 
866.0000000 183.5837810 183.7102015 
867.0000000 183.3873625 183.5137829 
868.0000000 183.1909439 183.3173644 
869.0000000 182.9945254 183.1209458 
870.0000000 182.7981068 182.9245273 
871.0000000 182.6016883 182.7281087 
872.0000000 182.4052697 182.5316902 
873.0000000 182.2088512 182.3352716 
874.0000000 182.0124326 182.1388531 
875.0000000 181.8160141 181.9424345 
876.0000000 181.6195955 181.7460160 
877.0000000 181.4231770 181.5495974 
878.0000000 181.2267584 181.3531789 
879.0000000 181.0303399 181.1567603 
880.0000000 180.8339213 180.9603418 
881.0000000 180.6375028 180.7639232 
882.0000000 180.4410842 180.5675047 
883.0000000 180.2446657 180.3710861 
884.0000000 180.0482471 180.1746676 
885.0000000 179.8518286 179.9782490 
886.0000000 179.6554100 179.7818305 
887.0000000 179.4589915 179.5854119 
888.0000000 179.2625729 179.3889934 
889.0000000 179.0661544 179.1925748 
890.0000000 178.8697358 178.9961563 
891.0000000 178.6733173 178.7997377 
892.0000000 178.4768987 178.6033192 
893.0000000 178.2804802 178.4069006 
894.0000000 178.0840616 178.2104821 
895.0000000 177.8876431 178.0140635 
896.0000000 177.6912245 177.8176450 
897.0000000 177.4948060 177.6212264 
898.0000000 177.2983874 177.4248079 
899.0000000 177.1019689 177.2283893 
900.0000000 176.9055503 177.0319708 
901.0000000 176.7091318 176.8355522 
902.0000000 176.5127132 176.6391337 
903.0000000 176.3162947 176.4427151 
904.0000000 176.1198761 176.2462966 
905.0000000 175.9234576 176.0498780 
906.0000000 175.7270390 175.8534595 
907.0000000 175.5306205 175.6570409 
908.0000000 175.3342019 175.4606224 
909.0000000 175.1377834 175.2642038 
910.0000000 174.9413648 175.0677853 
911.0000000 174.7449463 174.8713667 
912.0000000 174.5485277 174.6749482 
913.0000000 174.3521092 174.4785296 
914.0000000 174.1556906 174.2821111 
915.0000000 173.9592721 174.0856925 
916.0000000 173.7628535 173.8892739 
917.0000000 173.5664350 173.6928554 
918.0000000 173.3700164 173.4964368 
919.0000000 173.1735979 173.3000183 
920.0000000 172.9771793 173.1035997 
921.0000000 172.7807608 172.9071812 
922.0000000 172.5843422 172.7107626 
923.0000000 172.3879237 172.5143441 
924.0000000 172.1915051 172.3179255 
925.0000000 171.9950866 172.1215070 
926.0000000 171.7986680 171.9250884 
927.0000000 171.6022494 171.7286699 
928.0000000 171.4058309 171.5322513 
929.0000000 171.2094123 171.3358328 
930.0000000 171.0129938 171.1394142 
931.0000000 170.8165752 170.9429957 
932.0000000 170.6201567 170.7465771 
933.0000000 170.4237381 170.5501586 
934.0000000 170.2273196 170.3537400 
935.0000000 170.0309010 170.1573215 
936.0000000 169.8344825 169.9609029 
937.0000000 169.6380639 169.7644844 
938.0000000 169.4416454 169.5680658 
939.0000000 169.2452268 169.3716473 
940.0000000 169.0488083 169.1752287 
941.0000000 168.8523897 168.9788102 
942.0000000 168.6559712 168.7823916 
943.0000000 168.4595526 168.5859731 
944.0000000 168.2631341 168.3895545 
945.0000000 168.0667155 168.1931360 
946.0000000 167.8702970 167.9967174 
947.0000000 167.6738784 167.8002989 
948.0000000 167.4774599 167.6038803 
949.0000000 167.2810413 167.4074618 
950.0000000 167.0846228 167.2110432 
951.0000000 166.8882042 167.0146247 
952.0000000 166.6917857 166.8182061 
953.0000000 166.4953671 166.6217876 
954.0000000 166.2989486 166.4253690 
955.0000000 166.1025300 166.2289505 
956.0000000 165.9061115 166.0325319 
957.0000000 165.7096929 165.8361134 
958.0000000 165.5132744 165.6396948 
959.0000000 165.3168558 165.4432763 
960.0000000 165.1204373 165.2468577 
961.0000000 164.9240187 165.0504392 
962.0000000 164.7276002 164.8540206 
963.0000000 164.5311816 164.6576021 
964.0000000 164.3347631 164.4611835 
965.0000000 164.1383445 164.2647650 
966.0000000 163.9419260 164.0683464 
967.0000000 163.7455074 163.8719279 
968.0000000 163.5490889 163.6755093 
969.0000000 163.3526703 163.4790908 
970.0000000 163.1562518 163.2826722 
971.0000000 162.9598332 163.0862537 
972.0000000 162.7634147 162.8898351 
973.0000000 162.5669961 162.6934166 
974.0000000 162.3705776 162.4969980 
975.0000000 162.1741590 162.3005795 
976.0000000 161.9777405 162.1041609 
977.0000000 161.7813219 161.9077424 
978.0000000 161.5849034 161.7113238 
979.0000000 161.3884848 161.5149053 
980.0000000 161.1920663 161.3184867 
981.0000000 160.9956477 161.1220682 
982.0000000 160.7992292 160.9256496 
983.0000000 160.6028106 160.7292311 
984.0000000 160.4063921 160.5328125 
985.0000000 160.2099735 160.3363940 
986.0000000 160.0135550 160.1399754 
987.0000000 159.8171364 159.9435569 
988.0000000 159.6207179 159.7471383 
989.0000000 159.4242993 159.5507198 
990.0000000 159.2278808 159.3543012 
991.0000000 159.0314622 159.1578827 
992.0000000 158.8350437 158.9614641 
993.0000000 158.6386251 158.7650456 
994.0000000 158.4422066 158.5686270 
995.0000000 158.2457880 158.3722085 
996.0000000 158.0493695 158.1757899 
997.0000000 157.8529509 157.9793714 
998.0000000 157.6565324 157.7829528 
999.0000000 157.4601138 157.5865343 
1000.0000000 157.2636953 157.3901157 
1001.0000000 157.0672767 157.1936972 
1002.0000000 156.8708582 156.9972786 
1003.0000000 156.6744396 156.8008601 
1004.0000000 156.4780211 156.6044415 
1005.0000000 156.2816025 156.4080230 
1006.0000000 156.0851840 156.2116044 
1007.0000000 155.8887654 156.0151859 
1008.0000000 155.6923469 155.8187673 
1009.0000000 155.4959283 155.6223488 
1010.0000000 155.2995098 155.4259302 
1011.0000000 155.1030912 155.2295117 
1012.0000000 154.9066727 155.0330931 
1013.0000000 154.7102541 154.8366746 
1014.0000000 154.5138356 154.6402560 
1015.0000000 154.3174170 154.4438375 
1016.0000000 154.1209985 154.2474189 
1017.0000000 153.9245799 154.0510004 
1018.0000000 153.7281614 153.8545818 
1019.0000000 153.5317428 153.6581633 
1020.0000000 153.3353243 153.4617447 
1021.0000000 153.1389057 153.2653262 
1022.0000000 152.9424872 153.0689076 
1023.0000000 152.7460686 152.8724891 
1024.0000000 152.5496501 152.6760705 
1025.0000000 152.3532315 152.4796520 
1026.0000000 152.1568130 152.2832334 
1027.0000000 151.9603944 152.0868149 
1028.0000000 151.7639759 151.8903963 
1029.0000000 151.5675573 151.6939778 
1030.0000000 151.3711388 151.4975592 
1031.0000000 151.1747202 151.3011407 
1032.0000000 150.9783017 151.1047221 
1033.0000000 150.7818831 150.9083036 
1034.0000000 150.5854646 150.7118850 
1035.0000000 150.3890460 150.5154665 
1036.0000000 150.1926275 150.3190479 
1037.0000000 149.9962089 150.1226294 
1038.0000000 149.7997904 149.9262108 
1039.0000000 149.6033718 149.7297923 
1040.0000000 149.4069533 149.5333737 
1041.0000000 149.2105347 149.3369552 
1042.0000000 149.0141162 149.1405366 
1043.0000000 148.8176976 148.9441181 
1044.0000000 148.6212791 148.7476995 
1045.0000000 148.4248605 148.5512810 
1046.0000000 148.2284420 148.3548624 
1047.0000000 148.0320234 148.1584439 
1048.0000000 147.8356049 147.9620253 
1049.0000000 147.6391863 147.7656068 
1050.0000000 147.4427678 147.5691882 
1051.0000000 147.2463492 147.3727697 
1052.0000000 147.0499307 147.1763511 
1053.0000000 146.8535121 146.9799326 
1054.0000000 146.6570936 146.7835140 
1055.0000000 146.4606750 146.5870955 
1056.0000000 146.2642565 146.3906769 
1057.0000000 146.0678379 146.1942584 
1058.0000000 145.8714194 145.9978398 
1059.0000000 145.6750008 145.8014213 
1060.0000000 145.4785823 145.6050027 
1061.0000000 145.2821637 145.4085842 
1062.0000000 145.0857452 145.2121656 
1063.0000000 144.8893266 145.0157471 
1064.0000000 144.6929081 144.8193285 
1065.0000000 144.4964895 144.6229100 
1066.0000000 144.3000710 144.4264914 
1067.0000000 144.1036524 144.2300729 
1068.0000000 143.9072339 144.0336543 
1069.0000000 143.7108153 143.8372357 
1070.0000000 143.5143968 143.6408172 
1071.0000000 143.3179782 143.4443986 
1072.0000000 143.1215597 143.2479801 
1073.0000000 142.9251411 143.0515615 
1074.0000000 142.7287226 142.8551430 
1075.0000000 142.5323040 142.6587244 
1076.0000000 142.3358855 142.4623059 
1077.0000000 142.1394669 142.2658873 
1078.0000000 141.9430483 142.0694688 
1079.0000000 141.7466298 141.8730502 
1080.0000000 141.5502112 141.6766317 
1081.0000000 141.3537927 141.4802131 
1082.0000000 141.1573741 141.2837946 
1083.0000000 140.9609556 141.0873760 
1084.0000000 140.7645370 140.8909575 
1085.0000000 140.5681185 140.6945389 
1086.0000000 140.3716999 140.4981204 
1087.0000000 140.1752814 140.3017018 
1088.0000000 139.9788628 140.1052833 
1089.0000000 139.7824443 139.9088647 
1090.0000000 139.5860257 139.7124462 
1091.0000000 139.3896072 139.5160276 
1092.0000000 139.1931886 139.3196091 
1093.0000000 138.9967701 139.1231905 
1094.0000000 138.8003515 138.9267720 
1095.0000000 138.6039330 138.7303534 
1096.0000000 138.4075144 138.5339349 
1097.0000000 138.2110959 138.3375163 
1098.0000000 138.0146773 138.1410978 
1099.0000000 137.8182588 137.9446792 
1100.0000000 137.6218402 137.7482607 
1101.0000000 137.4254217 137.5518421 
1102.0000000 137.2290031 137.3554236 
1103.0000000 137.0325846 137.1590050 
1104.0000000 136.8361660 136.9625865 
1105.0000000 136.6397475 136.7661679 
1106.0000000 136.4433289 136.5697494 
1107.0000000 136.2469104 136.3733308 
1108.0000000 136.0504918 136.1769123 
1109.0000000 135.8540733 135.9804937 
1110.0000000 135.6576547 135.7840752 
1111.0000000 135.4612362 135.5876566 
1112.0000000 135.2648176 135.3912381 
1113.0000000 135.0683991 135.1948195 
1114.0000000 134.8719805 134.9984010 
1115.0000000 134.6755620 134.8019824 
1116.0000000 134.4791434 134.6055639 
1117.0000000 134.2827249 134.4091453 
1118.0000000 134.0863063 134.2127268 
1119.0000000 133.8898878 134.0163082 
1120.0000000 133.6934692 133.8198897 
1121.0000000 133.4970507 133.6234711 
1122.0000000 133.3006321 133.4270526 
1123.0000000 133.1042136 133.2306340 
1124.0000000 132.9077950 133.0342155 
1125.0000000 132.7113765 132.8377969 
1126.0000000 132.5149579 132.6413784 
1127.0000000 132.3185394 132.4449598 
1128.0000000 132.1221208 132.2485413 
1129.0000000 131.9257023 132.0521227 
1130.0000000 131.7292837 131.8557042 
1131.0000000 131.5328652 131.6592856 
1132.0000000 131.3364466 131.4628671 
1133.0000000 131.1400281 131.2664485 
1134.0000000 130.9436095 131.0700300 
1135.0000000 130.7471910 130.8736114 
1136.0000000 130.5507724 130.6771929 
1137.0000000 130.3543539 130.4807743 
1138.0000000 130.1579353 130.2843558 
1139.0000000 129.9615168 130.0879372 
1140.0000000 129.7650982 129.8915187 
1141.0000000 129.5686797 129.6951001 
1142.0000000 129.3722611 129.4986816 
1143.0000000 129.1758426 129.3022630 
1144.0000000 128.9794240 129.1058445 
1145.0000000 128.7830055 128.9094259 
1146.0000000 128.5865869 128.7130074 
1147.0000000 128.3901684 128.5165888 
1148.0000000 128.1937498 128.3201703 
1149.0000000 127.9973313 128.1237517 
1150.0000000 127.8009127 127.9273332 
1151.0000000 127.6044942 127.7309146 
1152.0000000 127.4080756 127.5344961 
1153.0000000 127.2116571 127.3380775 
1154.0000000 127.0152385 127.1416590 
1155.0000000 126.8188200 126.9452404 
1156.0000000 126.6224014 126.7488219 
1157.0000000 126.4259829 126.5524033 
1158.0000000 126.2295643 126.3559848 
1159.0000000 126.0331458 126.1595662 
1160.0000000 125.8367272 125.9631477 
1161.0000000 125.6403087 125.7667291 
1162.0000000 125.4438901 125.5703106 
1163.0000000 125.2474716 125.3738920 
1164.0000000 125.0510530 125.1774735 
1165.0000000 124.8546345 124.9810549 
1166.0000000 124.6582159 124.7846364 
1167.0000000 124.4617974 124.5882178 
1168.0000000 124.2653788 124.3917993 
1169.0000000 124.0689603 124.1953807 
1170.0000000 123.8725417 123.9989622 
1171.0000000 123.6761232 123.8025436 
1172.0000000 123.4797046 123.6061251 
1173.0000000 123.2832861 123.4097065 
1174.0000000 123.0868675 123.2132880 
1175.0000000 122.8904490 123.0168694 
1176.0000000 122.6940304 122.8204509 
1177.0000000 122.4976119 122.6240323 
1178.0000000 122.3011933 122.4276138 
1179.0000000 122.1047748 122.2311952 
1180.0000000 121.9083562 122.0347767 
1181.0000000 121.7119377 121.8383581 
1182.0000000 121.5155191 121.6419396 
1183.0000000 121.3191006 121.4455210 
1184.0000000 121.1226820 121.2491025 
1185.0000000 120.9262635 121.0526839 
1186.0000000 120.7298449 120.8562654 
1187.0000000 120.5334264 120.6598468 
1188.0000000 120.3370078 120.4634283 
1189.0000000 120.1405893 120.2670097 
1190.0000000 119.9441707 120.0705912 
1191.0000000 119.7477522 119.8741726 
1192.0000000 119.5513336 119.6777541 
1193.0000000 119.3549151 119.4813355 
1194.0000000 119.1584965 119.2849170 
1195.0000000 118.9620780 119.0884984 
1196.0000000 118.7656594 118.8920799 
1197.0000000 118.5692409 118.6956613 
1198.0000000 118.3728223 118.4992428 
1199.0000000 118.1764038 118.3028242 
1200.0000000 117.9799852 118.1064057 
1201.0000000 117.7835667 117.9099871 
1202.0000000 117.5871481 117.7135686 
1203.0000000 117.3907296 117.5171500 
1204.0000000 117.1943110 117.3207315 
1205.0000000 116.9978925 117.1243129 
1206.0000000 116.8014739 116.9278944 
1207.0000000 116.6050554 116.7314758 
1208.0000000 116.4086368 116.5350573 
1209.0000000 116.2122183 116.3386387 
1210.0000000 116.0157997 116.1422202 
1211.0000000 115.8193812 115.9458016 
1212.0000000 115.6229626 115.7493831 
1213.0000000 115.4265441 115.5529645 
1214.0000000 115.2301255 115.3565460 
1215.0000000 115.0337070 115.1601274 
1216.0000000 114.8372884 114.9637089 
1217.0000000 114.6408699 114.7672903 
1218.0000000 114.4444513 114.5708718 
1219.0000000 114.2480328 114.3744532 
1220.0000000 114.0516142 114.1780346 
1221.0000000 113.8551957 113.9816161 
1222.0000000 113.6587771 113.7851975 
1223.0000000 113.4623586 113.5887790 
1224.0000000 113.2659400 113.3923604 
1225.0000000 113.0695215 113.1959419 
1226.0000000 112.8731029 112.9995233 
1227.0000000 112.6766844 112.8031048 
1228.0000000 112.4802658 112.6066862 
1229.0000000 112.2838473 112.4102677 
1230.0000000 112.0874287 112.2138491 
1231.0000000 111.8910101 112.0174306 
1232.0000000 111.6945916 111.8210120 
1233.0000000 111.4981730 111.6245935 
1234.0000000 111.3017545 111.4281749 
1235.0000000 111.1053359 111.2317564 
1236.0000000 110.9089174 111.0353378 
1237.0000000 110.7124988 110.8389193 
1238.0000000 110.5160803 110.6425007 
1239.0000000 110.3196617 110.4460822 
1240.0000000 110.1232432 110.2496636 
1241.0000000 109.9268246 110.0532451 
1242.0000000 109.7304061 109.8568265 
1243.0000000 109.5339875 109.6604080 
1244.0000000 109.3375690 109.4639894 
1245.0000000 109.1411504 109.2675709 
1246.0000000 108.9447319 109.0711523 
1247.0000000 108.7483133 108.8747338 
1248.0000000 108.5518948 108.6783152 
1249.0000000 108.3554762 108.4818967 
1250.0000000 108.1590577 108.2854781 
1251.0000000 107.9626391 108.0890596 
1252.0000000 107.7662206 107.8926410 
1253.0000000 107.5698020 107.6962225 
1254.0000000 107.3733835 107.4998039 
1255.0000000 107.1769649 107.3033854 
1256.0000000 106.9805464 107.1069668 
1257.0000000 106.7841278 106.9105483 
1258.0000000 106.5877093 106.7141297 
1259.0000000 106.3912907 106.5177112 
1260.0000000 106.1948722 106.3212926 
1261.0000000 105.9984536 106.1248741 
1262.0000000 105.8020351 105.9284555 
1263.0000000 105.6056165 105.7320370 
1264.0000000 105.4091980 105.5356184 
1265.0000000 105.2127794 105.3391999 
1266.0000000 105.0163609 105.1427813 
1267.0000000 104.8199423 104.9463628 
1268.0000000 104.6235238 104.7499442 
1269.0000000 104.4271052 104.5535257 
1270.0000000 104.2306867 104.3571071 
1271.0000000 104.0342681 104.1606886 
1272.0000000 103.8378496 103.9642700 
1273.0000000 103.6414310 103.7678515 
1274.0000000 103.4450125 103.5714329 
1275.0000000 103.2485939 103.3750144 
1276.0000000 103.0521754 103.1785958 
1277.0000000 102.8557568 102.9821773 
1278.0000000 102.6593383 102.7857587 
1279.0000000 102.4629197 102.5893402 
1280.0000000 102.2665012 102.3929216 
1281.0000000 102.0700826 102.1965031 
1282.0000000 101.8736641 102.0000845 
1283.0000000 101.6772455 101.8036660 
1284.0000000 101.4808270 101.6072474 
1285.0000000 101.2844084 101.4108289 
1286.0000000 101.0879899 101.2144103 
1287.0000000 100.8915713 101.0179918 
1288.0000000 100.6951528 100.8215732 
1289.0000000 100.4987342 100.6251547 
1290.0000000 100.3023157 100.4287361 
1291.0000000 100.1058971 100.2323176 
1292.0000000 99.9094786 100.0358990 
1293.0000000 99.7130600 99.8394805 
1294.0000000 99.5166415 99.6430619 
1295.0000000 99.3202229 99.4466434 
1296.0000000 99.1238044 99.2502248 
1297.0000000 98.9273858 99.0538063 
1298.0000000 98.7309673 98.8573877 
1299.0000000 98.5345487 98.6609692 
1300.0000000 98.3381302 98.4645506 
1301.0000000 98.1417116 98.2681321 
1302.0000000 97.9452931 98.0717135 
1303.0000000 97.7488745 97.8752950 
1304.0000000 97.5524560 97.6788764 
1305.0000000 97.3560374 97.4824579 
1306.0000000 97.1596189 97.2860393 
1307.0000000 96.9632003 97.0896208 
1308.0000000 96.7667818 96.8932022 
1309.0000000 96.5703632 96.6967837 
1310.0000000 96.3739447 96.5003651 
1311.0000000 96.1775261 96.3039466 
1312.0000000 95.9811076 96.1075280 
1313.0000000 95.7846890 95.9111095 
1314.0000000 95.5882705 95.7146909 
1315.0000000 95.3918519 95.5182724 
1316.0000000 95.1954334 95.3218538 
1317.0000000 94.9990148 95.1254353 
1318.0000000 94.8025963 94.9290167 
1319.0000000 94.6061777 94.7325982 
1320.0000000 94.4097592 94.5361796 
1321.0000000 94.2133406 94.3397611 
1322.0000000 94.0169221 94.1433425 
1323.0000000 93.8205035 93.9469240 
1324.0000000 93.6240850 93.7505054 
1325.0000000 93.4276664 93.5540869 
1326.0000000 93.2312479 93.3576683 
1327.0000000 93.0348293 93.1612498 
1328.0000000 92.8384108 92.9648312 
1329.0000000 92.6419922 92.7684127 
1330.0000000 92.4455737 92.5719941 
1331.0000000 92.2491551 92.3755756 
1332.0000000 92.0527366 92.1791570 
1333.0000000 91.8563180 91.9827385 
1334.0000000 91.6598995 91.7863199 
1335.0000000 91.4634809 91.5899014 
1336.0000000 91.2670624 91.3934828 
1337.0000000 91.0706438 91.1970643 
1338.0000000 90.8742253 91.0006457 
1339.0000000 90.6778067 90.8042272 
1340.0000000 90.4813882 90.6078086 
1341.0000000 90.2849696 90.4113901 
1342.0000000 90.0885511 90.2149715 
1343.0000000 89.8921325 90.0185530 
1344.0000000 89.6957140 89.8221344 
1345.0000000 89.4992954 89.6257159 
1346.0000000 89.3028769 89.4292973 
1347.0000000 89.1064583 89.2328788 
1348.0000000 88.9100398 89.0364602 
1349.0000000 88.7136212 88.8400417 
1350.0000000 88.5172027 88.6436231 
1351.0000000 88.3207841 88.4472046 
1352.0000000 88.1243656 88.2507860 
1353.0000000 87.9279470 88.0543675 
1354.0000000 87.7315285 87.8579489 
1355.0000000 87.5351099 87.6615304 
1356.0000000 87.3386914 87.4651118 
1357.0000000 87.1422728 87.2686933 
1358.0000000 86.9458543 87.0722747 
1359.0000000 86.7494357 86.8758562 
1360.0000000 86.5530172 86.6794376 
1361.0000000 86.3565986 86.4830191 
1362.0000000 86.1601801 86.2866005 
1363.0000000 85.9637615 86.0901820 
1364.0000000 85.7673430 85.8937634 
1365.0000000 85.5709244 85.6973449 
1366.0000000 85.3745059 85.5009263 
1367.0000000 85.1780873 85.3045078 
1368.0000000 84.9816688 85.1080892 
1369.0000000 84.7852502 84.9116707 
1370.0000000 84.5888317 84.7152521 
1371.0000000 84.3924131 84.5188335 
1372.0000000 84.1959946 84.3224150 
1373.0000000 83.9995760 84.1259964 
1374.0000000 83.8031575 83.9295779 
1375.0000000 83.6067389 83.7331593 
1376.0000000 83.4103204 83.5367408 
1377.0000000 83.2139018 83.3403222 
1378.0000000 83.0174833 83.1439037 
1379.0000000 82.8210647 82.9474851 
1380.0000000 82.6246462 82.7510666 
1381.0000000 82.4282276 82.5546480 
1382.0000000 82.2318090 82.3582295 
1383.0000000 82.0353905 82.1618109 
1384.0000000 81.8389719 81.9653924 
1385.0000000 81.6425534 81.7689738 
1386.0000000 81.4461348 81.5725553 
1387.0000000 81.2497163 81.3761367 
1388.0000000 81.0532977 81.1797182 
1389.0000000 80.8568792 80.9832996 
1390.0000000 80.6604606 80.7868811 
1391.0000000 80.4640421 80.5904625 
1392.0000000 80.2676235 80.3940440 
1393.0000000 80.0712050 80.1976254 
1394.0000000 79.8747864 80.0012069 
1395.0000000 79.6783679 79.8047883 
1396.0000000 79.4819493 79.6083698 
1397.0000000 79.2855308 79.4119512 
1398.0000000 79.0891122 79.2155327 
1399.0000000 78.8926937 79.0191141 
1400.0000000 78.6962751 78.8226956 
1401.0000000 78.4998566 78.6262770 
1402.0000000 78.3034380 78.4298585 
1403.0000000 78.1070195 78.2334399 
1404.0000000 77.9106009 78.0370214 
1405.0000000 77.7141824 77.8406028 
1406.0000000 77.5177638 77.6441843 
1407.0000000 77.3213453 77.4477657 
1408.0000000 77.1249267 77.2513472 
1409.0000000 76.9285082 77.0549286 
1410.0000000 76.7320896 76.8585101 
1411.0000000 76.5356711 76.6620915 
1412.0000000 76.3392525 76.4656730 
1413.0000000 76.1428340 76.2692544 
1414.0000000 75.9464154 76.0728359 
1415.0000000 75.7499969 75.8764173 
1416.0000000 75.5535783 75.6799988 
1417.0000000 75.3571598 75.4835802 
1418.0000000 75.1607412 75.2871617 
1419.0000000 74.9643227 75.0907431 
1420.0000000 74.7679041 74.8943246 
1421.0000000 74.5714856 74.6979060 
1422.0000000 74.3750670 74.5014875 
1423.0000000 74.1786485 74.3050689 
1424.0000000 73.9822299 74.1086504 
1425.0000000 73.7858114 73.9122318 
1426.0000000 73.5893928 73.7158133 
1427.0000000 73.3929743 73.5193947 
1428.0000000 73.1965557 73.3229762 
1429.0000000 73.0001372 73.1265576 
1430.0000000 72.8037186 72.9301391 
1431.0000000 72.6073001 72.7337205 
1432.0000000 72.4108815 72.5373020 
1433.0000000 72.2144630 72.3408834 
1434.0000000 72.0180444 72.1444649 
1435.0000000 71.8216259 71.9480463 
1436.0000000 71.6252073 71.7516278 
1437.0000000 71.4287888 71.5552092 
1438.0000000 71.2323702 71.3587907 
1439.0000000 71.0359517 71.1623721 
1440.0000000 70.8395331 70.9659536 
1441.0000000 70.6431146 70.7695350 
1442.0000000 70.4466960 70.5731165 
1443.0000000 70.2502775 70.3766979 
1444.0000000 70.0538589 70.1802794 
1445.0000000 69.8574404 69.9838608 
1446.0000000 69.6610218 69.7874423 
1447.0000000 69.4646033 69.5910237 
1448.0000000 69.2681847 69.3946052 
1449.0000000 69.0717662 69.1981866 
1450.0000000 68.8753476 69.0017681 
1451.0000000 68.6789291 68.8053495 
1452.0000000 68.4825105 68.6089310 
1453.0000000 68.2860920 68.4125124 
1454.0000000 68.0896734 68.2160939 
1455.0000000 67.8932549 68.0196753 
1456.0000000 67.6968363 67.8232568 
1457.0000000 67.5004178 67.6268382 
1458.0000000 67.3039992 67.4304197 
1459.0000000 67.1075807 67.2340011 
1460.0000000 66.9111621 67.0375826 
1461.0000000 66.7147436 66.8411640 
1462.0000000 66.5183250 66.6447455 
1463.0000000 66.3219065 66.4483269 
1464.0000000 66.1254879 66.2519084 
1465.0000000 65.9290694 66.0554898 
1466.0000000 65.7326508 65.8590713 
1467.0000000 65.5362323 65.6626527 
1468.0000000 65.3398137 65.4662342 
1469.0000000 65.1433952 65.2698156 
1470.0000000 64.9469766 65.0733971 
1471.0000000 64.7505581 64.8769785 
1472.0000000 64.5541395 64.6805600 
1473.0000000 64.3577210 64.4841414 
1474.0000000 64.1613024 64.2877229 
1475.0000000 63.9648839 64.0913043 
1476.0000000 63.7684653 63.8948858 
1477.0000000 63.5720468 63.6984672 
1478.0000000 63.3756282 63.5020487 
1479.0000000 63.1792097 63.3056301 
1480.0000000 62.9827911 63.1092116 
1481.0000000 62.7863726 62.9127930 
1482.0000000 62.5899540 62.7163745 
1483.0000000 62.3935355 62.5199559 
1484.0000000 62.1971169 62.3235374 
1485.0000000 62.0006984 62.1271188 
1486.0000000 61.8042798 61.9307003 
1487.0000000 61.6078613 61.7342817 
1488.0000000 61.4114427 61.5378632 
1489.0000000 61.2150242 61.3414446 
1490.0000000 61.0186056 61.1450261 
1491.0000000 60.8221871 60.9486075 
1492.0000000 60.6257685 60.7521890 
1493.0000000 60.4293500 60.5557704 
1494.0000000 60.2329314 60.3593519 
1495.0000000 60.0365129 60.1629333 
1496.0000000 59.8400943 59.9665148 
1497.0000000 59.6436758 59.7700962 
1498.0000000 59.4472572 59.5736777 
1499.0000000 59.2508387 59.3772591 
1500.0000000 59.0544201 59.1808406 
1501.0000000 58.8580016 58.9844220 
1502.0000000 58.6615830 58.7880035 
1503.0000000 58.4651645 58.5915849 
1504.0000000 58.2687459 58.3951664 
1505.0000000 58.0723274 58.1987478 
1506.0000000 57.8759088 58.0023293 
1507.0000000 57.6794903 57.8059107 
1508.0000000 57.4830717 57.6094922 
1509.0000000 57.2866532 57.4130736 
1510.0000000 57.0902346 57.2166551 
1511.0000000 56.8938161 57.0202365 
1512.0000000 56.6973975 56.8238180 
1513.0000000 56.5009790 56.6273994 
1514.0000000 56.3045604 56.4309809 
1515.0000000 56.1081419 56.2345623 
1516.0000000 55.9117233 56.0381438 
1517.0000000 55.7153048 55.8417252 
1518.0000000 55.5188862 55.6453067 
1519.0000000 55.3224677 55.4488881 
1520.0000000 55.1260491 55.2524696 
1521.0000000 54.9296306 55.0560510 
1522.0000000 54.7332120 54.8596325 
1523.0000000 54.5367935 54.6632139 
1524.0000000 54.3403749 54.4667953 
1525.0000000 54.1439564 54.2703768 
1526.0000000 53.9475378 54.0739582 
1527.0000000 53.7511193 53.8775397 
1528.0000000 53.5547007 53.6811211 
1529.0000000 53.3582822 53.4847026 
1530.0000000 53.1618636 53.2882840 
1531.0000000 52.9654451 53.0918655 
1532.0000000 52.7690265 52.8954469 
1533.0000000 52.5726079 52.6990284 
1534.0000000 52.3761894 52.5026098 
1535.0000000 52.1797708 52.3061913 
1536.0000000 51.9833523 52.1097727 
1537.0000000 51.7869337 51.9133542 
1538.0000000 51.5905152 51.7169356 
1539.0000000 51.3940966 51.5205171 
1540.0000000 51.1976781 51.3240985 
1541.0000000 51.0012595 51.1276800 
1542.0000000 50.8048410 50.9312614 
1543.0000000 50.6084224 50.7348429 
1544.0000000 50.4120039 50.5384243 
1545.0000000 50.2155853 50.3420058 
1546.0000000 50.0191668 50.1455872 
1547.0000000 49.8227482 49.9491687 
1548.0000000 49.6263297 49.7527501 
1549.0000000 49.4299111 49.5563316 
1550.0000000 49.2334926 49.3599130 
1551.0000000 49.0370740 49.1634945 
1552.0000000 48.8406555 48.9670759 
1553.0000000 48.6442369 48.7706574 
1554.0000000 48.4478184 48.5742388 
1555.0000000 48.2513998 48.3778203 
1556.0000000 48.0549813 48.1814017 
1557.0000000 47.8585627 47.9849832 
1558.0000000 47.6621442 47.7885646 
1559.0000000 47.4657256 47.5921461 
1560.0000000 47.2693071 47.3957275 
1561.0000000 47.0728885 47.1993090 
1562.0000000 46.8764700 47.0028904 
1563.0000000 46.6800514 46.8064719 
1564.0000000 46.4836329 46.6100533 
1565.0000000 46.2872143 46.4136348 
1566.0000000 46.0907958 46.2172162 
1567.0000000 45.8943772 46.0207977 
1568.0000000 45.6979587 45.8243791 
1569.0000000 45.5015401 45.6279606 
1570.0000000 45.3051216 45.4315420 
1571.0000000 45.1087030 45.2351235 
1572.0000000 44.9122845 45.0387049 
1573.0000000 44.7158659 44.8422864 
1574.0000000 44.5194474 44.6458678 
1575.0000000 44.3230288 44.4494493 
1576.0000000 44.1266103 44.2530307 
1577.0000000 43.9301917 44.0566122 
1578.0000000 43.7337732 43.8601936 
1579.0000000 43.5373546 43.6637751 
1580.0000000 43.3409361 43.4673565 
1581.0000000 43.1445175 43.2709380 
1582.0000000 42.9480990 43.0745194 
1583.0000000 42.7516804 42.8781009 
1584.0000000 42.5552619 42.6816823 
1585.0000000 42.3588433 42.4852638 
1586.0000000 42.1624248 42.2888452 
1587.0000000 41.9660062 42.0924267 
1588.0000000 41.7695877 41.8960081 
1589.0000000 41.5731691 41.6995896 
1590.0000000 41.3767506 41.5031710 
1591.0000000 41.1803320 41.3067525 
1592.0000000 40.9839135 41.1103339 
1593.0000000 40.7874949 40.9139154 
1594.0000000 40.5910764 40.7174968 
1595.0000000 40.3946578 40.5210783 
1596.0000000 40.1982393 40.3246597 
1597.0000000 40.0018207 40.1282412 
1598.0000000 39.8054022 39.9318226 
1599.0000000 39.6089836 39.7354041 
1600.0000000 39.4125651 39.5389855 
1601.0000000 39.2161465 39.3425670 
1602.0000000 39.0197280 39.1461484 
1603.0000000 38.8233094 38.9497299 
1604.0000000 38.6268909 38.7533113 
1605.0000000 38.4304723 38.5568928 
1606.0000000 38.2340538 38.3604742 
1607.0000000 38.0376352 38.1640557 
1608.0000000 37.8412167 37.9676371 
1609.0000000 37.6447981 37.7712186 
1610.0000000 37.4483796 37.5748000 
1611.0000000 37.2519610 37.3783815 
1612.0000000 37.0555425 37.1819629 
1613.0000000 36.8591239 36.9855444 
1614.0000000 36.6627054 36.7891258 
1615.0000000 36.4662868 36.5927073 
1616.0000000 36.2698683 36.3962887 
1617.0000000 36.0734497 36.1998702 
1618.0000000 35.8770312 36.0034516 
1619.0000000 35.6806126 35.8070331 
1620.0000000 35.4841941 35.6106145 
1621.0000000 35.2877755 35.4141960 
1622.0000000 35.0913570 35.2177774 
1623.0000000 34.8949384 35.0213589 
1624.0000000 34.6985199 34.8249403 
1625.0000000 34.5021013 34.6285218 
1626.0000000 34.3056828 34.4321032 
1627.0000000 34.1092642 34.2356847 
1628.0000000 33.9128457 34.0392661 
1629.0000000 33.7164271 33.8428476 
1630.0000000 33.5200086 33.6464290 
1631.0000000 33.3235900 33.4500105 
1632.0000000 33.1271715 33.2535919 
1633.0000000 32.9307529 33.0571734 
1634.0000000 32.7343344 32.8607548 
1635.0000000 32.5379158 32.6643363 
1636.0000000 32.3414973 32.4679177 
1637.0000000 32.1450787 32.2714992 
1638.0000000 31.9486602 32.0750806 
1639.0000000 31.7522416 31.8786621 
1640.0000000 31.5558231 31.6822435 
1641.0000000 31.3594045 31.4858250 
1642.0000000 31.1629860 31.2894064 
1643.0000000 30.9665674 31.0929879 
1644.0000000 30.7701489 30.8965693 
1645.0000000 30.5737303 30.7001508 
1646.0000000 30.3773118 30.5037322 
1647.0000000 30.1808932 30.3073137 
1648.0000000 29.9844747 30.1108951 
1649.0000000 29.7880561 29.9144766 
1650.0000000 29.5916376 29.7180580 
1651.0000000 29.3952190 29.5216395 
1652.0000000 29.1988005 29.3252209 
1653.0000000 29.0023819 29.1288024 
1654.0000000 28.8059634 28.9323838 
1655.0000000 28.6095448 28.7359653 
1656.0000000 28.4131263 28.5395467 
1657.0000000 28.2167077 28.3431282 
1658.0000000 28.0202892 28.1467096 
1659.0000000 27.8238706 27.9502911 
1660.0000000 27.6274521 27.7538725 
1661.0000000 27.4310335 27.5574540 
1662.0000000 27.2346150 27.3610354 
1663.0000000 27.0381964 27.1646169 
1664.0000000 26.8417779 26.9681983 
1665.0000000 26.6453593 26.7717798 
1666.0000000 26.4489408 26.5753612 
1667.0000000 26.2525222 26.3789427 
1668.0000000 26.0561037 26.1825241 
1669.0000000 25.8596851 25.9861056 
1670.0000000 25.6632666 25.7896870 
1671.0000000 25.4668480 25.5932685 
1672.0000000 25.2704295 25.3968499 
1673.0000000 25.0740109 25.2004314 
1674.0000000 24.8775924 25.0040128 
1675.0000000 24.6811738 24.8075942 
1676.0000000 24.4847553 24.6111757 
1677.0000000 24.2883367 24.4147571 
1678.0000000 24.0919182 24.2183386 
1679.0000000 23.8954996 24.0219200 
1680.0000000 23.6990811 23.8255015 
1681.0000000 23.5026625 23.6290829 
1682.0000000 23.3062440 23.4326644 
1683.0000000 23.1098254 23.2362458 
1684.0000000 22.9134069 23.0398273 
1685.0000000 22.7169883 22.8434087 
1686.0000000 22.5205697 22.6469902 
1687.0000000 22.3241512 22.4505716 
1688.0000000 22.1277326 22.2541531 
1689.0000000 21.9313141 22.0577345 
1690.0000000 21.7348955 21.8613160 
1691.0000000 21.5384770 21.6648974 
1692.0000000 21.3420584 21.4684789 
1693.0000000 21.1456399 21.2720603 
1694.0000000 20.9492213 21.0756418 
1695.0000000 20.7528028 20.8792232 
1696.0000000 20.5563842 20.6828047 
1697.0000000 20.3599657 20.4863861 
1698.0000000 20.1635471 20.2899676 
1699.0000000 19.9671286 20.0935490 
1700.0000000 19.7707100 19.8971305 
1701.0000000 19.5742915 19.7007119 
1702.0000000 19.3778729 19.5042934 
1703.0000000 19.1814544 19.3078748 
1704.0000000 18.9850358 19.1114563 
1705.0000000 18.7886173 18.9150377 
1706.0000000 18.5921987 18.7186192 
1707.0000000 18.3957802 18.5222006 
1708.0000000 18.1993616 18.3257821 
1709.0000000 18.0029431 18.1293635 
1710.0000000 17.8065245 17.9329450 
1711.0000000 17.6101060 17.7365264 
1712.0000000 17.4136874 17.5401079 
1713.0000000 17.2172689 17.3436893 
1714.0000000 17.0208503 17.1472708 
1715.0000000 16.8244318 16.9508522 
1716.0000000 16.6280132 16.7544337 
1717.0000000 16.4315947 16.5580151 
1718.0000000 16.2351761 16.3615966 
1719.0000000 16.0387576 16.1651780 
1720.0000000 15.8423390 15.9687595 
1721.0000000 15.6459205 15.7723409 
1722.0000000 15.4495019 15.5759224 
1723.0000000 15.2530834 15.3795038 
1724.0000000 15.0566648 15.1830853 
1725.0000000 14.8602463 14.9866667 
1726.0000000 14.6638277 14.7902482 
1727.0000000 14.4674092 14.5938296 
1728.0000000 14.2709906 14.3974111 
1729.0000000 14.0745721 14.2009925 
1730.0000000 13.8781535 14.0045740 
1731.0000000 13.6817350 13.8081554 
1732.0000000 13.4853164 13.6117369 
1733.0000000 13.2888979 13.4153183 
1734.0000000 13.0924793 13.2188998 
1735.0000000 12.8960608 13.0224812 
1736.0000000 12.6996422 12.8260627 
1737.0000000 12.5032237 12.6296441 
1738.0000000 12.3068051 12.4332256 
1739.0000000 12.1103866 12.2368070 
1740.0000000 11.9139680 12.0403885 
1741.0000000 11.7175495 11.8439699 
1742.0000000 11.5211309 11.6475514 
1743.0000000 11.3247124 11.4511328 
1744.0000000 11.1282938 11.2547143 
1745.0000000 10.9318753 11.0582957 
1746.0000000 10.7354567 10.8618772 
1747.0000000 10.5390382 10.6654586 
1748.0000000 10.3426196 10.4690401 
1749.0000000 10.1462011 10.2726215 
1750.0000000 9.9497825 10.0762030 
1751.0000000 9.7533640 9.8797844 
1752.0000000 9.5569454 9.6833659 
1753.0000000 9.3605269 9.4869473 
1754.0000000 9.1641083 9.2905288 
1755.0000000 8.9676898 9.0941102 
1756.0000000 8.7712712 8.8976917 
1757.0000000 8.5748527 8.7012731 
1758.0000000 8.3784341 8.5048546 
1759.0000000 8.1820156 8.3084360 
1760.0000000 7.9855970 8.1120175 
1761.0000000 7.7891785 7.9155989 
1762.0000000 7.5927599 7.7191804 
1763.0000000 7.3963414 7.5227618 
1764.0000000 7.1999228 7.3263433 
1765.0000000 7.0035043 7.1299247 
1766.0000000 6.8070857 6.9335062 
1767.0000000 6.6106672 6.7370876 
1768.0000000 6.4142486 6.5406691 
1769.0000000 6.2178301 6.3442505 
1770.0000000 6.0214115 6.1478320 
1771.0000000 5.8249930 5.9514134 
1772.0000000 5.6285744 5.7549949 
1773.0000000 5.4321559 5.5585763 
1774.0000000 5.2357373 5.3621578 
1775.0000000 5.0393188 5.1657392 
1776.0000000 4.8429002 4.9693207 
1777.0000000 4.6464817 4.7729021 
1778.0000000 4.4500631 4.5764836 
1779.0000000 4.2536446 4.3800650 
1780.0000000 4.0572260 4.1836465 
1781.0000000 3.8608075 3.9872279 
1782.0000000 3.6643889 3.7908094 
1783.0000000 3.4679704 3.5943908 
1784.0000000 3.2715518 3.3979723 
1785.0000000 3.0751333 3.2015537 
1786.0000000 2.8787147 3.0051352 
1787.0000000 2.6822962 2.8087166 
1788.0000000 2.4858776 2.6122981 
1789.0000000 2.2894591 2.4158795 
1790.0000000 2.0930405 2.2194610 
1791.0000000 1.8966220 2.0230424 
1792.0000000 1.7002034 1.8266239 
1793.0000000 1.5037849 1.6302053 
1794.0000000 1.3073663 1.4337868 
1795.0000000 1.1109478 1.2373682 
1796.0000000 0.9145292 1.0409497 
1797.0000000 0.7181107 0.8445311 
1798.0000000 0.5216921 0.6481126 
1799.0000000 0.3252736 0.4516940 
1800.0000000 0.1288550 0.2552755 

