1.0000000 353.5337522 353.4685839 
2.0000000 353.3373336 353.2721654 
3.0000000 353.1409151 353.0757468 
4.0000000 352.9444965 352.8793283 
5.0000000 352.7480780 352.6829097 
6.0000000 352.5516594 352.4864912 
7.0000000 352.3552409 352.2900726 
8.0000000 352.1588223 352.0936541 
9.0000000 351.9624038 351.8972355 
10.0000000 351.7659852 351.7008170 
11.0000000 351.5695667 351.5043984 
12.0000000 351.3731481 351.3079799 
13.0000000 351.1767296 351.1115613 
14.0000000 350.9803110 350.9151428 
15.0000000 350.7838925 350.7187242 
16.0000000 350.5874739 350.5223057 
17.0000000 350.3910554 350.3258871 
18.0000000 350.1946368 350.1294686 
19.0000000 349.9982183 349.9330500 
20.0000000 349.8017997 349.7366315 
21.0000000 349.6053812 349.5402129 
22.0000000 349.4089626 349.3437944 
23.0000000 349.2125441 349.1473758 
24.0000000 349.0161255 348.9509573 
25.0000000 348.8197070 348.7545387 
26.0000000 348.6232884 348.5581202 
27.0000000 348.4268699 348.3617016 
28.0000000 348.2304513 348.1652831 
29.0000000 348.0340328 347.9688645 
30.0000000 347.8376142 347.7724460 
31.0000000 347.6411957 347.5760274 
32.0000000 347.4447771 347.3796089 
33.0000000 347.2483586 347.1831903 
34.0000000 347.0519400 346.9867718 
35.0000000 346.8555215 346.7903532 
36.0000000 346.6591029 346.5939347 
37.0000000 346.4626844 346.3975161 
38.0000000 346.2662658 346.2010976 
39.0000000 346.0698473 346.0046790 
40.0000000 345.8734287 345.8082605 
41.0000000 345.6770102 345.6118419 
42.0000000 345.4805916 345.4154234 
43.0000000 345.2841731 345.2190048 
44.0000000 345.0877545 345.0225863 
45.0000000 344.8913360 344.8261677 
46.0000000 344.6949174 344.6297492 
47.0000000 344.4984989 344.4333306 
48.0000000 344.3020803 344.2369121 
49.0000000 344.1056618 344.0404935 
50.0000000 343.9092432 343.8440750 
51.0000000 343.7128247 343.6476564 
52.0000000 343.5164061 343.4512379 
53.0000000 343.3199876 343.2548193 
54.0000000 343.1235690 343.0584008 
55.0000000 342.9271505 342.8619822 
56.0000000 342.7307319 342.6655637 
57.0000000 342.5343134 342.4691451 
58.0000000 342.3378948 342.2727266 
59.0000000 342.1414763 342.0763080 
60.0000000 341.9450577 341.8798895 
61.0000000 341.7486392 341.6834709 
62.0000000 341.5522206 341.4870524 
63.0000000 341.3558021 341.2906338 
64.0000000 341.1593835 341.0942153 
65.0000000 340.9629650 340.8977967 
66.0000000 340.7665464 340.7013782 
67.0000000 340.5701279 340.5049596 
68.0000000 340.3737093 340.3085411 
69.0000000 340.1772908 340.1121225 
70.0000000 339.9808722 339.9157040 
71.0000000 339.7844537 339.7192854 
72.0000000 339.5880351 339.5228669 
73.0000000 339.3916166 339.3264483 
74.0000000 339.1951980 339.1300298 
75.0000000 338.9987795 338.9336112 
76.0000000 338.8023609 338.7371927 
77.0000000 338.6059424 338.5407741 
78.0000000 338.4095238 338.3443556 
79.0000000 338.2131053 338.1479370 
80.0000000 338.0166867 337.9515185 
81.0000000 337.8202682 337.7550999 
82.0000000 337.6238496 337.5586814 
83.0000000 337.4274311 337.3622628 
84.0000000 337.2310125 337.1658443 
85.0000000 337.0345940 336.9694257 
86.0000000 336.8381754 336.7730072 
87.0000000 336.6417569 336.5765886 
88.0000000 336.4453383 336.3801701 
89.0000000 336.2489198 336.1837515 
90.0000000 336.0525012 335.9873330 
91.0000000 335.8560827 335.7909144 
92.0000000 335.6596641 335.5944959 
93.0000000 335.4632456 335.3980773 
94.0000000 335.2668270 335.2016588 
95.0000000 335.0704085 335.0052402 
96.0000000 334.8739899 334.8088217 
97.0000000 334.6775714 334.6124031 
98.0000000 334.4811528 334.4159845 
99.0000000 334.2847343 334.2195660 
100.0000000 334.0883157 334.0231474 
101.0000000 333.8918972 333.8267289 
102.0000000 333.6954786 333.6303103 
103.0000000 333.4990601 333.4338918 
104.0000000 333.3026415 333.2374732 
105.0000000 333.1062230 333.0410547 
106.0000000 332.9098044 332.8446361 
107.0000000 332.7133859 332.6482176 
108.0000000 332.5169673 332.4517990 
109.0000000 332.3205488 332.2553805 
110.0000000 332.1241302 332.0589619 
111.0000000 331.9277117 331.8625434 
112.0000000 331.7312931 331.6661248 
113.0000000 331.5348746 331.4697063 
114.0000000 331.3384560 331.2732877 
115.0000000 331.1420375 331.0768692 
116.0000000 330.9456189 330.8804506 
117.0000000 330.7492004 330.6840321 
118.0000000 330.5527818 330.4876135 
119.0000000 330.3563633 330.2911950 
120.0000000 330.1599447 330.0947764 
121.0000000 329.9635262 329.8983579 
122.0000000 329.7671076 329.7019393 
123.0000000 329.5706891 329.5055208 
124.0000000 329.3742705 329.3091022 
125.0000000 329.1778520 329.1126837 
126.0000000 328.9814334 328.9162651 
127.0000000 328.7850149 328.7198466 
128.0000000 328.5885963 328.5234280 
129.0000000 328.3921778 328.3270095 
130.0000000 328.1957592 328.1305909 
131.0000000 327.9993407 327.9341724 
132.0000000 327.8029221 327.7377538 
133.0000000 327.6065036 327.5413353 
134.0000000 327.4100850 327.3449167 
135.0000000 327.2136665 327.1484982 
136.0000000 327.0172479 326.9520796 
137.0000000 326.8208294 326.7556611 
138.0000000 326.6244108 326.5592425 
139.0000000 326.4279923 326.3628240 
140.0000000 326.2315737 326.1664054 
141.0000000 326.0351552 325.9699869 
142.0000000 325.8387366 325.7735683 
143.0000000 325.6423181 325.5771498 
144.0000000 325.4458995 325.3807312 
145.0000000 325.2494810 325.1843127 
146.0000000 325.0530624 324.9878941 
147.0000000 324.8566439 324.7914756 
148.0000000 324.6602253 324.5950570 
149.0000000 324.4638068 324.3986385 
150.0000000 324.2673882 324.2022199 
151.0000000 324.0709697 324.0058014 
152.0000000 323.8745511 323.8093828 
153.0000000 323.6781325 323.6129643 
154.0000000 323.4817140 323.4165457 
155.0000000 323.2852954 323.2201272 
156.0000000 323.0888769 323.0237086 
157.0000000 322.8924583 322.8272901 
158.0000000 322.6960398 322.6308715 
159.0000000 322.4996212 322.4344530 
160.0000000 322.3032027 322.2380344 
161.0000000 322.1067841 322.0416159 
162.0000000 321.9103656 321.8451973 
163.0000000 321.7139470 321.6487788 
164.0000000 321.5175285 321.4523602 
165.0000000 321.3211099 321.2559417 
166.0000000 321.1246914 321.0595231 
167.0000000 320.9282728 320.8631046 
168.0000000 320.7318543 320.6666860 
169.0000000 320.5354357 320.4702675 
170.0000000 320.3390172 320.2738489 
171.0000000 320.1425986 320.0774304 
172.0000000 319.9461801 319.8810118 
173.0000000 319.7497615 319.6845933 
174.0000000 319.5533430 319.4881747 
175.0000000 319.3569244 319.2917562 
176.0000000 319.1605059 319.0953376 
177.0000000 318.9640873 318.8989191 
178.0000000 318.7676688 318.7025005 
179.0000000 318.5712502 318.5060820 
180.0000000 318.3748317 318.3096634 
181.0000000 318.1784131 318.1132449 
182.0000000 317.9819946 317.9168263 
183.0000000 317.7855760 317.7204078 
184.0000000 317.5891575 317.5239892 
185.0000000 317.3927389 317.3275707 
186.0000000 317.1963204 317.1311521 
187.0000000 316.9999018 316.9347336 
188.0000000 316.8034833 316.7383150 
189.0000000 316.6070647 316.5418965 
190.0000000 316.4106462 316.3454779 
191.0000000 316.2142276 316.1490594 
192.0000000 316.0178091 315.9526408 
193.0000000 315.8213905 315.7562223 
194.0000000 315.6249720 315.5598037 
195.0000000 315.4285534 315.3633852 
196.0000000 315.2321349 315.1669666 
197.0000000 315.0357163 314.9705481 
198.0000000 314.8392978 314.7741295 
199.0000000 314.6428792 314.5777110 
200.0000000 314.4464607 314.3812924 
201.0000000 314.2500421 314.1848739 
202.0000000 314.0536236 313.9884553 
203.0000000 313.8572050 313.7920368 
204.0000000 313.6607865 313.5956182 
205.0000000 313.4643679 313.3991997 
206.0000000 313.2679494 313.2027811 
207.0000000 313.0715308 313.0063626 
208.0000000 312.8751123 312.8099440 
209.0000000 312.6786937 312.6135255 
210.0000000 312.4822752 312.4171069 
211.0000000 312.2858566 312.2206884 
212.0000000 312.0894381 312.0242698 
213.0000000 311.8930195 311.8278513 
214.0000000 311.6966010 311.6314327 
215.0000000 311.5001824 311.4350142 
216.0000000 311.3037639 311.2385956 
217.0000000 311.1073453 311.0421771 
218.0000000 310.9109268 310.8457585 
219.0000000 310.7145082 310.6493400 
220.0000000 310.5180897 310.4529214 
221.0000000 310.3216711 310.2565029 
222.0000000 310.1252526 310.0600843 
223.0000000 309.9288340 309.8636658 
224.0000000 309.7324155 309.6672472 
225.0000000 309.5359969 309.4708287 
226.0000000 309.3395784 309.2744101 
227.0000000 309.1431598 309.0779916 
228.0000000 308.9467413 308.8815730 
229.0000000 308.7503227 308.6851545 
230.0000000 308.5539042 308.4887359 
231.0000000 308.3574856 308.2923174 
232.0000000 308.1610671 308.0958988 
233.0000000 307.9646485 307.8994803 
234.0000000 307.7682300 307.7030617 
235.0000000 307.5718114 307.5066432 
236.0000000 307.3753929 307.3102246 
237.0000000 307.1789743 307.1138061 
238.0000000 306.9825558 306.9173875 
239.0000000 306.7861372 306.7209690 
240.0000000 306.5897187 306.5245504 
241.0000000 306.3933001 306.3281319 
242.0000000 306.1968816 306.1317133 
243.0000000 306.0004630 305.9352948 
244.0000000 305.8040445 305.7388762 
245.0000000 305.6076259 305.5424577 
246.0000000 305.4112074 305.3460391 
247.0000000 305.2147888 305.1496206 
248.0000000 305.0183703 304.9532020 
249.0000000 304.8219517 304.7567834 
250.0000000 304.6255332 304.5603649 
251.0000000 304.4291146 304.3639463 
252.0000000 304.2326961 304.1675278 
253.0000000 304.0362775 303.9711092 
254.0000000 303.8398590 303.7746907 
255.0000000 303.6434404 303.5782721 
256.0000000 303.4470219 303.3818536 
257.0000000 303.2506033 303.1854350 
258.0000000 303.0541848 302.9890165 
259.0000000 302.8577662 302.7925979 
260.0000000 302.6613477 302.5961794 
261.0000000 302.4649291 302.3997608 
262.0000000 302.2685106 302.2033423 
263.0000000 302.0720920 302.0069237 
264.0000000 301.8756735 301.8105052 
265.0000000 301.6792549 301.6140866 
266.0000000 301.4828364 301.4176681 
267.0000000 301.2864178 301.2212495 
268.0000000 301.0899993 301.0248310 
269.0000000 300.8935807 300.8284124 
270.0000000 300.6971622 300.6319939 
271.0000000 300.5007436 300.4355753 
272.0000000 300.3043251 300.2391568 
273.0000000 300.1079065 300.0427382 
274.0000000 299.9114880 299.8463197 
275.0000000 299.7150694 299.6499011 
276.0000000 299.5186509 299.4534826 
277.0000000 299.3222323 299.2570640 
278.0000000 299.1258138 299.0606455 
279.0000000 298.9293952 298.8642269 
280.0000000 298.7329767 298.6678084 
281.0000000 298.5365581 298.4713898 
282.0000000 298.3401396 298.2749713 
283.0000000 298.1437210 298.0785527 
284.0000000 297.9473025 297.8821342 
285.0000000 297.7508839 297.6857156 
286.0000000 297.5544654 297.4892971 
287.0000000 297.3580468 297.2928785 
288.0000000 297.1616283 297.0964600 
289.0000000 296.9652097 296.9000414 
290.0000000 296.7687912 296.7036229 
291.0000000 296.5723726 296.5072043 
292.0000000 296.3759541 296.3107858 
293.0000000 296.1795355 296.1143672 
294.0000000 295.9831170 295.9179487 
295.0000000 295.7866984 295.7215301 
296.0000000 295.5902799 295.5251116 
297.0000000 295.3938613 295.3286930 
298.0000000 295.1974428 295.1322745 
299.0000000 295.0010242 294.9358559 
300.0000000 294.8046057 294.7394374 
301.0000000 294.6081871 294.5430188 
302.0000000 294.4117686 294.3466003 
303.0000000 294.2153500 294.1501817 
304.0000000 294.0189315 293.9537632 
305.0000000 293.8225129 293.7573446 
306.0000000 293.6260943 293.5609261 
307.0000000 293.4296758 293.3645075 
308.0000000 293.2332572 293.1680890 
309.0000000 293.0368387 292.9716704 
310.0000000 292.8404201 292.7752519 
311.0000000 292.6440016 292.5788333 
312.0000000 292.4475830 292.3824148 
313.0000000 292.2511645 292.1859962 
314.0000000 292.0547459 291.9895777 
315.0000000 291.8583274 291.7931591 
316.0000000 291.6619088 291.5967406 
317.0000000 291.4654903 291.4003220 
318.0000000 291.2690717 291.2039035 
319.0000000 291.0726532 291.0074849 
320.0000000 290.8762346 290.8110664 
321.0000000 290.6798161 290.6146478 
322.0000000 290.4833975 290.4182293 
323.0000000 290.2869790 290.2218107 
324.0000000 290.0905604 290.0253922 
325.0000000 289.8941419 289.8289736 
326.0000000 289.6977233 289.6325551 
327.0000000 289.5013048 289.4361365 
328.0000000 289.3048862 289.2397180 
329.0000000 289.1084677 289.0432994 
330.0000000 288.9120491 288.8468809 
331.0000000 288.7156306 288.6504623 
332.0000000 288.5192120 288.4540438 
333.0000000 288.3227935 288.2576252 
334.0000000 288.1263749 288.0612067 
335.0000000 287.9299564 287.8647881 
336.0000000 287.7335378 287.6683696 
337.0000000 287.5371193 287.4719510 
338.0000000 287.3407007 287.2755325 
339.0000000 287.1442822 287.0791139 
340.0000000 286.9478636 286.8826954 
341.0000000 286.7514451 286.6862768 
342.0000000 286.5550265 286.4898583 
343.0000000 286.3586080 286.2934397 
344.0000000 286.1621894 286.0970212 
345.0000000 285.9657709 285.9006026 
346.0000000 285.7693523 285.7041841 
347.0000000 285.5729338 285.5077655 
348.0000000 285.3765152 285.3113470 
349.0000000 285.1800967 285.1149284 
350.0000000 284.9836781 284.9185099 
351.0000000 284.7872596 284.7220913 
352.0000000 284.5908410 284.5256728 
353.0000000 284.3944225 284.3292542 
354.0000000 284.1980039 284.1328357 
355.0000000 284.0015854 283.9364171 
356.0000000 283.8051668 283.7399986 
357.0000000 283.6087483 283.5435800 
358.0000000 283.4123297 283.3471615 
359.0000000 283.2159112 283.1507429 
360.0000000 283.0194926 282.9543244 
361.0000000 282.8230741 282.7579058 
362.0000000 282.6266555 282.5614873 
363.0000000 282.4302370 282.3650687 
364.0000000 282.2338184 282.1686502 
365.0000000 282.0373999 281.9722316 
366.0000000 281.8409813 281.7758131 
367.0000000 281.6445628 281.5793945 
368.0000000 281.4481442 281.3829760 
369.0000000 281.2517257 281.1865574 
370.0000000 281.0553071 280.9901389 
371.0000000 280.8588886 280.7937203 
372.0000000 280.6624700 280.5973018 
373.0000000 280.4660515 280.4008832 
374.0000000 280.2696329 280.2044647 
375.0000000 280.0732144 280.0080461 
376.0000000 279.8767958 279.8116276 
377.0000000 279.6803773 279.6152090 
378.0000000 279.4839587 279.4187905 
379.0000000 279.2875402 279.2223719 
380.0000000 279.0911216 279.0259534 
381.0000000 278.8947031 278.8295348 
382.0000000 278.6982845 278.6331163 
383.0000000 278.5018660 278.4366977 
384.0000000 278.3054474 278.2402792 
385.0000000 278.1090289 278.0438606 
386.0000000 277.9126103 277.8474421 
387.0000000 277.7161918 277.6510235 
388.0000000 277.5197732 277.4546050 
389.0000000 277.3233547 277.2581864 
390.0000000 277.1269361 277.0617679 
391.0000000 276.9305176 276.8653493 
392.0000000 276.7340990 276.6689308 
393.0000000 276.5376805 276.4725122 
394.0000000 276.3412619 276.2760937 
395.0000000 276.1448434 276.0796751 
396.0000000 275.9484248 275.8832566 
397.0000000 275.7520063 275.6868380 
398.0000000 275.5555877 275.4904195 
399.0000000 275.3591692 275.2940009 
400.0000000 275.1627506 275.0975824 
401.0000000 274.9663321 274.9011638 
402.0000000 274.7699135 274.7047452 
403.0000000 274.5734950 274.5083267 
404.0000000 274.3770764 274.3119081 
405.0000000 274.1806579 274.1154896 
406.0000000 273.9842393 273.9190710 
407.0000000 273.7878208 273.7226525 
408.0000000 273.5914022 273.5262339 
409.0000000 273.3949837 273.3298154 
410.0000000 273.1985651 273.1333968 
411.0000000 273.0021466 272.9369783 
412.0000000 272.8057280 272.7405597 
413.0000000 272.6093095 272.5441412 
414.0000000 272.4128909 272.3477226 
415.0000000 272.2164724 272.1513041 
416.0000000 272.0200538 271.9548855 
417.0000000 271.8236353 271.7584670 
418.0000000 271.6272167 271.5620484 
419.0000000 271.4307982 271.3656299 
420.0000000 271.2343796 271.1692113 
421.0000000 271.0379611 270.9727928 
422.0000000 270.8415425 270.7763742 
423.0000000 270.6451240 270.5799557 
424.0000000 270.4487054 270.3835371 
425.0000000 270.2522869 270.1871186 
426.0000000 270.0558683 269.9907000 
427.0000000 269.8594498 269.7942815 
428.0000000 269.6630312 269.5978629 
429.0000000 269.4666127 269.4014444 
430.0000000 269.2701941 269.2050258 
431.0000000 269.0737756 269.0086073 
432.0000000 268.8773570 268.8121887 
433.0000000 268.6809385 268.6157702 
434.0000000 268.4845199 268.4193516 
435.0000000 268.2881014 268.2229331 
436.0000000 268.0916828 268.0265145 
437.0000000 267.8952643 267.8300960 
438.0000000 267.6988457 267.6336774 
439.0000000 267.5024272 267.4372589 
440.0000000 267.3060086 267.2408403 
441.0000000 267.1095901 267.0444218 
442.0000000 266.9131715 266.8480032 
443.0000000 266.7167530 266.6515847 
444.0000000 266.5203344 266.4551661 
445.0000000 266.3239159 266.2587476 
446.0000000 266.1274973 266.0623290 
447.0000000 265.9310788 265.8659105 
448.0000000 265.7346602 265.6694919 
449.0000000 265.5382417 265.4730734 
450.0000000 265.3418231 265.2766548 
451.0000000 265.1454046 265.0802363 
452.0000000 264.9489860 264.8838177 
453.0000000 264.7525675 264.6873992 
454.0000000 264.5561489 264.4909806 
455.0000000 264.3597304 264.2945621 
456.0000000 264.1633118 264.0981435 
457.0000000 263.9668932 263.9017250 
458.0000000 263.7704747 263.7053064 
459.0000000 263.5740561 263.5088879 
460.0000000 263.3776376 263.3124693 
461.0000000 263.1812190 263.1160508 
462.0000000 262.9848005 262.9196322 
463.0000000 262.7883819 262.7232137 
464.0000000 262.5919634 262.5267951 
465.0000000 262.3955448 262.3303766 
466.0000000 262.1991263 262.1339580 
467.0000000 262.0027077 261.9375395 
468.0000000 261.8062892 261.7411209 
469.0000000 261.6098706 261.5447024 
470.0000000 261.4134521 261.3482838 
471.0000000 261.2170335 261.1518653 
472.0000000 261.0206150 260.9554467 
473.0000000 260.8241964 260.7590282 
474.0000000 260.6277779 260.5626096 
475.0000000 260.4313593 260.3661911 
476.0000000 260.2349408 260.1697725 
477.0000000 260.0385222 259.9733540 
478.0000000 259.8421037 259.7769354 
479.0000000 259.6456851 259.5805169 
480.0000000 259.4492666 259.3840983 
481.0000000 259.2528480 259.1876798 
482.0000000 259.0564295 258.9912612 
483.0000000 258.8600109 258.7948427 
484.0000000 258.6635924 258.5984241 
485.0000000 258.4671738 258.4020056 
486.0000000 258.2707553 258.2055870 
487.0000000 258.0743367 258.0091685 
488.0000000 257.8779182 257.8127499 
489.0000000 257.6814996 257.6163314 
490.0000000 257.4850811 257.4199128 
491.0000000 257.2886625 257.2234943 
492.0000000 257.0922440 257.0270757 
493.0000000 256.8958254 256.8306572 
494.0000000 256.6994069 256.6342386 
495.0000000 256.5029883 256.4378201 
496.0000000 256.3065698 256.2414015 
497.0000000 256.1101512 256.0449830 
498.0000000 255.9137327 255.8485644 
499.0000000 255.7173141 255.6521459 
500.0000000 255.5208956 255.4557273 
501.0000000 255.3244770 255.2593088 
502.0000000 255.1280585 255.0628902 
503.0000000 254.9316399 254.8664717 
504.0000000 254.7352214 254.6700531 
505.0000000 254.5388028 254.4736346 
506.0000000 254.3423843 254.2772160 
507.0000000 254.1459657 254.0807975 
508.0000000 253.9495472 253.8843789 
509.0000000 253.7531286 253.6879604 
510.0000000 253.5567101 253.4915418 
511.0000000 253.3602915 253.2951233 
512.0000000 253.1638730 253.0987047 
513.0000000 252.9674544 252.9022862 
514.0000000 252.7710359 252.7058676 
515.0000000 252.5746173 252.5094491 
516.0000000 252.3781988 252.3130305 
517.0000000 252.1817802 252.1166120 
518.0000000 251.9853617 251.9201934 
519.0000000 251.7889431 251.7237749 
520.0000000 251.5925246 251.5273563 
521.0000000 251.3961060 251.3309378 
522.0000000 251.1996875 251.1345192 
523.0000000 251.0032689 250.9381007 
524.0000000 250.8068504 250.7416821 
525.0000000 250.6104318 250.5452636 
526.0000000 250.4140133 250.3488450 
527.0000000 250.2175947 250.1524265 
528.0000000 250.0211762 249.9560079 
529.0000000 249.8247576 249.7595894 
530.0000000 249.6283391 249.5631708 
531.0000000 249.4319205 249.3667523 
532.0000000 249.2355020 249.1703337 
533.0000000 249.0390834 248.9739152 
534.0000000 248.8426649 248.7774966 
535.0000000 248.6462463 248.5810781 
536.0000000 248.4498278 248.3846595 
537.0000000 248.2534092 248.1882410 
538.0000000 248.0569907 247.9918224 
539.0000000 247.8605721 247.7954039 
540.0000000 247.6641536 247.5989853 
541.0000000 247.4677350 247.4025668 
542.0000000 247.2713165 247.2061482 
543.0000000 247.0748979 247.0097297 
544.0000000 246.8784794 246.8133111 
545.0000000 246.6820608 246.6168926 
546.0000000 246.4856423 246.4204740 
547.0000000 246.2892237 246.2240555 
548.0000000 246.0928052 246.0276369 
549.0000000 245.8963866 245.8312184 
550.0000000 245.6999681 245.6347998 
551.0000000 245.5035495 245.4383813 
552.0000000 245.3071310 245.2419627 
553.0000000 245.1107124 245.0455441 
554.0000000 244.9142939 244.8491256 
555.0000000 244.7178753 244.6527070 
556.0000000 244.5214568 244.4562885 
557.0000000 244.3250382 244.2598699 
558.0000000 244.1286197 244.0634514 
559.0000000 243.9322011 243.8670328 
560.0000000 243.7357826 243.6706143 
561.0000000 243.5393640 243.4741957 
562.0000000 243.3429455 243.2777772 
563.0000000 243.1465269 243.0813586 
564.0000000 242.9501084 242.8849401 
565.0000000 242.7536898 242.6885215 
566.0000000 242.5572713 242.4921030 
567.0000000 242.3608527 242.2956844 
568.0000000 242.1644342 242.0992659 
569.0000000 241.9680156 241.9028473 
570.0000000 241.7715971 241.7064288 
571.0000000 241.5751785 241.5100102 
572.0000000 241.3787600 241.3135917 
573.0000000 241.1823414 241.1171731 
574.0000000 240.9859229 240.9207546 
575.0000000 240.7895043 240.7243360 
576.0000000 240.5930858 240.5279175 
577.0000000 240.3966672 240.3314989 
578.0000000 240.2002487 240.1350804 
579.0000000 240.0038301 239.9386618 
580.0000000 239.8074116 239.7422433 
581.0000000 239.6109930 239.5458247 
582.0000000 239.4145745 239.3494062 
583.0000000 239.2181559 239.1529876 
584.0000000 239.0217374 238.9565691 
585.0000000 238.8253188 238.7601505 
586.0000000 238.6289003 238.5637320 
587.0000000 238.4324817 238.3673134 
588.0000000 238.2360632 238.1708949 
589.0000000 238.0396446 237.9744763 
590.0000000 237.8432261 237.7780578 
591.0000000 237.6468075 237.5816392 
592.0000000 237.4503890 237.3852207 
593.0000000 237.2539704 237.1888021 
594.0000000 237.0575519 236.9923836 
595.0000000 236.8611333 236.7959650 
596.0000000 236.6647148 236.5995465 
597.0000000 236.4682962 236.4031279 
598.0000000 236.2718777 236.2067094 
599.0000000 236.0754591 236.0102908 
600.0000000 235.8790406 235.8138723 
601.0000000 235.6826220 235.6174537 
602.0000000 235.4862035 235.4210352 
603.0000000 235.2897849 235.2246166 
604.0000000 235.0933664 235.0281981 
605.0000000 234.8969478 234.8317795 
606.0000000 234.7005293 234.6353610 
607.0000000 234.5041107 234.4389424 
608.0000000 234.3076921 234.2425239 
609.0000000 234.1112736 234.0461053 
610.0000000 233.9148550 233.8496868 
611.0000000 233.7184365 233.6532682 
612.0000000 233.5220179 233.4568497 
613.0000000 233.3255994 233.2604311 
614.0000000 233.1291808 233.0640126 
615.0000000 232.9327623 232.8675940 
616.0000000 232.7363437 232.6711755 
617.0000000 232.5399252 232.4747569 
618.0000000 232.3435066 232.2783384 
619.0000000 232.1470881 232.0819198 
620.0000000 231.9506695 231.8855013 
621.0000000 231.7542510 231.6890827 
622.0000000 231.5578324 231.4926642 
623.0000000 231.3614139 231.2962456 
624.0000000 231.1649953 231.0998271 
625.0000000 230.9685768 230.9034085 
626.0000000 230.7721582 230.7069900 
627.0000000 230.5757397 230.5105714 
628.0000000 230.3793211 230.3141529 
629.0000000 230.1829026 230.1177343 
630.0000000 229.9864840 229.9213158 
631.0000000 229.7900655 229.7248972 
632.0000000 229.5936469 229.5284787 
633.0000000 229.3972284 229.3320601 
634.0000000 229.2008098 229.1356416 
635.0000000 229.0043913 228.9392230 
636.0000000 228.8079727 228.7428045 
637.0000000 228.6115542 228.5463859 
638.0000000 228.4151356 228.3499674 
639.0000000 228.2187171 228.1535488 
640.0000000 228.0222985 227.9571303 
641.0000000 227.8258800 227.7607117 
642.0000000 227.6294614 227.5642932 
643.0000000 227.4330429 227.3678746 
644.0000000 227.2366243 227.1714561 
645.0000000 227.0402058 226.9750375 
646.0000000 226.8437872 226.7786190 
647.0000000 226.6473687 226.5822004 
648.0000000 226.4509501 226.3857819 
649.0000000 226.2545316 226.1893633 
650.0000000 226.0581130 225.9929448 
651.0000000 225.8616945 225.7965262 
652.0000000 225.6652759 225.6001077 
653.0000000 225.4688574 225.4036891 
654.0000000 225.2724388 225.2072706 
655.0000000 225.0760203 225.0108520 
656.0000000 224.8796017 224.8144335 
657.0000000 224.6831832 224.6180149 
658.0000000 224.4867646 224.4215964 
659.0000000 224.2903461 224.2251778 
660.0000000 224.0939275 224.0287593 
661.0000000 223.8975090 223.8323407 
662.0000000 223.7010904 223.6359222 
663.0000000 223.5046719 223.4395036 
664.0000000 223.3082533 223.2430851 
665.0000000 223.1118348 223.0466665 
666.0000000 222.9154162 222.8502480 
667.0000000 222.7189977 222.6538294 
668.0000000 222.5225791 222.4574109 
669.0000000 222.3261606 222.2609923 
670.0000000 222.1297420 222.0645738 
671.0000000 221.9333235 221.8681552 
672.0000000 221.7369049 221.6717367 
673.0000000 221.5404864 221.4753181 
674.0000000 221.3440678 221.2788996 
675.0000000 221.1476493 221.0824810 
676.0000000 220.9512307 220.8860625 
677.0000000 220.7548122 220.6896439 
678.0000000 220.5583936 220.4932254 
679.0000000 220.3619751 220.2968068 
680.0000000 220.1655565 220.1003883 
681.0000000 219.9691380 219.9039697 
682.0000000 219.7727194 219.7075512 
683.0000000 219.5763009 219.5111326 
684.0000000 219.3798823 219.3147141 
685.0000000 219.1834638 219.1182955 
686.0000000 218.9870452 218.9218770 
687.0000000 218.7906267 218.7254584 
688.0000000 218.5942081 218.5290399 
689.0000000 218.3977896 218.3326213 
690.0000000 218.2013710 218.1362028 
691.0000000 218.0049525 217.9397842 
692.0000000 217.8085339 217.7433657 
693.0000000 217.6121154 217.5469471 
694.0000000 217.4156968 217.3505286 
695.0000000 217.2192783 217.1541100 
696.0000000 217.0228597 216.9576915 
697.0000000 216.8264412 216.7612729 
698.0000000 216.6300226 216.5648544 
699.0000000 216.4336041 216.3684358 
700.0000000 216.2371855 216.1720173 
701.0000000 216.0407670 215.9755987 
702.0000000 215.8443484 215.7791802 
703.0000000 215.6479299 215.5827616 
704.0000000 215.4515113 215.3863430 
705.0000000 215.2550928 215.1899245 
706.0000000 215.0586742 214.9935059 
707.0000000 214.8622557 214.7970874 
708.0000000 214.6658371 214.6006688 
709.0000000 214.4694186 214.4042503 
710.0000000 214.2730000 214.2078317 
711.0000000 214.0765815 214.0114132 
712.0000000 213.8801629 213.8149946 
713.0000000 213.6837444 213.6185761 
714.0000000 213.4873258 213.4221575 
715.0000000 213.2909073 213.2257390 
716.0000000 213.0944887 213.0293204 
717.0000000 212.8980702 212.8329019 
718.0000000 212.7016516 212.6364833 
719.0000000 212.5052331 212.4400648 
720.0000000 212.3088145 212.2436462 
721.0000000 212.1123960 212.0472277 
722.0000000 211.9159774 211.8508091 
723.0000000 211.7195589 211.6543906 
724.0000000 211.5231403 211.4579720 
725.0000000 211.3267218 211.2615535 
726.0000000 211.1303032 211.0651349 
727.0000000 210.9338847 210.8687164 
728.0000000 210.7374661 210.6722978 
729.0000000 210.5410476 210.4758793 
730.0000000 210.3446290 210.2794607 
731.0000000 210.1482105 210.0830422 
732.0000000 209.9517919 209.8866236 
733.0000000 209.7553734 209.6902051 
734.0000000 209.5589548 209.4937865 
735.0000000 209.3625363 209.2973680 
736.0000000 209.1661177 209.1009494 
737.0000000 208.9696992 208.9045309 
738.0000000 208.7732806 208.7081123 
739.0000000 208.5768621 208.5116938 
740.0000000 208.3804435 208.3152752 
741.0000000 208.1840250 208.1188567 
742.0000000 207.9876064 207.9224381 
743.0000000 207.7911879 207.7260196 
744.0000000 207.5947693 207.5296010 
745.0000000 207.3983508 207.3331825 
746.0000000 207.2019322 207.1367639 
747.0000000 207.0055137 206.9403454 
748.0000000 206.8090951 206.7439268 
749.0000000 206.6126766 206.5475083 
750.0000000 206.4162580 206.3510897 
751.0000000 206.2198395 206.1546712 
752.0000000 206.0234209 205.9582526 
753.0000000 205.8270024 205.7618341 
754.0000000 205.6305838 205.5654155 
755.0000000 205.4341653 205.3689970 
756.0000000 205.2377467 205.1725784 
757.0000000 205.0413282 204.9761599 
758.0000000 204.8449096 204.7797413 
759.0000000 204.6484911 204.5833228 
760.0000000 204.4520725 204.3869042 
761.0000000 204.2556539 204.1904857 
762.0000000 204.0592354 203.9940671 
763.0000000 203.8628168 203.7976486 
764.0000000 203.6663983 203.6012300 
765.0000000 203.4699797 203.4048115 
766.0000000 203.2735612 203.2083929 
767.0000000 203.0771426 203.0119744 
768.0000000 202.8807241 202.8155558 
769.0000000 202.6843055 202.6191373 
770.0000000 202.4878870 202.4227187 
771.0000000 202.2914684 202.2263002 
772.0000000 202.0950499 202.0298816 
773.0000000 201.8986313 201.8334631 
774.0000000 201.7022128 201.6370445 
775.0000000 201.5057942 201.4406260 
776.0000000 201.3093757 201.2442074 
777.0000000 201.1129571 201.0477889 
778.0000000 200.9165386 200.8513703 
779.0000000 200.7201200 200.6549518 
780.0000000 200.5237015 200.4585332 
781.0000000 200.3272829 200.2621147 
782.0000000 200.1308644 200.0656961 
783.0000000 199.9344458 199.8692776 
784.0000000 199.7380273 199.6728590 
785.0000000 199.5416087 199.4764405 
786.0000000 199.3451902 199.2800219 
787.0000000 199.1487716 199.0836034 
788.0000000 198.9523531 198.8871848 
789.0000000 198.7559345 198.6907663 
790.0000000 198.5595160 198.4943477 
791.0000000 198.3630974 198.2979292 
792.0000000 198.1666789 198.1015106 
793.0000000 197.9702603 197.9050921 
794.0000000 197.7738418 197.7086735 
795.0000000 197.5774232 197.5122550 
796.0000000 197.3810047 197.3158364 
797.0000000 197.1845861 197.1194179 
798.0000000 196.9881676 196.9229993 
799.0000000 196.7917490 196.7265808 
800.0000000 196.5953305 196.5301622 
801.0000000 196.3989119 196.3337437 
802.0000000 196.2024934 196.1373251 
803.0000000 196.0060748 195.9409066 
804.0000000 195.8096563 195.7444880 
805.0000000 195.6132377 195.5480695 
806.0000000 195.4168192 195.3516509 
807.0000000 195.2204006 195.1552324 
808.0000000 195.0239821 194.9588138 
809.0000000 194.8275635 194.7623953 
810.0000000 194.6311450 194.5659767 
811.0000000 194.4347264 194.3695582 
812.0000000 194.2383079 194.1731396 
813.0000000 194.0418893 193.9767211 
814.0000000 193.8454708 193.7803025 
815.0000000 193.6490522 193.5838840 
816.0000000 193.4526337 193.3874654 
817.0000000 193.2562151 193.1910469 
818.0000000 193.0597966 192.9946283 
819.0000000 192.8633780 192.7982098 
820.0000000 192.6669595 192.6017912 
821.0000000 192.4705409 192.4053727 
822.0000000 192.2741224 192.2089541 
823.0000000 192.0777038 192.0125356 
824.0000000 191.8812853 191.8161170 
825.0000000 191.6848667 191.6196985 
826.0000000 191.4884482 191.4232799 
827.0000000 191.2920296 191.2268614 
828.0000000 191.0956111 191.0304428 
829.0000000 190.8991925 190.8340243 
830.0000000 190.7027740 190.6376057 
831.0000000 190.5063554 190.4411872 
832.0000000 190.3099369 190.2447686 
833.0000000 190.1135183 190.0483501 
834.0000000 189.9170998 189.8519315 
835.0000000 189.7206812 189.6555130 
836.0000000 189.5242627 189.4590944 
837.0000000 189.3278441 189.2626759 
838.0000000 189.1314256 189.0662573 
839.0000000 188.9350070 188.8698388 
840.0000000 188.7385885 188.6734202 
841.0000000 188.5421699 188.4770017 
842.0000000 188.3457514 188.2805831 
843.0000000 188.1493328 188.0841646 
844.0000000 187.9529143 187.8877460 
845.0000000 187.7564957 187.6913275 
846.0000000 187.5600772 187.4949089 
847.0000000 187.3636586 187.2984904 
848.0000000 187.1672401 187.1020718 
849.0000000 186.9708215 186.9056533 
850.0000000 186.7744030 186.7092347 
851.0000000 186.5779844 186.5128162 
852.0000000 186.3815659 186.3163976 
853.0000000 186.1851473 186.1199791 
854.0000000 185.9887288 185.9235605 
855.0000000 185.7923102 185.7271420 
856.0000000 185.5958917 185.5307234 
857.0000000 185.3994731 185.3343048 
858.0000000 185.2030546 185.1378863 
859.0000000 185.0066360 184.9414677 
860.0000000 184.8102175 184.7450492 
861.0000000 184.6137989 184.5486306 
862.0000000 184.4173804 184.3522121 
863.0000000 184.2209618 184.1557935 
864.0000000 184.0245433 183.9593750 
865.0000000 183.8281247 183.7629564 
866.0000000 183.6317062 183.5665379 
867.0000000 183.4352876 183.3701193 
868.0000000 183.2388691 183.1737008 
869.0000000 183.0424505 182.9772822 
870.0000000 182.8460320 182.7808637 
871.0000000 182.6496134 182.5844451 
872.0000000 182.4531949 182.3880266 
873.0000000 182.2567763 182.1916080 
874.0000000 182.0603578 181.9951895 
875.0000000 181.8639392 181.7987709 
876.0000000 181.6675207 181.6023524 
877.0000000 181.4711021 181.4059338 
878.0000000 181.2746836 181.2095153 
879.0000000 181.0782650 181.0130967 
880.0000000 180.8818465 180.8166782 
881.0000000 180.6854279 180.6202596 
882.0000000 180.4890094 180.4238411 
883.0000000 180.2925908 180.2274225 
884.0000000 180.0961723 180.0310040 
885.0000000 179.8997537 179.8345854 
886.0000000 179.7033352 179.6381669 
887.0000000 179.5069166 179.4417483 
888.0000000 179.3104981 179.2453298 
889.0000000 179.1140795 179.0489112 
890.0000000 178.9176610 178.8524927 
891.0000000 178.7212424 178.6560741 
892.0000000 178.5248239 178.4596556 
893.0000000 178.3284053 178.2632370 
894.0000000 178.1319868 178.0668185 
895.0000000 177.9355682 177.8703999 
896.0000000 177.7391497 177.6739814 
897.0000000 177.5427311 177.4775628 
898.0000000 177.3463126 177.2811443 
899.0000000 177.1498940 177.0847257 
900.0000000 176.9534755 176.8883072 
901.0000000 176.7570569 176.6918886 
902.0000000 176.5606384 176.4954701 
903.0000000 176.3642198 176.2990515 
904.0000000 176.1678013 176.1026330 
905.0000000 175.9713827 175.9062144 
906.0000000 175.7749642 175.7097959 
907.0000000 175.5785456 175.5133773 
908.0000000 175.3821271 175.3169588 
909.0000000 175.1857085 175.1205402 
910.0000000 174.9892900 174.9241217 
911.0000000 174.7928714 174.7277031 
912.0000000 174.5964528 174.5312846 
913.0000000 174.4000343 174.3348660 
914.0000000 174.2036157 174.1384475 
915.0000000 174.0071972 173.9420289 
916.0000000 173.8107786 173.7456104 
917.0000000 173.6143601 173.5491918 
918.0000000 173.4179415 173.3527733 
919.0000000 173.2215230 173.1563547 
920.0000000 173.0251044 172.9599362 
921.0000000 172.8286859 172.7635176 
922.0000000 172.6322673 172.5670991 
923.0000000 172.4358488 172.3706805 
924.0000000 172.2394302 172.1742620 
925.0000000 172.0430117 171.9778434 
926.0000000 171.8465931 171.7814249 
927.0000000 171.6501746 171.5850063 
928.0000000 171.4537560 171.3885878 
929.0000000 171.2573375 171.1921692 
930.0000000 171.0609189 170.9957507 
931.0000000 170.8645004 170.7993321 
932.0000000 170.6680818 170.6029136 
933.0000000 170.4716633 170.4064950 
934.0000000 170.2752447 170.2100765 
935.0000000 170.0788262 170.0136579 
936.0000000 169.8824076 169.8172394 
937.0000000 169.6859891 169.6208208 
938.0000000 169.4895705 169.4244023 
939.0000000 169.2931520 169.2279837 
940.0000000 169.0967334 169.0315652 
941.0000000 168.9003149 168.8351466 
942.0000000 168.7038963 168.6387281 
943.0000000 168.5074778 168.4423095 
944.0000000 168.3110592 168.2458910 
945.0000000 168.1146407 168.0494724 
946.0000000 167.9182221 167.8530539 
947.0000000 167.7218036 167.6566353 
948.0000000 167.5253850 167.4602168 
949.0000000 167.3289665 167.2637982 
950.0000000 167.1325479 167.0673797 
951.0000000 166.9361294 166.8709611 
952.0000000 166.7397108 166.6745426 
953.0000000 166.5432923 166.4781240 
954.0000000 166.3468737 166.2817055 
955.0000000 166.1504552 166.0852869 
956.0000000 165.9540366 165.8888684 
957.0000000 165.7576181 165.6924498 
958.0000000 165.5611995 165.4960313 
959.0000000 165.3647810 165.2996127 
960.0000000 165.1683624 165.1031942 
961.0000000 164.9719439 164.9067756 
962.0000000 164.7755253 164.7103571 
963.0000000 164.5791068 164.5139385 
964.0000000 164.3826882 164.3175200 
965.0000000 164.1862697 164.1211014 
966.0000000 163.9898511 163.9246829 
967.0000000 163.7934326 163.7282643 
968.0000000 163.5970140 163.5318458 
969.0000000 163.4005955 163.3354272 
970.0000000 163.2041769 163.1390087 
971.0000000 163.0077584 162.9425901 
972.0000000 162.8113398 162.7461716 
973.0000000 162.6149213 162.5497530 
974.0000000 162.4185027 162.3533345 
975.0000000 162.2220842 162.1569159 
976.0000000 162.0256656 161.9604974 
977.0000000 161.8292471 161.7640788 
978.0000000 161.6328285 161.5676603 
979.0000000 161.4364100 161.3712417 
980.0000000 161.2399914 161.1748232 
981.0000000 161.0435729 160.9784046 
982.0000000 160.8471543 160.7819861 
983.0000000 160.6507358 160.5855675 
984.0000000 160.4543172 160.3891490 
985.0000000 160.2578987 160.1927304 
986.0000000 160.0614801 159.9963119 
987.0000000 159.8650616 159.7998933 
988.0000000 159.6686430 159.6034748 
989.0000000 159.4722245 159.4070562 
990.0000000 159.2758059 159.2106377 
991.0000000 159.0793874 159.0142191 
992.0000000 158.8829688 158.8178006 
993.0000000 158.6865503 158.6213820 
994.0000000 158.4901317 158.4249635 
995.0000000 158.2937132 158.2285449 
996.0000000 158.0972946 158.0321264 
997.0000000 157.9008761 157.8357078 
998.0000000 157.7044575 157.6392893 
999.0000000 157.5080390 157.4428707 
1000.0000000 157.3116204 157.2464522 
1001.0000000 157.1152019 157.0500336 
1002.0000000 156.9187833 156.8536151 
1003.0000000 156.7223648 156.6571965 
1004.0000000 156.5259462 156.4607780 
1005.0000000 156.3295277 156.2643594 
1006.0000000 156.1331091 156.0679409 
1007.0000000 155.9366906 155.8715223 
1008.0000000 155.7402720 155.6751037 
1009.0000000 155.5438535 155.4786852 
1010.0000000 155.3474349 155.2822666 
1011.0000000 155.1510164 155.0858481 
1012.0000000 154.9545978 154.8894295 
1013.0000000 154.7581793 154.6930110 
1014.0000000 154.5617607 154.4965924 
1015.0000000 154.3653422 154.3001739 
1016.0000000 154.1689236 154.1037553 
1017.0000000 153.9725051 153.9073368 
1018.0000000 153.7760865 153.7109182 
1019.0000000 153.5796680 153.5144997 
1020.0000000 153.3832494 153.3180811 
1021.0000000 153.1868309 153.1216626 
1022.0000000 152.9904123 152.9252440 
1023.0000000 152.7939938 152.7288255 
1024.0000000 152.5975752 152.5324069 
1025.0000000 152.4011567 152.3359884 
1026.0000000 152.2047381 152.1395698 
1027.0000000 152.0083196 151.9431513 
1028.0000000 151.8119010 151.7467327 
1029.0000000 151.6154825 151.5503142 
1030.0000000 151.4190639 151.3538956 
1031.0000000 151.2226454 151.1574771 
1032.0000000 151.0262268 150.9610585 
1033.0000000 150.8298083 150.7646400 
1034.0000000 150.6333897 150.5682214 
1035.0000000 150.4369712 150.3718029 
1036.0000000 150.2405526 150.1753843 
1037.0000000 150.0441341 149.9789658 
1038.0000000 149.8477155 149.7825472 
1039.0000000 149.6512970 149.5861287 
1040.0000000 149.4548784 149.3897101 
1041.0000000 149.2584599 149.1932916 
1042.0000000 149.0620413 148.9968730 
1043.0000000 148.8656228 148.8004545 
1044.0000000 148.6692042 148.6040359 
1045.0000000 148.4727857 148.4076174 
1046.0000000 148.2763671 148.2111988 
1047.0000000 148.0799486 148.0147803 
1048.0000000 147.8835300 147.8183617 
1049.0000000 147.6871115 147.6219432 
1050.0000000 147.4906929 147.4255246 
1051.0000000 147.2942744 147.2291061 
1052.0000000 147.0978558 147.0326875 
1053.0000000 146.9014373 146.8362690 
1054.0000000 146.7050187 146.6398504 
1055.0000000 146.5086002 146.4434319 
1056.0000000 146.3121816 146.2470133 
1057.0000000 146.1157631 146.0505948 
1058.0000000 145.9193445 145.8541762 
1059.0000000 145.7229260 145.6577577 
1060.0000000 145.5265074 145.4613391 
1061.0000000 145.3300889 145.2649206 
1062.0000000 145.1336703 145.0685020 
1063.0000000 144.9372517 144.8720835 
1064.0000000 144.7408332 144.6756649 
1065.0000000 144.5444146 144.4792464 
1066.0000000 144.3479961 144.2828278 
1067.0000000 144.1515775 144.0864093 
1068.0000000 143.9551590 143.8899907 
1069.0000000 143.7587404 143.6935722 
1070.0000000 143.5623219 143.4971536 
1071.0000000 143.3659033 143.3007351 
1072.0000000 143.1694848 143.1043165 
1073.0000000 142.9730662 142.9078980 
1074.0000000 142.7766477 142.7114794 
1075.0000000 142.5802291 142.5150609 
1076.0000000 142.3838106 142.3186423 
1077.0000000 142.1873920 142.1222238 
1078.0000000 141.9909735 141.9258052 
1079.0000000 141.7945549 141.7293867 
1080.0000000 141.5981364 141.5329681 
1081.0000000 141.4017178 141.3365496 
1082.0000000 141.2052993 141.1401310 
1083.0000000 141.0088807 140.9437125 
1084.0000000 140.8124622 140.7472939 
1085.0000000 140.6160436 140.5508754 
1086.0000000 140.4196251 140.3544568 
1087.0000000 140.2232065 140.1580383 
1088.0000000 140.0267880 139.9616197 
1089.0000000 139.8303694 139.7652012 
1090.0000000 139.6339509 139.5687826 
1091.0000000 139.4375323 139.3723641 
1092.0000000 139.2411138 139.1759455 
1093.0000000 139.0446952 138.9795270 
1094.0000000 138.8482767 138.7831084 
1095.0000000 138.6518581 138.5866899 
1096.0000000 138.4554396 138.3902713 
1097.0000000 138.2590210 138.1938528 
1098.0000000 138.0626025 137.9974342 
1099.0000000 137.8661839 137.8010157 
1100.0000000 137.6697654 137.6045971 
1101.0000000 137.4733468 137.4081786 
1102.0000000 137.2769283 137.2117600 
1103.0000000 137.0805097 137.0153415 
1104.0000000 136.8840912 136.8189229 
1105.0000000 136.6876726 136.6225044 
1106.0000000 136.4912541 136.4260858 
1107.0000000 136.2948355 136.2296673 
1108.0000000 136.0984170 136.0332487 
1109.0000000 135.9019984 135.8368302 
1110.0000000 135.7055799 135.6404116 
1111.0000000 135.5091613 135.4439931 
1112.0000000 135.3127428 135.2475745 
1113.0000000 135.1163242 135.0511560 
1114.0000000 134.9199057 134.8547374 
1115.0000000 134.7234871 134.6583189 
1116.0000000 134.5270686 134.4619003 
1117.0000000 134.3306500 134.2654818 
1118.0000000 134.1342315 134.0690632 
1119.0000000 133.9378129 133.8726447 
1120.0000000 133.7413944 133.6762261 
1121.0000000 133.5449758 133.4798076 
1122.0000000 133.3485573 133.2833890 
1123.0000000 133.1521387 133.0869705 
1124.0000000 132.9557202 132.8905519 
1125.0000000 132.7593016 132.6941334 
1126.0000000 132.5628831 132.4977148 
1127.0000000 132.3664645 132.3012963 
1128.0000000 132.1700460 132.1048777 
1129.0000000 131.9736274 131.9084592 
1130.0000000 131.7772089 131.7120406 
1131.0000000 131.5807903 131.5156221 
1132.0000000 131.3843718 131.3192035 
1133.0000000 131.1879532 131.1227850 
1134.0000000 130.9915347 130.9263664 
1135.0000000 130.7951161 130.7299479 
1136.0000000 130.5986976 130.5335293 
1137.0000000 130.4022790 130.3371108 
1138.0000000 130.2058605 130.1406922 
1139.0000000 130.0094419 129.9442737 
1140.0000000 129.8130234 129.7478551 
1141.0000000 129.6166048 129.5514366 
1142.0000000 129.4201863 129.3550180 
1143.0000000 129.2237677 129.1585995 
1144.0000000 129.0273492 128.9621809 
1145.0000000 128.8309306 128.7657624 
1146.0000000 128.6345121 128.5693438 
1147.0000000 128.4380935 128.3729253 
1148.0000000 128.2416750 128.1765067 
1149.0000000 128.0452564 127.9800882 
1150.0000000 127.8488379 127.7836696 
1151.0000000 127.6524193 127.5872511 
1152.0000000 127.4560008 127.3908325 
1153.0000000 127.2595822 127.1944140 
1154.0000000 127.0631637 126.9979954 
1155.0000000 126.8667451 126.8015769 
1156.0000000 126.6703266 126.6051583 
1157.0000000 126.4739080 126.4087398 
1158.0000000 126.2774895 126.2123212 
1159.0000000 126.0810709 126.0159026 
1160.0000000 125.8846524 125.8194841 
1161.0000000 125.6882338 125.6230655 
1162.0000000 125.4918153 125.4266470 
1163.0000000 125.2953967 125.2302284 
1164.0000000 125.0989782 125.0338099 
1165.0000000 124.9025596 124.8373913 
1166.0000000 124.7061411 124.6409728 
1167.0000000 124.5097225 124.4445542 
1168.0000000 124.3133040 124.2481357 
1169.0000000 124.1168854 124.0517171 
1170.0000000 123.9204669 123.8552986 
1171.0000000 123.7240483 123.6588800 
1172.0000000 123.5276298 123.4624615 
1173.0000000 123.3312112 123.2660429 
1174.0000000 123.1347927 123.0696244 
1175.0000000 122.9383741 122.8732058 
1176.0000000 122.7419556 122.6767873 
1177.0000000 122.5455370 122.4803687 
1178.0000000 122.3491185 122.2839502 
1179.0000000 122.1526999 122.0875316 
1180.0000000 121.9562814 121.8911131 
1181.0000000 121.7598628 121.6946945 
1182.0000000 121.5634443 121.4982760 
1183.0000000 121.3670257 121.3018574 
1184.0000000 121.1706072 121.1054389 
1185.0000000 120.9741886 120.9090203 
1186.0000000 120.7777701 120.7126018 
1187.0000000 120.5813515 120.5161832 
1188.0000000 120.3849330 120.3197647 
1189.0000000 120.1885144 120.1233461 
1190.0000000 119.9920959 119.9269276 
1191.0000000 119.7956773 119.7305090 
1192.0000000 119.5992588 119.5340905 
1193.0000000 119.4028402 119.3376719 
1194.0000000 119.2064217 119.1412534 
1195.0000000 119.0100031 118.9448348 
1196.0000000 118.8135846 118.7484163 
1197.0000000 118.6171660 118.5519977 
1198.0000000 118.4207475 118.3555792 
1199.0000000 118.2243289 118.1591606 
1200.0000000 118.0279104 117.9627421 
1201.0000000 117.8314918 117.7663235 
1202.0000000 117.6350733 117.5699050 
1203.0000000 117.4386547 117.3734864 
1204.0000000 117.2422362 117.1770679 
1205.0000000 117.0458176 116.9806493 
1206.0000000 116.8493991 116.7842308 
1207.0000000 116.6529805 116.5878122 
1208.0000000 116.4565620 116.3913937 
1209.0000000 116.2601434 116.1949751 
1210.0000000 116.0637249 115.9985566 
1211.0000000 115.8673063 115.8021380 
1212.0000000 115.6708878 115.6057195 
1213.0000000 115.4744692 115.4093009 
1214.0000000 115.2780507 115.2128824 
1215.0000000 115.0816321 115.0164638 
1216.0000000 114.8852135 114.8200453 
1217.0000000 114.6887950 114.6236267 
1218.0000000 114.4923764 114.4272082 
1219.0000000 114.2959579 114.2307896 
1220.0000000 114.0995393 114.0343711 
1221.0000000 113.9031208 113.8379525 
1222.0000000 113.7067022 113.6415340 
1223.0000000 113.5102837 113.4451154 
1224.0000000 113.3138651 113.2486969 
1225.0000000 113.1174466 113.0522783 
1226.0000000 112.9210280 112.8558598 
1227.0000000 112.7246095 112.6594412 
1228.0000000 112.5281909 112.4630227 
1229.0000000 112.3317724 112.2666041 
1230.0000000 112.1353538 112.0701856 
1231.0000000 111.9389353 111.8737670 
1232.0000000 111.7425167 111.6773485 
1233.0000000 111.5460982 111.4809299 
1234.0000000 111.3496796 111.2845114 
1235.0000000 111.1532611 111.0880928 
1236.0000000 110.9568425 110.8916743 
1237.0000000 110.7604240 110.6952557 
1238.0000000 110.5640054 110.4988372 
1239.0000000 110.3675869 110.3024186 
1240.0000000 110.1711683 110.1060001 
1241.0000000 109.9747498 109.9095815 
1242.0000000 109.7783312 109.7131630 
1243.0000000 109.5819127 109.5167444 
1244.0000000 109.3854941 109.3203259 
1245.0000000 109.1890756 109.1239073 
1246.0000000 108.9926570 108.9274888 
1247.0000000 108.7962385 108.7310702 
1248.0000000 108.5998199 108.5346517 
1249.0000000 108.4034014 108.3382331 
1250.0000000 108.2069828 108.1418146 
1251.0000000 108.0105643 107.9453960 
1252.0000000 107.8141457 107.7489775 
1253.0000000 107.6177272 107.5525589 
1254.0000000 107.4213086 107.3561404 
1255.0000000 107.2248901 107.1597218 
1256.0000000 107.0284715 106.9633033 
1257.0000000 106.8320530 106.7668847 
1258.0000000 106.6356344 106.5704662 
1259.0000000 106.4392159 106.3740476 
1260.0000000 106.2427973 106.1776291 
1261.0000000 106.0463788 105.9812105 
1262.0000000 105.8499602 105.7847920 
1263.0000000 105.6535417 105.5883734 
1264.0000000 105.4571231 105.3919549 
1265.0000000 105.2607046 105.1955363 
1266.0000000 105.0642860 104.9991178 
1267.0000000 104.8678675 104.8026992 
1268.0000000 104.6714489 104.6062807 
1269.0000000 104.4750304 104.4098621 
1270.0000000 104.2786118 104.2134436 
1271.0000000 104.0821933 104.0170250 
1272.0000000 103.8857747 103.8206065 
1273.0000000 103.6893562 103.6241879 
1274.0000000 103.4929376 103.4277694 
1275.0000000 103.2965191 103.2313508 
1276.0000000 103.1001005 103.0349323 
1277.0000000 102.9036820 102.8385137 
1278.0000000 102.7072634 102.6420952 
1279.0000000 102.5108449 102.4456766 
1280.0000000 102.3144263 102.2492581 
1281.0000000 102.1180078 102.0528395 
1282.0000000 101.9215892 101.8564210 
1283.0000000 101.7251707 101.6600024 
1284.0000000 101.5287521 101.4635839 
1285.0000000 101.3323336 101.2671653 
1286.0000000 101.1359150 101.0707468 
1287.0000000 100.9394965 100.8743282 
1288.0000000 100.7430779 100.6779097 
1289.0000000 100.5466594 100.4814911 
1290.0000000 100.3502408 100.2850726 
1291.0000000 100.1538223 100.0886540 
1292.0000000 99.9574037 99.8922355 
1293.0000000 99.7609852 99.6958169 
1294.0000000 99.5645666 99.4993984 
1295.0000000 99.3681481 99.3029798 
1296.0000000 99.1717295 99.1065613 
1297.0000000 98.9753110 98.9101427 
1298.0000000 98.7788924 98.7137242 
1299.0000000 98.5824739 98.5173056 
1300.0000000 98.3860553 98.3208871 
1301.0000000 98.1896368 98.1244685 
1302.0000000 97.9932182 97.9280500 
1303.0000000 97.7967997 97.7316314 
1304.0000000 97.6003811 97.5352129 
1305.0000000 97.4039626 97.3387943 
1306.0000000 97.2075440 97.1423758 
1307.0000000 97.0111255 96.9459572 
1308.0000000 96.8147069 96.7495387 
1309.0000000 96.6182884 96.5531201 
1310.0000000 96.4218698 96.3567016 
1311.0000000 96.2254513 96.1602830 
1312.0000000 96.0290327 95.9638644 
1313.0000000 95.8326142 95.7674459 
1314.0000000 95.6361956 95.5710273 
1315.0000000 95.4397771 95.3746088 
1316.0000000 95.2433585 95.1781902 
1317.0000000 95.0469400 94.9817717 
1318.0000000 94.8505214 94.7853531 
1319.0000000 94.6541029 94.5889346 
1320.0000000 94.4576843 94.3925160 
1321.0000000 94.2612658 94.1960975 
1322.0000000 94.0648472 93.9996789 
1323.0000000 93.8684287 93.8032604 
1324.0000000 93.6720101 93.6068418 
1325.0000000 93.4755916 93.4104233 
1326.0000000 93.2791730 93.2140047 
1327.0000000 93.0827545 93.0175862 
1328.0000000 92.8863359 92.8211676 
1329.0000000 92.6899174 92.6247491 
1330.0000000 92.4934988 92.4283305 
1331.0000000 92.2970803 92.2319120 
1332.0000000 92.1006617 92.0354934 
1333.0000000 91.9042432 91.8390749 
1334.0000000 91.7078246 91.6426563 
1335.0000000 91.5114061 91.4462378 
1336.0000000 91.3149875 91.2498192 
1337.0000000 91.1185690 91.0534007 
1338.0000000 90.9221504 90.8569821 
1339.0000000 90.7257319 90.6605636 
1340.0000000 90.5293133 90.4641450 
1341.0000000 90.3328948 90.2677265 
1342.0000000 90.1364762 90.0713079 
1343.0000000 89.9400577 89.8748894 
1344.0000000 89.7436391 89.6784708 
1345.0000000 89.5472206 89.4820523 
1346.0000000 89.3508020 89.2856337 
1347.0000000 89.1543835 89.0892152 
1348.0000000 88.9579649 88.8927966 
1349.0000000 88.7615464 88.6963781 
1350.0000000 88.5651278 88.4999595 
1351.0000000 88.3687093 88.3035410 
1352.0000000 88.1722907 88.1071224 
1353.0000000 87.9758722 87.9107039 
1354.0000000 87.7794536 87.7142853 
1355.0000000 87.5830351 87.5178668 
1356.0000000 87.3866165 87.3214482 
1357.0000000 87.1901980 87.1250297 
1358.0000000 86.9937794 86.9286111 
1359.0000000 86.7973609 86.7321926 
1360.0000000 86.6009423 86.5357740 
1361.0000000 86.4045238 86.3393555 
1362.0000000 86.2081052 86.1429369 
1363.0000000 86.0116867 85.9465184 
1364.0000000 85.8152681 85.7500998 
1365.0000000 85.6188496 85.5536813 
1366.0000000 85.4224310 85.3572627 
1367.0000000 85.2260124 85.1608442 
1368.0000000 85.0295939 84.9644256 
1369.0000000 84.8331753 84.7680071 
1370.0000000 84.6367568 84.5715885 
1371.0000000 84.4403382 84.3751700 
1372.0000000 84.2439197 84.1787514 
1373.0000000 84.0475011 83.9823329 
1374.0000000 83.8510826 83.7859143 
1375.0000000 83.6546640 83.5894958 
1376.0000000 83.4582455 83.3930772 
1377.0000000 83.2618269 83.1966587 
1378.0000000 83.0654084 83.0002401 
1379.0000000 82.8689898 82.8038216 
1380.0000000 82.6725713 82.6074030 
1381.0000000 82.4761527 82.4109845 
1382.0000000 82.2797342 82.2145659 
1383.0000000 82.0833156 82.0181474 
1384.0000000 81.8868971 81.8217288 
1385.0000000 81.6904785 81.6253103 
1386.0000000 81.4940600 81.4288917 
1387.0000000 81.2976414 81.2324732 
1388.0000000 81.1012229 81.0360546 
1389.0000000 80.9048043 80.8396361 
1390.0000000 80.7083858 80.6432175 
1391.0000000 80.5119672 80.4467990 
1392.0000000 80.3155487 80.2503804 
1393.0000000 80.1191301 80.0539619 
1394.0000000 79.9227116 79.8575433 
1395.0000000 79.7262930 79.6611248 
1396.0000000 79.5298745 79.4647062 
1397.0000000 79.3334559 79.2682877 
1398.0000000 79.1370374 79.0718691 
1399.0000000 78.9406188 78.8754506 
1400.0000000 78.7442003 78.6790320 
1401.0000000 78.5477817 78.4826135 
1402.0000000 78.3513632 78.2861949 
1403.0000000 78.1549446 78.0897764 
1404.0000000 77.9585261 77.8933578 
1405.0000000 77.7621075 77.6969393 
1406.0000000 77.5656890 77.5005207 
1407.0000000 77.3692704 77.3041022 
1408.0000000 77.1728519 77.1076836 
1409.0000000 76.9764333 76.9112651 
1410.0000000 76.7800148 76.7148465 
1411.0000000 76.5835962 76.5184280 
1412.0000000 76.3871777 76.3220094 
1413.0000000 76.1907591 76.1255909 
1414.0000000 75.9943406 75.9291723 
1415.0000000 75.7979220 75.7327538 
1416.0000000 75.6015035 75.5363352 
1417.0000000 75.4050849 75.3399167 
1418.0000000 75.2086664 75.1434981 
1419.0000000 75.0122478 74.9470796 
1420.0000000 74.8158293 74.7506610 
1421.0000000 74.6194107 74.5542425 
1422.0000000 74.4229922 74.3578239 
1423.0000000 74.2265736 74.1614054 
1424.0000000 74.0301551 73.9649868 
1425.0000000 73.8337365 73.7685683 
1426.0000000 73.6373180 73.5721497 
1427.0000000 73.4408994 73.3757312 
1428.0000000 73.2444809 73.1793126 
1429.0000000 73.0480623 72.9828941 
1430.0000000 72.8516438 72.7864755 
1431.0000000 72.6552252 72.5900570 
1432.0000000 72.4588067 72.3936384 
1433.0000000 72.2623881 72.1972199 
1434.0000000 72.0659696 72.0008013 
1435.0000000 71.8695510 71.8043828 
1436.0000000 71.6731325 71.6079642 
1437.0000000 71.4767139 71.4115457 
1438.0000000 71.2802954 71.2151271 
1439.0000000 71.0838768 71.0187086 
1440.0000000 70.8874583 70.8222900 
1441.0000000 70.6910397 70.6258715 
1442.0000000 70.4946212 70.4294529 
1443.0000000 70.2982026 70.2330344 
1444.0000000 70.1017841 70.0366158 
1445.0000000 69.9053655 69.8401973 
1446.0000000 69.7089470 69.6437787 
1447.0000000 69.5125284 69.4473602 
1448.0000000 69.3161099 69.2509416 
1449.0000000 69.1196913 69.0545231 
1450.0000000 68.9232728 68.8581045 
1451.0000000 68.7268542 68.6616860 
1452.0000000 68.5304357 68.4652674 
1453.0000000 68.3340171 68.2688489 
1454.0000000 68.1375986 68.0724303 
1455.0000000 67.9411800 67.8760118 
1456.0000000 67.7447615 67.6795932 
1457.0000000 67.5483429 67.4831747 
1458.0000000 67.3519244 67.2867561 
1459.0000000 67.1555058 67.0903376 
1460.0000000 66.9590873 66.8939190 
1461.0000000 66.7626687 66.6975005 
1462.0000000 66.5662502 66.5010819 
1463.0000000 66.3698316 66.3046633 
1464.0000000 66.1734131 66.1082448 
1465.0000000 65.9769945 65.9118262 
1466.0000000 65.7805760 65.7154077 
1467.0000000 65.5841574 65.5189891 
1468.0000000 65.3877389 65.3225706 
1469.0000000 65.1913203 65.1261520 
1470.0000000 64.9949018 64.9297335 
1471.0000000 64.7984832 64.7333149 
1472.0000000 64.6020647 64.5368964 
1473.0000000 64.4056461 64.3404778 
1474.0000000 64.2092276 64.1440593 
1475.0000000 64.0128090 63.9476407 
1476.0000000 63.8163905 63.7512222 
1477.0000000 63.6199719 63.5548036 
1478.0000000 63.4235534 63.3583851 
1479.0000000 63.2271348 63.1619665 
1480.0000000 63.0307163 62.9655480 
1481.0000000 62.8342977 62.7691294 
1482.0000000 62.6378792 62.5727109 
1483.0000000 62.4414606 62.3762923 
1484.0000000 62.2450421 62.1798738 
1485.0000000 62.0486235 61.9834552 
1486.0000000 61.8522050 61.7870367 
1487.0000000 61.6557864 61.5906181 
1488.0000000 61.4593679 61.3941996 
1489.0000000 61.2629493 61.1977810 
1490.0000000 61.0665308 61.0013625 
1491.0000000 60.8701122 60.8049439 
1492.0000000 60.6736937 60.6085254 
1493.0000000 60.4772751 60.4121068 
1494.0000000 60.2808566 60.2156883 
1495.0000000 60.0844380 60.0192697 
1496.0000000 59.8880195 59.8228512 
1497.0000000 59.6916009 59.6264326 
1498.0000000 59.4951824 59.4300141 
1499.0000000 59.2987638 59.2335955 
1500.0000000 59.1023453 59.0371770 
1501.0000000 58.9059267 58.8407584 
1502.0000000 58.7095082 58.6443399 
1503.0000000 58.5130896 58.4479213 
1504.0000000 58.3166711 58.2515028 
1505.0000000 58.1202525 58.0550842 
1506.0000000 57.9238340 57.8586657 
1507.0000000 57.7274154 57.6622471 
1508.0000000 57.5309969 57.4658286 
1509.0000000 57.3345783 57.2694100 
1510.0000000 57.1381598 57.0729915 
1511.0000000 56.9417412 56.8765729 
1512.0000000 56.7453227 56.6801544 
1513.0000000 56.5489041 56.4837358 
1514.0000000 56.3524856 56.2873173 
1515.0000000 56.1560670 56.0908987 
1516.0000000 55.9596485 55.8944802 
1517.0000000 55.7632299 55.6980616 
1518.0000000 55.5668114 55.5016431 
1519.0000000 55.3703928 55.3052245 
1520.0000000 55.1739742 55.1088060 
1521.0000000 54.9775557 54.9123874 
1522.0000000 54.7811371 54.7159689 
1523.0000000 54.5847186 54.5195503 
1524.0000000 54.3883000 54.3231318 
1525.0000000 54.1918815 54.1267132 
1526.0000000 53.9954629 53.9302947 
1527.0000000 53.7990444 53.7338761 
1528.0000000 53.6026258 53.5374576 
1529.0000000 53.4062073 53.3410390 
1530.0000000 53.2097887 53.1446205 
1531.0000000 53.0133702 52.9482019 
1532.0000000 52.8169516 52.7517834 
1533.0000000 52.6205331 52.5553648 
1534.0000000 52.4241145 52.3589463 
1535.0000000 52.2276960 52.1625277 
1536.0000000 52.0312774 51.9661092 
1537.0000000 51.8348589 51.7696906 
1538.0000000 51.6384403 51.5732721 
1539.0000000 51.4420218 51.3768535 
1540.0000000 51.2456032 51.1804350 
1541.0000000 51.0491847 50.9840164 
1542.0000000 50.8527661 50.7875979 
1543.0000000 50.6563476 50.5911793 
1544.0000000 50.4599290 50.3947608 
1545.0000000 50.2635105 50.1983422 
1546.0000000 50.0670919 50.0019237 
1547.0000000 49.8706734 49.8055051 
1548.0000000 49.6742548 49.6090866 
1549.0000000 49.4778363 49.4126680 
1550.0000000 49.2814177 49.2162495 
1551.0000000 49.0849992 49.0198309 
1552.0000000 48.8885806 48.8234124 
1553.0000000 48.6921621 48.6269938 
1554.0000000 48.4957435 48.4305753 
1555.0000000 48.2993250 48.2341567 
1556.0000000 48.1029064 48.0377382 
1557.0000000 47.9064879 47.8413196 
1558.0000000 47.7100693 47.6449011 
1559.0000000 47.5136508 47.4484825 
1560.0000000 47.3172322 47.2520640 
1561.0000000 47.1208137 47.0556454 
1562.0000000 46.9243951 46.8592269 
1563.0000000 46.7279766 46.6628083 
1564.0000000 46.5315580 46.4663898 
1565.0000000 46.3351395 46.2699712 
1566.0000000 46.1387209 46.0735527 
1567.0000000 45.9423024 45.8771341 
1568.0000000 45.7458838 45.6807156 
1569.0000000 45.5494653 45.4842970 
1570.0000000 45.3530467 45.2878785 
1571.0000000 45.1566282 45.0914599 
1572.0000000 44.9602096 44.8950414 
1573.0000000 44.7637911 44.6986228 
1574.0000000 44.5673725 44.5022043 
1575.0000000 44.3709540 44.3057857 
1576.0000000 44.1745354 44.1093672 
1577.0000000 43.9781169 43.9129486 
1578.0000000 43.7816983 43.7165301 
1579.0000000 43.5852798 43.5201115 
1580.0000000 43.3888612 43.3236930 
1581.0000000 43.1924427 43.1272744 
1582.0000000 42.9960241 42.9308559 
1583.0000000 42.7996056 42.7344373 
1584.0000000 42.6031870 42.5380188 
1585.0000000 42.4067685 42.3416002 
1586.0000000 42.2103499 42.1451817 
1587.0000000 42.0139314 41.9487631 
1588.0000000 41.8175128 41.7523446 
1589.0000000 41.6210943 41.5559260 
1590.0000000 41.4246757 41.3595075 
1591.0000000 41.2282572 41.1630889 
1592.0000000 41.0318386 40.9666704 
1593.0000000 40.8354201 40.7702518 
1594.0000000 40.6390015 40.5738333 
1595.0000000 40.4425830 40.3774147 
1596.0000000 40.2461644 40.1809962 
1597.0000000 40.0497459 39.9845776 
1598.0000000 39.8533273 39.7881591 
1599.0000000 39.6569088 39.5917405 
1600.0000000 39.4604902 39.3953220 
1601.0000000 39.2640717 39.1989034 
1602.0000000 39.0676531 39.0024849 
1603.0000000 38.8712346 38.8060663 
1604.0000000 38.6748160 38.6096478 
1605.0000000 38.4783975 38.4132292 
1606.0000000 38.2819789 38.2168107 
1607.0000000 38.0855604 38.0203921 
1608.0000000 37.8891418 37.8239736 
1609.0000000 37.6927233 37.6275550 
1610.0000000 37.4963047 37.4311365 
1611.0000000 37.2998862 37.2347179 
1612.0000000 37.1034676 37.0382994 
1613.0000000 36.9070491 36.8418808 
1614.0000000 36.7106305 36.6454622 
1615.0000000 36.5142120 36.4490437 
1616.0000000 36.3177934 36.2526251 
1617.0000000 36.1213749 36.0562066 
1618.0000000 35.9249563 35.8597880 
1619.0000000 35.7285378 35.6633695 
1620.0000000 35.5321192 35.4669509 
1621.0000000 35.3357007 35.2705324 
1622.0000000 35.1392821 35.0741138 
1623.0000000 34.9428636 34.8776953 
1624.0000000 34.7464450 34.6812767 
1625.0000000 34.5500265 34.4848582 
1626.0000000 34.3536079 34.2884396 
1627.0000000 34.1571894 34.0920211 
1628.0000000 33.9607708 33.8956025 
1629.0000000 33.7643523 33.6991840 
1630.0000000 33.5679337 33.5027654 
1631.0000000 33.3715152 33.3063469 
1632.0000000 33.1750966 33.1099283 
1633.0000000 32.9786781 32.9135098 
1634.0000000 32.7822595 32.7170912 
1635.0000000 32.5858410 32.5206727 
1636.0000000 32.3894224 32.3242541 
1637.0000000 32.1930039 32.1278356 
1638.0000000 31.9965853 31.9314170 
1639.0000000 31.8001668 31.7349985 
1640.0000000 31.6037482 31.5385799 
1641.0000000 31.4073297 31.3421614 
1642.0000000 31.2109111 31.1457428 
1643.0000000 31.0144926 30.9493243 
1644.0000000 30.8180740 30.7529057 
1645.0000000 30.6216555 30.5564872 
1646.0000000 30.4252369 30.3600686 
1647.0000000 30.2288184 30.1636501 
1648.0000000 30.0323998 29.9672315 
1649.0000000 29.8359813 29.7708130 
1650.0000000 29.6395627 29.5743944 
1651.0000000 29.4431442 29.3779759 
1652.0000000 29.2467256 29.1815573 
1653.0000000 29.0503071 28.9851388 
1654.0000000 28.8538885 28.7887202 
1655.0000000 28.6574700 28.5923017 
1656.0000000 28.4610514 28.3958831 
1657.0000000 28.2646329 28.1994646 
1658.0000000 28.0682143 28.0030460 
1659.0000000 27.8717958 27.8066275 
1660.0000000 27.6753772 27.6102089 
1661.0000000 27.4789587 27.4137904 
1662.0000000 27.2825401 27.2173718 
1663.0000000 27.0861216 27.0209533 
1664.0000000 26.8897030 26.8245347 
1665.0000000 26.6932845 26.6281162 
1666.0000000 26.4968659 26.4316976 
1667.0000000 26.3004474 26.2352791 
1668.0000000 26.1040288 26.0388605 
1669.0000000 25.9076103 25.8424420 
1670.0000000 25.7111917 25.6460234 
1671.0000000 25.5147731 25.4496049 
1672.0000000 25.3183546 25.2531863 
1673.0000000 25.1219360 25.0567678 
1674.0000000 24.9255175 24.8603492 
1675.0000000 24.7290989 24.6639307 
1676.0000000 24.5326804 24.4675121 
1677.0000000 24.3362618 24.2710936 
1678.0000000 24.1398433 24.0746750 
1679.0000000 23.9434247 23.8782565 
1680.0000000 23.7470062 23.6818379 
1681.0000000 23.5505876 23.4854194 
1682.0000000 23.3541691 23.2890008 
1683.0000000 23.1577505 23.0925823 
1684.0000000 22.9613320 22.8961637 
1685.0000000 22.7649134 22.6997452 
1686.0000000 22.5684949 22.5033266 
1687.0000000 22.3720763 22.3069081 
1688.0000000 22.1756578 22.1104895 
1689.0000000 21.9792392 21.9140710 
1690.0000000 21.7828207 21.7176524 
1691.0000000 21.5864021 21.5212339 
1692.0000000 21.3899836 21.3248153 
1693.0000000 21.1935650 21.1283968 
1694.0000000 20.9971465 20.9319782 
1695.0000000 20.8007279 20.7355597 
1696.0000000 20.6043094 20.5391411 
1697.0000000 20.4078908 20.3427226 
1698.0000000 20.2114723 20.1463040 
1699.0000000 20.0150537 19.9498855 
1700.0000000 19.8186352 19.7534669 
1701.0000000 19.6222166 19.5570484 
1702.0000000 19.4257981 19.3606298 
1703.0000000 19.2293795 19.1642113 
1704.0000000 19.0329610 18.9677927 
1705.0000000 18.8365424 18.7713742 
1706.0000000 18.6401239 18.5749556 
1707.0000000 18.4437053 18.3785371 
1708.0000000 18.2472868 18.1821185 
1709.0000000 18.0508682 17.9857000 
1710.0000000 17.8544497 17.7892814 
1711.0000000 17.6580311 17.5928629 
1712.0000000 17.4616126 17.3964443 
1713.0000000 17.2651940 17.2000258 
1714.0000000 17.0687755 17.0036072 
1715.0000000 16.8723569 16.8071887 
1716.0000000 16.6759384 16.6107701 
1717.0000000 16.4795198 16.4143516 
1718.0000000 16.2831013 16.2179330 
1719.0000000 16.0866827 16.0215145 
1720.0000000 15.8902642 15.8250959 
1721.0000000 15.6938456 15.6286774 
1722.0000000 15.4974271 15.4322588 
1723.0000000 15.3010085 15.2358403 
1724.0000000 15.1045900 15.0394217 
1725.0000000 14.9081714 14.8430032 
1726.0000000 14.7117529 14.6465846 
1727.0000000 14.5153343 14.4501661 
1728.0000000 14.3189158 14.2537475 
1729.0000000 14.1224972 14.0573290 
1730.0000000 13.9260787 13.8609104 
1731.0000000 13.7296601 13.6644919 
1732.0000000 13.5332416 13.4680733 
1733.0000000 13.3368230 13.2716548 
1734.0000000 13.1404045 13.0752362 
1735.0000000 12.9439859 12.8788177 
1736.0000000 12.7475674 12.6823991 
1737.0000000 12.5511488 12.4859806 
1738.0000000 12.3547303 12.2895620 
1739.0000000 12.1583117 12.0931435 
1740.0000000 11.9618932 11.8967249 
1741.0000000 11.7654746 11.7003064 
1742.0000000 11.5690561 11.5038878 
1743.0000000 11.3726375 11.3074693 
1744.0000000 11.1762190 11.1110507 
1745.0000000 10.9798004 10.9146322 
1746.0000000 10.7833819 10.7182136 
1747.0000000 10.5869633 10.5217951 
1748.0000000 10.3905448 10.3253765 
1749.0000000 10.1941262 10.1289580 
1750.0000000 9.9977077 9.9325394 
1751.0000000 9.8012891 9.7361209 
1752.0000000 9.6048706 9.5397023 
1753.0000000 9.4084520 9.3432838 
1754.0000000 9.2120335 9.1468652 
1755.0000000 9.0156149 8.9504467 
1756.0000000 8.8191964 8.7540281 
1757.0000000 8.6227778 8.5576096 
1758.0000000 8.4263593 8.3611910 
1759.0000000 8.2299407 8.1647725 
1760.0000000 8.0335222 7.9683539 
1761.0000000 7.8371036 7.7719354 
1762.0000000 7.6406851 7.5755168 
1763.0000000 7.4442665 7.3790983 
1764.0000000 7.2478480 7.1826797 
1765.0000000 7.0514294 6.9862612 
1766.0000000 6.8550109 6.7898426 
1767.0000000 6.6585923 6.5934240 
1768.0000000 6.4621738 6.3970055 
1769.0000000 6.2657552 6.2005869 
1770.0000000 6.0693367 6.0041684 
1771.0000000 5.8729181 5.8077498 
1772.0000000 5.6764996 5.6113313 
1773.0000000 5.4800810 5.4149127 
1774.0000000 5.2836625 5.2184942 
1775.0000000 5.0872439 5.0220756 
1776.0000000 4.8908254 4.8256571 
1777.0000000 4.6944068 4.6292385 
1778.0000000 4.4979883 4.4328200 
1779.0000000 4.3015697 4.2364014 
1780.0000000 4.1051512 4.0399829 
1781.0000000 3.9087326 3.8435643 
1782.0000000 3.7123141 3.6471458 
1783.0000000 3.5158955 3.4507272 
1784.0000000 3.3194770 3.2543087 
1785.0000000 3.1230584 3.0578901 
1786.0000000 2.9266399 2.8614716 
1787.0000000 2.7302213 2.6650530 
1788.0000000 2.5338028 2.4686345 
1789.0000000 2.3373842 2.2722159 
1790.0000000 2.1409657 2.0757974 
1791.0000000 1.9445471 1.8793788 
1792.0000000 1.7481286 1.6829603 
1793.0000000 1.5517100 1.4865417 
1794.0000000 1.3552915 1.2901232 
1795.0000000 1.1588729 1.0937046 
1796.0000000 0.9624544 0.8972861 
1797.0000000 0.7660358 0.7008675 
1798.0000000 0.5696173 0.5044490 
1799.0000000 0.3731987 0.3080304 
1800.0000000 0.1767802 0.1116119 

