1.0000000 353.5515634 353.5512411 
2.0000000 353.3551449 353.3548226 
3.0000000 353.1587263 353.1584040 
4.0000000 352.9623078 352.9619855 
5.0000000 352.7658892 352.7655669 
6.0000000 352.5694707 352.5691484 
7.0000000 352.3730521 352.3727298 
8.0000000 352.1766336 352.1763113 
9.0000000 351.9802150 351.9798927 
10.0000000 351.7837965 351.7834742 
11.0000000 351.5873779 351.5870556 
12.0000000 351.3909594 351.3906371 
13.0000000 351.1945408 351.1942185 
14.0000000 350.9981223 350.9978000 
15.0000000 350.8017037 350.8013814 
16.0000000 350.6052852 350.6049629 
17.0000000 350.4088666 350.4085443 
18.0000000 350.2124481 350.2121258 
19.0000000 350.0160295 350.0157072 
20.0000000 349.8196110 349.8192887 
21.0000000 349.6231924 349.6228701 
22.0000000 349.4267739 349.4264516 
23.0000000 349.2303553 349.2300330 
24.0000000 349.0339368 349.0336145 
25.0000000 348.8375182 348.8371959 
26.0000000 348.6410997 348.6407774 
27.0000000 348.4446811 348.4443588 
28.0000000 348.2482626 348.2479403 
29.0000000 348.0518440 348.0515217 
30.0000000 347.8554255 347.8551032 
31.0000000 347.6590069 347.6586846 
32.0000000 347.4625884 347.4622661 
33.0000000 347.2661698 347.2658475 
34.0000000 347.0697513 347.0694290 
35.0000000 346.8733327 346.8730104 
36.0000000 346.6769142 346.6765919 
37.0000000 346.4804956 346.4801733 
38.0000000 346.2840770 346.2837548 
39.0000000 346.0876585 346.0873362 
40.0000000 345.8912399 345.8909177 
41.0000000 345.6948214 345.6944991 
42.0000000 345.4984028 345.4980806 
43.0000000 345.3019843 345.3016620 
44.0000000 345.1055657 345.1052435 
45.0000000 344.9091472 344.9088249 
46.0000000 344.7127286 344.7124064 
47.0000000 344.5163101 344.5159878 
48.0000000 344.3198915 344.3195693 
49.0000000 344.1234730 344.1231507 
50.0000000 343.9270544 343.9267322 
51.0000000 343.7306359 343.7303136 
52.0000000 343.5342173 343.5338951 
53.0000000 343.3377988 343.3374765 
54.0000000 343.1413802 343.1410580 
55.0000000 342.9449617 342.9446394 
56.0000000 342.7485431 342.7482209 
57.0000000 342.5521246 342.5518023 
58.0000000 342.3557060 342.3553838 
59.0000000 342.1592875 342.1589652 
60.0000000 341.9628689 341.9625467 
61.0000000 341.7664504 341.7661281 
62.0000000 341.5700318 341.5697096 
63.0000000 341.3736133 341.3732910 
64.0000000 341.1771947 341.1768725 
65.0000000 340.9807762 340.9804539 
66.0000000 340.7843576 340.7840353 
67.0000000 340.5879391 340.5876168 
68.0000000 340.3915205 340.3911982 
69.0000000 340.1951020 340.1947797 
70.0000000 339.9986834 339.9983611 
71.0000000 339.8022649 339.8019426 
72.0000000 339.6058463 339.6055240 
73.0000000 339.4094278 339.4091055 
74.0000000 339.2130092 339.2126869 
75.0000000 339.0165907 339.0162684 
76.0000000 338.8201721 338.8198498 
77.0000000 338.6237536 338.6234313 
78.0000000 338.4273350 338.4270127 
79.0000000 338.2309165 338.2305942 
80.0000000 338.0344979 338.0341756 
81.0000000 337.8380794 337.8377571 
82.0000000 337.6416608 337.6413385 
83.0000000 337.4452423 337.4449200 
84.0000000 337.2488237 337.2485014 
85.0000000 337.0524052 337.0520829 
86.0000000 336.8559866 336.8556643 
87.0000000 336.6595681 336.6592458 
88.0000000 336.4631495 336.4628272 
89.0000000 336.2667310 336.2664087 
90.0000000 336.0703124 336.0699901 
91.0000000 335.8738939 335.8735716 
92.0000000 335.6774753 335.6771530 
93.0000000 335.4810568 335.4807345 
94.0000000 335.2846382 335.2843159 
95.0000000 335.0882197 335.0878974 
96.0000000 334.8918011 334.8914788 
97.0000000 334.6953826 334.6950603 
98.0000000 334.4989640 334.4986417 
99.0000000 334.3025455 334.3022232 
100.0000000 334.1061269 334.1058046 
101.0000000 333.9097084 333.9093861 
102.0000000 333.7132898 333.7129675 
103.0000000 333.5168713 333.5165490 
104.0000000 333.3204527 333.3201304 
105.0000000 333.1240342 333.1237119 
106.0000000 332.9276156 332.9272933 
107.0000000 332.7311971 332.7308748 
108.0000000 332.5347785 332.5344562 
109.0000000 332.3383600 332.3380377 
110.0000000 332.1419414 332.1416191 
111.0000000 331.9455229 331.9452006 
112.0000000 331.7491043 331.7487820 
113.0000000 331.5526858 331.5523635 
114.0000000 331.3562672 331.3559449 
115.0000000 331.1598487 331.1595264 
116.0000000 330.9634301 330.9631078 
117.0000000 330.7670116 330.7666893 
118.0000000 330.5705930 330.5702707 
119.0000000 330.3741745 330.3738522 
120.0000000 330.1777559 330.1774336 
121.0000000 329.9813374 329.9810151 
122.0000000 329.7849188 329.7845965 
123.0000000 329.5885003 329.5881780 
124.0000000 329.3920817 329.3917594 
125.0000000 329.1956632 329.1953409 
126.0000000 328.9992446 328.9989223 
127.0000000 328.8028261 328.8025038 
128.0000000 328.6064075 328.6060852 
129.0000000 328.4099890 328.4096667 
130.0000000 328.2135704 328.2132481 
131.0000000 328.0171519 328.0168296 
132.0000000 327.8207333 327.8204110 
133.0000000 327.6243148 327.6239925 
134.0000000 327.4278962 327.4275739 
135.0000000 327.2314777 327.2311554 
136.0000000 327.0350591 327.0347368 
137.0000000 326.8386406 326.8383183 
138.0000000 326.6422220 326.6418997 
139.0000000 326.4458035 326.4454812 
140.0000000 326.2493849 326.2490626 
141.0000000 326.0529664 326.0526441 
142.0000000 325.8565478 325.8562255 
143.0000000 325.6601293 325.6598070 
144.0000000 325.4637107 325.4633884 
145.0000000 325.2672922 325.2669699 
146.0000000 325.0708736 325.0705513 
147.0000000 324.8744551 324.8741328 
148.0000000 324.6780365 324.6777142 
149.0000000 324.4816180 324.4812957 
150.0000000 324.2851994 324.2848771 
151.0000000 324.0887809 324.0884586 
152.0000000 323.8923623 323.8920400 
153.0000000 323.6959438 323.6956215 
154.0000000 323.4995252 323.4992029 
155.0000000 323.3031067 323.3027844 
156.0000000 323.1066881 323.1063658 
157.0000000 322.9102696 322.9099473 
158.0000000 322.7138510 322.7135287 
159.0000000 322.5174325 322.5171102 
160.0000000 322.3210139 322.3206916 
161.0000000 322.1245954 322.1242731 
162.0000000 321.9281768 321.9278545 
163.0000000 321.7317583 321.7314360 
164.0000000 321.5353397 321.5350174 
165.0000000 321.3389212 321.3385989 
166.0000000 321.1425026 321.1421803 
167.0000000 320.9460841 320.9457618 
168.0000000 320.7496655 320.7493432 
169.0000000 320.5532470 320.5529247 
170.0000000 320.3568284 320.3565061 
171.0000000 320.1604099 320.1600876 
172.0000000 319.9639913 319.9636690 
173.0000000 319.7675728 319.7672505 
174.0000000 319.5711542 319.5708319 
175.0000000 319.3747357 319.3744134 
176.0000000 319.1783171 319.1779948 
177.0000000 318.9818986 318.9815763 
178.0000000 318.7854800 318.7851577 
179.0000000 318.5890615 318.5887392 
180.0000000 318.3926429 318.3923206 
181.0000000 318.1962244 318.1959021 
182.0000000 317.9998058 317.9994835 
183.0000000 317.8033873 317.8030650 
184.0000000 317.6069687 317.6066464 
185.0000000 317.4105502 317.4102279 
186.0000000 317.2141316 317.2138093 
187.0000000 317.0177131 317.0173908 
188.0000000 316.8212945 316.8209722 
189.0000000 316.6248759 316.6245537 
190.0000000 316.4284574 316.4281351 
191.0000000 316.2320388 316.2317166 
192.0000000 316.0356203 316.0352980 
193.0000000 315.8392017 315.8388795 
194.0000000 315.6427832 315.6424609 
195.0000000 315.4463646 315.4460424 
196.0000000 315.2499461 315.2496238 
197.0000000 315.0535275 315.0532053 
198.0000000 314.8571090 314.8567867 
199.0000000 314.6606904 314.6603682 
200.0000000 314.4642719 314.4639496 
201.0000000 314.2678533 314.2675311 
202.0000000 314.0714348 314.0711125 
203.0000000 313.8750162 313.8746940 
204.0000000 313.6785977 313.6782754 
205.0000000 313.4821791 313.4818569 
206.0000000 313.2857606 313.2854383 
207.0000000 313.0893420 313.0890198 
208.0000000 312.8929235 312.8926012 
209.0000000 312.6965049 312.6961827 
210.0000000 312.5000864 312.4997641 
211.0000000 312.3036678 312.3033456 
212.0000000 312.1072493 312.1069270 
213.0000000 311.9108307 311.9105085 
214.0000000 311.7144122 311.7140899 
215.0000000 311.5179936 311.5176714 
216.0000000 311.3215751 311.3212528 
217.0000000 311.1251565 311.1248342 
218.0000000 310.9287380 310.9284157 
219.0000000 310.7323194 310.7319971 
220.0000000 310.5359009 310.5355786 
221.0000000 310.3394823 310.3391600 
222.0000000 310.1430638 310.1427415 
223.0000000 309.9466452 309.9463229 
224.0000000 309.7502267 309.7499044 
225.0000000 309.5538081 309.5534858 
226.0000000 309.3573896 309.3570673 
227.0000000 309.1609710 309.1606487 
228.0000000 308.9645525 308.9642302 
229.0000000 308.7681339 308.7678116 
230.0000000 308.5717154 308.5713931 
231.0000000 308.3752968 308.3749745 
232.0000000 308.1788783 308.1785560 
233.0000000 307.9824597 307.9821374 
234.0000000 307.7860412 307.7857189 
235.0000000 307.5896226 307.5893003 
236.0000000 307.3932041 307.3928818 
237.0000000 307.1967855 307.1964632 
238.0000000 307.0003670 307.0000447 
239.0000000 306.8039484 306.8036261 
240.0000000 306.6075299 306.6072076 
241.0000000 306.4111113 306.4107890 
242.0000000 306.2146928 306.2143705 
243.0000000 306.0182742 306.0179519 
244.0000000 305.8218557 305.8215334 
245.0000000 305.6254371 305.6251148 
246.0000000 305.4290186 305.4286963 
247.0000000 305.2326000 305.2322777 
248.0000000 305.0361815 305.0358592 
249.0000000 304.8397629 304.8394406 
250.0000000 304.6433444 304.6430221 
251.0000000 304.4469258 304.4466035 
252.0000000 304.2505073 304.2501850 
253.0000000 304.0540887 304.0537664 
254.0000000 303.8576702 303.8573479 
255.0000000 303.6612516 303.6609293 
256.0000000 303.4648331 303.4645108 
257.0000000 303.2684145 303.2680922 
258.0000000 303.0719960 303.0716737 
259.0000000 302.8755774 302.8752551 
260.0000000 302.6791589 302.6788366 
261.0000000 302.4827403 302.4824180 
262.0000000 302.2863218 302.2859995 
263.0000000 302.0899032 302.0895809 
264.0000000 301.8934847 301.8931624 
265.0000000 301.6970661 301.6967438 
266.0000000 301.5006476 301.5003253 
267.0000000 301.3042290 301.3039067 
268.0000000 301.1078105 301.1074882 
269.0000000 300.9113919 300.9110696 
270.0000000 300.7149734 300.7146511 
271.0000000 300.5185548 300.5182325 
272.0000000 300.3221363 300.3218140 
273.0000000 300.1257177 300.1253954 
274.0000000 299.9292992 299.9289769 
275.0000000 299.7328806 299.7325583 
276.0000000 299.5364621 299.5361398 
277.0000000 299.3400435 299.3397212 
278.0000000 299.1436250 299.1433027 
279.0000000 298.9472064 298.9468841 
280.0000000 298.7507879 298.7504656 
281.0000000 298.5543693 298.5540470 
282.0000000 298.3579508 298.3576285 
283.0000000 298.1615322 298.1612099 
284.0000000 297.9651137 297.9647914 
285.0000000 297.7686951 297.7683728 
286.0000000 297.5722766 297.5719543 
287.0000000 297.3758580 297.3755357 
288.0000000 297.1794395 297.1791172 
289.0000000 296.9830209 296.9826986 
290.0000000 296.7866024 296.7862801 
291.0000000 296.5901838 296.5898615 
292.0000000 296.3937653 296.3934430 
293.0000000 296.1973467 296.1970244 
294.0000000 296.0009282 296.0006059 
295.0000000 295.8045096 295.8041873 
296.0000000 295.6080911 295.6077688 
297.0000000 295.4116725 295.4113502 
298.0000000 295.2152540 295.2149317 
299.0000000 295.0188354 295.0185131 
300.0000000 294.8224169 294.8220946 
301.0000000 294.6259983 294.6256760 
302.0000000 294.4295798 294.4292575 
303.0000000 294.2331612 294.2328389 
304.0000000 294.0367427 294.0364204 
305.0000000 293.8403241 293.8400018 
306.0000000 293.6439056 293.6435833 
307.0000000 293.4474870 293.4471647 
308.0000000 293.2510685 293.2507462 
309.0000000 293.0546499 293.0543276 
310.0000000 292.8582314 292.8579091 
311.0000000 292.6618128 292.6614905 
312.0000000 292.4653943 292.4650720 
313.0000000 292.2689757 292.2686534 
314.0000000 292.0725572 292.0722349 
315.0000000 291.8761386 291.8758163 
316.0000000 291.6797201 291.6793978 
317.0000000 291.4833015 291.4829792 
318.0000000 291.2868830 291.2865607 
319.0000000 291.0904644 291.0901421 
320.0000000 290.8940459 290.8937236 
321.0000000 290.6976273 290.6973050 
322.0000000 290.5012088 290.5008865 
323.0000000 290.3047902 290.3044679 
324.0000000 290.1083717 290.1080494 
325.0000000 289.9119531 289.9116308 
326.0000000 289.7155346 289.7152123 
327.0000000 289.5191160 289.5187937 
328.0000000 289.3226975 289.3223752 
329.0000000 289.1262789 289.1259566 
330.0000000 288.9298604 288.9295381 
331.0000000 288.7334418 288.7331195 
332.0000000 288.5370233 288.5367010 
333.0000000 288.3406047 288.3402824 
334.0000000 288.1441862 288.1438639 
335.0000000 287.9477676 287.9474453 
336.0000000 287.7513491 287.7510268 
337.0000000 287.5549305 287.5546082 
338.0000000 287.3585120 287.3581897 
339.0000000 287.1620934 287.1617711 
340.0000000 286.9656749 286.9653526 
341.0000000 286.7692563 286.7689340 
342.0000000 286.5728377 286.5725155 
343.0000000 286.3764192 286.3760969 
344.0000000 286.1800006 286.1796784 
345.0000000 285.9835821 285.9832598 
346.0000000 285.7871635 285.7868413 
347.0000000 285.5907450 285.5904227 
348.0000000 285.3943264 285.3940042 
349.0000000 285.1979079 285.1975856 
350.0000000 285.0014893 285.0011671 
351.0000000 284.8050708 284.8047485 
352.0000000 284.6086522 284.6083300 
353.0000000 284.4122337 284.4119114 
354.0000000 284.2158151 284.2154929 
355.0000000 284.0193966 284.0190743 
356.0000000 283.8229780 283.8226558 
357.0000000 283.6265595 283.6262372 
358.0000000 283.4301409 283.4298187 
359.0000000 283.2337224 283.2334001 
360.0000000 283.0373038 283.0369816 
361.0000000 282.8408853 282.8405630 
362.0000000 282.6444667 282.6441445 
363.0000000 282.4480482 282.4477259 
364.0000000 282.2516296 282.2513074 
365.0000000 282.0552111 282.0548888 
366.0000000 281.8587925 281.8584703 
367.0000000 281.6623740 281.6620517 
368.0000000 281.4659554 281.4656331 
369.0000000 281.2695369 281.2692146 
370.0000000 281.0731183 281.0727960 
371.0000000 280.8766998 280.8763775 
372.0000000 280.6802812 280.6799589 
373.0000000 280.4838627 280.4835404 
374.0000000 280.2874441 280.2871218 
375.0000000 280.0910256 280.0907033 
376.0000000 279.8946070 279.8942847 
377.0000000 279.6981885 279.6978662 
378.0000000 279.5017699 279.5014476 
379.0000000 279.3053514 279.3050291 
380.0000000 279.1089328 279.1086105 
381.0000000 278.9125143 278.9121920 
382.0000000 278.7160957 278.7157734 
383.0000000 278.5196772 278.5193549 
384.0000000 278.3232586 278.3229363 
385.0000000 278.1268401 278.1265178 
386.0000000 277.9304215 277.9300992 
387.0000000 277.7340030 277.7336807 
388.0000000 277.5375844 277.5372621 
389.0000000 277.3411659 277.3408436 
390.0000000 277.1447473 277.1444250 
391.0000000 276.9483288 276.9480065 
392.0000000 276.7519102 276.7515879 
393.0000000 276.5554917 276.5551694 
394.0000000 276.3590731 276.3587508 
395.0000000 276.1626546 276.1623323 
396.0000000 275.9662360 275.9659137 
397.0000000 275.7698175 275.7694952 
398.0000000 275.5733989 275.5730766 
399.0000000 275.3769804 275.3766581 
400.0000000 275.1805618 275.1802395 
401.0000000 274.9841433 274.9838210 
402.0000000 274.7877247 274.7874024 
403.0000000 274.5913062 274.5909839 
404.0000000 274.3948876 274.3945653 
405.0000000 274.1984691 274.1981468 
406.0000000 274.0020505 274.0017282 
407.0000000 273.8056320 273.8053097 
408.0000000 273.6092134 273.6088911 
409.0000000 273.4127949 273.4124726 
410.0000000 273.2163763 273.2160540 
411.0000000 273.0199578 273.0196355 
412.0000000 272.8235392 272.8232169 
413.0000000 272.6271207 272.6267984 
414.0000000 272.4307021 272.4303798 
415.0000000 272.2342836 272.2339613 
416.0000000 272.0378650 272.0375427 
417.0000000 271.8414465 271.8411242 
418.0000000 271.6450279 271.6447056 
419.0000000 271.4486094 271.4482871 
420.0000000 271.2521908 271.2518685 
421.0000000 271.0557723 271.0554500 
422.0000000 270.8593537 270.8590314 
423.0000000 270.6629352 270.6626129 
424.0000000 270.4665166 270.4661943 
425.0000000 270.2700981 270.2697758 
426.0000000 270.0736795 270.0733572 
427.0000000 269.8772610 269.8769387 
428.0000000 269.6808424 269.6805201 
429.0000000 269.4844239 269.4841016 
430.0000000 269.2880053 269.2876830 
431.0000000 269.0915868 269.0912645 
432.0000000 268.8951682 268.8948459 
433.0000000 268.6987497 268.6984274 
434.0000000 268.5023311 268.5020088 
435.0000000 268.3059126 268.3055903 
436.0000000 268.1094940 268.1091717 
437.0000000 267.9130755 267.9127532 
438.0000000 267.7166569 267.7163346 
439.0000000 267.5202384 267.5199161 
440.0000000 267.3238198 267.3234975 
441.0000000 267.1274013 267.1270790 
442.0000000 266.9309827 266.9306604 
443.0000000 266.7345642 266.7342419 
444.0000000 266.5381456 266.5378233 
445.0000000 266.3417271 266.3414048 
446.0000000 266.1453085 266.1449862 
447.0000000 265.9488900 265.9485677 
448.0000000 265.7524714 265.7521491 
449.0000000 265.5560529 265.5557306 
450.0000000 265.3596343 265.3593120 
451.0000000 265.1632158 265.1628935 
452.0000000 264.9667972 264.9664749 
453.0000000 264.7703787 264.7700564 
454.0000000 264.5739601 264.5736378 
455.0000000 264.3775416 264.3772193 
456.0000000 264.1811230 264.1808007 
457.0000000 263.9847045 263.9843822 
458.0000000 263.7882859 263.7879636 
459.0000000 263.5918674 263.5915451 
460.0000000 263.3954488 263.3951265 
461.0000000 263.1990303 263.1987080 
462.0000000 263.0026117 263.0022894 
463.0000000 262.8061932 262.8058709 
464.0000000 262.6097746 262.6094523 
465.0000000 262.4133561 262.4130338 
466.0000000 262.2169375 262.2166152 
467.0000000 262.0205190 262.0201967 
468.0000000 261.8241004 261.8237781 
469.0000000 261.6276819 261.6273596 
470.0000000 261.4312633 261.4309410 
471.0000000 261.2348448 261.2345225 
472.0000000 261.0384262 261.0381039 
473.0000000 260.8420077 260.8416854 
474.0000000 260.6455891 260.6452668 
475.0000000 260.4491706 260.4488483 
476.0000000 260.2527520 260.2524297 
477.0000000 260.0563335 260.0560112 
478.0000000 259.8599149 259.8595926 
479.0000000 259.6634964 259.6631741 
480.0000000 259.4670778 259.4667555 
481.0000000 259.2706593 259.2703370 
482.0000000 259.0742407 259.0739184 
483.0000000 258.8778222 258.8774999 
484.0000000 258.6814036 258.6810813 
485.0000000 258.4849851 258.4846628 
486.0000000 258.2885665 258.2882442 
487.0000000 258.0921480 258.0918257 
488.0000000 257.8957294 257.8954071 
489.0000000 257.6993109 257.6989886 
490.0000000 257.5028923 257.5025700 
491.0000000 257.3064738 257.3061515 
492.0000000 257.1100552 257.1097329 
493.0000000 256.9136366 256.9133144 
494.0000000 256.7172181 256.7168958 
495.0000000 256.5207995 256.5204773 
496.0000000 256.3243810 256.3240587 
497.0000000 256.1279624 256.1276402 
498.0000000 255.9315439 255.9312216 
499.0000000 255.7351253 255.7348031 
500.0000000 255.5387068 255.5383845 
501.0000000 255.3422882 255.3419660 
502.0000000 255.1458697 255.1455474 
503.0000000 254.9494511 254.9491289 
504.0000000 254.7530326 254.7527103 
505.0000000 254.5566140 254.5562918 
506.0000000 254.3601955 254.3598732 
507.0000000 254.1637769 254.1634547 
508.0000000 253.9673584 253.9670361 
509.0000000 253.7709398 253.7706176 
510.0000000 253.5745213 253.5741990 
511.0000000 253.3781027 253.3777805 
512.0000000 253.1816842 253.1813619 
513.0000000 252.9852656 252.9849434 
514.0000000 252.7888471 252.7885248 
515.0000000 252.5924285 252.5921063 
516.0000000 252.3960100 252.3956877 
517.0000000 252.1995914 252.1992692 
518.0000000 252.0031729 252.0028506 
519.0000000 251.8067543 251.8064321 
520.0000000 251.6103358 251.6100135 
521.0000000 251.4139172 251.4135949 
522.0000000 251.2174987 251.2171764 
523.0000000 251.0210801 251.0207578 
524.0000000 250.8246616 250.8243393 
525.0000000 250.6282430 250.6279207 
526.0000000 250.4318245 250.4315022 
527.0000000 250.2354059 250.2350836 
528.0000000 250.0389874 250.0386651 
529.0000000 249.8425688 249.8422465 
530.0000000 249.6461503 249.6458280 
531.0000000 249.4497317 249.4494094 
532.0000000 249.2533132 249.2529909 
533.0000000 249.0568946 249.0565723 
534.0000000 248.8604761 248.8601538 
535.0000000 248.6640575 248.6637352 
536.0000000 248.4676390 248.4673167 
537.0000000 248.2712204 248.2708981 
538.0000000 248.0748019 248.0744796 
539.0000000 247.8783833 247.8780610 
540.0000000 247.6819648 247.6816425 
541.0000000 247.4855462 247.4852239 
542.0000000 247.2891277 247.2888054 
543.0000000 247.0927091 247.0923868 
544.0000000 246.8962906 246.8959683 
545.0000000 246.6998720 246.6995497 
546.0000000 246.5034535 246.5031312 
547.0000000 246.3070349 246.3067126 
548.0000000 246.1106164 246.1102941 
549.0000000 245.9141978 245.9138755 
550.0000000 245.7177793 245.7174570 
551.0000000 245.5213607 245.5210384 
552.0000000 245.3249422 245.3246199 
553.0000000 245.1285236 245.1282013 
554.0000000 244.9321051 244.9317828 
555.0000000 244.7356865 244.7353642 
556.0000000 244.5392680 244.5389457 
557.0000000 244.3428494 244.3425271 
558.0000000 244.1464309 244.1461086 
559.0000000 243.9500123 243.9496900 
560.0000000 243.7535938 243.7532715 
561.0000000 243.5571752 243.5568529 
562.0000000 243.3607567 243.3604344 
563.0000000 243.1643381 243.1640158 
564.0000000 242.9679196 242.9675973 
565.0000000 242.7715010 242.7711787 
566.0000000 242.5750825 242.5747602 
567.0000000 242.3786639 242.3783416 
568.0000000 242.1822454 242.1819231 
569.0000000 241.9858268 241.9855045 
570.0000000 241.7894083 241.7890860 
571.0000000 241.5929897 241.5926674 
572.0000000 241.3965712 241.3962489 
573.0000000 241.2001526 241.1998303 
574.0000000 241.0037341 241.0034118 
575.0000000 240.8073155 240.8069932 
576.0000000 240.6108970 240.6105747 
577.0000000 240.4144784 240.4141561 
578.0000000 240.2180599 240.2177376 
579.0000000 240.0216413 240.0213190 
580.0000000 239.8252228 239.8249005 
581.0000000 239.6288042 239.6284819 
582.0000000 239.4323857 239.4320634 
583.0000000 239.2359671 239.2356448 
584.0000000 239.0395486 239.0392263 
585.0000000 238.8431300 238.8428077 
586.0000000 238.6467115 238.6463892 
587.0000000 238.4502929 238.4499706 
588.0000000 238.2538744 238.2535521 
589.0000000 238.0574558 238.0571335 
590.0000000 237.8610373 237.8607150 
591.0000000 237.6646187 237.6642964 
592.0000000 237.4682002 237.4678779 
593.0000000 237.2717816 237.2714593 
594.0000000 237.0753631 237.0750408 
595.0000000 236.8789445 236.8786222 
596.0000000 236.6825260 236.6822037 
597.0000000 236.4861074 236.4857851 
598.0000000 236.2896889 236.2893666 
599.0000000 236.0932703 236.0929480 
600.0000000 235.8968518 235.8965295 
601.0000000 235.7004332 235.7001109 
602.0000000 235.5040147 235.5036924 
603.0000000 235.3075961 235.3072738 
604.0000000 235.1111776 235.1108553 
605.0000000 234.9147590 234.9144367 
606.0000000 234.7183405 234.7180182 
607.0000000 234.5219219 234.5215996 
608.0000000 234.3255034 234.3251811 
609.0000000 234.1290848 234.1287625 
610.0000000 233.9326663 233.9323440 
611.0000000 233.7362477 233.7359254 
612.0000000 233.5398292 233.5395069 
613.0000000 233.3434106 233.3430883 
614.0000000 233.1469921 233.1466698 
615.0000000 232.9505735 232.9502512 
616.0000000 232.7541550 232.7538327 
617.0000000 232.5577364 232.5574141 
618.0000000 232.3613179 232.3609956 
619.0000000 232.1648993 232.1645770 
620.0000000 231.9684808 231.9681585 
621.0000000 231.7720622 231.7717399 
622.0000000 231.5756437 231.5753214 
623.0000000 231.3792251 231.3789028 
624.0000000 231.1828066 231.1824843 
625.0000000 230.9863880 230.9860657 
626.0000000 230.7899695 230.7896472 
627.0000000 230.5935509 230.5932286 
628.0000000 230.3971324 230.3968101 
629.0000000 230.2007138 230.2003915 
630.0000000 230.0042953 230.0039730 
631.0000000 229.8078767 229.8075544 
632.0000000 229.6114582 229.6111359 
633.0000000 229.4150396 229.4147173 
634.0000000 229.2186211 229.2182988 
635.0000000 229.0222025 229.0218802 
636.0000000 228.8257840 228.8254617 
637.0000000 228.6293654 228.6290431 
638.0000000 228.4329469 228.4326246 
639.0000000 228.2365283 228.2362060 
640.0000000 228.0401098 228.0397875 
641.0000000 227.8436912 227.8433689 
642.0000000 227.6472727 227.6469504 
643.0000000 227.4508541 227.4505318 
644.0000000 227.2544355 227.2541133 
645.0000000 227.0580170 227.0576947 
646.0000000 226.8615984 226.8612762 
647.0000000 226.6651799 226.6648576 
648.0000000 226.4687613 226.4684391 
649.0000000 226.2723428 226.2720205 
650.0000000 226.0759242 226.0756020 
651.0000000 225.8795057 225.8791834 
652.0000000 225.6830871 225.6827649 
653.0000000 225.4866686 225.4863463 
654.0000000 225.2902500 225.2899278 
655.0000000 225.0938315 225.0935092 
656.0000000 224.8974129 224.8970907 
657.0000000 224.7009944 224.7006721 
658.0000000 224.5045758 224.5042536 
659.0000000 224.3081573 224.3078350 
660.0000000 224.1117387 224.1114165 
661.0000000 223.9153202 223.9149979 
662.0000000 223.7189016 223.7185794 
663.0000000 223.5224831 223.5221608 
664.0000000 223.3260645 223.3257423 
665.0000000 223.1296460 223.1293237 
666.0000000 222.9332274 222.9329052 
667.0000000 222.7368089 222.7364866 
668.0000000 222.5403903 222.5400681 
669.0000000 222.3439718 222.3436495 
670.0000000 222.1475532 222.1472310 
671.0000000 221.9511347 221.9508124 
672.0000000 221.7547161 221.7543938 
673.0000000 221.5582976 221.5579753 
674.0000000 221.3618790 221.3615567 
675.0000000 221.1654605 221.1651382 
676.0000000 220.9690419 220.9687196 
677.0000000 220.7726234 220.7723011 
678.0000000 220.5762048 220.5758825 
679.0000000 220.3797863 220.3794640 
680.0000000 220.1833677 220.1830454 
681.0000000 219.9869492 219.9866269 
682.0000000 219.7905306 219.7902083 
683.0000000 219.5941121 219.5937898 
684.0000000 219.3976935 219.3973712 
685.0000000 219.2012750 219.2009527 
686.0000000 219.0048564 219.0045341 
687.0000000 218.8084379 218.8081156 
688.0000000 218.6120193 218.6116970 
689.0000000 218.4156008 218.4152785 
690.0000000 218.2191822 218.2188599 
691.0000000 218.0227637 218.0224414 
692.0000000 217.8263451 217.8260228 
693.0000000 217.6299266 217.6296043 
694.0000000 217.4335080 217.4331857 
695.0000000 217.2370895 217.2367672 
696.0000000 217.0406709 217.0403486 
697.0000000 216.8442524 216.8439301 
698.0000000 216.6478338 216.6475115 
699.0000000 216.4514153 216.4510930 
700.0000000 216.2549967 216.2546744 
701.0000000 216.0585782 216.0582559 
702.0000000 215.8621596 215.8618373 
703.0000000 215.6657411 215.6654188 
704.0000000 215.4693225 215.4690002 
705.0000000 215.2729040 215.2725817 
706.0000000 215.0764854 215.0761631 
707.0000000 214.8800669 214.8797446 
708.0000000 214.6836483 214.6833260 
709.0000000 214.4872298 214.4869075 
710.0000000 214.2908112 214.2904889 
711.0000000 214.0943927 214.0940704 
712.0000000 213.8979741 213.8976518 
713.0000000 213.7015556 213.7012333 
714.0000000 213.5051370 213.5048147 
715.0000000 213.3087185 213.3083962 
716.0000000 213.1122999 213.1119776 
717.0000000 212.9158814 212.9155591 
718.0000000 212.7194628 212.7191405 
719.0000000 212.5230443 212.5227220 
720.0000000 212.3266257 212.3263034 
721.0000000 212.1302072 212.1298849 
722.0000000 211.9337886 211.9334663 
723.0000000 211.7373701 211.7370478 
724.0000000 211.5409515 211.5406292 
725.0000000 211.3445330 211.3442107 
726.0000000 211.1481144 211.1477921 
727.0000000 210.9516959 210.9513736 
728.0000000 210.7552773 210.7549550 
729.0000000 210.5588588 210.5585365 
730.0000000 210.3624402 210.3621179 
731.0000000 210.1660217 210.1656994 
732.0000000 209.9696031 209.9692808 
733.0000000 209.7731846 209.7728623 
734.0000000 209.5767660 209.5764437 
735.0000000 209.3803475 209.3800252 
736.0000000 209.1839289 209.1836066 
737.0000000 208.9875104 208.9871881 
738.0000000 208.7910918 208.7907695 
739.0000000 208.5946733 208.5943510 
740.0000000 208.3982547 208.3979324 
741.0000000 208.2018362 208.2015139 
742.0000000 208.0054176 208.0050953 
743.0000000 207.8089991 207.8086768 
744.0000000 207.6125805 207.6122582 
745.0000000 207.4161620 207.4158397 
746.0000000 207.2197434 207.2194211 
747.0000000 207.0233249 207.0230026 
748.0000000 206.8269063 206.8265840 
749.0000000 206.6304878 206.6301655 
750.0000000 206.4340692 206.4337469 
751.0000000 206.2376507 206.2373284 
752.0000000 206.0412321 206.0409098 
753.0000000 205.8448136 205.8444913 
754.0000000 205.6483950 205.6480727 
755.0000000 205.4519765 205.4516542 
756.0000000 205.2555579 205.2552356 
757.0000000 205.0591394 205.0588171 
758.0000000 204.8627208 204.8623985 
759.0000000 204.6663023 204.6659800 
760.0000000 204.4698837 204.4695614 
761.0000000 204.2734652 204.2731429 
762.0000000 204.0770466 204.0767243 
763.0000000 203.8806281 203.8803058 
764.0000000 203.6842095 203.6838872 
765.0000000 203.4877910 203.4874687 
766.0000000 203.2913724 203.2910501 
767.0000000 203.0949539 203.0946316 
768.0000000 202.8985353 202.8982130 
769.0000000 202.7021168 202.7017945 
770.0000000 202.5056982 202.5053759 
771.0000000 202.3092797 202.3089574 
772.0000000 202.1128611 202.1125388 
773.0000000 201.9164426 201.9161203 
774.0000000 201.7200240 201.7197017 
775.0000000 201.5236055 201.5232832 
776.0000000 201.3271869 201.3268646 
777.0000000 201.1307684 201.1304461 
778.0000000 200.9343498 200.9340275 
779.0000000 200.7379313 200.7376090 
780.0000000 200.5415127 200.5411904 
781.0000000 200.3450942 200.3447719 
782.0000000 200.1486756 200.1483533 
783.0000000 199.9522571 199.9519348 
784.0000000 199.7558385 199.7555162 
785.0000000 199.5594200 199.5590977 
786.0000000 199.3630014 199.3626791 
787.0000000 199.1665829 199.1662606 
788.0000000 198.9701643 198.9698420 
789.0000000 198.7737458 198.7734235 
790.0000000 198.5773272 198.5770049 
791.0000000 198.3809087 198.3805864 
792.0000000 198.1844901 198.1841678 
793.0000000 197.9880716 197.9877493 
794.0000000 197.7916530 197.7913307 
795.0000000 197.5952345 197.5949122 
796.0000000 197.3988159 197.3984936 
797.0000000 197.2023973 197.2020751 
798.0000000 197.0059788 197.0056565 
799.0000000 196.8095602 196.8092380 
800.0000000 196.6131417 196.6128194 
801.0000000 196.4167231 196.4164009 
802.0000000 196.2203046 196.2199823 
803.0000000 196.0238860 196.0235638 
804.0000000 195.8274675 195.8271452 
805.0000000 195.6310489 195.6307267 
806.0000000 195.4346304 195.4343081 
807.0000000 195.2382118 195.2378896 
808.0000000 195.0417933 195.0414710 
809.0000000 194.8453747 194.8450525 
810.0000000 194.6489562 194.6486339 
811.0000000 194.4525376 194.4522154 
812.0000000 194.2561191 194.2557968 
813.0000000 194.0597005 194.0593783 
814.0000000 193.8632820 193.8629597 
815.0000000 193.6668634 193.6665412 
816.0000000 193.4704449 193.4701226 
817.0000000 193.2740263 193.2737041 
818.0000000 193.0776078 193.0772855 
819.0000000 192.8811892 192.8808670 
820.0000000 192.6847707 192.6844484 
821.0000000 192.4883521 192.4880299 
822.0000000 192.2919336 192.2916113 
823.0000000 192.0955150 192.0951928 
824.0000000 191.8990965 191.8987742 
825.0000000 191.7026779 191.7023556 
826.0000000 191.5062594 191.5059371 
827.0000000 191.3098408 191.3095185 
828.0000000 191.1134223 191.1131000 
829.0000000 190.9170037 190.9166814 
830.0000000 190.7205852 190.7202629 
831.0000000 190.5241666 190.5238443 
832.0000000 190.3277481 190.3274258 
833.0000000 190.1313295 190.1310072 
834.0000000 189.9349110 189.9345887 
835.0000000 189.7384924 189.7381701 
836.0000000 189.5420739 189.5417516 
837.0000000 189.3456553 189.3453330 
838.0000000 189.1492368 189.1489145 
839.0000000 188.9528182 188.9524959 
840.0000000 188.7563997 188.7560774 
841.0000000 188.5599811 188.5596588 
842.0000000 188.3635626 188.3632403 
843.0000000 188.1671440 188.1668217 
844.0000000 187.9707255 187.9704032 
845.0000000 187.7743069 187.7739846 
846.0000000 187.5778884 187.5775661 
847.0000000 187.3814698 187.3811475 
848.0000000 187.1850513 187.1847290 
849.0000000 186.9886327 186.9883104 
850.0000000 186.7922142 186.7918919 
851.0000000 186.5957956 186.5954733 
852.0000000 186.3993771 186.3990548 
853.0000000 186.2029585 186.2026362 
854.0000000 186.0065400 186.0062177 
855.0000000 185.8101214 185.8097991 
856.0000000 185.6137029 185.6133806 
857.0000000 185.4172843 185.4169620 
858.0000000 185.2208658 185.2205435 
859.0000000 185.0244472 185.0241249 
860.0000000 184.8280287 184.8277064 
861.0000000 184.6316101 184.6312878 
862.0000000 184.4351916 184.4348693 
863.0000000 184.2387730 184.2384507 
864.0000000 184.0423545 184.0420322 
865.0000000 183.8459359 183.8456136 
866.0000000 183.6495174 183.6491951 
867.0000000 183.4530988 183.4527765 
868.0000000 183.2566803 183.2563580 
869.0000000 183.0602617 183.0599394 
870.0000000 182.8638432 182.8635209 
871.0000000 182.6674246 182.6671023 
872.0000000 182.4710061 182.4706838 
873.0000000 182.2745875 182.2742652 
874.0000000 182.0781690 182.0778467 
875.0000000 181.8817504 181.8814281 
876.0000000 181.6853319 181.6850096 
877.0000000 181.4889133 181.4885910 
878.0000000 181.2924948 181.2921725 
879.0000000 181.0960762 181.0957539 
880.0000000 180.8996577 180.8993354 
881.0000000 180.7032391 180.7029168 
882.0000000 180.5068206 180.5064983 
883.0000000 180.3104020 180.3100797 
884.0000000 180.1139835 180.1136612 
885.0000000 179.9175649 179.9172426 
886.0000000 179.7211464 179.7208241 
887.0000000 179.5247278 179.5244055 
888.0000000 179.3283093 179.3279870 
889.0000000 179.1318907 179.1315684 
890.0000000 178.9354722 178.9351499 
891.0000000 178.7390536 178.7387313 
892.0000000 178.5426351 178.5423128 
893.0000000 178.3462165 178.3458942 
894.0000000 178.1497980 178.1494757 
895.0000000 177.9533794 177.9530571 
896.0000000 177.7569609 177.7566386 
897.0000000 177.5605423 177.5602200 
898.0000000 177.3641238 177.3638015 
899.0000000 177.1677052 177.1673829 
900.0000000 176.9712867 176.9709644 
901.0000000 176.7748681 176.7745458 
902.0000000 176.5784496 176.5781273 
903.0000000 176.3820310 176.3817087 
904.0000000 176.1856125 176.1852902 
905.0000000 175.9891939 175.9888716 
906.0000000 175.7927754 175.7924531 
907.0000000 175.5963568 175.5960345 
908.0000000 175.3999383 175.3996160 
909.0000000 175.2035197 175.2031974 
910.0000000 175.0071012 175.0067789 
911.0000000 174.8106826 174.8103603 
912.0000000 174.6142641 174.6139418 
913.0000000 174.4178455 174.4175232 
914.0000000 174.2214270 174.2211047 
915.0000000 174.0250084 174.0246861 
916.0000000 173.8285899 173.8282676 
917.0000000 173.6321713 173.6318490 
918.0000000 173.4357528 173.4354305 
919.0000000 173.2393342 173.2390119 
920.0000000 173.0429157 173.0425934 
921.0000000 172.8464971 172.8461748 
922.0000000 172.6500786 172.6497563 
923.0000000 172.4536600 172.4533377 
924.0000000 172.2572415 172.2569192 
925.0000000 172.0608229 172.0605006 
926.0000000 171.8644044 171.8640821 
927.0000000 171.6679858 171.6676635 
928.0000000 171.4715673 171.4712450 
929.0000000 171.2751487 171.2748264 
930.0000000 171.0787302 171.0784079 
931.0000000 170.8823116 170.8819893 
932.0000000 170.6858931 170.6855708 
933.0000000 170.4894745 170.4891522 
934.0000000 170.2930560 170.2927337 
935.0000000 170.0966374 170.0963151 
936.0000000 169.9002189 169.8998966 
937.0000000 169.7038003 169.7034780 
938.0000000 169.5073818 169.5070595 
939.0000000 169.3109632 169.3106409 
940.0000000 169.1145447 169.1142224 
941.0000000 168.9181261 168.9178038 
942.0000000 168.7217076 168.7213853 
943.0000000 168.5252890 168.5249667 
944.0000000 168.3288705 168.3285482 
945.0000000 168.1324519 168.1321296 
946.0000000 167.9360334 167.9357111 
947.0000000 167.7396148 167.7392925 
948.0000000 167.5431962 167.5428740 
949.0000000 167.3467777 167.3464554 
950.0000000 167.1503591 167.1500369 
951.0000000 166.9539406 166.9536183 
952.0000000 166.7575220 166.7571998 
953.0000000 166.5611035 166.5607812 
954.0000000 166.3646849 166.3643627 
955.0000000 166.1682664 166.1679441 
956.0000000 165.9718478 165.9715256 
957.0000000 165.7754293 165.7751070 
958.0000000 165.5790107 165.5786885 
959.0000000 165.3825922 165.3822699 
960.0000000 165.1861736 165.1858514 
961.0000000 164.9897551 164.9894328 
962.0000000 164.7933365 164.7930143 
963.0000000 164.5969180 164.5965957 
964.0000000 164.4004994 164.4001772 
965.0000000 164.2040809 164.2037586 
966.0000000 164.0076623 164.0073401 
967.0000000 163.8112438 163.8109215 
968.0000000 163.6148252 163.6145030 
969.0000000 163.4184067 163.4180844 
970.0000000 163.2219881 163.2216659 
971.0000000 163.0255696 163.0252473 
972.0000000 162.8291510 162.8288288 
973.0000000 162.6327325 162.6324102 
974.0000000 162.4363139 162.4359917 
975.0000000 162.2398954 162.2395731 
976.0000000 162.0434768 162.0431545 
977.0000000 161.8470583 161.8467360 
978.0000000 161.6506397 161.6503174 
979.0000000 161.4542212 161.4538989 
980.0000000 161.2578026 161.2574803 
981.0000000 161.0613841 161.0610618 
982.0000000 160.8649655 160.8646432 
983.0000000 160.6685470 160.6682247 
984.0000000 160.4721284 160.4718061 
985.0000000 160.2757099 160.2753876 
986.0000000 160.0792913 160.0789690 
987.0000000 159.8828728 159.8825505 
988.0000000 159.6864542 159.6861319 
989.0000000 159.4900357 159.4897134 
990.0000000 159.2936171 159.2932948 
991.0000000 159.0971986 159.0968763 
992.0000000 158.9007800 158.9004577 
993.0000000 158.7043615 158.7040392 
994.0000000 158.5079429 158.5076206 
995.0000000 158.3115244 158.3112021 
996.0000000 158.1151058 158.1147835 
997.0000000 157.9186873 157.9183650 
998.0000000 157.7222687 157.7219464 
999.0000000 157.5258502 157.5255279 
1000.0000000 157.3294316 157.3291093 
1001.0000000 157.1330131 157.1326908 
1002.0000000 156.9365945 156.9362722 
1003.0000000 156.7401760 156.7398537 
1004.0000000 156.5437574 156.5434351 
1005.0000000 156.3473389 156.3470166 
1006.0000000 156.1509203 156.1505980 
1007.0000000 155.9545018 155.9541795 
1008.0000000 155.7580832 155.7577609 
1009.0000000 155.5616647 155.5613424 
1010.0000000 155.3652461 155.3649238 
1011.0000000 155.1688276 155.1685053 
1012.0000000 154.9724090 154.9720867 
1013.0000000 154.7759905 154.7756682 
1014.0000000 154.5795719 154.5792496 
1015.0000000 154.3831534 154.3828311 
1016.0000000 154.1867348 154.1864125 
1017.0000000 153.9903163 153.9899940 
1018.0000000 153.7938977 153.7935754 
1019.0000000 153.5974792 153.5971569 
1020.0000000 153.4010606 153.4007383 
1021.0000000 153.2046421 153.2043198 
1022.0000000 153.0082235 153.0079012 
1023.0000000 152.8118050 152.8114827 
1024.0000000 152.6153864 152.6150641 
1025.0000000 152.4189679 152.4186456 
1026.0000000 152.2225493 152.2222270 
1027.0000000 152.0261308 152.0258085 
1028.0000000 151.8297122 151.8293899 
1029.0000000 151.6332937 151.6329714 
1030.0000000 151.4368751 151.4365528 
1031.0000000 151.2404566 151.2401343 
1032.0000000 151.0440380 151.0437157 
1033.0000000 150.8476195 150.8472972 
1034.0000000 150.6512009 150.6508786 
1035.0000000 150.4547824 150.4544601 
1036.0000000 150.2583638 150.2580415 
1037.0000000 150.0619453 150.0616230 
1038.0000000 149.8655267 149.8652044 
1039.0000000 149.6691082 149.6687859 
1040.0000000 149.4726896 149.4723673 
1041.0000000 149.2762711 149.2759488 
1042.0000000 149.0798525 149.0795302 
1043.0000000 148.8834340 148.8831117 
1044.0000000 148.6870154 148.6866931 
1045.0000000 148.4905969 148.4902746 
1046.0000000 148.2941783 148.2938560 
1047.0000000 148.0977598 148.0974375 
1048.0000000 147.9013412 147.9010189 
1049.0000000 147.7049227 147.7046004 
1050.0000000 147.5085041 147.5081818 
1051.0000000 147.3120856 147.3117633 
1052.0000000 147.1156670 147.1153447 
1053.0000000 146.9192485 146.9189262 
1054.0000000 146.7228299 146.7225076 
1055.0000000 146.5264114 146.5260891 
1056.0000000 146.3299928 146.3296705 
1057.0000000 146.1335743 146.1332520 
1058.0000000 145.9371557 145.9368334 
1059.0000000 145.7407372 145.7404149 
1060.0000000 145.5443186 145.5439963 
1061.0000000 145.3479001 145.3475778 
1062.0000000 145.1514815 145.1511592 
1063.0000000 144.9550630 144.9547407 
1064.0000000 144.7586444 144.7583221 
1065.0000000 144.5622259 144.5619036 
1066.0000000 144.3658073 144.3654850 
1067.0000000 144.1693888 144.1690665 
1068.0000000 143.9729702 143.9726479 
1069.0000000 143.7765517 143.7762294 
1070.0000000 143.5801331 143.5798108 
1071.0000000 143.3837146 143.3833923 
1072.0000000 143.1872960 143.1869737 
1073.0000000 142.9908775 142.9905552 
1074.0000000 142.7944589 142.7941366 
1075.0000000 142.5980404 142.5977181 
1076.0000000 142.4016218 142.4012995 
1077.0000000 142.2052033 142.2048810 
1078.0000000 142.0087847 142.0084624 
1079.0000000 141.8123662 141.8120439 
1080.0000000 141.6159476 141.6156253 
1081.0000000 141.4195291 141.4192068 
1082.0000000 141.2231105 141.2227882 
1083.0000000 141.0266920 141.0263697 
1084.0000000 140.8302734 140.8299511 
1085.0000000 140.6338549 140.6335326 
1086.0000000 140.4374363 140.4371140 
1087.0000000 140.2410178 140.2406955 
1088.0000000 140.0445992 140.0442769 
1089.0000000 139.8481807 139.8478584 
1090.0000000 139.6517621 139.6514398 
1091.0000000 139.4553436 139.4550213 
1092.0000000 139.2589250 139.2586027 
1093.0000000 139.0625065 139.0621842 
1094.0000000 138.8660879 138.8657656 
1095.0000000 138.6696694 138.6693471 
1096.0000000 138.4732508 138.4729285 
1097.0000000 138.2768323 138.2765100 
1098.0000000 138.0804137 138.0800914 
1099.0000000 137.8839951 137.8836729 
1100.0000000 137.6875766 137.6872543 
1101.0000000 137.4911580 137.4908358 
1102.0000000 137.2947395 137.2944172 
1103.0000000 137.0983209 137.0979987 
1104.0000000 136.9019024 136.9015801 
1105.0000000 136.7054838 136.7051616 
1106.0000000 136.5090653 136.5087430 
1107.0000000 136.3126467 136.3123245 
1108.0000000 136.1162282 136.1159059 
1109.0000000 135.9198096 135.9194874 
1110.0000000 135.7233911 135.7230688 
1111.0000000 135.5269725 135.5266503 
1112.0000000 135.3305540 135.3302317 
1113.0000000 135.1341354 135.1338132 
1114.0000000 134.9377169 134.9373946 
1115.0000000 134.7412983 134.7409761 
1116.0000000 134.5448798 134.5445575 
1117.0000000 134.3484612 134.3481390 
1118.0000000 134.1520427 134.1517204 
1119.0000000 133.9556241 133.9553019 
1120.0000000 133.7592056 133.7588833 
1121.0000000 133.5627870 133.5624648 
1122.0000000 133.3663685 133.3660462 
1123.0000000 133.1699499 133.1696277 
1124.0000000 132.9735314 132.9732091 
1125.0000000 132.7771128 132.7767906 
1126.0000000 132.5806943 132.5803720 
1127.0000000 132.3842757 132.3839534 
1128.0000000 132.1878572 132.1875349 
1129.0000000 131.9914386 131.9911163 
1130.0000000 131.7950201 131.7946978 
1131.0000000 131.5986015 131.5982792 
1132.0000000 131.4021830 131.4018607 
1133.0000000 131.2057644 131.2054421 
1134.0000000 131.0093459 131.0090236 
1135.0000000 130.8129273 130.8126050 
1136.0000000 130.6165088 130.6161865 
1137.0000000 130.4200902 130.4197679 
1138.0000000 130.2236717 130.2233494 
1139.0000000 130.0272531 130.0269308 
1140.0000000 129.8308346 129.8305123 
1141.0000000 129.6344160 129.6340937 
1142.0000000 129.4379975 129.4376752 
1143.0000000 129.2415789 129.2412566 
1144.0000000 129.0451604 129.0448381 
1145.0000000 128.8487418 128.8484195 
1146.0000000 128.6523233 128.6520010 
1147.0000000 128.4559047 128.4555824 
1148.0000000 128.2594862 128.2591639 
1149.0000000 128.0630676 128.0627453 
1150.0000000 127.8666491 127.8663268 
1151.0000000 127.6702305 127.6699082 
1152.0000000 127.4738120 127.4734897 
1153.0000000 127.2773934 127.2770711 
1154.0000000 127.0809749 127.0806526 
1155.0000000 126.8845563 126.8842340 
1156.0000000 126.6881378 126.6878155 
1157.0000000 126.4917192 126.4913969 
1158.0000000 126.2953007 126.2949784 
1159.0000000 126.0988821 126.0985598 
1160.0000000 125.9024636 125.9021413 
1161.0000000 125.7060450 125.7057227 
1162.0000000 125.5096265 125.5093042 
1163.0000000 125.3132079 125.3128856 
1164.0000000 125.1167894 125.1164671 
1165.0000000 124.9203708 124.9200485 
1166.0000000 124.7239523 124.7236300 
1167.0000000 124.5275337 124.5272114 
1168.0000000 124.3311152 124.3307929 
1169.0000000 124.1346966 124.1343743 
1170.0000000 123.9382781 123.9379558 
1171.0000000 123.7418595 123.7415372 
1172.0000000 123.5454410 123.5451187 
1173.0000000 123.3490224 123.3487001 
1174.0000000 123.1526039 123.1522816 
1175.0000000 122.9561853 122.9558630 
1176.0000000 122.7597668 122.7594445 
1177.0000000 122.5633482 122.5630259 
1178.0000000 122.3669297 122.3666074 
1179.0000000 122.1705111 122.1701888 
1180.0000000 121.9740926 121.9737703 
1181.0000000 121.7776740 121.7773517 
1182.0000000 121.5812555 121.5809332 
1183.0000000 121.3848369 121.3845146 
1184.0000000 121.1884184 121.1880961 
1185.0000000 120.9919998 120.9916775 
1186.0000000 120.7955813 120.7952590 
1187.0000000 120.5991627 120.5988404 
1188.0000000 120.4027442 120.4024219 
1189.0000000 120.2063256 120.2060033 
1190.0000000 120.0099071 120.0095848 
1191.0000000 119.8134885 119.8131662 
1192.0000000 119.6170700 119.6167477 
1193.0000000 119.4206514 119.4203291 
1194.0000000 119.2242329 119.2239106 
1195.0000000 119.0278143 119.0274920 
1196.0000000 118.8313958 118.8310735 
1197.0000000 118.6349772 118.6346549 
1198.0000000 118.4385587 118.4382364 
1199.0000000 118.2421401 118.2418178 
1200.0000000 118.0457216 118.0453993 
1201.0000000 117.8493030 117.8489807 
1202.0000000 117.6528845 117.6525622 
1203.0000000 117.4564659 117.4561436 
1204.0000000 117.2600474 117.2597251 
1205.0000000 117.0636288 117.0633065 
1206.0000000 116.8672103 116.8668880 
1207.0000000 116.6707917 116.6704694 
1208.0000000 116.4743732 116.4740509 
1209.0000000 116.2779546 116.2776323 
1210.0000000 116.0815361 116.0812138 
1211.0000000 115.8851175 115.8847952 
1212.0000000 115.6886990 115.6883767 
1213.0000000 115.4922804 115.4919581 
1214.0000000 115.2958619 115.2955396 
1215.0000000 115.0994433 115.0991210 
1216.0000000 114.9030248 114.9027025 
1217.0000000 114.7066062 114.7062839 
1218.0000000 114.5101877 114.5098654 
1219.0000000 114.3137691 114.3134468 
1220.0000000 114.1173506 114.1170283 
1221.0000000 113.9209320 113.9206097 
1222.0000000 113.7245135 113.7241912 
1223.0000000 113.5280949 113.5277726 
1224.0000000 113.3316764 113.3313541 
1225.0000000 113.1352578 113.1349355 
1226.0000000 112.9388393 112.9385170 
1227.0000000 112.7424207 112.7420984 
1228.0000000 112.5460022 112.5456799 
1229.0000000 112.3495836 112.3492613 
1230.0000000 112.1531651 112.1528428 
1231.0000000 111.9567465 111.9564242 
1232.0000000 111.7603280 111.7600057 
1233.0000000 111.5639094 111.5635871 
1234.0000000 111.3674909 111.3671686 
1235.0000000 111.1710723 111.1707500 
1236.0000000 110.9746538 110.9743315 
1237.0000000 110.7782352 110.7779129 
1238.0000000 110.5818167 110.5814944 
1239.0000000 110.3853981 110.3850758 
1240.0000000 110.1889796 110.1886573 
1241.0000000 109.9925610 109.9922387 
1242.0000000 109.7961425 109.7958202 
1243.0000000 109.5997239 109.5994016 
1244.0000000 109.4033054 109.4029831 
1245.0000000 109.2068868 109.2065645 
1246.0000000 109.0104683 109.0101460 
1247.0000000 108.8140497 108.8137274 
1248.0000000 108.6176312 108.6173089 
1249.0000000 108.4212126 108.4208903 
1250.0000000 108.2247941 108.2244718 
1251.0000000 108.0283755 108.0280532 
1252.0000000 107.8319569 107.8316347 
1253.0000000 107.6355384 107.6352161 
1254.0000000 107.4391198 107.4387976 
1255.0000000 107.2427013 107.2423790 
1256.0000000 107.0462827 107.0459605 
1257.0000000 106.8498642 106.8495419 
1258.0000000 106.6534456 106.6531234 
1259.0000000 106.4570271 106.4567048 
1260.0000000 106.2606085 106.2602863 
1261.0000000 106.0641900 106.0638677 
1262.0000000 105.8677714 105.8674492 
1263.0000000 105.6713529 105.6710306 
1264.0000000 105.4749343 105.4746121 
1265.0000000 105.2785158 105.2781935 
1266.0000000 105.0820972 105.0817750 
1267.0000000 104.8856787 104.8853564 
1268.0000000 104.6892601 104.6889379 
1269.0000000 104.4928416 104.4925193 
1270.0000000 104.2964230 104.2961008 
1271.0000000 104.1000045 104.0996822 
1272.0000000 103.9035859 103.9032637 
1273.0000000 103.7071674 103.7068451 
1274.0000000 103.5107488 103.5104266 
1275.0000000 103.3143303 103.3140080 
1276.0000000 103.1179117 103.1175895 
1277.0000000 102.9214932 102.9211709 
1278.0000000 102.7250746 102.7247524 
1279.0000000 102.5286561 102.5283338 
1280.0000000 102.3322375 102.3319152 
1281.0000000 102.1358190 102.1354967 
1282.0000000 101.9394004 101.9390781 
1283.0000000 101.7429819 101.7426596 
1284.0000000 101.5465633 101.5462410 
1285.0000000 101.3501448 101.3498225 
1286.0000000 101.1537262 101.1534039 
1287.0000000 100.9573077 100.9569854 
1288.0000000 100.7608891 100.7605668 
1289.0000000 100.5644706 100.5641483 
1290.0000000 100.3680520 100.3677297 
1291.0000000 100.1716335 100.1713112 
1292.0000000 99.9752149 99.9748926 
1293.0000000 99.7787964 99.7784741 
1294.0000000 99.5823778 99.5820555 
1295.0000000 99.3859593 99.3856370 
1296.0000000 99.1895407 99.1892184 
1297.0000000 98.9931222 98.9927999 
1298.0000000 98.7967036 98.7963813 
1299.0000000 98.6002851 98.5999628 
1300.0000000 98.4038665 98.4035442 
1301.0000000 98.2074480 98.2071257 
1302.0000000 98.0110294 98.0107071 
1303.0000000 97.8146109 97.8142886 
1304.0000000 97.6181923 97.6178700 
1305.0000000 97.4217738 97.4214515 
1306.0000000 97.2253552 97.2250329 
1307.0000000 97.0289367 97.0286144 
1308.0000000 96.8325181 96.8321958 
1309.0000000 96.6360996 96.6357773 
1310.0000000 96.4396810 96.4393587 
1311.0000000 96.2432625 96.2429402 
1312.0000000 96.0468439 96.0465216 
1313.0000000 95.8504254 95.8501031 
1314.0000000 95.6540068 95.6536845 
1315.0000000 95.4575883 95.4572660 
1316.0000000 95.2611697 95.2608474 
1317.0000000 95.0647512 95.0644289 
1318.0000000 94.8683326 94.8680103 
1319.0000000 94.6719141 94.6715918 
1320.0000000 94.4754955 94.4751732 
1321.0000000 94.2790770 94.2787547 
1322.0000000 94.0826584 94.0823361 
1323.0000000 93.8862399 93.8859176 
1324.0000000 93.6898213 93.6894990 
1325.0000000 93.4934028 93.4930805 
1326.0000000 93.2969842 93.2966619 
1327.0000000 93.1005657 93.1002434 
1328.0000000 92.9041471 92.9038248 
1329.0000000 92.7077286 92.7074063 
1330.0000000 92.5113100 92.5109877 
1331.0000000 92.3148915 92.3145692 
1332.0000000 92.1184729 92.1181506 
1333.0000000 91.9220544 91.9217321 
1334.0000000 91.7256358 91.7253135 
1335.0000000 91.5292173 91.5288950 
1336.0000000 91.3327987 91.3324764 
1337.0000000 91.1363802 91.1360579 
1338.0000000 90.9399616 90.9396393 
1339.0000000 90.7435431 90.7432208 
1340.0000000 90.5471245 90.5468022 
1341.0000000 90.3507060 90.3503837 
1342.0000000 90.1542874 90.1539651 
1343.0000000 89.9578689 89.9575466 
1344.0000000 89.7614503 89.7611280 
1345.0000000 89.5650318 89.5647095 
1346.0000000 89.3686132 89.3682909 
1347.0000000 89.1721947 89.1718724 
1348.0000000 88.9757761 88.9754538 
1349.0000000 88.7793576 88.7790353 
1350.0000000 88.5829390 88.5826167 
1351.0000000 88.3865205 88.3861982 
1352.0000000 88.1901019 88.1897796 
1353.0000000 87.9936834 87.9933611 
1354.0000000 87.7972648 87.7969425 
1355.0000000 87.6008463 87.6005240 
1356.0000000 87.4044277 87.4041054 
1357.0000000 87.2080092 87.2076869 
1358.0000000 87.0115906 87.0112683 
1359.0000000 86.8151721 86.8148498 
1360.0000000 86.6187535 86.6184312 
1361.0000000 86.4223350 86.4220127 
1362.0000000 86.2259164 86.2255941 
1363.0000000 86.0294979 86.0291756 
1364.0000000 85.8330793 85.8327570 
1365.0000000 85.6366608 85.6363385 
1366.0000000 85.4402422 85.4399199 
1367.0000000 85.2438237 85.2435014 
1368.0000000 85.0474051 85.0470828 
1369.0000000 84.8509866 84.8506643 
1370.0000000 84.6545680 84.6542457 
1371.0000000 84.4581495 84.4578272 
1372.0000000 84.2617309 84.2614086 
1373.0000000 84.0653124 84.0649901 
1374.0000000 83.8688938 83.8685715 
1375.0000000 83.6724753 83.6721530 
1376.0000000 83.4760567 83.4757344 
1377.0000000 83.2796382 83.2793159 
1378.0000000 83.0832196 83.0828973 
1379.0000000 82.8868011 82.8864788 
1380.0000000 82.6903825 82.6900602 
1381.0000000 82.4939640 82.4936417 
1382.0000000 82.2975454 82.2972231 
1383.0000000 82.1011269 82.1008046 
1384.0000000 81.9047083 81.9043860 
1385.0000000 81.7082898 81.7079675 
1386.0000000 81.5118712 81.5115489 
1387.0000000 81.3154527 81.3151304 
1388.0000000 81.1190341 81.1187118 
1389.0000000 80.9226156 80.9222933 
1390.0000000 80.7261970 80.7258747 
1391.0000000 80.5297785 80.5294562 
1392.0000000 80.3333599 80.3330376 
1393.0000000 80.1369414 80.1366191 
1394.0000000 79.9405228 79.9402005 
1395.0000000 79.7441043 79.7437820 
1396.0000000 79.5476857 79.5473634 
1397.0000000 79.3512672 79.3509449 
1398.0000000 79.1548486 79.1545263 
1399.0000000 78.9584301 78.9581078 
1400.0000000 78.7620115 78.7616892 
1401.0000000 78.5655930 78.5652707 
1402.0000000 78.3691744 78.3688521 
1403.0000000 78.1727558 78.1724336 
1404.0000000 77.9763373 77.9760150 
1405.0000000 77.7799187 77.7795965 
1406.0000000 77.5835002 77.5831779 
1407.0000000 77.3870816 77.3867594 
1408.0000000 77.1906631 77.1903408 
1409.0000000 76.9942445 76.9939223 
1410.0000000 76.7978260 76.7975037 
1411.0000000 76.6014074 76.6010852 
1412.0000000 76.4049889 76.4046666 
1413.0000000 76.2085703 76.2082481 
1414.0000000 76.0121518 76.0118295 
1415.0000000 75.8157332 75.8154110 
1416.0000000 75.6193147 75.6189924 
1417.0000000 75.4228961 75.4225739 
1418.0000000 75.2264776 75.2261553 
1419.0000000 75.0300590 75.0297368 
1420.0000000 74.8336405 74.8333182 
1421.0000000 74.6372219 74.6368997 
1422.0000000 74.4408034 74.4404811 
1423.0000000 74.2443848 74.2440626 
1424.0000000 74.0479663 74.0476440 
1425.0000000 73.8515477 73.8512255 
1426.0000000 73.6551292 73.6548069 
1427.0000000 73.4587106 73.4583884 
1428.0000000 73.2622921 73.2619698 
1429.0000000 73.0658735 73.0655513 
1430.0000000 72.8694550 72.8691327 
1431.0000000 72.6730364 72.6727141 
1432.0000000 72.4766179 72.4762956 
1433.0000000 72.2801993 72.2798770 
1434.0000000 72.0837808 72.0834585 
1435.0000000 71.8873622 71.8870399 
1436.0000000 71.6909437 71.6906214 
1437.0000000 71.4945251 71.4942028 
1438.0000000 71.2981066 71.2977843 
1439.0000000 71.1016880 71.1013657 
1440.0000000 70.9052695 70.9049472 
1441.0000000 70.7088509 70.7085286 
1442.0000000 70.5124324 70.5121101 
1443.0000000 70.3160138 70.3156915 
1444.0000000 70.1195953 70.1192730 
1445.0000000 69.9231767 69.9228544 
1446.0000000 69.7267582 69.7264359 
1447.0000000 69.5303396 69.5300173 
1448.0000000 69.3339211 69.3335988 
1449.0000000 69.1375025 69.1371802 
1450.0000000 68.9410840 68.9407617 
1451.0000000 68.7446654 68.7443431 
1452.0000000 68.5482469 68.5479246 
1453.0000000 68.3518283 68.3515060 
1454.0000000 68.1554098 68.1550875 
1455.0000000 67.9589912 67.9586689 
1456.0000000 67.7625727 67.7622504 
1457.0000000 67.5661541 67.5658318 
1458.0000000 67.3697356 67.3694133 
1459.0000000 67.1733170 67.1729947 
1460.0000000 66.9768985 66.9765762 
1461.0000000 66.7804799 66.7801576 
1462.0000000 66.5840614 66.5837391 
1463.0000000 66.3876428 66.3873205 
1464.0000000 66.1912243 66.1909020 
1465.0000000 65.9948057 65.9944834 
1466.0000000 65.7983872 65.7980649 
1467.0000000 65.6019686 65.6016463 
1468.0000000 65.4055501 65.4052278 
1469.0000000 65.2091315 65.2088092 
1470.0000000 65.0127130 65.0123907 
1471.0000000 64.8162944 64.8159721 
1472.0000000 64.6198759 64.6195536 
1473.0000000 64.4234573 64.4231350 
1474.0000000 64.2270388 64.2267165 
1475.0000000 64.0306202 64.0302979 
1476.0000000 63.8342017 63.8338794 
1477.0000000 63.6377831 63.6374608 
1478.0000000 63.4413646 63.4410423 
1479.0000000 63.2449460 63.2446237 
1480.0000000 63.0485275 63.0482052 
1481.0000000 62.8521089 62.8517866 
1482.0000000 62.6556904 62.6553681 
1483.0000000 62.4592718 62.4589495 
1484.0000000 62.2628533 62.2625310 
1485.0000000 62.0664347 62.0661124 
1486.0000000 61.8700162 61.8696939 
1487.0000000 61.6735976 61.6732753 
1488.0000000 61.4771791 61.4768568 
1489.0000000 61.2807605 61.2804382 
1490.0000000 61.0843420 61.0840197 
1491.0000000 60.8879234 60.8876011 
1492.0000000 60.6915049 60.6911826 
1493.0000000 60.4950863 60.4947640 
1494.0000000 60.2986678 60.2983455 
1495.0000000 60.1022492 60.1019269 
1496.0000000 59.9058307 59.9055084 
1497.0000000 59.7094121 59.7090898 
1498.0000000 59.5129936 59.5126713 
1499.0000000 59.3165750 59.3162527 
1500.0000000 59.1201565 59.1198342 
1501.0000000 58.9237379 58.9234156 
1502.0000000 58.7273194 58.7269971 
1503.0000000 58.5309008 58.5305785 
1504.0000000 58.3344823 58.3341600 
1505.0000000 58.1380637 58.1377414 
1506.0000000 57.9416452 57.9413229 
1507.0000000 57.7452266 57.7449043 
1508.0000000 57.5488081 57.5484858 
1509.0000000 57.3523895 57.3520672 
1510.0000000 57.1559710 57.1556487 
1511.0000000 56.9595524 56.9592301 
1512.0000000 56.7631339 56.7628116 
1513.0000000 56.5667153 56.5663930 
1514.0000000 56.3702968 56.3699745 
1515.0000000 56.1738782 56.1735559 
1516.0000000 55.9774597 55.9771374 
1517.0000000 55.7810411 55.7807188 
1518.0000000 55.5846226 55.5843003 
1519.0000000 55.3882040 55.3878817 
1520.0000000 55.1917855 55.1914632 
1521.0000000 54.9953669 54.9950446 
1522.0000000 54.7989484 54.7986261 
1523.0000000 54.6025298 54.6022075 
1524.0000000 54.4061113 54.4057890 
1525.0000000 54.2096927 54.2093704 
1526.0000000 54.0132742 54.0129519 
1527.0000000 53.8168556 53.8165333 
1528.0000000 53.6204371 53.6201148 
1529.0000000 53.4240185 53.4236962 
1530.0000000 53.2276000 53.2272777 
1531.0000000 53.0311814 53.0308591 
1532.0000000 52.8347629 52.8344406 
1533.0000000 52.6383443 52.6380220 
1534.0000000 52.4419258 52.4416035 
1535.0000000 52.2455072 52.2451849 
1536.0000000 52.0490887 52.0487664 
1537.0000000 51.8526701 51.8523478 
1538.0000000 51.6562516 51.6559293 
1539.0000000 51.4598330 51.4595107 
1540.0000000 51.2634145 51.2630922 
1541.0000000 51.0669959 51.0666736 
1542.0000000 50.8705774 50.8702551 
1543.0000000 50.6741588 50.6738365 
1544.0000000 50.4777403 50.4774180 
1545.0000000 50.2813217 50.2809994 
1546.0000000 50.0849032 50.0845809 
1547.0000000 49.8884846 49.8881623 
1548.0000000 49.6920661 49.6917438 
1549.0000000 49.4956475 49.4953252 
1550.0000000 49.2992290 49.2989067 
1551.0000000 49.1028104 49.1024881 
1552.0000000 48.9063919 48.9060696 
1553.0000000 48.7099733 48.7096510 
1554.0000000 48.5135547 48.5132325 
1555.0000000 48.3171362 48.3168139 
1556.0000000 48.1207176 48.1203954 
1557.0000000 47.9242991 47.9239768 
1558.0000000 47.7278805 47.7275583 
1559.0000000 47.5314620 47.5311397 
1560.0000000 47.3350434 47.3347212 
1561.0000000 47.1386249 47.1383026 
1562.0000000 46.9422063 46.9418841 
1563.0000000 46.7457878 46.7454655 
1564.0000000 46.5493692 46.5490470 
1565.0000000 46.3529507 46.3526284 
1566.0000000 46.1565321 46.1562099 
1567.0000000 45.9601136 45.9597913 
1568.0000000 45.7636950 45.7633728 
1569.0000000 45.5672765 45.5669542 
1570.0000000 45.3708579 45.3705357 
1571.0000000 45.1744394 45.1741171 
1572.0000000 44.9780208 44.9776986 
1573.0000000 44.7816023 44.7812800 
1574.0000000 44.5851837 44.5848615 
1575.0000000 44.3887652 44.3884429 
1576.0000000 44.1923466 44.1920244 
1577.0000000 43.9959281 43.9956058 
1578.0000000 43.7995095 43.7991873 
1579.0000000 43.6030910 43.6027687 
1580.0000000 43.4066724 43.4063502 
1581.0000000 43.2102539 43.2099316 
1582.0000000 43.0138353 43.0135130 
1583.0000000 42.8174168 42.8170945 
1584.0000000 42.6209982 42.6206759 
1585.0000000 42.4245797 42.4242574 
1586.0000000 42.2281611 42.2278388 
1587.0000000 42.0317426 42.0314203 
1588.0000000 41.8353240 41.8350017 
1589.0000000 41.6389055 41.6385832 
1590.0000000 41.4424869 41.4421646 
1591.0000000 41.2460684 41.2457461 
1592.0000000 41.0496498 41.0493275 
1593.0000000 40.8532313 40.8529090 
1594.0000000 40.6568127 40.6564904 
1595.0000000 40.4603942 40.4600719 
1596.0000000 40.2639756 40.2636533 
1597.0000000 40.0675571 40.0672348 
1598.0000000 39.8711385 39.8708162 
1599.0000000 39.6747200 39.6743977 
1600.0000000 39.4783014 39.4779791 
1601.0000000 39.2818829 39.2815606 
1602.0000000 39.0854643 39.0851420 
1603.0000000 38.8890458 38.8887235 
1604.0000000 38.6926272 38.6923049 
1605.0000000 38.4962087 38.4958864 
1606.0000000 38.2997901 38.2994678 
1607.0000000 38.1033716 38.1030493 
1608.0000000 37.9069530 37.9066307 
1609.0000000 37.7105345 37.7102122 
1610.0000000 37.5141159 37.5137936 
1611.0000000 37.3176974 37.3173751 
1612.0000000 37.1212788 37.1209565 
1613.0000000 36.9248603 36.9245380 
1614.0000000 36.7284417 36.7281194 
1615.0000000 36.5320232 36.5317009 
1616.0000000 36.3356046 36.3352823 
1617.0000000 36.1391861 36.1388638 
1618.0000000 35.9427675 35.9424452 
1619.0000000 35.7463490 35.7460267 
1620.0000000 35.5499304 35.5496081 
1621.0000000 35.3535119 35.3531896 
1622.0000000 35.1570933 35.1567710 
1623.0000000 34.9606748 34.9603525 
1624.0000000 34.7642562 34.7639339 
1625.0000000 34.5678377 34.5675154 
1626.0000000 34.3714191 34.3710968 
1627.0000000 34.1750006 34.1746783 
1628.0000000 33.9785820 33.9782597 
1629.0000000 33.7821635 33.7818412 
1630.0000000 33.5857449 33.5854226 
1631.0000000 33.3893264 33.3890041 
1632.0000000 33.1929078 33.1925855 
1633.0000000 32.9964893 32.9961670 
1634.0000000 32.8000707 32.7997484 
1635.0000000 32.6036522 32.6033299 
1636.0000000 32.4072336 32.4069113 
1637.0000000 32.2108151 32.2104928 
1638.0000000 32.0143965 32.0140742 
1639.0000000 31.8179780 31.8176557 
1640.0000000 31.6215594 31.6212371 
1641.0000000 31.4251409 31.4248186 
1642.0000000 31.2287223 31.2284000 
1643.0000000 31.0323038 31.0319815 
1644.0000000 30.8358852 30.8355629 
1645.0000000 30.6394667 30.6391444 
1646.0000000 30.4430481 30.4427258 
1647.0000000 30.2466296 30.2463073 
1648.0000000 30.0502110 30.0498887 
1649.0000000 29.8537925 29.8534702 
1650.0000000 29.6573739 29.6570516 
1651.0000000 29.4609554 29.4606331 
1652.0000000 29.2645368 29.2642145 
1653.0000000 29.0681183 29.0677960 
1654.0000000 28.8716997 28.8713774 
1655.0000000 28.6752812 28.6749589 
1656.0000000 28.4788626 28.4785403 
1657.0000000 28.2824441 28.2821218 
1658.0000000 28.0860255 28.0857032 
1659.0000000 27.8896070 27.8892847 
1660.0000000 27.6931884 27.6928661 
1661.0000000 27.4967699 27.4964476 
1662.0000000 27.3003513 27.3000290 
1663.0000000 27.1039328 27.1036105 
1664.0000000 26.9075142 26.9071919 
1665.0000000 26.7110957 26.7107734 
1666.0000000 26.5146771 26.5143548 
1667.0000000 26.3182586 26.3179363 
1668.0000000 26.1218400 26.1215177 
1669.0000000 25.9254215 25.9250992 
1670.0000000 25.7290029 25.7286806 
1671.0000000 25.5325844 25.5322621 
1672.0000000 25.3361658 25.3358435 
1673.0000000 25.1397473 25.1394250 
1674.0000000 24.9433287 24.9430064 
1675.0000000 24.7469102 24.7465879 
1676.0000000 24.5504916 24.5501693 
1677.0000000 24.3540731 24.3537508 
1678.0000000 24.1576545 24.1573322 
1679.0000000 23.9612360 23.9609137 
1680.0000000 23.7648174 23.7644951 
1681.0000000 23.5683989 23.5680766 
1682.0000000 23.3719803 23.3716580 
1683.0000000 23.1755618 23.1752395 
1684.0000000 22.9791432 22.9788209 
1685.0000000 22.7827247 22.7824024 
1686.0000000 22.5863061 22.5859838 
1687.0000000 22.3898876 22.3895653 
1688.0000000 22.1934690 22.1931467 
1689.0000000 21.9970505 21.9967282 
1690.0000000 21.8006319 21.8003096 
1691.0000000 21.6042134 21.6038911 
1692.0000000 21.4077948 21.4074725 
1693.0000000 21.2113763 21.2110540 
1694.0000000 21.0149577 21.0146354 
1695.0000000 20.8185392 20.8182169 
1696.0000000 20.6221206 20.6217983 
1697.0000000 20.4257021 20.4253798 
1698.0000000 20.2292835 20.2289612 
1699.0000000 20.0328650 20.0325427 
1700.0000000 19.8364464 19.8361241 
1701.0000000 19.6400279 19.6397056 
1702.0000000 19.4436093 19.4432870 
1703.0000000 19.2471908 19.2468685 
1704.0000000 19.0507722 19.0504499 
1705.0000000 18.8543537 18.8540314 
1706.0000000 18.6579351 18.6576128 
1707.0000000 18.4615165 18.4611943 
1708.0000000 18.2650980 18.2647757 
1709.0000000 18.0686794 18.0683572 
1710.0000000 17.8722609 17.8719386 
1711.0000000 17.6758423 17.6755201 
1712.0000000 17.4794238 17.4791015 
1713.0000000 17.2830052 17.2826830 
1714.0000000 17.0865867 17.0862644 
1715.0000000 16.8901681 16.8898459 
1716.0000000 16.6937496 16.6934273 
1717.0000000 16.4973310 16.4970088 
1718.0000000 16.3009125 16.3005902 
1719.0000000 16.1044939 16.1041717 
1720.0000000 15.9080754 15.9077531 
1721.0000000 15.7116568 15.7113346 
1722.0000000 15.5152383 15.5149160 
1723.0000000 15.3188197 15.3184975 
1724.0000000 15.1224012 15.1220789 
1725.0000000 14.9259826 14.9256604 
1726.0000000 14.7295641 14.7292418 
1727.0000000 14.5331455 14.5328233 
1728.0000000 14.3367270 14.3364047 
1729.0000000 14.1403084 14.1399862 
1730.0000000 13.9438899 13.9435676 
1731.0000000 13.7474713 13.7471491 
1732.0000000 13.5510528 13.5507305 
1733.0000000 13.3546342 13.3543120 
1734.0000000 13.1582157 13.1578934 
1735.0000000 12.9617971 12.9614748 
1736.0000000 12.7653786 12.7650563 
1737.0000000 12.5689600 12.5686377 
1738.0000000 12.3725415 12.3722192 
1739.0000000 12.1761229 12.1758006 
1740.0000000 11.9797044 11.9793821 
1741.0000000 11.7832858 11.7829635 
1742.0000000 11.5868673 11.5865450 
1743.0000000 11.3904487 11.3901264 
1744.0000000 11.1940302 11.1937079 
1745.0000000 10.9976116 10.9972893 
1746.0000000 10.8011931 10.8008708 
1747.0000000 10.6047745 10.6044522 
1748.0000000 10.4083560 10.4080337 
1749.0000000 10.2119374 10.2116151 
1750.0000000 10.0155189 10.0151966 
1751.0000000 9.8191003 9.8187780 
1752.0000000 9.6226818 9.6223595 
1753.0000000 9.4262632 9.4259409 
1754.0000000 9.2298447 9.2295224 
1755.0000000 9.0334261 9.0331038 
1756.0000000 8.8370076 8.8366853 
1757.0000000 8.6405890 8.6402667 
1758.0000000 8.4441705 8.4438482 
1759.0000000 8.2477519 8.2474296 
1760.0000000 8.0513334 8.0510111 
1761.0000000 7.8549148 7.8545925 
1762.0000000 7.6584963 7.6581740 
1763.0000000 7.4620777 7.4617554 
1764.0000000 7.2656592 7.2653369 
1765.0000000 7.0692406 7.0689183 
1766.0000000 6.8728221 6.8724998 
1767.0000000 6.6764035 6.6760812 
1768.0000000 6.4799850 6.4796627 
1769.0000000 6.2835664 6.2832441 
1770.0000000 6.0871479 6.0868256 
1771.0000000 5.8907293 5.8904070 
1772.0000000 5.6943108 5.6939885 
1773.0000000 5.4978922 5.4975699 
1774.0000000 5.3014737 5.3011514 
1775.0000000 5.1050551 5.1047328 
1776.0000000 4.9086366 4.9083143 
1777.0000000 4.7122180 4.7118957 
1778.0000000 4.5157995 4.5154772 
1779.0000000 4.3193809 4.3190586 
1780.0000000 4.1229624 4.1226401 
1781.0000000 3.9265438 3.9262215 
1782.0000000 3.7301253 3.7298030 
1783.0000000 3.5337067 3.5333844 
1784.0000000 3.3372882 3.3369659 
1785.0000000 3.1408696 3.1405473 
1786.0000000 2.9444511 2.9441288 
1787.0000000 2.7480325 2.7477102 
1788.0000000 2.5516140 2.5512917 
1789.0000000 2.3551954 2.3548731 
1790.0000000 2.1587769 2.1584546 
1791.0000000 1.9623583 1.9620360 
1792.0000000 1.7659398 1.7656175 
1793.0000000 1.5695212 1.5691989 
1794.0000000 1.3731027 1.3727804 
1795.0000000 1.1766841 1.1763618 
1796.0000000 0.9802656 0.9799433 
1797.0000000 0.7838470 0.7835247 
1798.0000000 0.5874285 0.5871062 
1799.0000000 0.3910099 0.3906876 
1800.0000000 0.1945914 0.1942691 

