1.0000000 353.5209345 353.6334014 
2.0000000 353.3245159 353.4369828 
3.0000000 353.1280974 353.2405643 
4.0000000 352.9316788 353.0441457 
5.0000000 352.7352603 352.8477272 
6.0000000 352.5388417 352.6513086 
7.0000000 352.3424232 352.4548901 
8.0000000 352.1460046 352.2584715 
9.0000000 351.9495861 352.0620530 
10.0000000 351.7531675 351.8656344 
11.0000000 351.5567490 351.6692159 
12.0000000 351.3603304 351.4727973 
13.0000000 351.1639119 351.2763788 
14.0000000 350.9674933 351.0799602 
15.0000000 350.7710748 350.8835417 
16.0000000 350.5746562 350.6871231 
17.0000000 350.3782377 350.4907046 
18.0000000 350.1818191 350.2942860 
19.0000000 349.9854006 350.0978675 
20.0000000 349.7889820 349.9014489 
21.0000000 349.5925635 349.7050304 
22.0000000 349.3961449 349.5086118 
23.0000000 349.1997264 349.3121933 
24.0000000 349.0033078 349.1157747 
25.0000000 348.8068893 348.9193562 
26.0000000 348.6104707 348.7229376 
27.0000000 348.4140522 348.5265191 
28.0000000 348.2176336 348.3301005 
29.0000000 348.0212151 348.1336820 
30.0000000 347.8247965 347.9372634 
31.0000000 347.6283780 347.7408449 
32.0000000 347.4319594 347.5444263 
33.0000000 347.2355409 347.3480078 
34.0000000 347.0391223 347.1515892 
35.0000000 346.8427038 346.9551707 
36.0000000 346.6462852 346.7587521 
37.0000000 346.4498667 346.5623336 
38.0000000 346.2534481 346.3659150 
39.0000000 346.0570296 346.1694965 
40.0000000 345.8606110 345.9730779 
41.0000000 345.6641925 345.7766593 
42.0000000 345.4677739 345.5802408 
43.0000000 345.2713554 345.3838222 
44.0000000 345.0749368 345.1874037 
45.0000000 344.8785183 344.9909851 
46.0000000 344.6820997 344.7945666 
47.0000000 344.4856812 344.5981480 
48.0000000 344.2892626 344.4017295 
49.0000000 344.0928441 344.2053109 
50.0000000 343.8964255 344.0088924 
51.0000000 343.7000070 343.8124738 
52.0000000 343.5035884 343.6160553 
53.0000000 343.3071699 343.4196367 
54.0000000 343.1107513 343.2232182 
55.0000000 342.9143328 343.0267996 
56.0000000 342.7179142 342.8303811 
57.0000000 342.5214957 342.6339625 
58.0000000 342.3250771 342.4375440 
59.0000000 342.1286586 342.2411254 
60.0000000 341.9322400 342.0447069 
61.0000000 341.7358215 341.8482883 
62.0000000 341.5394029 341.6518698 
63.0000000 341.3429844 341.4554512 
64.0000000 341.1465658 341.2590327 
65.0000000 340.9501473 341.0626141 
66.0000000 340.7537287 340.8661956 
67.0000000 340.5573102 340.6697770 
68.0000000 340.3608916 340.4733585 
69.0000000 340.1644731 340.2769399 
70.0000000 339.9680545 340.0805214 
71.0000000 339.7716360 339.8841028 
72.0000000 339.5752174 339.6876843 
73.0000000 339.3787989 339.4912657 
74.0000000 339.1823803 339.2948472 
75.0000000 338.9859618 339.0984286 
76.0000000 338.7895432 338.9020101 
77.0000000 338.5931247 338.7055915 
78.0000000 338.3967061 338.5091730 
79.0000000 338.2002875 338.3127544 
80.0000000 338.0038690 338.1163359 
81.0000000 337.8074504 337.9199173 
82.0000000 337.6110319 337.7234988 
83.0000000 337.4146133 337.5270802 
84.0000000 337.2181948 337.3306617 
85.0000000 337.0217762 337.1342431 
86.0000000 336.8253577 336.9378246 
87.0000000 336.6289391 336.7414060 
88.0000000 336.4325206 336.5449875 
89.0000000 336.2361020 336.3485689 
90.0000000 336.0396835 336.1521504 
91.0000000 335.8432649 335.9557318 
92.0000000 335.6468464 335.7593133 
93.0000000 335.4504278 335.5628947 
94.0000000 335.2540093 335.3664762 
95.0000000 335.0575907 335.1700576 
96.0000000 334.8611722 334.9736391 
97.0000000 334.6647536 334.7772205 
98.0000000 334.4683351 334.5808020 
99.0000000 334.2719165 334.3843834 
100.0000000 334.0754980 334.1879649 
101.0000000 333.8790794 333.9915463 
102.0000000 333.6826609 333.7951278 
103.0000000 333.4862423 333.5987092 
104.0000000 333.2898238 333.4022907 
105.0000000 333.0934052 333.2058721 
106.0000000 332.8969867 333.0094536 
107.0000000 332.7005681 332.8130350 
108.0000000 332.5041496 332.6166165 
109.0000000 332.3077310 332.4201979 
110.0000000 332.1113125 332.2237794 
111.0000000 331.9148939 332.0273608 
112.0000000 331.7184754 331.8309423 
113.0000000 331.5220568 331.6345237 
114.0000000 331.3256383 331.4381052 
115.0000000 331.1292197 331.2416866 
116.0000000 330.9328012 331.0452681 
117.0000000 330.7363826 330.8488495 
118.0000000 330.5399641 330.6524310 
119.0000000 330.3435455 330.4560124 
120.0000000 330.1471270 330.2595939 
121.0000000 329.9507084 330.0631753 
122.0000000 329.7542899 329.8667568 
123.0000000 329.5578713 329.6703382 
124.0000000 329.3614528 329.4739197 
125.0000000 329.1650342 329.2775011 
126.0000000 328.9686157 329.0810826 
127.0000000 328.7721971 328.8846640 
128.0000000 328.5757786 328.6882455 
129.0000000 328.3793600 328.4918269 
130.0000000 328.1829415 328.2954084 
131.0000000 327.9865229 328.0989898 
132.0000000 327.7901044 327.9025713 
133.0000000 327.5936858 327.7061527 
134.0000000 327.3972673 327.5097342 
135.0000000 327.2008487 327.3133156 
136.0000000 327.0044302 327.1168971 
137.0000000 326.8080116 326.9204785 
138.0000000 326.6115931 326.7240600 
139.0000000 326.4151745 326.5276414 
140.0000000 326.2187560 326.3312229 
141.0000000 326.0223374 326.1348043 
142.0000000 325.8259189 325.9383858 
143.0000000 325.6295003 325.7419672 
144.0000000 325.4330818 325.5455487 
145.0000000 325.2366632 325.3491301 
146.0000000 325.0402447 325.1527116 
147.0000000 324.8438261 324.9562930 
148.0000000 324.6474076 324.7598745 
149.0000000 324.4509890 324.5634559 
150.0000000 324.2545705 324.3670374 
151.0000000 324.0581519 324.1706188 
152.0000000 323.8617334 323.9742003 
153.0000000 323.6653148 323.7777817 
154.0000000 323.4688963 323.5813632 
155.0000000 323.2724777 323.3849446 
156.0000000 323.0760592 323.1885261 
157.0000000 322.8796406 322.9921075 
158.0000000 322.6832221 322.7956890 
159.0000000 322.4868035 322.5992704 
160.0000000 322.2903850 322.4028519 
161.0000000 322.0939664 322.2064333 
162.0000000 321.8975479 322.0100148 
163.0000000 321.7011293 321.8135962 
164.0000000 321.5047108 321.6171777 
165.0000000 321.3082922 321.4207591 
166.0000000 321.1118737 321.2243406 
167.0000000 320.9154551 321.0279220 
168.0000000 320.7190366 320.8315035 
169.0000000 320.5226180 320.6350849 
170.0000000 320.3261995 320.4386664 
171.0000000 320.1297809 320.2422478 
172.0000000 319.9333624 320.0458293 
173.0000000 319.7369438 319.8494107 
174.0000000 319.5405253 319.6529922 
175.0000000 319.3441067 319.4565736 
176.0000000 319.1476882 319.2601551 
177.0000000 318.9512696 319.0637365 
178.0000000 318.7548511 318.8673180 
179.0000000 318.5584325 318.6708994 
180.0000000 318.3620140 318.4744809 
181.0000000 318.1655954 318.2780623 
182.0000000 317.9691769 318.0816438 
183.0000000 317.7727583 317.8852252 
184.0000000 317.5763398 317.6888067 
185.0000000 317.3799212 317.4923881 
186.0000000 317.1835027 317.2959696 
187.0000000 316.9870841 317.0995510 
188.0000000 316.7906656 316.9031325 
189.0000000 316.5942470 316.7067139 
190.0000000 316.3978285 316.5102954 
191.0000000 316.2014099 316.3138768 
192.0000000 316.0049914 316.1174582 
193.0000000 315.8085728 315.9210397 
194.0000000 315.6121543 315.7246211 
195.0000000 315.4157357 315.5282026 
196.0000000 315.2193172 315.3317840 
197.0000000 315.0228986 315.1353655 
198.0000000 314.8264801 314.9389469 
199.0000000 314.6300615 314.7425284 
200.0000000 314.4336430 314.5461098 
201.0000000 314.2372244 314.3496913 
202.0000000 314.0408059 314.1532727 
203.0000000 313.8443873 313.9568542 
204.0000000 313.6479688 313.7604356 
205.0000000 313.4515502 313.5640171 
206.0000000 313.2551317 313.3675985 
207.0000000 313.0587131 313.1711800 
208.0000000 312.8622946 312.9747614 
209.0000000 312.6658760 312.7783429 
210.0000000 312.4694575 312.5819243 
211.0000000 312.2730389 312.3855058 
212.0000000 312.0766204 312.1890872 
213.0000000 311.8802018 311.9926687 
214.0000000 311.6837833 311.7962501 
215.0000000 311.4873647 311.5998316 
216.0000000 311.2909462 311.4034130 
217.0000000 311.0945276 311.2069945 
218.0000000 310.8981091 311.0105759 
219.0000000 310.7016905 310.8141574 
220.0000000 310.5052720 310.6177388 
221.0000000 310.3088534 310.4213203 
222.0000000 310.1124349 310.2249017 
223.0000000 309.9160163 310.0284832 
224.0000000 309.7195978 309.8320646 
225.0000000 309.5231792 309.6356461 
226.0000000 309.3267607 309.4392275 
227.0000000 309.1303421 309.2428090 
228.0000000 308.9339236 309.0463904 
229.0000000 308.7375050 308.8499719 
230.0000000 308.5410864 308.6535533 
231.0000000 308.3446679 308.4571348 
232.0000000 308.1482493 308.2607162 
233.0000000 307.9518308 308.0642977 
234.0000000 307.7554122 307.8678791 
235.0000000 307.5589937 307.6714606 
236.0000000 307.3625751 307.4750420 
237.0000000 307.1661566 307.2786235 
238.0000000 306.9697380 307.0822049 
239.0000000 306.7733195 306.8857864 
240.0000000 306.5769009 306.6893678 
241.0000000 306.3804824 306.4929493 
242.0000000 306.1840638 306.2965307 
243.0000000 305.9876453 306.1001122 
244.0000000 305.7912267 305.9036936 
245.0000000 305.5948082 305.7072751 
246.0000000 305.3983896 305.5108565 
247.0000000 305.2019711 305.3144380 
248.0000000 305.0055525 305.1180194 
249.0000000 304.8091340 304.9216009 
250.0000000 304.6127154 304.7251823 
251.0000000 304.4162969 304.5287638 
252.0000000 304.2198783 304.3323452 
253.0000000 304.0234598 304.1359267 
254.0000000 303.8270412 303.9395081 
255.0000000 303.6306227 303.7430896 
256.0000000 303.4342041 303.5466710 
257.0000000 303.2377856 303.3502525 
258.0000000 303.0413670 303.1538339 
259.0000000 302.8449485 302.9574154 
260.0000000 302.6485299 302.7609968 
261.0000000 302.4521114 302.5645783 
262.0000000 302.2556928 302.3681597 
263.0000000 302.0592743 302.1717412 
264.0000000 301.8628557 301.9753226 
265.0000000 301.6664372 301.7789041 
266.0000000 301.4700186 301.5824855 
267.0000000 301.2736001 301.3860670 
268.0000000 301.0771815 301.1896484 
269.0000000 300.8807630 300.9932299 
270.0000000 300.6843444 300.7968113 
271.0000000 300.4879259 300.6003928 
272.0000000 300.2915073 300.4039742 
273.0000000 300.0950888 300.2075557 
274.0000000 299.8986702 300.0111371 
275.0000000 299.7022517 299.8147186 
276.0000000 299.5058331 299.6183000 
277.0000000 299.3094146 299.4218815 
278.0000000 299.1129960 299.2254629 
279.0000000 298.9165775 299.0290444 
280.0000000 298.7201589 298.8326258 
281.0000000 298.5237404 298.6362073 
282.0000000 298.3273218 298.4397887 
283.0000000 298.1309033 298.2433702 
284.0000000 297.9344847 298.0469516 
285.0000000 297.7380662 297.8505331 
286.0000000 297.5416476 297.6541145 
287.0000000 297.3452291 297.4576960 
288.0000000 297.1488105 297.2612774 
289.0000000 296.9523920 297.0648589 
290.0000000 296.7559734 296.8684403 
291.0000000 296.5595549 296.6720218 
292.0000000 296.3631363 296.4756032 
293.0000000 296.1667178 296.2791847 
294.0000000 295.9702992 296.0827661 
295.0000000 295.7738807 295.8863476 
296.0000000 295.5774621 295.6899290 
297.0000000 295.3810436 295.4935105 
298.0000000 295.1846250 295.2970919 
299.0000000 294.9882065 295.1006734 
300.0000000 294.7917879 294.9042548 
301.0000000 294.5953694 294.7078363 
302.0000000 294.3989508 294.5114177 
303.0000000 294.2025323 294.3149992 
304.0000000 294.0061137 294.1185806 
305.0000000 293.8096952 293.9221621 
306.0000000 293.6132766 293.7257435 
307.0000000 293.4168581 293.5293250 
308.0000000 293.2204395 293.3329064 
309.0000000 293.0240210 293.1364879 
310.0000000 292.8276024 292.9400693 
311.0000000 292.6311839 292.7436508 
312.0000000 292.4347653 292.5472322 
313.0000000 292.2383468 292.3508137 
314.0000000 292.0419282 292.1543951 
315.0000000 291.8455097 291.9579766 
316.0000000 291.6490911 291.7615580 
317.0000000 291.4526726 291.5651395 
318.0000000 291.2562540 291.3687209 
319.0000000 291.0598355 291.1723024 
320.0000000 290.8634169 290.9758838 
321.0000000 290.6669984 290.7794653 
322.0000000 290.4705798 290.5830467 
323.0000000 290.2741613 290.3866282 
324.0000000 290.0777427 290.1902096 
325.0000000 289.8813242 289.9937911 
326.0000000 289.6849056 289.7973725 
327.0000000 289.4884871 289.6009540 
328.0000000 289.2920685 289.4045354 
329.0000000 289.0956500 289.2081169 
330.0000000 288.8992314 289.0116983 
331.0000000 288.7028129 288.8152798 
332.0000000 288.5063943 288.6188612 
333.0000000 288.3099758 288.4224427 
334.0000000 288.1135572 288.2260241 
335.0000000 287.9171387 288.0296056 
336.0000000 287.7207201 287.8331870 
337.0000000 287.5243016 287.6367685 
338.0000000 287.3278830 287.4403499 
339.0000000 287.1314645 287.2439314 
340.0000000 286.9350459 287.0475128 
341.0000000 286.7386274 286.8510943 
342.0000000 286.5422088 286.6546757 
343.0000000 286.3457903 286.4582571 
344.0000000 286.1493717 286.2618386 
345.0000000 285.9529532 286.0654200 
346.0000000 285.7565346 285.8690015 
347.0000000 285.5601161 285.6725829 
348.0000000 285.3636975 285.4761644 
349.0000000 285.1672790 285.2797458 
350.0000000 284.9708604 285.0833273 
351.0000000 284.7744419 284.8869087 
352.0000000 284.5780233 284.6904902 
353.0000000 284.3816048 284.4940716 
354.0000000 284.1851862 284.2976531 
355.0000000 283.9887677 284.1012345 
356.0000000 283.7923491 283.9048160 
357.0000000 283.5959306 283.7083974 
358.0000000 283.3995120 283.5119789 
359.0000000 283.2030935 283.3155603 
360.0000000 283.0066749 283.1191418 
361.0000000 282.8102564 282.9227232 
362.0000000 282.6138378 282.7263047 
363.0000000 282.4174193 282.5298861 
364.0000000 282.2210007 282.3334676 
365.0000000 282.0245822 282.1370490 
366.0000000 281.8281636 281.9406305 
367.0000000 281.6317451 281.7442119 
368.0000000 281.4353265 281.5477934 
369.0000000 281.2389080 281.3513748 
370.0000000 281.0424894 281.1549563 
371.0000000 280.8460709 280.9585377 
372.0000000 280.6496523 280.7621192 
373.0000000 280.4532338 280.5657006 
374.0000000 280.2568152 280.3692821 
375.0000000 280.0603967 280.1728635 
376.0000000 279.8639781 279.9764450 
377.0000000 279.6675596 279.7800264 
378.0000000 279.4711410 279.5836079 
379.0000000 279.2747225 279.3871893 
380.0000000 279.0783039 279.1907708 
381.0000000 278.8818853 278.9943522 
382.0000000 278.6854668 278.7979337 
383.0000000 278.4890482 278.6015151 
384.0000000 278.2926297 278.4050966 
385.0000000 278.0962111 278.2086780 
386.0000000 277.8997926 278.0122595 
387.0000000 277.7033740 277.8158409 
388.0000000 277.5069555 277.6194224 
389.0000000 277.3105369 277.4230038 
390.0000000 277.1141184 277.2265853 
391.0000000 276.9176998 277.0301667 
392.0000000 276.7212813 276.8337482 
393.0000000 276.5248627 276.6373296 
394.0000000 276.3284442 276.4409111 
395.0000000 276.1320256 276.2444925 
396.0000000 275.9356071 276.0480740 
397.0000000 275.7391885 275.8516554 
398.0000000 275.5427700 275.6552369 
399.0000000 275.3463514 275.4588183 
400.0000000 275.1499329 275.2623998 
401.0000000 274.9535143 275.0659812 
402.0000000 274.7570958 274.8695627 
403.0000000 274.5606772 274.6731441 
404.0000000 274.3642587 274.4767256 
405.0000000 274.1678401 274.2803070 
406.0000000 273.9714216 274.0838885 
407.0000000 273.7750030 273.8874699 
408.0000000 273.5785845 273.6910514 
409.0000000 273.3821659 273.4946328 
410.0000000 273.1857474 273.2982143 
411.0000000 272.9893288 273.1017957 
412.0000000 272.7929103 272.9053772 
413.0000000 272.5964917 272.7089586 
414.0000000 272.4000732 272.5125401 
415.0000000 272.2036546 272.3161215 
416.0000000 272.0072361 272.1197030 
417.0000000 271.8108175 271.9232844 
418.0000000 271.6143990 271.7268659 
419.0000000 271.4179804 271.5304473 
420.0000000 271.2215619 271.3340288 
421.0000000 271.0251433 271.1376102 
422.0000000 270.8287248 270.9411917 
423.0000000 270.6323062 270.7447731 
424.0000000 270.4358877 270.5483546 
425.0000000 270.2394691 270.3519360 
426.0000000 270.0430506 270.1555175 
427.0000000 269.8466320 269.9590989 
428.0000000 269.6502135 269.7626804 
429.0000000 269.4537949 269.5662618 
430.0000000 269.2573764 269.3698433 
431.0000000 269.0609578 269.1734247 
432.0000000 268.8645393 268.9770062 
433.0000000 268.6681207 268.7805876 
434.0000000 268.4717022 268.5841691 
435.0000000 268.2752836 268.3877505 
436.0000000 268.0788651 268.1913320 
437.0000000 267.8824465 267.9949134 
438.0000000 267.6860280 267.7984949 
439.0000000 267.4896094 267.6020763 
440.0000000 267.2931909 267.4056578 
441.0000000 267.0967723 267.2092392 
442.0000000 266.9003538 267.0128207 
443.0000000 266.7039352 266.8164021 
444.0000000 266.5075167 266.6199836 
445.0000000 266.3110981 266.4235650 
446.0000000 266.1146796 266.2271465 
447.0000000 265.9182610 266.0307279 
448.0000000 265.7218425 265.8343094 
449.0000000 265.5254239 265.6378908 
450.0000000 265.3290054 265.4414723 
451.0000000 265.1325868 265.2450537 
452.0000000 264.9361683 265.0486352 
453.0000000 264.7397497 264.8522166 
454.0000000 264.5433312 264.6557981 
455.0000000 264.3469126 264.4593795 
456.0000000 264.1504941 264.2629610 
457.0000000 263.9540755 264.0665424 
458.0000000 263.7576570 263.8701239 
459.0000000 263.5612384 263.6737053 
460.0000000 263.3648199 263.4772868 
461.0000000 263.1684013 263.2808682 
462.0000000 262.9719828 263.0844497 
463.0000000 262.7755642 262.8880311 
464.0000000 262.5791457 262.6916126 
465.0000000 262.3827271 262.4951940 
466.0000000 262.1863086 262.2987755 
467.0000000 261.9898900 262.1023569 
468.0000000 261.7934715 261.9059384 
469.0000000 261.5970529 261.7095198 
470.0000000 261.4006344 261.5131013 
471.0000000 261.2042158 261.3166827 
472.0000000 261.0077973 261.1202642 
473.0000000 260.8113787 260.9238456 
474.0000000 260.6149602 260.7274271 
475.0000000 260.4185416 260.5310085 
476.0000000 260.2221231 260.3345900 
477.0000000 260.0257045 260.1381714 
478.0000000 259.8292860 259.9417529 
479.0000000 259.6328674 259.7453343 
480.0000000 259.4364489 259.5489158 
481.0000000 259.2400303 259.3524972 
482.0000000 259.0436118 259.1560787 
483.0000000 258.8471932 258.9596601 
484.0000000 258.6507747 258.7632416 
485.0000000 258.4543561 258.5668230 
486.0000000 258.2579376 258.3704045 
487.0000000 258.0615190 258.1739859 
488.0000000 257.8651005 257.9775674 
489.0000000 257.6686819 257.7811488 
490.0000000 257.4722634 257.5847303 
491.0000000 257.2758448 257.3883117 
492.0000000 257.0794263 257.1918932 
493.0000000 256.8830077 256.9954746 
494.0000000 256.6865892 256.7990561 
495.0000000 256.4901706 256.6026375 
496.0000000 256.2937521 256.4062189 
497.0000000 256.0973335 256.2098004 
498.0000000 255.9009150 256.0133818 
499.0000000 255.7044964 255.8169633 
500.0000000 255.5080779 255.6205447 
501.0000000 255.3116593 255.4241262 
502.0000000 255.1152408 255.2277076 
503.0000000 254.9188222 255.0312891 
504.0000000 254.7224037 254.8348705 
505.0000000 254.5259851 254.6384520 
506.0000000 254.3295666 254.4420334 
507.0000000 254.1331480 254.2456149 
508.0000000 253.9367295 254.0491963 
509.0000000 253.7403109 253.8527778 
510.0000000 253.5438924 253.6563592 
511.0000000 253.3474738 253.4599407 
512.0000000 253.1510553 253.2635221 
513.0000000 252.9546367 253.0671036 
514.0000000 252.7582182 252.8706850 
515.0000000 252.5617996 252.6742665 
516.0000000 252.3653811 252.4778479 
517.0000000 252.1689625 252.2814294 
518.0000000 251.9725440 252.0850108 
519.0000000 251.7761254 251.8885923 
520.0000000 251.5797069 251.6921737 
521.0000000 251.3832883 251.4957552 
522.0000000 251.1868698 251.2993366 
523.0000000 250.9904512 251.1029181 
524.0000000 250.7940327 250.9064995 
525.0000000 250.5976141 250.7100810 
526.0000000 250.4011956 250.5136624 
527.0000000 250.2047770 250.3172439 
528.0000000 250.0083585 250.1208253 
529.0000000 249.8119399 249.9244068 
530.0000000 249.6155214 249.7279882 
531.0000000 249.4191028 249.5315697 
532.0000000 249.2226843 249.3351511 
533.0000000 249.0262657 249.1387326 
534.0000000 248.8298471 248.9423140 
535.0000000 248.6334286 248.7458955 
536.0000000 248.4370100 248.5494769 
537.0000000 248.2405915 248.3530584 
538.0000000 248.0441729 248.1566398 
539.0000000 247.8477544 247.9602213 
540.0000000 247.6513358 247.7638027 
541.0000000 247.4549173 247.5673842 
542.0000000 247.2584987 247.3709656 
543.0000000 247.0620802 247.1745471 
544.0000000 246.8656616 246.9781285 
545.0000000 246.6692431 246.7817100 
546.0000000 246.4728245 246.5852914 
547.0000000 246.2764060 246.3888729 
548.0000000 246.0799874 246.1924543 
549.0000000 245.8835689 245.9960358 
550.0000000 245.6871503 245.7996172 
551.0000000 245.4907318 245.6031987 
552.0000000 245.2943132 245.4067801 
553.0000000 245.0978947 245.2103616 
554.0000000 244.9014761 245.0139430 
555.0000000 244.7050576 244.8175245 
556.0000000 244.5086390 244.6211059 
557.0000000 244.3122205 244.4246874 
558.0000000 244.1158019 244.2282688 
559.0000000 243.9193834 244.0318503 
560.0000000 243.7229648 243.8354317 
561.0000000 243.5265463 243.6390132 
562.0000000 243.3301277 243.4425946 
563.0000000 243.1337092 243.2461761 
564.0000000 242.9372906 243.0497575 
565.0000000 242.7408721 242.8533390 
566.0000000 242.5444535 242.6569204 
567.0000000 242.3480350 242.4605019 
568.0000000 242.1516164 242.2640833 
569.0000000 241.9551979 242.0676648 
570.0000000 241.7587793 241.8712462 
571.0000000 241.5623608 241.6748277 
572.0000000 241.3659422 241.4784091 
573.0000000 241.1695237 241.2819906 
574.0000000 240.9731051 241.0855720 
575.0000000 240.7766866 240.8891535 
576.0000000 240.5802680 240.6927349 
577.0000000 240.3838495 240.4963164 
578.0000000 240.1874309 240.2998978 
579.0000000 239.9910124 240.1034793 
580.0000000 239.7945938 239.9070607 
581.0000000 239.5981753 239.7106422 
582.0000000 239.4017567 239.5142236 
583.0000000 239.2053382 239.3178051 
584.0000000 239.0089196 239.1213865 
585.0000000 238.8125011 238.9249680 
586.0000000 238.6160825 238.7285494 
587.0000000 238.4196640 238.5321309 
588.0000000 238.2232454 238.3357123 
589.0000000 238.0268269 238.1392938 
590.0000000 237.8304083 237.9428752 
591.0000000 237.6339898 237.7464567 
592.0000000 237.4375712 237.5500381 
593.0000000 237.2411527 237.3536196 
594.0000000 237.0447341 237.1572010 
595.0000000 236.8483156 236.9607825 
596.0000000 236.6518970 236.7643639 
597.0000000 236.4554785 236.5679454 
598.0000000 236.2590599 236.3715268 
599.0000000 236.0626414 236.1751083 
600.0000000 235.8662228 235.9786897 
601.0000000 235.6698043 235.7822712 
602.0000000 235.4733857 235.5858526 
603.0000000 235.2769672 235.3894341 
604.0000000 235.0805486 235.1930155 
605.0000000 234.8841301 234.9965970 
606.0000000 234.6877115 234.8001784 
607.0000000 234.4912930 234.6037599 
608.0000000 234.2948744 234.4073413 
609.0000000 234.0984559 234.2109228 
610.0000000 233.9020373 234.0145042 
611.0000000 233.7056188 233.8180857 
612.0000000 233.5092002 233.6216671 
613.0000000 233.3127817 233.4252486 
614.0000000 233.1163631 233.2288300 
615.0000000 232.9199446 233.0324115 
616.0000000 232.7235260 232.8359929 
617.0000000 232.5271075 232.6395744 
618.0000000 232.3306889 232.4431558 
619.0000000 232.1342704 232.2467373 
620.0000000 231.9378518 232.0503187 
621.0000000 231.7414333 231.8539002 
622.0000000 231.5450147 231.6574816 
623.0000000 231.3485962 231.4610631 
624.0000000 231.1521776 231.2646445 
625.0000000 230.9557591 231.0682260 
626.0000000 230.7593405 230.8718074 
627.0000000 230.5629220 230.6753889 
628.0000000 230.3665034 230.4789703 
629.0000000 230.1700849 230.2825518 
630.0000000 229.9736663 230.0861332 
631.0000000 229.7772478 229.8897147 
632.0000000 229.5808292 229.6932961 
633.0000000 229.3844107 229.4968776 
634.0000000 229.1879921 229.3004590 
635.0000000 228.9915736 229.1040405 
636.0000000 228.7951550 228.9076219 
637.0000000 228.5987365 228.7112034 
638.0000000 228.4023179 228.5147848 
639.0000000 228.2058994 228.3183663 
640.0000000 228.0094808 228.1219477 
641.0000000 227.8130623 227.9255292 
642.0000000 227.6166437 227.7291106 
643.0000000 227.4202252 227.5326921 
644.0000000 227.2238066 227.3362735 
645.0000000 227.0273881 227.1398550 
646.0000000 226.8309695 226.9434364 
647.0000000 226.6345510 226.7470178 
648.0000000 226.4381324 226.5505993 
649.0000000 226.2417139 226.3541807 
650.0000000 226.0452953 226.1577622 
651.0000000 225.8488768 225.9613436 
652.0000000 225.6524582 225.7649251 
653.0000000 225.4560397 225.5685065 
654.0000000 225.2596211 225.3720880 
655.0000000 225.0632026 225.1756694 
656.0000000 224.8667840 224.9792509 
657.0000000 224.6703655 224.7828323 
658.0000000 224.4739469 224.5864138 
659.0000000 224.2775284 224.3899952 
660.0000000 224.0811098 224.1935767 
661.0000000 223.8846913 223.9971581 
662.0000000 223.6882727 223.8007396 
663.0000000 223.4918542 223.6043210 
664.0000000 223.2954356 223.4079025 
665.0000000 223.0990171 223.2114839 
666.0000000 222.9025985 223.0150654 
667.0000000 222.7061800 222.8186468 
668.0000000 222.5097614 222.6222283 
669.0000000 222.3133429 222.4258097 
670.0000000 222.1169243 222.2293912 
671.0000000 221.9205058 222.0329726 
672.0000000 221.7240872 221.8365541 
673.0000000 221.5276687 221.6401355 
674.0000000 221.3312501 221.4437170 
675.0000000 221.1348316 221.2472984 
676.0000000 220.9384130 221.0508799 
677.0000000 220.7419945 220.8544613 
678.0000000 220.5455759 220.6580428 
679.0000000 220.3491574 220.4616242 
680.0000000 220.1527388 220.2652057 
681.0000000 219.9563203 220.0687871 
682.0000000 219.7599017 219.8723686 
683.0000000 219.5634832 219.6759500 
684.0000000 219.3670646 219.4795315 
685.0000000 219.1706460 219.2831129 
686.0000000 218.9742275 219.0866944 
687.0000000 218.7778089 218.8902758 
688.0000000 218.5813904 218.6938573 
689.0000000 218.3849718 218.4974387 
690.0000000 218.1885533 218.3010202 
691.0000000 217.9921347 218.1046016 
692.0000000 217.7957162 217.9081831 
693.0000000 217.5992976 217.7117645 
694.0000000 217.4028791 217.5153460 
695.0000000 217.2064605 217.3189274 
696.0000000 217.0100420 217.1225089 
697.0000000 216.8136234 216.9260903 
698.0000000 216.6172049 216.7296718 
699.0000000 216.4207863 216.5332532 
700.0000000 216.2243678 216.3368347 
701.0000000 216.0279492 216.1404161 
702.0000000 215.8315307 215.9439976 
703.0000000 215.6351121 215.7475790 
704.0000000 215.4386936 215.5511605 
705.0000000 215.2422750 215.3547419 
706.0000000 215.0458565 215.1583234 
707.0000000 214.8494379 214.9619048 
708.0000000 214.6530194 214.7654863 
709.0000000 214.4566008 214.5690677 
710.0000000 214.2601823 214.3726492 
711.0000000 214.0637637 214.1762306 
712.0000000 213.8673452 213.9798121 
713.0000000 213.6709266 213.7833935 
714.0000000 213.4745081 213.5869750 
715.0000000 213.2780895 213.3905564 
716.0000000 213.0816710 213.1941379 
717.0000000 212.8852524 212.9977193 
718.0000000 212.6888339 212.8013008 
719.0000000 212.4924153 212.6048822 
720.0000000 212.2959968 212.4084637 
721.0000000 212.0995782 212.2120451 
722.0000000 211.9031597 212.0156266 
723.0000000 211.7067411 211.8192080 
724.0000000 211.5103226 211.6227895 
725.0000000 211.3139040 211.4263709 
726.0000000 211.1174855 211.2299524 
727.0000000 210.9210669 211.0335338 
728.0000000 210.7246484 210.8371153 
729.0000000 210.5282298 210.6406967 
730.0000000 210.3318113 210.4442782 
731.0000000 210.1353927 210.2478596 
732.0000000 209.9389742 210.0514411 
733.0000000 209.7425556 209.8550225 
734.0000000 209.5461371 209.6586040 
735.0000000 209.3497185 209.4621854 
736.0000000 209.1533000 209.2657669 
737.0000000 208.9568814 209.0693483 
738.0000000 208.7604629 208.8729298 
739.0000000 208.5640443 208.6765112 
740.0000000 208.3676258 208.4800927 
741.0000000 208.1712072 208.2836741 
742.0000000 207.9747887 208.0872556 
743.0000000 207.7783701 207.8908370 
744.0000000 207.5819516 207.6944185 
745.0000000 207.3855330 207.4979999 
746.0000000 207.1891145 207.3015814 
747.0000000 206.9926959 207.1051628 
748.0000000 206.7962774 206.9087443 
749.0000000 206.5998588 206.7123257 
750.0000000 206.4034403 206.5159072 
751.0000000 206.2070217 206.3194886 
752.0000000 206.0106032 206.1230701 
753.0000000 205.8141846 205.9266515 
754.0000000 205.6177661 205.7302330 
755.0000000 205.4213475 205.5338144 
756.0000000 205.2249290 205.3373959 
757.0000000 205.0285104 205.1409773 
758.0000000 204.8320919 204.9445588 
759.0000000 204.6356733 204.7481402 
760.0000000 204.4392548 204.5517217 
761.0000000 204.2428362 204.3553031 
762.0000000 204.0464177 204.1588846 
763.0000000 203.8499991 203.9624660 
764.0000000 203.6535806 203.7660475 
765.0000000 203.4571620 203.5696289 
766.0000000 203.2607435 203.3732104 
767.0000000 203.0643249 203.1767918 
768.0000000 202.8679064 202.9803733 
769.0000000 202.6714878 202.7839547 
770.0000000 202.4750693 202.5875362 
771.0000000 202.2786507 202.3911176 
772.0000000 202.0822322 202.1946991 
773.0000000 201.8858136 201.9982805 
774.0000000 201.6893951 201.8018620 
775.0000000 201.4929765 201.6054434 
776.0000000 201.2965580 201.4090249 
777.0000000 201.1001394 201.2126063 
778.0000000 200.9037209 201.0161878 
779.0000000 200.7073023 200.8197692 
780.0000000 200.5108838 200.6233507 
781.0000000 200.3144652 200.4269321 
782.0000000 200.1180467 200.2305136 
783.0000000 199.9216281 200.0340950 
784.0000000 199.7252096 199.8376765 
785.0000000 199.5287910 199.6412579 
786.0000000 199.3323725 199.4448394 
787.0000000 199.1359539 199.2484208 
788.0000000 198.9395354 199.0520023 
789.0000000 198.7431168 198.8555837 
790.0000000 198.5466983 198.6591652 
791.0000000 198.3502797 198.4627466 
792.0000000 198.1538612 198.2663281 
793.0000000 197.9574426 198.0699095 
794.0000000 197.7610241 197.8734910 
795.0000000 197.5646055 197.6770724 
796.0000000 197.3681870 197.4806539 
797.0000000 197.1717684 197.2842353 
798.0000000 196.9753499 197.0878167 
799.0000000 196.7789313 196.8913982 
800.0000000 196.5825128 196.6949796 
801.0000000 196.3860942 196.4985611 
802.0000000 196.1896757 196.3021425 
803.0000000 195.9932571 196.1057240 
804.0000000 195.7968386 195.9093054 
805.0000000 195.6004200 195.7128869 
806.0000000 195.4040015 195.5164683 
807.0000000 195.2075829 195.3200498 
808.0000000 195.0111644 195.1236312 
809.0000000 194.8147458 194.9272127 
810.0000000 194.6183273 194.7307941 
811.0000000 194.4219087 194.5343756 
812.0000000 194.2254902 194.3379570 
813.0000000 194.0290716 194.1415385 
814.0000000 193.8326531 193.9451199 
815.0000000 193.6362345 193.7487014 
816.0000000 193.4398160 193.5522828 
817.0000000 193.2433974 193.3558643 
818.0000000 193.0469789 193.1594457 
819.0000000 192.8505603 192.9630272 
820.0000000 192.6541418 192.7666086 
821.0000000 192.4577232 192.5701901 
822.0000000 192.2613047 192.3737715 
823.0000000 192.0648861 192.1773530 
824.0000000 191.8684676 191.9809344 
825.0000000 191.6720490 191.7845159 
826.0000000 191.4756305 191.5880973 
827.0000000 191.2792119 191.3916788 
828.0000000 191.0827934 191.1952602 
829.0000000 190.8863748 190.9988417 
830.0000000 190.6899563 190.8024231 
831.0000000 190.4935377 190.6060046 
832.0000000 190.2971192 190.4095860 
833.0000000 190.1007006 190.2131675 
834.0000000 189.9042821 190.0167489 
835.0000000 189.7078635 189.8203304 
836.0000000 189.5114450 189.6239118 
837.0000000 189.3150264 189.4274933 
838.0000000 189.1186078 189.2310747 
839.0000000 188.9221893 189.0346562 
840.0000000 188.7257707 188.8382376 
841.0000000 188.5293522 188.6418191 
842.0000000 188.3329336 188.4454005 
843.0000000 188.1365151 188.2489820 
844.0000000 187.9400965 188.0525634 
845.0000000 187.7436780 187.8561449 
846.0000000 187.5472594 187.6597263 
847.0000000 187.3508409 187.4633078 
848.0000000 187.1544223 187.2668892 
849.0000000 186.9580038 187.0704707 
850.0000000 186.7615852 186.8740521 
851.0000000 186.5651667 186.6776336 
852.0000000 186.3687481 186.4812150 
853.0000000 186.1723296 186.2847965 
854.0000000 185.9759110 186.0883779 
855.0000000 185.7794925 185.8919594 
856.0000000 185.5830739 185.6955408 
857.0000000 185.3866554 185.4991223 
858.0000000 185.1902368 185.3027037 
859.0000000 184.9938183 185.1062852 
860.0000000 184.7973997 184.9098666 
861.0000000 184.6009812 184.7134481 
862.0000000 184.4045626 184.5170295 
863.0000000 184.2081441 184.3206110 
864.0000000 184.0117255 184.1241924 
865.0000000 183.8153070 183.9277739 
866.0000000 183.6188884 183.7313553 
867.0000000 183.4224699 183.5349368 
868.0000000 183.2260513 183.3385182 
869.0000000 183.0296328 183.1420997 
870.0000000 182.8332142 182.9456811 
871.0000000 182.6367957 182.7492626 
872.0000000 182.4403771 182.5528440 
873.0000000 182.2439586 182.3564255 
874.0000000 182.0475400 182.1600069 
875.0000000 181.8511215 181.9635884 
876.0000000 181.6547029 181.7671698 
877.0000000 181.4582844 181.5707513 
878.0000000 181.2618658 181.3743327 
879.0000000 181.0654473 181.1779142 
880.0000000 180.8690287 180.9814956 
881.0000000 180.6726102 180.7850771 
882.0000000 180.4761916 180.5886585 
883.0000000 180.2797731 180.3922400 
884.0000000 180.0833545 180.1958214 
885.0000000 179.8869360 179.9994029 
886.0000000 179.6905174 179.8029843 
887.0000000 179.4940989 179.6065658 
888.0000000 179.2976803 179.4101472 
889.0000000 179.1012618 179.2137287 
890.0000000 178.9048432 179.0173101 
891.0000000 178.7084247 178.8208916 
892.0000000 178.5120061 178.6244730 
893.0000000 178.3155876 178.4280545 
894.0000000 178.1191690 178.2316359 
895.0000000 177.9227505 178.0352174 
896.0000000 177.7263319 177.8387988 
897.0000000 177.5299134 177.6423803 
898.0000000 177.3334948 177.4459617 
899.0000000 177.1370763 177.2495432 
900.0000000 176.9406577 177.0531246 
901.0000000 176.7442392 176.8567061 
902.0000000 176.5478206 176.6602875 
903.0000000 176.3514021 176.4638690 
904.0000000 176.1549835 176.2674504 
905.0000000 175.9585650 176.0710319 
906.0000000 175.7621464 175.8746133 
907.0000000 175.5657279 175.6781948 
908.0000000 175.3693093 175.4817762 
909.0000000 175.1728908 175.2853577 
910.0000000 174.9764722 175.0889391 
911.0000000 174.7800537 174.8925206 
912.0000000 174.5836351 174.6961020 
913.0000000 174.3872166 174.4996835 
914.0000000 174.1907980 174.3032649 
915.0000000 173.9943795 174.1068464 
916.0000000 173.7979609 173.9104278 
917.0000000 173.6015424 173.7140093 
918.0000000 173.4051238 173.5175907 
919.0000000 173.2087053 173.3211722 
920.0000000 173.0122867 173.1247536 
921.0000000 172.8158682 172.9283351 
922.0000000 172.6194496 172.7319165 
923.0000000 172.4230311 172.5354980 
924.0000000 172.2266125 172.3390794 
925.0000000 172.0301940 172.1426609 
926.0000000 171.8337754 171.9462423 
927.0000000 171.6373569 171.7498238 
928.0000000 171.4409383 171.5534052 
929.0000000 171.2445198 171.3569867 
930.0000000 171.0481012 171.1605681 
931.0000000 170.8516827 170.9641496 
932.0000000 170.6552641 170.7677310 
933.0000000 170.4588456 170.5713125 
934.0000000 170.2624270 170.3748939 
935.0000000 170.0660085 170.1784754 
936.0000000 169.8695899 169.9820568 
937.0000000 169.6731714 169.7856383 
938.0000000 169.4767528 169.5892197 
939.0000000 169.2803343 169.3928012 
940.0000000 169.0839157 169.1963826 
941.0000000 168.8874972 168.9999641 
942.0000000 168.6910786 168.8035455 
943.0000000 168.4946601 168.6071270 
944.0000000 168.2982415 168.4107084 
945.0000000 168.1018230 168.2142899 
946.0000000 167.9054044 168.0178713 
947.0000000 167.7089859 167.8214528 
948.0000000 167.5125673 167.6250342 
949.0000000 167.3161488 167.4286157 
950.0000000 167.1197302 167.2321971 
951.0000000 166.9233117 167.0357785 
952.0000000 166.7268931 166.8393600 
953.0000000 166.5304746 166.6429414 
954.0000000 166.3340560 166.4465229 
955.0000000 166.1376375 166.2501043 
956.0000000 165.9412189 166.0536858 
957.0000000 165.7448004 165.8572672 
958.0000000 165.5483818 165.6608487 
959.0000000 165.3519633 165.4644301 
960.0000000 165.1555447 165.2680116 
961.0000000 164.9591262 165.0715930 
962.0000000 164.7627076 164.8751745 
963.0000000 164.5662891 164.6787559 
964.0000000 164.3698705 164.4823374 
965.0000000 164.1734520 164.2859188 
966.0000000 163.9770334 164.0895003 
967.0000000 163.7806149 163.8930817 
968.0000000 163.5841963 163.6966632 
969.0000000 163.3877778 163.5002446 
970.0000000 163.1913592 163.3038261 
971.0000000 162.9949407 163.1074075 
972.0000000 162.7985221 162.9109890 
973.0000000 162.6021036 162.7145704 
974.0000000 162.4056850 162.5181519 
975.0000000 162.2092665 162.3217333 
976.0000000 162.0128479 162.1253148 
977.0000000 161.8164294 161.9288962 
978.0000000 161.6200108 161.7324777 
979.0000000 161.4235923 161.5360591 
980.0000000 161.2271737 161.3396406 
981.0000000 161.0307552 161.1432220 
982.0000000 160.8343366 160.9468035 
983.0000000 160.6379181 160.7503849 
984.0000000 160.4414995 160.5539664 
985.0000000 160.2450810 160.3575478 
986.0000000 160.0486624 160.1611293 
987.0000000 159.8522439 159.9647107 
988.0000000 159.6558253 159.7682922 
989.0000000 159.4594067 159.5718736 
990.0000000 159.2629882 159.3754551 
991.0000000 159.0665696 159.1790365 
992.0000000 158.8701511 158.9826180 
993.0000000 158.6737325 158.7861994 
994.0000000 158.4773140 158.5897809 
995.0000000 158.2808954 158.3933623 
996.0000000 158.0844769 158.1969438 
997.0000000 157.8880583 158.0005252 
998.0000000 157.6916398 157.8041067 
999.0000000 157.4952212 157.6076881 
1000.0000000 157.2988027 157.4112696 
1001.0000000 157.1023841 157.2148510 
1002.0000000 156.9059656 157.0184325 
1003.0000000 156.7095470 156.8220139 
1004.0000000 156.5131285 156.6255954 
1005.0000000 156.3167099 156.4291768 
1006.0000000 156.1202914 156.2327583 
1007.0000000 155.9238728 156.0363397 
1008.0000000 155.7274543 155.8399212 
1009.0000000 155.5310357 155.6435026 
1010.0000000 155.3346172 155.4470841 
1011.0000000 155.1381986 155.2506655 
1012.0000000 154.9417801 155.0542470 
1013.0000000 154.7453615 154.8578284 
1014.0000000 154.5489430 154.6614099 
1015.0000000 154.3525244 154.4649913 
1016.0000000 154.1561059 154.2685728 
1017.0000000 153.9596873 154.0721542 
1018.0000000 153.7632688 153.8757357 
1019.0000000 153.5668502 153.6793171 
1020.0000000 153.3704317 153.4828986 
1021.0000000 153.1740131 153.2864800 
1022.0000000 152.9775946 153.0900615 
1023.0000000 152.7811760 152.8936429 
1024.0000000 152.5847575 152.6972244 
1025.0000000 152.3883389 152.5008058 
1026.0000000 152.1919204 152.3043873 
1027.0000000 151.9955018 152.1079687 
1028.0000000 151.7990833 151.9115502 
1029.0000000 151.6026647 151.7151316 
1030.0000000 151.4062462 151.5187131 
1031.0000000 151.2098276 151.3222945 
1032.0000000 151.0134091 151.1258760 
1033.0000000 150.8169905 150.9294574 
1034.0000000 150.6205720 150.7330389 
1035.0000000 150.4241534 150.5366203 
1036.0000000 150.2277349 150.3402018 
1037.0000000 150.0313163 150.1437832 
1038.0000000 149.8348978 149.9473647 
1039.0000000 149.6384792 149.7509461 
1040.0000000 149.4420607 149.5545276 
1041.0000000 149.2456421 149.3581090 
1042.0000000 149.0492236 149.1616905 
1043.0000000 148.8528050 148.9652719 
1044.0000000 148.6563865 148.7688534 
1045.0000000 148.4599679 148.5724348 
1046.0000000 148.2635494 148.3760163 
1047.0000000 148.0671308 148.1795977 
1048.0000000 147.8707123 147.9831792 
1049.0000000 147.6742937 147.7867606 
1050.0000000 147.4778752 147.5903421 
1051.0000000 147.2814566 147.3939235 
1052.0000000 147.0850381 147.1975050 
1053.0000000 146.8886195 147.0010864 
1054.0000000 146.6922010 146.8046679 
1055.0000000 146.4957824 146.6082493 
1056.0000000 146.2993639 146.4118308 
1057.0000000 146.1029453 146.2154122 
1058.0000000 145.9065268 146.0189937 
1059.0000000 145.7101082 145.8225751 
1060.0000000 145.5136897 145.6261566 
1061.0000000 145.3172711 145.4297380 
1062.0000000 145.1208526 145.2333195 
1063.0000000 144.9244340 145.0369009 
1064.0000000 144.7280155 144.8404824 
1065.0000000 144.5315969 144.6440638 
1066.0000000 144.3351784 144.4476453 
1067.0000000 144.1387598 144.2512267 
1068.0000000 143.9423413 144.0548082 
1069.0000000 143.7459227 143.8583896 
1070.0000000 143.5495042 143.6619711 
1071.0000000 143.3530856 143.4655525 
1072.0000000 143.1566671 143.2691340 
1073.0000000 142.9602485 143.0727154 
1074.0000000 142.7638300 142.8762969 
1075.0000000 142.5674114 142.6798783 
1076.0000000 142.3709929 142.4834598 
1077.0000000 142.1745743 142.2870412 
1078.0000000 141.9781558 142.0906227 
1079.0000000 141.7817372 141.8942041 
1080.0000000 141.5853187 141.6977856 
1081.0000000 141.3889001 141.5013670 
1082.0000000 141.1924816 141.3049485 
1083.0000000 140.9960630 141.1085299 
1084.0000000 140.7996445 140.9121114 
1085.0000000 140.6032259 140.7156928 
1086.0000000 140.4068074 140.5192743 
1087.0000000 140.2103888 140.3228557 
1088.0000000 140.0139703 140.1264372 
1089.0000000 139.8175517 139.9300186 
1090.0000000 139.6211332 139.7336001 
1091.0000000 139.4247146 139.5371815 
1092.0000000 139.2282961 139.3407630 
1093.0000000 139.0318775 139.1443444 
1094.0000000 138.8354590 138.9479259 
1095.0000000 138.6390404 138.7515073 
1096.0000000 138.4426219 138.5550888 
1097.0000000 138.2462033 138.3586702 
1098.0000000 138.0497848 138.1622517 
1099.0000000 137.8533662 137.9658331 
1100.0000000 137.6569477 137.7694146 
1101.0000000 137.4605291 137.5729960 
1102.0000000 137.2641106 137.3765774 
1103.0000000 137.0676920 137.1801589 
1104.0000000 136.8712735 136.9837403 
1105.0000000 136.6748549 136.7873218 
1106.0000000 136.4784364 136.5909032 
1107.0000000 136.2820178 136.3944847 
1108.0000000 136.0855993 136.1980661 
1109.0000000 135.8891807 136.0016476 
1110.0000000 135.6927622 135.8052290 
1111.0000000 135.4963436 135.6088105 
1112.0000000 135.2999251 135.4123919 
1113.0000000 135.1035065 135.2159734 
1114.0000000 134.9070880 135.0195548 
1115.0000000 134.7106694 134.8231363 
1116.0000000 134.5142509 134.6267177 
1117.0000000 134.3178323 134.4302992 
1118.0000000 134.1214138 134.2338806 
1119.0000000 133.9249952 134.0374621 
1120.0000000 133.7285767 133.8410435 
1121.0000000 133.5321581 133.6446250 
1122.0000000 133.3357396 133.4482064 
1123.0000000 133.1393210 133.2517879 
1124.0000000 132.9429025 133.0553693 
1125.0000000 132.7464839 132.8589508 
1126.0000000 132.5500654 132.6625322 
1127.0000000 132.3536468 132.4661137 
1128.0000000 132.1572283 132.2696951 
1129.0000000 131.9608097 132.0732766 
1130.0000000 131.7643912 131.8768580 
1131.0000000 131.5679726 131.6804395 
1132.0000000 131.3715541 131.4840209 
1133.0000000 131.1751355 131.2876024 
1134.0000000 130.9787170 131.0911838 
1135.0000000 130.7822984 130.8947653 
1136.0000000 130.5858799 130.6983467 
1137.0000000 130.3894613 130.5019282 
1138.0000000 130.1930428 130.3055096 
1139.0000000 129.9966242 130.1090911 
1140.0000000 129.8002056 129.9126725 
1141.0000000 129.6037871 129.7162540 
1142.0000000 129.4073685 129.5198354 
1143.0000000 129.2109500 129.3234169 
1144.0000000 129.0145314 129.1269983 
1145.0000000 128.8181129 128.9305798 
1146.0000000 128.6216943 128.7341612 
1147.0000000 128.4252758 128.5377427 
1148.0000000 128.2288572 128.3413241 
1149.0000000 128.0324387 128.1449056 
1150.0000000 127.8360201 127.9484870 
1151.0000000 127.6396016 127.7520685 
1152.0000000 127.4431830 127.5556499 
1153.0000000 127.2467645 127.3592314 
1154.0000000 127.0503459 127.1628128 
1155.0000000 126.8539274 126.9663943 
1156.0000000 126.6575088 126.7699757 
1157.0000000 126.4610903 126.5735572 
1158.0000000 126.2646717 126.3771386 
1159.0000000 126.0682532 126.1807201 
1160.0000000 125.8718346 125.9843015 
1161.0000000 125.6754161 125.7878830 
1162.0000000 125.4789975 125.5914644 
1163.0000000 125.2825790 125.3950459 
1164.0000000 125.0861604 125.1986273 
1165.0000000 124.8897419 125.0022088 
1166.0000000 124.6933233 124.8057902 
1167.0000000 124.4969048 124.6093717 
1168.0000000 124.3004862 124.4129531 
1169.0000000 124.1040677 124.2165346 
1170.0000000 123.9076491 124.0201160 
1171.0000000 123.7112306 123.8236975 
1172.0000000 123.5148120 123.6272789 
1173.0000000 123.3183935 123.4308604 
1174.0000000 123.1219749 123.2344418 
1175.0000000 122.9255564 123.0380233 
1176.0000000 122.7291378 122.8416047 
1177.0000000 122.5327193 122.6451862 
1178.0000000 122.3363007 122.4487676 
1179.0000000 122.1398822 122.2523491 
1180.0000000 121.9434636 122.0559305 
1181.0000000 121.7470451 121.8595120 
1182.0000000 121.5506265 121.6630934 
1183.0000000 121.3542080 121.4666749 
1184.0000000 121.1577894 121.2702563 
1185.0000000 120.9613709 121.0738378 
1186.0000000 120.7649523 120.8774192 
1187.0000000 120.5685338 120.6810007 
1188.0000000 120.3721152 120.4845821 
1189.0000000 120.1756967 120.2881636 
1190.0000000 119.9792781 120.0917450 
1191.0000000 119.7828596 119.8953265 
1192.0000000 119.5864410 119.6989079 
1193.0000000 119.3900225 119.5024894 
1194.0000000 119.1936039 119.3060708 
1195.0000000 118.9971854 119.1096523 
1196.0000000 118.8007668 118.9132337 
1197.0000000 118.6043483 118.7168152 
1198.0000000 118.4079297 118.5203966 
1199.0000000 118.2115112 118.3239781 
1200.0000000 118.0150926 118.1275595 
1201.0000000 117.8186741 117.9311410 
1202.0000000 117.6222555 117.7347224 
1203.0000000 117.4258370 117.5383039 
1204.0000000 117.2294184 117.3418853 
1205.0000000 117.0329999 117.1454668 
1206.0000000 116.8365813 116.9490482 
1207.0000000 116.6401628 116.7526297 
1208.0000000 116.4437442 116.5562111 
1209.0000000 116.2473257 116.3597926 
1210.0000000 116.0509071 116.1633740 
1211.0000000 115.8544886 115.9669555 
1212.0000000 115.6580700 115.7705369 
1213.0000000 115.4616515 115.5741184 
1214.0000000 115.2652329 115.3776998 
1215.0000000 115.0688144 115.1812813 
1216.0000000 114.8723958 114.9848627 
1217.0000000 114.6759773 114.7884442 
1218.0000000 114.4795587 114.5920256 
1219.0000000 114.2831402 114.3956071 
1220.0000000 114.0867216 114.1991885 
1221.0000000 113.8903031 114.0027700 
1222.0000000 113.6938845 113.8063514 
1223.0000000 113.4974660 113.6099329 
1224.0000000 113.3010474 113.4135143 
1225.0000000 113.1046289 113.2170958 
1226.0000000 112.9082103 113.0206772 
1227.0000000 112.7117918 112.8242587 
1228.0000000 112.5153732 112.6278401 
1229.0000000 112.3189547 112.4314216 
1230.0000000 112.1225361 112.2350030 
1231.0000000 111.9261176 112.0385845 
1232.0000000 111.7296990 111.8421659 
1233.0000000 111.5332805 111.6457474 
1234.0000000 111.3368619 111.4493288 
1235.0000000 111.1404434 111.2529103 
1236.0000000 110.9440248 111.0564917 
1237.0000000 110.7476063 110.8600732 
1238.0000000 110.5511877 110.6636546 
1239.0000000 110.3547692 110.4672361 
1240.0000000 110.1583506 110.2708175 
1241.0000000 109.9619321 110.0743990 
1242.0000000 109.7655135 109.8779804 
1243.0000000 109.5690950 109.6815619 
1244.0000000 109.3726764 109.4851433 
1245.0000000 109.1762579 109.2887248 
1246.0000000 108.9798393 109.0923062 
1247.0000000 108.7834208 108.8958877 
1248.0000000 108.5870022 108.6994691 
1249.0000000 108.3905837 108.5030506 
1250.0000000 108.1941651 108.3066320 
1251.0000000 107.9977466 108.1102135 
1252.0000000 107.8013280 107.9137949 
1253.0000000 107.6049095 107.7173763 
1254.0000000 107.4084909 107.5209578 
1255.0000000 107.2120724 107.3245392 
1256.0000000 107.0156538 107.1281207 
1257.0000000 106.8192353 106.9317021 
1258.0000000 106.6228167 106.7352836 
1259.0000000 106.4263982 106.5388650 
1260.0000000 106.2299796 106.3424465 
1261.0000000 106.0335611 106.1460279 
1262.0000000 105.8371425 105.9496094 
1263.0000000 105.6407240 105.7531908 
1264.0000000 105.4443054 105.5567723 
1265.0000000 105.2478869 105.3603537 
1266.0000000 105.0514683 105.1639352 
1267.0000000 104.8550498 104.9675166 
1268.0000000 104.6586312 104.7710981 
1269.0000000 104.4622127 104.5746795 
1270.0000000 104.2657941 104.3782610 
1271.0000000 104.0693756 104.1818424 
1272.0000000 103.8729570 103.9854239 
1273.0000000 103.6765385 103.7890053 
1274.0000000 103.4801199 103.5925868 
1275.0000000 103.2837014 103.3961682 
1276.0000000 103.0872828 103.1997497 
1277.0000000 102.8908643 103.0033311 
1278.0000000 102.6944457 102.8069126 
1279.0000000 102.4980272 102.6104940 
1280.0000000 102.3016086 102.4140755 
1281.0000000 102.1051901 102.2176569 
1282.0000000 101.9087715 102.0212384 
1283.0000000 101.7123530 101.8248198 
1284.0000000 101.5159344 101.6284013 
1285.0000000 101.3195159 101.4319827 
1286.0000000 101.1230973 101.2355642 
1287.0000000 100.9266788 101.0391456 
1288.0000000 100.7302602 100.8427271 
1289.0000000 100.5338417 100.6463085 
1290.0000000 100.3374231 100.4498900 
1291.0000000 100.1410046 100.2534714 
1292.0000000 99.9445860 100.0570529 
1293.0000000 99.7481674 99.8606343 
1294.0000000 99.5517489 99.6642158 
1295.0000000 99.3553303 99.4677972 
1296.0000000 99.1589118 99.2713787 
1297.0000000 98.9624932 99.0749601 
1298.0000000 98.7660747 98.8785416 
1299.0000000 98.5696561 98.6821230 
1300.0000000 98.3732376 98.4857045 
1301.0000000 98.1768190 98.2892859 
1302.0000000 97.9804005 98.0928674 
1303.0000000 97.7839819 97.8964488 
1304.0000000 97.5875634 97.7000303 
1305.0000000 97.3911448 97.5036117 
1306.0000000 97.1947263 97.3071932 
1307.0000000 96.9983077 97.1107746 
1308.0000000 96.8018892 96.9143561 
1309.0000000 96.6054706 96.7179375 
1310.0000000 96.4090521 96.5215190 
1311.0000000 96.2126335 96.3251004 
1312.0000000 96.0162150 96.1286819 
1313.0000000 95.8197964 95.9322633 
1314.0000000 95.6233779 95.7358448 
1315.0000000 95.4269593 95.5394262 
1316.0000000 95.2305408 95.3430077 
1317.0000000 95.0341222 95.1465891 
1318.0000000 94.8377037 94.9501706 
1319.0000000 94.6412851 94.7537520 
1320.0000000 94.4448666 94.5573335 
1321.0000000 94.2484480 94.3609149 
1322.0000000 94.0520295 94.1644964 
1323.0000000 93.8556109 93.9680778 
1324.0000000 93.6591924 93.7716593 
1325.0000000 93.4627738 93.5752407 
1326.0000000 93.2663553 93.3788222 
1327.0000000 93.0699367 93.1824036 
1328.0000000 92.8735182 92.9859851 
1329.0000000 92.6770996 92.7895665 
1330.0000000 92.4806811 92.5931480 
1331.0000000 92.2842625 92.3967294 
1332.0000000 92.0878440 92.2003109 
1333.0000000 91.8914254 92.0038923 
1334.0000000 91.6950069 91.8074738 
1335.0000000 91.4985883 91.6110552 
1336.0000000 91.3021698 91.4146367 
1337.0000000 91.1057512 91.2182181 
1338.0000000 90.9093327 91.0217996 
1339.0000000 90.7129141 90.8253810 
1340.0000000 90.5164956 90.6289625 
1341.0000000 90.3200770 90.4325439 
1342.0000000 90.1236585 90.2361254 
1343.0000000 89.9272399 90.0397068 
1344.0000000 89.7308214 89.8432883 
1345.0000000 89.5344028 89.6468697 
1346.0000000 89.3379843 89.4504512 
1347.0000000 89.1415657 89.2540326 
1348.0000000 88.9451472 89.0576141 
1349.0000000 88.7487286 88.8611955 
1350.0000000 88.5523101 88.6647770 
1351.0000000 88.3558915 88.4683584 
1352.0000000 88.1594730 88.2719399 
1353.0000000 87.9630544 88.0755213 
1354.0000000 87.7666359 87.8791028 
1355.0000000 87.5702173 87.6826842 
1356.0000000 87.3737988 87.4862657 
1357.0000000 87.1773802 87.2898471 
1358.0000000 86.9809617 87.0934286 
1359.0000000 86.7845431 86.8970100 
1360.0000000 86.5881246 86.7005915 
1361.0000000 86.3917060 86.5041729 
1362.0000000 86.1952875 86.3077544 
1363.0000000 85.9988689 86.1113358 
1364.0000000 85.8024504 85.9149173 
1365.0000000 85.6060318 85.7184987 
1366.0000000 85.4096133 85.5220802 
1367.0000000 85.2131947 85.3256616 
1368.0000000 85.0167762 85.1292431 
1369.0000000 84.8203576 84.9328245 
1370.0000000 84.6239391 84.7364060 
1371.0000000 84.4275205 84.5399874 
1372.0000000 84.2311020 84.3435689 
1373.0000000 84.0346834 84.1471503 
1374.0000000 83.8382649 83.9507318 
1375.0000000 83.6418463 83.7543132 
1376.0000000 83.4454278 83.5578947 
1377.0000000 83.2490092 83.3614761 
1378.0000000 83.0525907 83.1650576 
1379.0000000 82.8561721 82.9686390 
1380.0000000 82.6597536 82.7722205 
1381.0000000 82.4633350 82.5758019 
1382.0000000 82.2669165 82.3793834 
1383.0000000 82.0704979 82.1829648 
1384.0000000 81.8740794 81.9865463 
1385.0000000 81.6776608 81.7901277 
1386.0000000 81.4812423 81.5937092 
1387.0000000 81.2848237 81.3972906 
1388.0000000 81.0884052 81.2008721 
1389.0000000 80.8919866 81.0044535 
1390.0000000 80.6955681 80.8080350 
1391.0000000 80.4991495 80.6116164 
1392.0000000 80.3027310 80.4151979 
1393.0000000 80.1063124 80.2187793 
1394.0000000 79.9098939 80.0223608 
1395.0000000 79.7134753 79.8259422 
1396.0000000 79.5170568 79.6295237 
1397.0000000 79.3206382 79.4331051 
1398.0000000 79.1242197 79.2366866 
1399.0000000 78.9278011 79.0402680 
1400.0000000 78.7313826 78.8438495 
1401.0000000 78.5349640 78.6474309 
1402.0000000 78.3385455 78.4510124 
1403.0000000 78.1421269 78.2545938 
1404.0000000 77.9457084 78.0581753 
1405.0000000 77.7492898 77.8617567 
1406.0000000 77.5528713 77.6653381 
1407.0000000 77.3564527 77.4689196 
1408.0000000 77.1600342 77.2725010 
1409.0000000 76.9636156 77.0760825 
1410.0000000 76.7671971 76.8796639 
1411.0000000 76.5707785 76.6832454 
1412.0000000 76.3743600 76.4868268 
1413.0000000 76.1779414 76.2904083 
1414.0000000 75.9815229 76.0939897 
1415.0000000 75.7851043 75.8975712 
1416.0000000 75.5886858 75.7011526 
1417.0000000 75.3922672 75.5047341 
1418.0000000 75.1958487 75.3083155 
1419.0000000 74.9994301 75.1118970 
1420.0000000 74.8030116 74.9154784 
1421.0000000 74.6065930 74.7190599 
1422.0000000 74.4101745 74.5226413 
1423.0000000 74.2137559 74.3262228 
1424.0000000 74.0173374 74.1298042 
1425.0000000 73.8209188 73.9333857 
1426.0000000 73.6245003 73.7369671 
1427.0000000 73.4280817 73.5405486 
1428.0000000 73.2316632 73.3441300 
1429.0000000 73.0352446 73.1477115 
1430.0000000 72.8388261 72.9512929 
1431.0000000 72.6424075 72.7548744 
1432.0000000 72.4459890 72.5584558 
1433.0000000 72.2495704 72.3620373 
1434.0000000 72.0531519 72.1656187 
1435.0000000 71.8567333 71.9692002 
1436.0000000 71.6603148 71.7727816 
1437.0000000 71.4638962 71.5763631 
1438.0000000 71.2674777 71.3799445 
1439.0000000 71.0710591 71.1835260 
1440.0000000 70.8746406 70.9871074 
1441.0000000 70.6782220 70.7906889 
1442.0000000 70.4818035 70.5942703 
1443.0000000 70.2853849 70.3978518 
1444.0000000 70.0889663 70.2014332 
1445.0000000 69.8925478 70.0050147 
1446.0000000 69.6961292 69.8085961 
1447.0000000 69.4997107 69.6121776 
1448.0000000 69.3032921 69.4157590 
1449.0000000 69.1068736 69.2193405 
1450.0000000 68.9104550 69.0229219 
1451.0000000 68.7140365 68.8265034 
1452.0000000 68.5176179 68.6300848 
1453.0000000 68.3211994 68.4336663 
1454.0000000 68.1247808 68.2372477 
1455.0000000 67.9283623 68.0408292 
1456.0000000 67.7319437 67.8444106 
1457.0000000 67.5355252 67.6479921 
1458.0000000 67.3391066 67.4515735 
1459.0000000 67.1426881 67.2551550 
1460.0000000 66.9462695 67.0587364 
1461.0000000 66.7498510 66.8623179 
1462.0000000 66.5534324 66.6658993 
1463.0000000 66.3570139 66.4694808 
1464.0000000 66.1605953 66.2730622 
1465.0000000 65.9641768 66.0766437 
1466.0000000 65.7677582 65.8802251 
1467.0000000 65.5713397 65.6838066 
1468.0000000 65.3749211 65.4873880 
1469.0000000 65.1785026 65.2909695 
1470.0000000 64.9820840 65.0945509 
1471.0000000 64.7856655 64.8981324 
1472.0000000 64.5892469 64.7017138 
1473.0000000 64.3928284 64.5052953 
1474.0000000 64.1964098 64.3088767 
1475.0000000 63.9999913 64.1124582 
1476.0000000 63.8035727 63.9160396 
1477.0000000 63.6071542 63.7196211 
1478.0000000 63.4107356 63.5232025 
1479.0000000 63.2143171 63.3267840 
1480.0000000 63.0178985 63.1303654 
1481.0000000 62.8214800 62.9339469 
1482.0000000 62.6250614 62.7375283 
1483.0000000 62.4286429 62.5411098 
1484.0000000 62.2322243 62.3446912 
1485.0000000 62.0358058 62.1482727 
1486.0000000 61.8393872 61.9518541 
1487.0000000 61.6429687 61.7554356 
1488.0000000 61.4465501 61.5590170 
1489.0000000 61.2501316 61.3625985 
1490.0000000 61.0537130 61.1661799 
1491.0000000 60.8572945 60.9697614 
1492.0000000 60.6608759 60.7733428 
1493.0000000 60.4644574 60.5769243 
1494.0000000 60.2680388 60.3805057 
1495.0000000 60.0716203 60.1840872 
1496.0000000 59.8752017 59.9876686 
1497.0000000 59.6787832 59.7912501 
1498.0000000 59.4823646 59.5948315 
1499.0000000 59.2859461 59.3984130 
1500.0000000 59.0895275 59.2019944 
1501.0000000 58.8931090 59.0055759 
1502.0000000 58.6966904 58.8091573 
1503.0000000 58.5002719 58.6127388 
1504.0000000 58.3038533 58.4163202 
1505.0000000 58.1074348 58.2199017 
1506.0000000 57.9110162 58.0234831 
1507.0000000 57.7145977 57.8270646 
1508.0000000 57.5181791 57.6306460 
1509.0000000 57.3217606 57.4342275 
1510.0000000 57.1253420 57.2378089 
1511.0000000 56.9289235 57.0413904 
1512.0000000 56.7325049 56.8449718 
1513.0000000 56.5360864 56.6485533 
1514.0000000 56.3396678 56.4521347 
1515.0000000 56.1432493 56.2557162 
1516.0000000 55.9468307 56.0592976 
1517.0000000 55.7504122 55.8628791 
1518.0000000 55.5539936 55.6664605 
1519.0000000 55.3575751 55.4700420 
1520.0000000 55.1611565 55.2736234 
1521.0000000 54.9647380 55.0772049 
1522.0000000 54.7683194 54.8807863 
1523.0000000 54.5719009 54.6843678 
1524.0000000 54.3754823 54.4879492 
1525.0000000 54.1790638 54.2915307 
1526.0000000 53.9826452 54.0951121 
1527.0000000 53.7862267 53.8986936 
1528.0000000 53.5898081 53.7022750 
1529.0000000 53.3933896 53.5058565 
1530.0000000 53.1969710 53.3094379 
1531.0000000 53.0005525 53.1130194 
1532.0000000 52.8041339 52.9166008 
1533.0000000 52.6077154 52.7201823 
1534.0000000 52.4112968 52.5237637 
1535.0000000 52.2148783 52.3273452 
1536.0000000 52.0184597 52.1309266 
1537.0000000 51.8220412 51.9345081 
1538.0000000 51.6256226 51.7380895 
1539.0000000 51.4292041 51.5416710 
1540.0000000 51.2327855 51.3452524 
1541.0000000 51.0363670 51.1488339 
1542.0000000 50.8399484 50.9524153 
1543.0000000 50.6435299 50.7559968 
1544.0000000 50.4471113 50.5595782 
1545.0000000 50.2506928 50.3631597 
1546.0000000 50.0542742 50.1667411 
1547.0000000 49.8578557 49.9703226 
1548.0000000 49.6614371 49.7739040 
1549.0000000 49.4650186 49.5774855 
1550.0000000 49.2686000 49.3810669 
1551.0000000 49.0721815 49.1846484 
1552.0000000 48.8757629 48.9882298 
1553.0000000 48.6793444 48.7918113 
1554.0000000 48.4829258 48.5953927 
1555.0000000 48.2865073 48.3989742 
1556.0000000 48.0900887 48.2025556 
1557.0000000 47.8936702 48.0061370 
1558.0000000 47.6972516 47.8097185 
1559.0000000 47.5008331 47.6132999 
1560.0000000 47.3044145 47.4168814 
1561.0000000 47.1079960 47.2204628 
1562.0000000 46.9115774 47.0240443 
1563.0000000 46.7151589 46.8276257 
1564.0000000 46.5187403 46.6312072 
1565.0000000 46.3223218 46.4347886 
1566.0000000 46.1259032 46.2383701 
1567.0000000 45.9294847 46.0419515 
1568.0000000 45.7330661 45.8455330 
1569.0000000 45.5366476 45.6491144 
1570.0000000 45.3402290 45.4526959 
1571.0000000 45.1438105 45.2562773 
1572.0000000 44.9473919 45.0598588 
1573.0000000 44.7509734 44.8634402 
1574.0000000 44.5545548 44.6670217 
1575.0000000 44.3581363 44.4706031 
1576.0000000 44.1617177 44.2741846 
1577.0000000 43.9652992 44.0777660 
1578.0000000 43.7688806 43.8813475 
1579.0000000 43.5724621 43.6849289 
1580.0000000 43.3760435 43.4885104 
1581.0000000 43.1796250 43.2920918 
1582.0000000 42.9832064 43.0956733 
1583.0000000 42.7867879 42.8992547 
1584.0000000 42.5903693 42.7028362 
1585.0000000 42.3939508 42.5064176 
1586.0000000 42.1975322 42.3099991 
1587.0000000 42.0011137 42.1135805 
1588.0000000 41.8046951 41.9171620 
1589.0000000 41.6082766 41.7207434 
1590.0000000 41.4118580 41.5243249 
1591.0000000 41.2154395 41.3279063 
1592.0000000 41.0190209 41.1314878 
1593.0000000 40.8226024 40.9350692 
1594.0000000 40.6261838 40.7386507 
1595.0000000 40.4297652 40.5422321 
1596.0000000 40.2333467 40.3458136 
1597.0000000 40.0369281 40.1493950 
1598.0000000 39.8405096 39.9529765 
1599.0000000 39.6440910 39.7565579 
1600.0000000 39.4476725 39.5601394 
1601.0000000 39.2512539 39.3637208 
1602.0000000 39.0548354 39.1673023 
1603.0000000 38.8584168 38.9708837 
1604.0000000 38.6619983 38.7744652 
1605.0000000 38.4655797 38.5780466 
1606.0000000 38.2691612 38.3816281 
1607.0000000 38.0727426 38.1852095 
1608.0000000 37.8763241 37.9887910 
1609.0000000 37.6799055 37.7923724 
1610.0000000 37.4834870 37.5959539 
1611.0000000 37.2870684 37.3995353 
1612.0000000 37.0906499 37.2031168 
1613.0000000 36.8942313 37.0066982 
1614.0000000 36.6978128 36.8102797 
1615.0000000 36.5013942 36.6138611 
1616.0000000 36.3049757 36.4174426 
1617.0000000 36.1085571 36.2210240 
1618.0000000 35.9121386 36.0246055 
1619.0000000 35.7157200 35.8281869 
1620.0000000 35.5193015 35.6317684 
1621.0000000 35.3228829 35.4353498 
1622.0000000 35.1264644 35.2389313 
1623.0000000 34.9300458 35.0425127 
1624.0000000 34.7336273 34.8460942 
1625.0000000 34.5372087 34.6496756 
1626.0000000 34.3407902 34.4532571 
1627.0000000 34.1443716 34.2568385 
1628.0000000 33.9479531 34.0604200 
1629.0000000 33.7515345 33.8640014 
1630.0000000 33.5551160 33.6675829 
1631.0000000 33.3586974 33.4711643 
1632.0000000 33.1622789 33.2747458 
1633.0000000 32.9658603 33.0783272 
1634.0000000 32.7694418 32.8819087 
1635.0000000 32.5730232 32.6854901 
1636.0000000 32.3766047 32.4890716 
1637.0000000 32.1801861 32.2926530 
1638.0000000 31.9837676 32.0962345 
1639.0000000 31.7873490 31.8998159 
1640.0000000 31.5909305 31.7033974 
1641.0000000 31.3945119 31.5069788 
1642.0000000 31.1980934 31.3105603 
1643.0000000 31.0016748 31.1141417 
1644.0000000 30.8052563 30.9177232 
1645.0000000 30.6088377 30.7213046 
1646.0000000 30.4124192 30.5248861 
1647.0000000 30.2160006 30.3284675 
1648.0000000 30.0195821 30.1320490 
1649.0000000 29.8231635 29.9356304 
1650.0000000 29.6267450 29.7392119 
1651.0000000 29.4303264 29.5427933 
1652.0000000 29.2339079 29.3463748 
1653.0000000 29.0374893 29.1499562 
1654.0000000 28.8410708 28.9535377 
1655.0000000 28.6446522 28.7571191 
1656.0000000 28.4482337 28.5607006 
1657.0000000 28.2518151 28.3642820 
1658.0000000 28.0553966 28.1678635 
1659.0000000 27.8589780 27.9714449 
1660.0000000 27.6625595 27.7750264 
1661.0000000 27.4661409 27.5786078 
1662.0000000 27.2697224 27.3821893 
1663.0000000 27.0733038 27.1857707 
1664.0000000 26.8768853 26.9893522 
1665.0000000 26.6804667 26.7929336 
1666.0000000 26.4840482 26.5965151 
1667.0000000 26.2876296 26.4000965 
1668.0000000 26.0912111 26.2036780 
1669.0000000 25.8947925 26.0072594 
1670.0000000 25.6983740 25.8108409 
1671.0000000 25.5019554 25.6144223 
1672.0000000 25.3055369 25.4180038 
1673.0000000 25.1091183 25.2215852 
1674.0000000 24.9126998 25.0251667 
1675.0000000 24.7162812 24.8287481 
1676.0000000 24.5198627 24.6323296 
1677.0000000 24.3234441 24.4359110 
1678.0000000 24.1270256 24.2394925 
1679.0000000 23.9306070 24.0430739 
1680.0000000 23.7341885 23.8466554 
1681.0000000 23.5377699 23.6502368 
1682.0000000 23.3413514 23.4538183 
1683.0000000 23.1449328 23.2573997 
1684.0000000 22.9485143 23.0609812 
1685.0000000 22.7520957 22.8645626 
1686.0000000 22.5556772 22.6681441 
1687.0000000 22.3592586 22.4717255 
1688.0000000 22.1628401 22.2753070 
1689.0000000 21.9664215 22.0788884 
1690.0000000 21.7700030 21.8824699 
1691.0000000 21.5735844 21.6860513 
1692.0000000 21.3771659 21.4896328 
1693.0000000 21.1807473 21.2932142 
1694.0000000 20.9843288 21.0967957 
1695.0000000 20.7879102 20.9003771 
1696.0000000 20.5914917 20.7039586 
1697.0000000 20.3950731 20.5075400 
1698.0000000 20.1986546 20.3111215 
1699.0000000 20.0022360 20.1147029 
1700.0000000 19.8058175 19.9182844 
1701.0000000 19.6093989 19.7218658 
1702.0000000 19.4129804 19.5254473 
1703.0000000 19.2165618 19.3290287 
1704.0000000 19.0201433 19.1326102 
1705.0000000 18.8237247 18.9361916 
1706.0000000 18.6273062 18.7397731 
1707.0000000 18.4308876 18.5433545 
1708.0000000 18.2344691 18.3469359 
1709.0000000 18.0380505 18.1505174 
1710.0000000 17.8416320 17.9540988 
1711.0000000 17.6452134 17.7576803 
1712.0000000 17.4487949 17.5612617 
1713.0000000 17.2523763 17.3648432 
1714.0000000 17.0559578 17.1684246 
1715.0000000 16.8595392 16.9720061 
1716.0000000 16.6631207 16.7755875 
1717.0000000 16.4667021 16.5791690 
1718.0000000 16.2702836 16.3827504 
1719.0000000 16.0738650 16.1863319 
1720.0000000 15.8774465 15.9899133 
1721.0000000 15.6810279 15.7934948 
1722.0000000 15.4846094 15.5970762 
1723.0000000 15.2881908 15.4006577 
1724.0000000 15.0917723 15.2042391 
1725.0000000 14.8953537 15.0078206 
1726.0000000 14.6989352 14.8114020 
1727.0000000 14.5025166 14.6149835 
1728.0000000 14.3060981 14.4185649 
1729.0000000 14.1096795 14.2221464 
1730.0000000 13.9132610 14.0257278 
1731.0000000 13.7168424 13.8293093 
1732.0000000 13.5204239 13.6328907 
1733.0000000 13.3240053 13.4364722 
1734.0000000 13.1275868 13.2400536 
1735.0000000 12.9311682 13.0436351 
1736.0000000 12.7347497 12.8472165 
1737.0000000 12.5383311 12.6507980 
1738.0000000 12.3419126 12.4543794 
1739.0000000 12.1454940 12.2579609 
1740.0000000 11.9490755 12.0615423 
1741.0000000 11.7526569 11.8651238 
1742.0000000 11.5562384 11.6687052 
1743.0000000 11.3598198 11.4722867 
1744.0000000 11.1634013 11.2758681 
1745.0000000 10.9669827 11.0794496 
1746.0000000 10.7705642 10.8830310 
1747.0000000 10.5741456 10.6866125 
1748.0000000 10.3777270 10.4901939 
1749.0000000 10.1813085 10.2937754 
1750.0000000 9.9848899 10.0973568 
1751.0000000 9.7884714 9.9009383 
1752.0000000 9.5920528 9.7045197 
1753.0000000 9.3956343 9.5081012 
1754.0000000 9.1992157 9.3116826 
1755.0000000 9.0027972 9.1152641 
1756.0000000 8.8063786 8.9188455 
1757.0000000 8.6099601 8.7224270 
1758.0000000 8.4135415 8.5260084 
1759.0000000 8.2171230 8.3295899 
1760.0000000 8.0207044 8.1331713 
1761.0000000 7.8242859 7.9367528 
1762.0000000 7.6278673 7.7403342 
1763.0000000 7.4314488 7.5439157 
1764.0000000 7.2350302 7.3474971 
1765.0000000 7.0386117 7.1510786 
1766.0000000 6.8421931 6.9546600 
1767.0000000 6.6457746 6.7582415 
1768.0000000 6.4493560 6.5618229 
1769.0000000 6.2529375 6.3654044 
1770.0000000 6.0565189 6.1689858 
1771.0000000 5.8601004 5.9725673 
1772.0000000 5.6636818 5.7761487 
1773.0000000 5.4672633 5.5797302 
1774.0000000 5.2708447 5.3833116 
1775.0000000 5.0744262 5.1868931 
1776.0000000 4.8780076 4.9904745 
1777.0000000 4.6815891 4.7940560 
1778.0000000 4.4851705 4.5976374 
1779.0000000 4.2887520 4.4012189 
1780.0000000 4.0923334 4.2048003 
1781.0000000 3.8959149 4.0083818 
1782.0000000 3.6994963 3.8119632 
1783.0000000 3.5030778 3.6155447 
1784.0000000 3.3066592 3.4191261 
1785.0000000 3.1102407 3.2227076 
1786.0000000 2.9138221 3.0262890 
1787.0000000 2.7174036 2.8298705 
1788.0000000 2.5209850 2.6334519 
1789.0000000 2.3245665 2.4370334 
1790.0000000 2.1281479 2.2406148 
1791.0000000 1.9317294 2.0441963 
1792.0000000 1.7353108 1.8477777 
1793.0000000 1.5388923 1.6513592 
1794.0000000 1.3424737 1.4549406 
1795.0000000 1.1460552 1.2585221 
1796.0000000 0.9496366 1.0621035 
1797.0000000 0.7532181 0.8656850 
1798.0000000 0.5567995 0.6692664 
1799.0000000 0.3603810 0.4728479 
1800.0000000 0.1639624 0.2764293 

