1.0000000 353.4704938 353.5058870 
2.0000000 353.2740752 353.3094685 
3.0000000 353.0776567 353.1130499 
4.0000000 352.8812381 352.9166314 
5.0000000 352.6848196 352.7202128 
6.0000000 352.4884010 352.5237943 
7.0000000 352.2919825 352.3273757 
8.0000000 352.0955639 352.1309572 
9.0000000 351.8991454 351.9345386 
10.0000000 351.7027268 351.7381201 
11.0000000 351.5063082 351.5417015 
12.0000000 351.3098897 351.3452830 
13.0000000 351.1134711 351.1488644 
14.0000000 350.9170526 350.9524459 
15.0000000 350.7206340 350.7560273 
16.0000000 350.5242155 350.5596088 
17.0000000 350.3277969 350.3631902 
18.0000000 350.1313784 350.1667717 
19.0000000 349.9349598 349.9703531 
20.0000000 349.7385413 349.7739346 
21.0000000 349.5421227 349.5775160 
22.0000000 349.3457042 349.3810975 
23.0000000 349.1492856 349.1846789 
24.0000000 348.9528671 348.9882604 
25.0000000 348.7564485 348.7918418 
26.0000000 348.5600300 348.5954233 
27.0000000 348.3636114 348.3990047 
28.0000000 348.1671929 348.2025862 
29.0000000 347.9707743 348.0061676 
30.0000000 347.7743558 347.8097491 
31.0000000 347.5779372 347.6133305 
32.0000000 347.3815187 347.4169120 
33.0000000 347.1851001 347.2204934 
34.0000000 346.9886816 347.0240749 
35.0000000 346.7922630 346.8276563 
36.0000000 346.5958445 346.6312378 
37.0000000 346.3994259 346.4348192 
38.0000000 346.2030074 346.2384007 
39.0000000 346.0065888 346.0419821 
40.0000000 345.8101703 345.8455636 
41.0000000 345.6137517 345.6491450 
42.0000000 345.4173332 345.4527265 
43.0000000 345.2209146 345.2563079 
44.0000000 345.0244961 345.0598894 
45.0000000 344.8280775 344.8634708 
46.0000000 344.6316590 344.6670523 
47.0000000 344.4352404 344.4706337 
48.0000000 344.2388219 344.2742152 
49.0000000 344.0424033 344.0777966 
50.0000000 343.8459848 343.8813781 
51.0000000 343.6495662 343.6849595 
52.0000000 343.4531477 343.4885410 
53.0000000 343.2567291 343.2921224 
54.0000000 343.0603106 343.0957039 
55.0000000 342.8638920 342.8992853 
56.0000000 342.6674735 342.7028668 
57.0000000 342.4710549 342.5064482 
58.0000000 342.2746364 342.3100297 
59.0000000 342.0782178 342.1136111 
60.0000000 341.8817993 341.9171926 
61.0000000 341.6853807 341.7207740 
62.0000000 341.4889622 341.5243555 
63.0000000 341.2925436 341.3279369 
64.0000000 341.0961251 341.1315184 
65.0000000 340.8997065 340.9350998 
66.0000000 340.7032880 340.7386813 
67.0000000 340.5068694 340.5422627 
68.0000000 340.3104509 340.3458442 
69.0000000 340.1140323 340.1494256 
70.0000000 339.9176138 339.9530071 
71.0000000 339.7211952 339.7565885 
72.0000000 339.5247767 339.5601700 
73.0000000 339.3283581 339.3637514 
74.0000000 339.1319396 339.1673329 
75.0000000 338.9355210 338.9709143 
76.0000000 338.7391025 338.7744958 
77.0000000 338.5426839 338.5780772 
78.0000000 338.3462654 338.3816587 
79.0000000 338.1498468 338.1852401 
80.0000000 337.9534283 337.9888216 
81.0000000 337.7570097 337.7924030 
82.0000000 337.5605912 337.5959845 
83.0000000 337.3641726 337.3995659 
84.0000000 337.1677541 337.2031474 
85.0000000 336.9713355 337.0067288 
86.0000000 336.7749170 336.8103103 
87.0000000 336.5784984 336.6138917 
88.0000000 336.3820799 336.4174732 
89.0000000 336.1856613 336.2210546 
90.0000000 335.9892428 336.0246361 
91.0000000 335.7928242 335.8282175 
92.0000000 335.5964057 335.6317990 
93.0000000 335.3999871 335.4353804 
94.0000000 335.2035686 335.2389619 
95.0000000 335.0071500 335.0425433 
96.0000000 334.8107315 334.8461248 
97.0000000 334.6143129 334.6497062 
98.0000000 334.4178944 334.4532877 
99.0000000 334.2214758 334.2568691 
100.0000000 334.0250573 334.0604506 
101.0000000 333.8286387 333.8640320 
102.0000000 333.6322202 333.6676135 
103.0000000 333.4358016 333.4711949 
104.0000000 333.2393831 333.2747764 
105.0000000 333.0429645 333.0783578 
106.0000000 332.8465460 332.8819393 
107.0000000 332.6501274 332.6855207 
108.0000000 332.4537089 332.4891022 
109.0000000 332.2572903 332.2926836 
110.0000000 332.0608718 332.0962651 
111.0000000 331.8644532 331.8998465 
112.0000000 331.6680347 331.7034280 
113.0000000 331.4716161 331.5070094 
114.0000000 331.2751976 331.3105909 
115.0000000 331.0787790 331.1141723 
116.0000000 330.8823605 330.9177538 
117.0000000 330.6859419 330.7213352 
118.0000000 330.4895234 330.5249167 
119.0000000 330.2931048 330.3284981 
120.0000000 330.0966863 330.1320796 
121.0000000 329.9002677 329.9356610 
122.0000000 329.7038492 329.7392425 
123.0000000 329.5074306 329.5428239 
124.0000000 329.3110121 329.3464053 
125.0000000 329.1145935 329.1499868 
126.0000000 328.9181750 328.9535682 
127.0000000 328.7217564 328.7571497 
128.0000000 328.5253379 328.5607311 
129.0000000 328.3289193 328.3643126 
130.0000000 328.1325008 328.1678940 
131.0000000 327.9360822 327.9714755 
132.0000000 327.7396637 327.7750569 
133.0000000 327.5432451 327.5786384 
134.0000000 327.3468266 327.3822198 
135.0000000 327.1504080 327.1858013 
136.0000000 326.9539895 326.9893827 
137.0000000 326.7575709 326.7929642 
138.0000000 326.5611524 326.5965456 
139.0000000 326.3647338 326.4001271 
140.0000000 326.1683153 326.2037085 
141.0000000 325.9718967 326.0072900 
142.0000000 325.7754782 325.8108714 
143.0000000 325.5790596 325.6144529 
144.0000000 325.3826411 325.4180343 
145.0000000 325.1862225 325.2216158 
146.0000000 324.9898040 325.0251972 
147.0000000 324.7933854 324.8287787 
148.0000000 324.5969669 324.6323601 
149.0000000 324.4005483 324.4359416 
150.0000000 324.2041298 324.2395230 
151.0000000 324.0077112 324.0431045 
152.0000000 323.8112927 323.8466859 
153.0000000 323.6148741 323.6502674 
154.0000000 323.4184556 323.4538488 
155.0000000 323.2220370 323.2574303 
156.0000000 323.0256185 323.0610117 
157.0000000 322.8291999 322.8645932 
158.0000000 322.6327814 322.6681746 
159.0000000 322.4363628 322.4717561 
160.0000000 322.2399443 322.2753375 
161.0000000 322.0435257 322.0789190 
162.0000000 321.8471071 321.8825004 
163.0000000 321.6506886 321.6860819 
164.0000000 321.4542700 321.4896633 
165.0000000 321.2578515 321.2932448 
166.0000000 321.0614329 321.0968262 
167.0000000 320.8650144 320.9004077 
168.0000000 320.6685958 320.7039891 
169.0000000 320.4721773 320.5075706 
170.0000000 320.2757587 320.3111520 
171.0000000 320.0793402 320.1147335 
172.0000000 319.8829216 319.9183149 
173.0000000 319.6865031 319.7218964 
174.0000000 319.4900845 319.5254778 
175.0000000 319.2936660 319.3290593 
176.0000000 319.0972474 319.1326407 
177.0000000 318.9008289 318.9362222 
178.0000000 318.7044103 318.7398036 
179.0000000 318.5079918 318.5433851 
180.0000000 318.3115732 318.3469665 
181.0000000 318.1151547 318.1505480 
182.0000000 317.9187361 317.9541294 
183.0000000 317.7223176 317.7577109 
184.0000000 317.5258990 317.5612923 
185.0000000 317.3294805 317.3648738 
186.0000000 317.1330619 317.1684552 
187.0000000 316.9366434 316.9720367 
188.0000000 316.7402248 316.7756181 
189.0000000 316.5438063 316.5791996 
190.0000000 316.3473877 316.3827810 
191.0000000 316.1509692 316.1863625 
192.0000000 315.9545506 315.9899439 
193.0000000 315.7581321 315.7935254 
194.0000000 315.5617135 315.5971068 
195.0000000 315.3652950 315.4006883 
196.0000000 315.1688764 315.2042697 
197.0000000 314.9724579 315.0078512 
198.0000000 314.7760393 314.8114326 
199.0000000 314.5796208 314.6150141 
200.0000000 314.3832022 314.4185955 
201.0000000 314.1867837 314.2221770 
202.0000000 313.9903651 314.0257584 
203.0000000 313.7939466 313.8293399 
204.0000000 313.5975280 313.6329213 
205.0000000 313.4011095 313.4365028 
206.0000000 313.2046909 313.2400842 
207.0000000 313.0082724 313.0436657 
208.0000000 312.8118538 312.8472471 
209.0000000 312.6154353 312.6508286 
210.0000000 312.4190167 312.4544100 
211.0000000 312.2225982 312.2579915 
212.0000000 312.0261796 312.0615729 
213.0000000 311.8297611 311.8651544 
214.0000000 311.6333425 311.6687358 
215.0000000 311.4369240 311.4723173 
216.0000000 311.2405054 311.2758987 
217.0000000 311.0440869 311.0794802 
218.0000000 310.8476683 310.8830616 
219.0000000 310.6512498 310.6866431 
220.0000000 310.4548312 310.4902245 
221.0000000 310.2584127 310.2938060 
222.0000000 310.0619941 310.0973874 
223.0000000 309.8655756 309.9009689 
224.0000000 309.6691570 309.7045503 
225.0000000 309.4727385 309.5081318 
226.0000000 309.2763199 309.3117132 
227.0000000 309.0799014 309.1152947 
228.0000000 308.8834828 308.9188761 
229.0000000 308.6870643 308.7224576 
230.0000000 308.4906457 308.5260390 
231.0000000 308.2942272 308.3296205 
232.0000000 308.0978086 308.1332019 
233.0000000 307.9013901 307.9367834 
234.0000000 307.7049715 307.7403648 
235.0000000 307.5085530 307.5439463 
236.0000000 307.3121344 307.3475277 
237.0000000 307.1157159 307.1511092 
238.0000000 306.9192973 306.9546906 
239.0000000 306.7228788 306.7582721 
240.0000000 306.5264602 306.5618535 
241.0000000 306.3300417 306.3654350 
242.0000000 306.1336231 306.1690164 
243.0000000 305.9372046 305.9725979 
244.0000000 305.7407860 305.7761793 
245.0000000 305.5443675 305.5797608 
246.0000000 305.3479489 305.3833422 
247.0000000 305.1515304 305.1869237 
248.0000000 304.9551118 304.9905051 
249.0000000 304.7586933 304.7940866 
250.0000000 304.5622747 304.5976680 
251.0000000 304.3658562 304.4012495 
252.0000000 304.1694376 304.2048309 
253.0000000 303.9730191 304.0084124 
254.0000000 303.7766005 303.8119938 
255.0000000 303.5801820 303.6155753 
256.0000000 303.3837634 303.4191567 
257.0000000 303.1873449 303.2227382 
258.0000000 302.9909263 303.0263196 
259.0000000 302.7945078 302.8299011 
260.0000000 302.5980892 302.6334825 
261.0000000 302.4016707 302.4370640 
262.0000000 302.2052521 302.2406454 
263.0000000 302.0088336 302.0442269 
264.0000000 301.8124150 301.8478083 
265.0000000 301.6159965 301.6513898 
266.0000000 301.4195779 301.4549712 
267.0000000 301.2231594 301.2585527 
268.0000000 301.0267408 301.0621341 
269.0000000 300.8303223 300.8657156 
270.0000000 300.6339037 300.6692970 
271.0000000 300.4374852 300.4728785 
272.0000000 300.2410666 300.2764599 
273.0000000 300.0446481 300.0800414 
274.0000000 299.8482295 299.8836228 
275.0000000 299.6518110 299.6872042 
276.0000000 299.4553924 299.4907857 
277.0000000 299.2589739 299.2943671 
278.0000000 299.0625553 299.0979486 
279.0000000 298.8661368 298.9015300 
280.0000000 298.6697182 298.7051115 
281.0000000 298.4732997 298.5086929 
282.0000000 298.2768811 298.3122744 
283.0000000 298.0804626 298.1158558 
284.0000000 297.8840440 297.9194373 
285.0000000 297.6876255 297.7230187 
286.0000000 297.4912069 297.5266002 
287.0000000 297.2947884 297.3301816 
288.0000000 297.0983698 297.1337631 
289.0000000 296.9019513 296.9373445 
290.0000000 296.7055327 296.7409260 
291.0000000 296.5091142 296.5445074 
292.0000000 296.3126956 296.3480889 
293.0000000 296.1162771 296.1516703 
294.0000000 295.9198585 295.9552518 
295.0000000 295.7234400 295.7588332 
296.0000000 295.5270214 295.5624147 
297.0000000 295.3306029 295.3659961 
298.0000000 295.1341843 295.1695776 
299.0000000 294.9377658 294.9731590 
300.0000000 294.7413472 294.7767405 
301.0000000 294.5449287 294.5803219 
302.0000000 294.3485101 294.3839034 
303.0000000 294.1520916 294.1874848 
304.0000000 293.9556730 293.9910663 
305.0000000 293.7592545 293.7946477 
306.0000000 293.5628359 293.5982292 
307.0000000 293.3664174 293.4018106 
308.0000000 293.1699988 293.2053921 
309.0000000 292.9735803 293.0089735 
310.0000000 292.7771617 292.8125550 
311.0000000 292.5807432 292.6161364 
312.0000000 292.3843246 292.4197179 
313.0000000 292.1879060 292.2232993 
314.0000000 291.9914875 292.0268808 
315.0000000 291.7950689 291.8304622 
316.0000000 291.5986504 291.6340437 
317.0000000 291.4022318 291.4376251 
318.0000000 291.2058133 291.2412066 
319.0000000 291.0093947 291.0447880 
320.0000000 290.8129762 290.8483695 
321.0000000 290.6165576 290.6519509 
322.0000000 290.4201391 290.4555324 
323.0000000 290.2237205 290.2591138 
324.0000000 290.0273020 290.0626953 
325.0000000 289.8308834 289.8662767 
326.0000000 289.6344649 289.6698582 
327.0000000 289.4380463 289.4734396 
328.0000000 289.2416278 289.2770211 
329.0000000 289.0452092 289.0806025 
330.0000000 288.8487907 288.8841840 
331.0000000 288.6523721 288.6877654 
332.0000000 288.4559536 288.4913469 
333.0000000 288.2595350 288.2949283 
334.0000000 288.0631165 288.0985098 
335.0000000 287.8666979 287.9020912 
336.0000000 287.6702794 287.7056727 
337.0000000 287.4738608 287.5092541 
338.0000000 287.2774423 287.3128356 
339.0000000 287.0810237 287.1164170 
340.0000000 286.8846052 286.9199985 
341.0000000 286.6881866 286.7235799 
342.0000000 286.4917681 286.5271614 
343.0000000 286.2953495 286.3307428 
344.0000000 286.0989310 286.1343243 
345.0000000 285.9025124 285.9379057 
346.0000000 285.7060939 285.7414872 
347.0000000 285.5096753 285.5450686 
348.0000000 285.3132568 285.3486501 
349.0000000 285.1168382 285.1522315 
350.0000000 284.9204197 284.9558130 
351.0000000 284.7240011 284.7593944 
352.0000000 284.5275826 284.5629759 
353.0000000 284.3311640 284.3665573 
354.0000000 284.1347455 284.1701388 
355.0000000 283.9383269 283.9737202 
356.0000000 283.7419084 283.7773017 
357.0000000 283.5454898 283.5808831 
358.0000000 283.3490713 283.3844646 
359.0000000 283.1526527 283.1880460 
360.0000000 282.9562342 282.9916275 
361.0000000 282.7598156 282.7952089 
362.0000000 282.5633971 282.5987904 
363.0000000 282.3669785 282.4023718 
364.0000000 282.1705600 282.2059533 
365.0000000 281.9741414 282.0095347 
366.0000000 281.7777229 281.8131162 
367.0000000 281.5813043 281.6166976 
368.0000000 281.3848858 281.4202791 
369.0000000 281.1884672 281.2238605 
370.0000000 280.9920487 281.0274420 
371.0000000 280.7956301 280.8310234 
372.0000000 280.5992116 280.6346049 
373.0000000 280.4027930 280.4381863 
374.0000000 280.2063745 280.2417678 
375.0000000 280.0099559 280.0453492 
376.0000000 279.8135374 279.8489307 
377.0000000 279.6171188 279.6525121 
378.0000000 279.4207003 279.4560936 
379.0000000 279.2242817 279.2596750 
380.0000000 279.0278632 279.0632565 
381.0000000 278.8314446 278.8668379 
382.0000000 278.6350261 278.6704194 
383.0000000 278.4386075 278.4740008 
384.0000000 278.2421890 278.2775823 
385.0000000 278.0457704 278.0811637 
386.0000000 277.8493519 277.8847452 
387.0000000 277.6529333 277.6883266 
388.0000000 277.4565148 277.4919081 
389.0000000 277.2600962 277.2954895 
390.0000000 277.0636777 277.0990710 
391.0000000 276.8672591 276.9026524 
392.0000000 276.6708406 276.7062339 
393.0000000 276.4744220 276.5098153 
394.0000000 276.2780035 276.3133968 
395.0000000 276.0815849 276.1169782 
396.0000000 275.8851664 275.9205597 
397.0000000 275.6887478 275.7241411 
398.0000000 275.4923293 275.5277226 
399.0000000 275.2959107 275.3313040 
400.0000000 275.0994922 275.1348855 
401.0000000 274.9030736 274.9384669 
402.0000000 274.7066551 274.7420484 
403.0000000 274.5102365 274.5456298 
404.0000000 274.3138180 274.3492113 
405.0000000 274.1173994 274.1527927 
406.0000000 273.9209809 273.9563742 
407.0000000 273.7245623 273.7599556 
408.0000000 273.5281438 273.5635371 
409.0000000 273.3317252 273.3671185 
410.0000000 273.1353067 273.1707000 
411.0000000 272.9388881 272.9742814 
412.0000000 272.7424696 272.7778629 
413.0000000 272.5460510 272.5814443 
414.0000000 272.3496325 272.3850258 
415.0000000 272.1532139 272.1886072 
416.0000000 271.9567954 271.9921887 
417.0000000 271.7603768 271.7957701 
418.0000000 271.5639583 271.5993516 
419.0000000 271.3675397 271.4029330 
420.0000000 271.1711212 271.2065145 
421.0000000 270.9747026 271.0100959 
422.0000000 270.7782841 270.8136774 
423.0000000 270.5818655 270.6172588 
424.0000000 270.3854470 270.4208403 
425.0000000 270.1890284 270.2244217 
426.0000000 269.9926099 270.0280032 
427.0000000 269.7961913 269.8315846 
428.0000000 269.5997728 269.6351660 
429.0000000 269.4033542 269.4387475 
430.0000000 269.2069357 269.2423289 
431.0000000 269.0105171 269.0459104 
432.0000000 268.8140986 268.8494918 
433.0000000 268.6176800 268.6530733 
434.0000000 268.4212615 268.4566547 
435.0000000 268.2248429 268.2602362 
436.0000000 268.0284244 268.0638176 
437.0000000 267.8320058 267.8673991 
438.0000000 267.6355873 267.6709805 
439.0000000 267.4391687 267.4745620 
440.0000000 267.2427502 267.2781434 
441.0000000 267.0463316 267.0817249 
442.0000000 266.8499131 266.8853063 
443.0000000 266.6534945 266.6888878 
444.0000000 266.4570760 266.4924692 
445.0000000 266.2606574 266.2960507 
446.0000000 266.0642389 266.0996321 
447.0000000 265.8678203 265.9032136 
448.0000000 265.6714018 265.7067950 
449.0000000 265.4749832 265.5103765 
450.0000000 265.2785647 265.3139579 
451.0000000 265.0821461 265.1175394 
452.0000000 264.8857276 264.9211208 
453.0000000 264.6893090 264.7247023 
454.0000000 264.4928905 264.5282837 
455.0000000 264.2964719 264.3318652 
456.0000000 264.1000534 264.1354466 
457.0000000 263.9036348 263.9390281 
458.0000000 263.7072163 263.7426095 
459.0000000 263.5107977 263.5461910 
460.0000000 263.3143792 263.3497724 
461.0000000 263.1179606 263.1533539 
462.0000000 262.9215421 262.9569353 
463.0000000 262.7251235 262.7605168 
464.0000000 262.5287050 262.5640982 
465.0000000 262.3322864 262.3676797 
466.0000000 262.1358678 262.1712611 
467.0000000 261.9394493 261.9748426 
468.0000000 261.7430307 261.7784240 
469.0000000 261.5466122 261.5820055 
470.0000000 261.3501936 261.3855869 
471.0000000 261.1537751 261.1891684 
472.0000000 260.9573565 260.9927498 
473.0000000 260.7609380 260.7963313 
474.0000000 260.5645194 260.5999127 
475.0000000 260.3681009 260.4034942 
476.0000000 260.1716823 260.2070756 
477.0000000 259.9752638 260.0106571 
478.0000000 259.7788452 259.8142385 
479.0000000 259.5824267 259.6178200 
480.0000000 259.3860081 259.4214014 
481.0000000 259.1895896 259.2249829 
482.0000000 258.9931710 259.0285643 
483.0000000 258.7967525 258.8321458 
484.0000000 258.6003339 258.6357272 
485.0000000 258.4039154 258.4393087 
486.0000000 258.2074968 258.2428901 
487.0000000 258.0110783 258.0464716 
488.0000000 257.8146597 257.8500530 
489.0000000 257.6182412 257.6536345 
490.0000000 257.4218226 257.4572159 
491.0000000 257.2254041 257.2607974 
492.0000000 257.0289855 257.0643788 
493.0000000 256.8325670 256.8679603 
494.0000000 256.6361484 256.6715417 
495.0000000 256.4397299 256.4751232 
496.0000000 256.2433113 256.2787046 
497.0000000 256.0468928 256.0822861 
498.0000000 255.8504742 255.8858675 
499.0000000 255.6540557 255.6894490 
500.0000000 255.4576371 255.4930304 
501.0000000 255.2612186 255.2966119 
502.0000000 255.0648000 255.1001933 
503.0000000 254.8683815 254.9037748 
504.0000000 254.6719629 254.7073562 
505.0000000 254.4755444 254.5109377 
506.0000000 254.2791258 254.3145191 
507.0000000 254.0827073 254.1181006 
508.0000000 253.8862887 253.9216820 
509.0000000 253.6898702 253.7252635 
510.0000000 253.4934516 253.5288449 
511.0000000 253.2970331 253.3324264 
512.0000000 253.1006145 253.1360078 
513.0000000 252.9041960 252.9395893 
514.0000000 252.7077774 252.7431707 
515.0000000 252.5113589 252.5467522 
516.0000000 252.3149403 252.3503336 
517.0000000 252.1185218 252.1539151 
518.0000000 251.9221032 251.9574965 
519.0000000 251.7256847 251.7610780 
520.0000000 251.5292661 251.5646594 
521.0000000 251.3328476 251.3682409 
522.0000000 251.1364290 251.1718223 
523.0000000 250.9400105 250.9754038 
524.0000000 250.7435919 250.7789852 
525.0000000 250.5471734 250.5825667 
526.0000000 250.3507548 250.3861481 
527.0000000 250.1543363 250.1897296 
528.0000000 249.9579177 249.9933110 
529.0000000 249.7614992 249.7968925 
530.0000000 249.5650806 249.6004739 
531.0000000 249.3686621 249.4040554 
532.0000000 249.1722435 249.2076368 
533.0000000 248.9758250 249.0112183 
534.0000000 248.7794064 248.8147997 
535.0000000 248.5829879 248.6183812 
536.0000000 248.3865693 248.4219626 
537.0000000 248.1901508 248.2255441 
538.0000000 247.9937322 248.0291255 
539.0000000 247.7973137 247.8327070 
540.0000000 247.6008951 247.6362884 
541.0000000 247.4044766 247.4398699 
542.0000000 247.2080580 247.2434513 
543.0000000 247.0116395 247.0470328 
544.0000000 246.8152209 246.8506142 
545.0000000 246.6188024 246.6541957 
546.0000000 246.4223838 246.4577771 
547.0000000 246.2259653 246.2613586 
548.0000000 246.0295467 246.0649400 
549.0000000 245.8331282 245.8685215 
550.0000000 245.6367096 245.6721029 
551.0000000 245.4402911 245.4756844 
552.0000000 245.2438725 245.2792658 
553.0000000 245.0474540 245.0828473 
554.0000000 244.8510354 244.8864287 
555.0000000 244.6546169 244.6900102 
556.0000000 244.4581983 244.4935916 
557.0000000 244.2617798 244.2971731 
558.0000000 244.0653612 244.1007545 
559.0000000 243.8689427 243.9043360 
560.0000000 243.6725241 243.7079174 
561.0000000 243.4761056 243.5114989 
562.0000000 243.2796870 243.3150803 
563.0000000 243.0832685 243.1186618 
564.0000000 242.8868499 242.9222432 
565.0000000 242.6904314 242.7258247 
566.0000000 242.4940128 242.5294061 
567.0000000 242.2975943 242.3329876 
568.0000000 242.1011757 242.1365690 
569.0000000 241.9047572 241.9401505 
570.0000000 241.7083386 241.7437319 
571.0000000 241.5119201 241.5473134 
572.0000000 241.3155015 241.3508948 
573.0000000 241.1190830 241.1544763 
574.0000000 240.9226644 240.9580577 
575.0000000 240.7262459 240.7616392 
576.0000000 240.5298273 240.5652206 
577.0000000 240.3334088 240.3688021 
578.0000000 240.1369902 240.1723835 
579.0000000 239.9405717 239.9759649 
580.0000000 239.7441531 239.7795464 
581.0000000 239.5477346 239.5831278 
582.0000000 239.3513160 239.3867093 
583.0000000 239.1548975 239.1902907 
584.0000000 238.9584789 238.9938722 
585.0000000 238.7620604 238.7974536 
586.0000000 238.5656418 238.6010351 
587.0000000 238.3692233 238.4046165 
588.0000000 238.1728047 238.2081980 
589.0000000 237.9763862 238.0117794 
590.0000000 237.7799676 237.8153609 
591.0000000 237.5835491 237.6189423 
592.0000000 237.3871305 237.4225238 
593.0000000 237.1907120 237.2261052 
594.0000000 236.9942934 237.0296867 
595.0000000 236.7978749 236.8332681 
596.0000000 236.6014563 236.6368496 
597.0000000 236.4050378 236.4404310 
598.0000000 236.2086192 236.2440125 
599.0000000 236.0122007 236.0475939 
600.0000000 235.8157821 235.8511754 
601.0000000 235.6193636 235.6547568 
602.0000000 235.4229450 235.4583383 
603.0000000 235.2265265 235.2619197 
604.0000000 235.0301079 235.0655012 
605.0000000 234.8336894 234.8690826 
606.0000000 234.6372708 234.6726641 
607.0000000 234.4408523 234.4762455 
608.0000000 234.2444337 234.2798270 
609.0000000 234.0480152 234.0834084 
610.0000000 233.8515966 233.8869899 
611.0000000 233.6551781 233.6905713 
612.0000000 233.4587595 233.4941528 
613.0000000 233.2623410 233.2977342 
614.0000000 233.0659224 233.1013157 
615.0000000 232.8695039 232.9048971 
616.0000000 232.6730853 232.7084786 
617.0000000 232.4766667 232.5120600 
618.0000000 232.2802482 232.3156415 
619.0000000 232.0838296 232.1192229 
620.0000000 231.8874111 231.9228044 
621.0000000 231.6909925 231.7263858 
622.0000000 231.4945740 231.5299673 
623.0000000 231.2981554 231.3335487 
624.0000000 231.1017369 231.1371302 
625.0000000 230.9053183 230.9407116 
626.0000000 230.7088998 230.7442931 
627.0000000 230.5124812 230.5478745 
628.0000000 230.3160627 230.3514560 
629.0000000 230.1196441 230.1550374 
630.0000000 229.9232256 229.9586189 
631.0000000 229.7268070 229.7622003 
632.0000000 229.5303885 229.5657818 
633.0000000 229.3339699 229.3693632 
634.0000000 229.1375514 229.1729447 
635.0000000 228.9411328 228.9765261 
636.0000000 228.7447143 228.7801076 
637.0000000 228.5482957 228.5836890 
638.0000000 228.3518772 228.3872705 
639.0000000 228.1554586 228.1908519 
640.0000000 227.9590401 227.9944334 
641.0000000 227.7626215 227.7980148 
642.0000000 227.5662030 227.6015963 
643.0000000 227.3697844 227.4051777 
644.0000000 227.1733659 227.2087592 
645.0000000 226.9769473 227.0123406 
646.0000000 226.7805288 226.8159221 
647.0000000 226.5841102 226.6195035 
648.0000000 226.3876917 226.4230850 
649.0000000 226.1912731 226.2266664 
650.0000000 225.9948546 226.0302479 
651.0000000 225.7984360 225.8338293 
652.0000000 225.6020175 225.6374108 
653.0000000 225.4055989 225.4409922 
654.0000000 225.2091804 225.2445737 
655.0000000 225.0127618 225.0481551 
656.0000000 224.8163433 224.8517366 
657.0000000 224.6199247 224.6553180 
658.0000000 224.4235062 224.4588995 
659.0000000 224.2270876 224.2624809 
660.0000000 224.0306691 224.0660624 
661.0000000 223.8342505 223.8696438 
662.0000000 223.6378320 223.6732253 
663.0000000 223.4414134 223.4768067 
664.0000000 223.2449949 223.2803882 
665.0000000 223.0485763 223.0839696 
666.0000000 222.8521578 222.8875511 
667.0000000 222.6557392 222.6911325 
668.0000000 222.4593207 222.4947140 
669.0000000 222.2629021 222.2982954 
670.0000000 222.0664836 222.1018769 
671.0000000 221.8700650 221.9054583 
672.0000000 221.6736465 221.7090398 
673.0000000 221.4772279 221.5126212 
674.0000000 221.2808094 221.3162027 
675.0000000 221.0843908 221.1197841 
676.0000000 220.8879723 220.9233656 
677.0000000 220.6915537 220.7269470 
678.0000000 220.4951352 220.5305285 
679.0000000 220.2987166 220.3341099 
680.0000000 220.1022981 220.1376914 
681.0000000 219.9058795 219.9412728 
682.0000000 219.7094610 219.7448543 
683.0000000 219.5130424 219.5484357 
684.0000000 219.3166239 219.3520172 
685.0000000 219.1202053 219.1555986 
686.0000000 218.9237868 218.9591801 
687.0000000 218.7273682 218.7627615 
688.0000000 218.5309497 218.5663430 
689.0000000 218.3345311 218.3699244 
690.0000000 218.1381126 218.1735059 
691.0000000 217.9416940 217.9770873 
692.0000000 217.7452755 217.7806688 
693.0000000 217.5488569 217.5842502 
694.0000000 217.3524384 217.3878317 
695.0000000 217.1560198 217.1914131 
696.0000000 216.9596013 216.9949946 
697.0000000 216.7631827 216.7985760 
698.0000000 216.5667642 216.6021575 
699.0000000 216.3703456 216.4057389 
700.0000000 216.1739271 216.2093204 
701.0000000 215.9775085 216.0129018 
702.0000000 215.7810900 215.8164833 
703.0000000 215.5846714 215.6200647 
704.0000000 215.3882529 215.4236462 
705.0000000 215.1918343 215.2272276 
706.0000000 214.9954158 215.0308091 
707.0000000 214.7989972 214.8343905 
708.0000000 214.6025787 214.6379720 
709.0000000 214.4061601 214.4415534 
710.0000000 214.2097416 214.2451349 
711.0000000 214.0133230 214.0487163 
712.0000000 213.8169045 213.8522978 
713.0000000 213.6204859 213.6558792 
714.0000000 213.4240674 213.4594607 
715.0000000 213.2276488 213.2630421 
716.0000000 213.0312303 213.0666236 
717.0000000 212.8348117 212.8702050 
718.0000000 212.6383932 212.6737865 
719.0000000 212.4419746 212.4773679 
720.0000000 212.2455561 212.2809494 
721.0000000 212.0491375 212.0845308 
722.0000000 211.8527190 211.8881123 
723.0000000 211.6563004 211.6916937 
724.0000000 211.4598819 211.4952752 
725.0000000 211.2634633 211.2988566 
726.0000000 211.0670448 211.1024381 
727.0000000 210.8706262 210.9060195 
728.0000000 210.6742077 210.7096010 
729.0000000 210.4777891 210.5131824 
730.0000000 210.2813706 210.3167638 
731.0000000 210.0849520 210.1203453 
732.0000000 209.8885335 209.9239267 
733.0000000 209.6921149 209.7275082 
734.0000000 209.4956964 209.5310896 
735.0000000 209.2992778 209.3346711 
736.0000000 209.1028593 209.1382525 
737.0000000 208.9064407 208.9418340 
738.0000000 208.7100222 208.7454154 
739.0000000 208.5136036 208.5489969 
740.0000000 208.3171851 208.3525783 
741.0000000 208.1207665 208.1561598 
742.0000000 207.9243480 207.9597412 
743.0000000 207.7279294 207.7633227 
744.0000000 207.5315109 207.5669041 
745.0000000 207.3350923 207.3704856 
746.0000000 207.1386738 207.1740670 
747.0000000 206.9422552 206.9776485 
748.0000000 206.7458367 206.7812299 
749.0000000 206.5494181 206.5848114 
750.0000000 206.3529996 206.3883928 
751.0000000 206.1565810 206.1919743 
752.0000000 205.9601625 205.9955557 
753.0000000 205.7637439 205.7991372 
754.0000000 205.5673254 205.6027186 
755.0000000 205.3709068 205.4063001 
756.0000000 205.1744883 205.2098815 
757.0000000 204.9780697 205.0134630 
758.0000000 204.7816512 204.8170444 
759.0000000 204.5852326 204.6206259 
760.0000000 204.3888141 204.4242073 
761.0000000 204.1923955 204.2277888 
762.0000000 203.9959770 204.0313702 
763.0000000 203.7995584 203.8349517 
764.0000000 203.6031399 203.6385331 
765.0000000 203.4067213 203.4421146 
766.0000000 203.2103028 203.2456960 
767.0000000 203.0138842 203.0492775 
768.0000000 202.8174656 202.8528589 
769.0000000 202.6210471 202.6564404 
770.0000000 202.4246285 202.4600218 
771.0000000 202.2282100 202.2636033 
772.0000000 202.0317914 202.0671847 
773.0000000 201.8353729 201.8707662 
774.0000000 201.6389543 201.6743476 
775.0000000 201.4425358 201.4779291 
776.0000000 201.2461172 201.2815105 
777.0000000 201.0496987 201.0850920 
778.0000000 200.8532801 200.8886734 
779.0000000 200.6568616 200.6922549 
780.0000000 200.4604430 200.4958363 
781.0000000 200.2640245 200.2994178 
782.0000000 200.0676059 200.1029992 
783.0000000 199.8711874 199.9065807 
784.0000000 199.6747688 199.7101621 
785.0000000 199.4783503 199.5137436 
786.0000000 199.2819317 199.3173250 
787.0000000 199.0855132 199.1209065 
788.0000000 198.8890946 198.9244879 
789.0000000 198.6926761 198.7280694 
790.0000000 198.4962575 198.5316508 
791.0000000 198.2998390 198.3352323 
792.0000000 198.1034204 198.1388137 
793.0000000 197.9070019 197.9423952 
794.0000000 197.7105833 197.7459766 
795.0000000 197.5141648 197.5495581 
796.0000000 197.3177462 197.3531395 
797.0000000 197.1213277 197.1567210 
798.0000000 196.9249091 196.9603024 
799.0000000 196.7284906 196.7638839 
800.0000000 196.5320720 196.5674653 
801.0000000 196.3356535 196.3710468 
802.0000000 196.1392349 196.1746282 
803.0000000 195.9428164 195.9782097 
804.0000000 195.7463978 195.7817911 
805.0000000 195.5499793 195.5853726 
806.0000000 195.3535607 195.3889540 
807.0000000 195.1571422 195.1925355 
808.0000000 194.9607236 194.9961169 
809.0000000 194.7643051 194.7996984 
810.0000000 194.5678865 194.6032798 
811.0000000 194.3714680 194.4068613 
812.0000000 194.1750494 194.2104427 
813.0000000 193.9786309 194.0140242 
814.0000000 193.7822123 193.8176056 
815.0000000 193.5857938 193.6211871 
816.0000000 193.3893752 193.4247685 
817.0000000 193.1929567 193.2283500 
818.0000000 192.9965381 193.0319314 
819.0000000 192.8001196 192.8355129 
820.0000000 192.6037010 192.6390943 
821.0000000 192.4072825 192.4426758 
822.0000000 192.2108639 192.2462572 
823.0000000 192.0144454 192.0498387 
824.0000000 191.8180268 191.8534201 
825.0000000 191.6216083 191.6570016 
826.0000000 191.4251897 191.4605830 
827.0000000 191.2287712 191.2641645 
828.0000000 191.0323526 191.0677459 
829.0000000 190.8359341 190.8713274 
830.0000000 190.6395155 190.6749088 
831.0000000 190.4430970 190.4784903 
832.0000000 190.2466784 190.2820717 
833.0000000 190.0502599 190.0856532 
834.0000000 189.8538413 189.8892346 
835.0000000 189.6574228 189.6928161 
836.0000000 189.4610042 189.4963975 
837.0000000 189.2645857 189.2999790 
838.0000000 189.0681671 189.1035604 
839.0000000 188.8717486 188.9071419 
840.0000000 188.6753300 188.7107233 
841.0000000 188.4789115 188.5143048 
842.0000000 188.2824929 188.3178862 
843.0000000 188.0860744 188.1214677 
844.0000000 187.8896558 187.9250491 
845.0000000 187.6932373 187.7286306 
846.0000000 187.4968187 187.5322120 
847.0000000 187.3004002 187.3357935 
848.0000000 187.1039816 187.1393749 
849.0000000 186.9075631 186.9429564 
850.0000000 186.7111445 186.7465378 
851.0000000 186.5147260 186.5501193 
852.0000000 186.3183074 186.3537007 
853.0000000 186.1218889 186.1572822 
854.0000000 185.9254703 185.9608636 
855.0000000 185.7290518 185.7644451 
856.0000000 185.5326332 185.5680265 
857.0000000 185.3362147 185.3716080 
858.0000000 185.1397961 185.1751894 
859.0000000 184.9433776 184.9787709 
860.0000000 184.7469590 184.7823523 
861.0000000 184.5505405 184.5859338 
862.0000000 184.3541219 184.3895152 
863.0000000 184.1577034 184.1930967 
864.0000000 183.9612848 183.9966781 
865.0000000 183.7648663 183.8002596 
866.0000000 183.5684477 183.6038410 
867.0000000 183.3720292 183.4074225 
868.0000000 183.1756106 183.2110039 
869.0000000 182.9791921 183.0145854 
870.0000000 182.7827735 182.8181668 
871.0000000 182.5863550 182.6217483 
872.0000000 182.3899364 182.4253297 
873.0000000 182.1935179 182.2289112 
874.0000000 181.9970993 182.0324926 
875.0000000 181.8006808 181.8360741 
876.0000000 181.6042622 181.6396555 
877.0000000 181.4078437 181.4432370 
878.0000000 181.2114251 181.2468184 
879.0000000 181.0150066 181.0503999 
880.0000000 180.8185880 180.8539813 
881.0000000 180.6221695 180.6575628 
882.0000000 180.4257509 180.4611442 
883.0000000 180.2293324 180.2647256 
884.0000000 180.0329138 180.0683071 
885.0000000 179.8364953 179.8718885 
886.0000000 179.6400767 179.6754700 
887.0000000 179.4436582 179.4790514 
888.0000000 179.2472396 179.2826329 
889.0000000 179.0508211 179.0862143 
890.0000000 178.8544025 178.8897958 
891.0000000 178.6579840 178.6933772 
892.0000000 178.4615654 178.4969587 
893.0000000 178.2651469 178.3005401 
894.0000000 178.0687283 178.1041216 
895.0000000 177.8723098 177.9077030 
896.0000000 177.6758912 177.7112845 
897.0000000 177.4794727 177.5148659 
898.0000000 177.2830541 177.3184474 
899.0000000 177.0866356 177.1220288 
900.0000000 176.8902170 176.9256103 
901.0000000 176.6937985 176.7291917 
902.0000000 176.4973799 176.5327732 
903.0000000 176.3009614 176.3363546 
904.0000000 176.1045428 176.1399361 
905.0000000 175.9081243 175.9435175 
906.0000000 175.7117057 175.7470990 
907.0000000 175.5152872 175.5506804 
908.0000000 175.3188686 175.3542619 
909.0000000 175.1224501 175.1578433 
910.0000000 174.9260315 174.9614248 
911.0000000 174.7296130 174.7650062 
912.0000000 174.5331944 174.5685877 
913.0000000 174.3367759 174.3721691 
914.0000000 174.1403573 174.1757506 
915.0000000 173.9439388 173.9793320 
916.0000000 173.7475202 173.7829135 
917.0000000 173.5511017 173.5864949 
918.0000000 173.3546831 173.3900764 
919.0000000 173.1582646 173.1936578 
920.0000000 172.9618460 172.9972393 
921.0000000 172.7654274 172.8008207 
922.0000000 172.5690089 172.6044022 
923.0000000 172.3725903 172.4079836 
924.0000000 172.1761718 172.2115651 
925.0000000 171.9797532 172.0151465 
926.0000000 171.7833347 171.8187280 
927.0000000 171.5869161 171.6223094 
928.0000000 171.3904976 171.4258909 
929.0000000 171.1940790 171.2294723 
930.0000000 170.9976605 171.0330538 
931.0000000 170.8012419 170.8366352 
932.0000000 170.6048234 170.6402167 
933.0000000 170.4084048 170.4437981 
934.0000000 170.2119863 170.2473796 
935.0000000 170.0155677 170.0509610 
936.0000000 169.8191492 169.8545425 
937.0000000 169.6227306 169.6581239 
938.0000000 169.4263121 169.4617054 
939.0000000 169.2298935 169.2652868 
940.0000000 169.0334750 169.0688683 
941.0000000 168.8370564 168.8724497 
942.0000000 168.6406379 168.6760312 
943.0000000 168.4442193 168.4796126 
944.0000000 168.2478008 168.2831941 
945.0000000 168.0513822 168.0867755 
946.0000000 167.8549637 167.8903570 
947.0000000 167.6585451 167.6939384 
948.0000000 167.4621266 167.4975199 
949.0000000 167.2657080 167.3011013 
950.0000000 167.0692895 167.1046828 
951.0000000 166.8728709 166.9082642 
952.0000000 166.6764524 166.7118457 
953.0000000 166.4800338 166.5154271 
954.0000000 166.2836153 166.3190086 
955.0000000 166.0871967 166.1225900 
956.0000000 165.8907782 165.9261715 
957.0000000 165.6943596 165.7297529 
958.0000000 165.4979411 165.5333344 
959.0000000 165.3015225 165.3369158 
960.0000000 165.1051040 165.1404973 
961.0000000 164.9086854 164.9440787 
962.0000000 164.7122669 164.7476602 
963.0000000 164.5158483 164.5512416 
964.0000000 164.3194298 164.3548231 
965.0000000 164.1230112 164.1584045 
966.0000000 163.9265927 163.9619860 
967.0000000 163.7301741 163.7655674 
968.0000000 163.5337556 163.5691489 
969.0000000 163.3373370 163.3727303 
970.0000000 163.1409185 163.1763118 
971.0000000 162.9444999 162.9798932 
972.0000000 162.7480814 162.7834747 
973.0000000 162.5516628 162.5870561 
974.0000000 162.3552443 162.3906376 
975.0000000 162.1588257 162.1942190 
976.0000000 161.9624072 161.9978005 
977.0000000 161.7659886 161.8013819 
978.0000000 161.5695701 161.6049634 
979.0000000 161.3731515 161.4085448 
980.0000000 161.1767330 161.2121263 
981.0000000 160.9803144 161.0157077 
982.0000000 160.7838959 160.8192892 
983.0000000 160.5874773 160.6228706 
984.0000000 160.3910588 160.4264521 
985.0000000 160.1946402 160.2300335 
986.0000000 159.9982217 160.0336150 
987.0000000 159.8018031 159.8371964 
988.0000000 159.6053846 159.6407779 
989.0000000 159.4089660 159.4443593 
990.0000000 159.2125475 159.2479408 
991.0000000 159.0161289 159.0515222 
992.0000000 158.8197104 158.8551037 
993.0000000 158.6232918 158.6586851 
994.0000000 158.4268733 158.4622666 
995.0000000 158.2304547 158.2658480 
996.0000000 158.0340362 158.0694295 
997.0000000 157.8376176 157.8730109 
998.0000000 157.6411991 157.6765924 
999.0000000 157.4447805 157.4801738 
1000.0000000 157.2483620 157.2837553 
1001.0000000 157.0519434 157.0873367 
1002.0000000 156.8555249 156.8909182 
1003.0000000 156.6591063 156.6944996 
1004.0000000 156.4626878 156.4980811 
1005.0000000 156.2662692 156.3016625 
1006.0000000 156.0698507 156.1052440 
1007.0000000 155.8734321 155.9088254 
1008.0000000 155.6770136 155.7124069 
1009.0000000 155.4805950 155.5159883 
1010.0000000 155.2841765 155.3195698 
1011.0000000 155.0877579 155.1231512 
1012.0000000 154.8913394 154.9267327 
1013.0000000 154.6949208 154.7303141 
1014.0000000 154.4985023 154.5338956 
1015.0000000 154.3020837 154.3374770 
1016.0000000 154.1056652 154.1410585 
1017.0000000 153.9092466 153.9446399 
1018.0000000 153.7128281 153.7482214 
1019.0000000 153.5164095 153.5518028 
1020.0000000 153.3199910 153.3553843 
1021.0000000 153.1235724 153.1589657 
1022.0000000 152.9271539 152.9625472 
1023.0000000 152.7307353 152.7661286 
1024.0000000 152.5343168 152.5697101 
1025.0000000 152.3378982 152.3732915 
1026.0000000 152.1414797 152.1768730 
1027.0000000 151.9450611 151.9804544 
1028.0000000 151.7486426 151.7840359 
1029.0000000 151.5522240 151.5876173 
1030.0000000 151.3558055 151.3911988 
1031.0000000 151.1593869 151.1947802 
1032.0000000 150.9629684 150.9983617 
1033.0000000 150.7665498 150.8019431 
1034.0000000 150.5701313 150.6055245 
1035.0000000 150.3737127 150.4091060 
1036.0000000 150.1772942 150.2126874 
1037.0000000 149.9808756 150.0162689 
1038.0000000 149.7844571 149.8198503 
1039.0000000 149.5880385 149.6234318 
1040.0000000 149.3916200 149.4270132 
1041.0000000 149.1952014 149.2305947 
1042.0000000 148.9987829 149.0341761 
1043.0000000 148.8023643 148.8377576 
1044.0000000 148.6059458 148.6413390 
1045.0000000 148.4095272 148.4449205 
1046.0000000 148.2131087 148.2485019 
1047.0000000 148.0166901 148.0520834 
1048.0000000 147.8202716 147.8556648 
1049.0000000 147.6238530 147.6592463 
1050.0000000 147.4274345 147.4628277 
1051.0000000 147.2310159 147.2664092 
1052.0000000 147.0345974 147.0699906 
1053.0000000 146.8381788 146.8735721 
1054.0000000 146.6417603 146.6771535 
1055.0000000 146.4453417 146.4807350 
1056.0000000 146.2489232 146.2843164 
1057.0000000 146.0525046 146.0878979 
1058.0000000 145.8560861 145.8914793 
1059.0000000 145.6596675 145.6950608 
1060.0000000 145.4632490 145.4986422 
1061.0000000 145.2668304 145.3022237 
1062.0000000 145.0704119 145.1058051 
1063.0000000 144.8739933 144.9093866 
1064.0000000 144.6775748 144.7129680 
1065.0000000 144.4811562 144.5165495 
1066.0000000 144.2847377 144.3201309 
1067.0000000 144.0883191 144.1237124 
1068.0000000 143.8919006 143.9272938 
1069.0000000 143.6954820 143.7308753 
1070.0000000 143.4990635 143.5344567 
1071.0000000 143.3026449 143.3380382 
1072.0000000 143.1062263 143.1416196 
1073.0000000 142.9098078 142.9452011 
1074.0000000 142.7133892 142.7487825 
1075.0000000 142.5169707 142.5523640 
1076.0000000 142.3205521 142.3559454 
1077.0000000 142.1241336 142.1595269 
1078.0000000 141.9277150 141.9631083 
1079.0000000 141.7312965 141.7666898 
1080.0000000 141.5348779 141.5702712 
1081.0000000 141.3384594 141.3738527 
1082.0000000 141.1420408 141.1774341 
1083.0000000 140.9456223 140.9810156 
1084.0000000 140.7492037 140.7845970 
1085.0000000 140.5527852 140.5881785 
1086.0000000 140.3563666 140.3917599 
1087.0000000 140.1599481 140.1953414 
1088.0000000 139.9635295 139.9989228 
1089.0000000 139.7671110 139.8025043 
1090.0000000 139.5706924 139.6060857 
1091.0000000 139.3742739 139.4096672 
1092.0000000 139.1778553 139.2132486 
1093.0000000 138.9814368 139.0168301 
1094.0000000 138.7850182 138.8204115 
1095.0000000 138.5885997 138.6239930 
1096.0000000 138.3921811 138.4275744 
1097.0000000 138.1957626 138.2311559 
1098.0000000 137.9993440 138.0347373 
1099.0000000 137.8029255 137.8383188 
1100.0000000 137.6065069 137.6419002 
1101.0000000 137.4100884 137.4454817 
1102.0000000 137.2136698 137.2490631 
1103.0000000 137.0172513 137.0526446 
1104.0000000 136.8208327 136.8562260 
1105.0000000 136.6244142 136.6598075 
1106.0000000 136.4279956 136.4633889 
1107.0000000 136.2315771 136.2669704 
1108.0000000 136.0351585 136.0705518 
1109.0000000 135.8387400 135.8741333 
1110.0000000 135.6423214 135.6777147 
1111.0000000 135.4459029 135.4812962 
1112.0000000 135.2494843 135.2848776 
1113.0000000 135.0530658 135.0884591 
1114.0000000 134.8566472 134.8920405 
1115.0000000 134.6602287 134.6956220 
1116.0000000 134.4638101 134.4992034 
1117.0000000 134.2673916 134.3027849 
1118.0000000 134.0709730 134.1063663 
1119.0000000 133.8745545 133.9099478 
1120.0000000 133.6781359 133.7135292 
1121.0000000 133.4817174 133.5171107 
1122.0000000 133.2852988 133.3206921 
1123.0000000 133.0888803 133.1242736 
1124.0000000 132.8924617 132.9278550 
1125.0000000 132.6960432 132.7314365 
1126.0000000 132.4996246 132.5350179 
1127.0000000 132.3032061 132.3385994 
1128.0000000 132.1067875 132.1421808 
1129.0000000 131.9103690 131.9457623 
1130.0000000 131.7139504 131.7493437 
1131.0000000 131.5175319 131.5529252 
1132.0000000 131.3211133 131.3565066 
1133.0000000 131.1246948 131.1600881 
1134.0000000 130.9282762 130.9636695 
1135.0000000 130.7318577 130.7672510 
1136.0000000 130.5354391 130.5708324 
1137.0000000 130.3390206 130.3744139 
1138.0000000 130.1426020 130.1779953 
1139.0000000 129.9461835 129.9815768 
1140.0000000 129.7497649 129.7851582 
1141.0000000 129.5533464 129.5887397 
1142.0000000 129.3569278 129.3923211 
1143.0000000 129.1605093 129.1959026 
1144.0000000 128.9640907 128.9994840 
1145.0000000 128.7676722 128.8030655 
1146.0000000 128.5712536 128.6066469 
1147.0000000 128.3748351 128.4102284 
1148.0000000 128.1784165 128.2138098 
1149.0000000 127.9819980 128.0173913 
1150.0000000 127.7855794 127.8209727 
1151.0000000 127.5891609 127.6245542 
1152.0000000 127.3927423 127.4281356 
1153.0000000 127.1963238 127.2317171 
1154.0000000 126.9999052 127.0352985 
1155.0000000 126.8034867 126.8388800 
1156.0000000 126.6070681 126.6424614 
1157.0000000 126.4106496 126.4460429 
1158.0000000 126.2142310 126.2496243 
1159.0000000 126.0178125 126.0532058 
1160.0000000 125.8213939 125.8567872 
1161.0000000 125.6249754 125.6603687 
1162.0000000 125.4285568 125.4639501 
1163.0000000 125.2321383 125.2675316 
1164.0000000 125.0357197 125.0711130 
1165.0000000 124.8393012 124.8746945 
1166.0000000 124.6428826 124.6782759 
1167.0000000 124.4464641 124.4818574 
1168.0000000 124.2500455 124.2854388 
1169.0000000 124.0536270 124.0890203 
1170.0000000 123.8572084 123.8926017 
1171.0000000 123.6607899 123.6961832 
1172.0000000 123.4643713 123.4997646 
1173.0000000 123.2679528 123.3033461 
1174.0000000 123.0715342 123.1069275 
1175.0000000 122.8751157 122.9105090 
1176.0000000 122.6786971 122.7140904 
1177.0000000 122.4822786 122.5176719 
1178.0000000 122.2858600 122.3212533 
1179.0000000 122.0894415 122.1248348 
1180.0000000 121.8930229 121.9284162 
1181.0000000 121.6966044 121.7319977 
1182.0000000 121.5001858 121.5355791 
1183.0000000 121.3037673 121.3391606 
1184.0000000 121.1073487 121.1427420 
1185.0000000 120.9109302 120.9463234 
1186.0000000 120.7145116 120.7499049 
1187.0000000 120.5180931 120.5534863 
1188.0000000 120.3216745 120.3570678 
1189.0000000 120.1252560 120.1606492 
1190.0000000 119.9288374 119.9642307 
1191.0000000 119.7324189 119.7678121 
1192.0000000 119.5360003 119.5713936 
1193.0000000 119.3395818 119.3749750 
1194.0000000 119.1431632 119.1785565 
1195.0000000 118.9467447 118.9821379 
1196.0000000 118.7503261 118.7857194 
1197.0000000 118.5539076 118.5893008 
1198.0000000 118.3574890 118.3928823 
1199.0000000 118.1610705 118.1964637 
1200.0000000 117.9646519 118.0000452 
1201.0000000 117.7682334 117.8036266 
1202.0000000 117.5718148 117.6072081 
1203.0000000 117.3753963 117.4107895 
1204.0000000 117.1789777 117.2143710 
1205.0000000 116.9825592 117.0179524 
1206.0000000 116.7861406 116.8215339 
1207.0000000 116.5897221 116.6251153 
1208.0000000 116.3933035 116.4286968 
1209.0000000 116.1968850 116.2322782 
1210.0000000 116.0004664 116.0358597 
1211.0000000 115.8040479 115.8394411 
1212.0000000 115.6076293 115.6430226 
1213.0000000 115.4112108 115.4466040 
1214.0000000 115.2147922 115.2501855 
1215.0000000 115.0183737 115.0537669 
1216.0000000 114.8219551 114.8573484 
1217.0000000 114.6255366 114.6609298 
1218.0000000 114.4291180 114.4645113 
1219.0000000 114.2326995 114.2680927 
1220.0000000 114.0362809 114.0716742 
1221.0000000 113.8398624 113.8752556 
1222.0000000 113.6434438 113.6788371 
1223.0000000 113.4470252 113.4824185 
1224.0000000 113.2506067 113.2860000 
1225.0000000 113.0541881 113.0895814 
1226.0000000 112.8577696 112.8931629 
1227.0000000 112.6613510 112.6967443 
1228.0000000 112.4649325 112.5003258 
1229.0000000 112.2685139 112.3039072 
1230.0000000 112.0720954 112.1074887 
1231.0000000 111.8756768 111.9110701 
1232.0000000 111.6792583 111.7146516 
1233.0000000 111.4828397 111.5182330 
1234.0000000 111.2864212 111.3218145 
1235.0000000 111.0900026 111.1253959 
1236.0000000 110.8935841 110.9289774 
1237.0000000 110.6971655 110.7325588 
1238.0000000 110.5007470 110.5361403 
1239.0000000 110.3043284 110.3397217 
1240.0000000 110.1079099 110.1433032 
1241.0000000 109.9114913 109.9468846 
1242.0000000 109.7150728 109.7504661 
1243.0000000 109.5186542 109.5540475 
1244.0000000 109.3222357 109.3576290 
1245.0000000 109.1258171 109.1612104 
1246.0000000 108.9293986 108.9647919 
1247.0000000 108.7329800 108.7683733 
1248.0000000 108.5365615 108.5719548 
1249.0000000 108.3401429 108.3755362 
1250.0000000 108.1437244 108.1791177 
1251.0000000 107.9473058 107.9826991 
1252.0000000 107.7508873 107.7862806 
1253.0000000 107.5544687 107.5898620 
1254.0000000 107.3580502 107.3934435 
1255.0000000 107.1616316 107.1970249 
1256.0000000 106.9652131 107.0006064 
1257.0000000 106.7687945 106.8041878 
1258.0000000 106.5723760 106.6077693 
1259.0000000 106.3759574 106.4113507 
1260.0000000 106.1795389 106.2149322 
1261.0000000 105.9831203 106.0185136 
1262.0000000 105.7867018 105.8220951 
1263.0000000 105.5902832 105.6256765 
1264.0000000 105.3938647 105.4292580 
1265.0000000 105.1974461 105.2328394 
1266.0000000 105.0010276 105.0364209 
1267.0000000 104.8046090 104.8400023 
1268.0000000 104.6081905 104.6435838 
1269.0000000 104.4117719 104.4471652 
1270.0000000 104.2153534 104.2507467 
1271.0000000 104.0189348 104.0543281 
1272.0000000 103.8225163 103.8579096 
1273.0000000 103.6260977 103.6614910 
1274.0000000 103.4296792 103.4650725 
1275.0000000 103.2332606 103.2686539 
1276.0000000 103.0368421 103.0722354 
1277.0000000 102.8404235 102.8758168 
1278.0000000 102.6440050 102.6793983 
1279.0000000 102.4475864 102.4829797 
1280.0000000 102.2511679 102.2865612 
1281.0000000 102.0547493 102.0901426 
1282.0000000 101.8583308 101.8937241 
1283.0000000 101.6619122 101.6973055 
1284.0000000 101.4654937 101.5008870 
1285.0000000 101.2690751 101.3044684 
1286.0000000 101.0726566 101.1080499 
1287.0000000 100.8762380 100.9116313 
1288.0000000 100.6798195 100.7152128 
1289.0000000 100.4834009 100.5187942 
1290.0000000 100.2869824 100.3223757 
1291.0000000 100.0905638 100.1259571 
1292.0000000 99.8941453 99.9295386 
1293.0000000 99.6977267 99.7331200 
1294.0000000 99.5013082 99.5367015 
1295.0000000 99.3048896 99.3402829 
1296.0000000 99.1084711 99.1438644 
1297.0000000 98.9120525 98.9474458 
1298.0000000 98.7156340 98.7510273 
1299.0000000 98.5192154 98.5546087 
1300.0000000 98.3227969 98.3581902 
1301.0000000 98.1263783 98.1617716 
1302.0000000 97.9299598 97.9653531 
1303.0000000 97.7335412 97.7689345 
1304.0000000 97.5371227 97.5725160 
1305.0000000 97.3407041 97.3760974 
1306.0000000 97.1442856 97.1796789 
1307.0000000 96.9478670 96.9832603 
1308.0000000 96.7514485 96.7868418 
1309.0000000 96.5550299 96.5904232 
1310.0000000 96.3586114 96.3940047 
1311.0000000 96.1621928 96.1975861 
1312.0000000 95.9657743 96.0011676 
1313.0000000 95.7693557 95.8047490 
1314.0000000 95.5729372 95.6083305 
1315.0000000 95.3765186 95.4119119 
1316.0000000 95.1801001 95.2154934 
1317.0000000 94.9836815 95.0190748 
1318.0000000 94.7872630 94.8226563 
1319.0000000 94.5908444 94.6262377 
1320.0000000 94.3944259 94.4298192 
1321.0000000 94.1980073 94.2334006 
1322.0000000 94.0015888 94.0369821 
1323.0000000 93.8051702 93.8405635 
1324.0000000 93.6087517 93.6441450 
1325.0000000 93.4123331 93.4477264 
1326.0000000 93.2159146 93.2513079 
1327.0000000 93.0194960 93.0548893 
1328.0000000 92.8230775 92.8584708 
1329.0000000 92.6266589 92.6620522 
1330.0000000 92.4302404 92.4656337 
1331.0000000 92.2338218 92.2692151 
1332.0000000 92.0374033 92.0727966 
1333.0000000 91.8409847 91.8763780 
1334.0000000 91.6445662 91.6799595 
1335.0000000 91.4481476 91.4835409 
1336.0000000 91.2517291 91.2871224 
1337.0000000 91.0553105 91.0907038 
1338.0000000 90.8588920 90.8942852 
1339.0000000 90.6624734 90.6978667 
1340.0000000 90.4660549 90.5014481 
1341.0000000 90.2696363 90.3050296 
1342.0000000 90.0732178 90.1086110 
1343.0000000 89.8767992 89.9121925 
1344.0000000 89.6803807 89.7157739 
1345.0000000 89.4839621 89.5193554 
1346.0000000 89.2875436 89.3229368 
1347.0000000 89.0911250 89.1265183 
1348.0000000 88.8947065 88.9300997 
1349.0000000 88.6982879 88.7336812 
1350.0000000 88.5018694 88.5372626 
1351.0000000 88.3054508 88.3408441 
1352.0000000 88.1090323 88.1444255 
1353.0000000 87.9126137 87.9480070 
1354.0000000 87.7161952 87.7515884 
1355.0000000 87.5197766 87.5551699 
1356.0000000 87.3233581 87.3587513 
1357.0000000 87.1269395 87.1623328 
1358.0000000 86.9305210 86.9659142 
1359.0000000 86.7341024 86.7694957 
1360.0000000 86.5376839 86.5730771 
1361.0000000 86.3412653 86.3766586 
1362.0000000 86.1448468 86.1802400 
1363.0000000 85.9484282 85.9838215 
1364.0000000 85.7520097 85.7874029 
1365.0000000 85.5555911 85.5909844 
1366.0000000 85.3591726 85.3945658 
1367.0000000 85.1627540 85.1981473 
1368.0000000 84.9663355 85.0017287 
1369.0000000 84.7699169 84.8053102 
1370.0000000 84.5734984 84.6088916 
1371.0000000 84.3770798 84.4124731 
1372.0000000 84.1806613 84.2160545 
1373.0000000 83.9842427 84.0196360 
1374.0000000 83.7878242 83.8232174 
1375.0000000 83.5914056 83.6267989 
1376.0000000 83.3949870 83.4303803 
1377.0000000 83.1985685 83.2339618 
1378.0000000 83.0021499 83.0375432 
1379.0000000 82.8057314 82.8411247 
1380.0000000 82.6093128 82.6447061 
1381.0000000 82.4128943 82.4482876 
1382.0000000 82.2164757 82.2518690 
1383.0000000 82.0200572 82.0554505 
1384.0000000 81.8236386 81.8590319 
1385.0000000 81.6272201 81.6626134 
1386.0000000 81.4308015 81.4661948 
1387.0000000 81.2343830 81.2697763 
1388.0000000 81.0379644 81.0733577 
1389.0000000 80.8415459 80.8769392 
1390.0000000 80.6451273 80.6805206 
1391.0000000 80.4487088 80.4841021 
1392.0000000 80.2522902 80.2876835 
1393.0000000 80.0558717 80.0912650 
1394.0000000 79.8594531 79.8948464 
1395.0000000 79.6630346 79.6984279 
1396.0000000 79.4666160 79.5020093 
1397.0000000 79.2701975 79.3055908 
1398.0000000 79.0737789 79.1091722 
1399.0000000 78.8773604 78.9127537 
1400.0000000 78.6809418 78.7163351 
1401.0000000 78.4845233 78.5199166 
1402.0000000 78.2881047 78.3234980 
1403.0000000 78.0916862 78.1270795 
1404.0000000 77.8952676 77.9306609 
1405.0000000 77.6988491 77.7342424 
1406.0000000 77.5024305 77.5378238 
1407.0000000 77.3060120 77.3414053 
1408.0000000 77.1095934 77.1449867 
1409.0000000 76.9131749 76.9485682 
1410.0000000 76.7167563 76.7521496 
1411.0000000 76.5203378 76.5557311 
1412.0000000 76.3239192 76.3593125 
1413.0000000 76.1275007 76.1628940 
1414.0000000 75.9310821 75.9664754 
1415.0000000 75.7346636 75.7700569 
1416.0000000 75.5382450 75.5736383 
1417.0000000 75.3418265 75.3772198 
1418.0000000 75.1454079 75.1808012 
1419.0000000 74.9489894 74.9843827 
1420.0000000 74.7525708 74.7879641 
1421.0000000 74.5561523 74.5915456 
1422.0000000 74.3597337 74.3951270 
1423.0000000 74.1633152 74.1987085 
1424.0000000 73.9668966 74.0022899 
1425.0000000 73.7704781 73.8058714 
1426.0000000 73.5740595 73.6094528 
1427.0000000 73.3776410 73.4130343 
1428.0000000 73.1812224 73.2166157 
1429.0000000 72.9848039 73.0201972 
1430.0000000 72.7883853 72.8237786 
1431.0000000 72.5919668 72.6273601 
1432.0000000 72.3955482 72.4309415 
1433.0000000 72.1991297 72.2345230 
1434.0000000 72.0027111 72.0381044 
1435.0000000 71.8062926 71.8416859 
1436.0000000 71.6098740 71.6452673 
1437.0000000 71.4134555 71.4488488 
1438.0000000 71.2170369 71.2524302 
1439.0000000 71.0206184 71.0560117 
1440.0000000 70.8241998 70.8595931 
1441.0000000 70.6277813 70.6631746 
1442.0000000 70.4313627 70.4667560 
1443.0000000 70.2349442 70.2703375 
1444.0000000 70.0385256 70.0739189 
1445.0000000 69.8421071 69.8775004 
1446.0000000 69.6456885 69.6810818 
1447.0000000 69.4492700 69.4846633 
1448.0000000 69.2528514 69.2882447 
1449.0000000 69.0564329 69.0918262 
1450.0000000 68.8600143 68.8954076 
1451.0000000 68.6635958 68.6989891 
1452.0000000 68.4671772 68.5025705 
1453.0000000 68.2707587 68.3061520 
1454.0000000 68.0743401 68.1097334 
1455.0000000 67.8779216 67.9133149 
1456.0000000 67.6815030 67.7168963 
1457.0000000 67.4850845 67.5204778 
1458.0000000 67.2886659 67.3240592 
1459.0000000 67.0922474 67.1276407 
1460.0000000 66.8958288 66.9312221 
1461.0000000 66.6994103 66.7348036 
1462.0000000 66.5029917 66.5383850 
1463.0000000 66.3065732 66.3419665 
1464.0000000 66.1101546 66.1455479 
1465.0000000 65.9137361 65.9491294 
1466.0000000 65.7173175 65.7527108 
1467.0000000 65.5208990 65.5562923 
1468.0000000 65.3244804 65.3598737 
1469.0000000 65.1280619 65.1634552 
1470.0000000 64.9316433 64.9670366 
1471.0000000 64.7352248 64.7706181 
1472.0000000 64.5388062 64.5741995 
1473.0000000 64.3423877 64.3777810 
1474.0000000 64.1459691 64.1813624 
1475.0000000 63.9495506 63.9849439 
1476.0000000 63.7531320 63.7885253 
1477.0000000 63.5567135 63.5921068 
1478.0000000 63.3602949 63.3956882 
1479.0000000 63.1638764 63.1992697 
1480.0000000 62.9674578 63.0028511 
1481.0000000 62.7710393 62.8064326 
1482.0000000 62.5746207 62.6100140 
1483.0000000 62.3782022 62.4135955 
1484.0000000 62.1817836 62.2171769 
1485.0000000 61.9853651 62.0207584 
1486.0000000 61.7889465 61.8243398 
1487.0000000 61.5925280 61.6279213 
1488.0000000 61.3961094 61.4315027 
1489.0000000 61.1996909 61.2350841 
1490.0000000 61.0032723 61.0386656 
1491.0000000 60.8068538 60.8422470 
1492.0000000 60.6104352 60.6458285 
1493.0000000 60.4140167 60.4494099 
1494.0000000 60.2175981 60.2529914 
1495.0000000 60.0211796 60.0565728 
1496.0000000 59.8247610 59.8601543 
1497.0000000 59.6283425 59.6637357 
1498.0000000 59.4319239 59.4673172 
1499.0000000 59.2355054 59.2708986 
1500.0000000 59.0390868 59.0744801 
1501.0000000 58.8426683 58.8780615 
1502.0000000 58.6462497 58.6816430 
1503.0000000 58.4498312 58.4852244 
1504.0000000 58.2534126 58.2888059 
1505.0000000 58.0569941 58.0923873 
1506.0000000 57.8605755 57.8959688 
1507.0000000 57.6641570 57.6995502 
1508.0000000 57.4677384 57.5031317 
1509.0000000 57.2713199 57.3067131 
1510.0000000 57.0749013 57.1102946 
1511.0000000 56.8784828 56.9138760 
1512.0000000 56.6820642 56.7174575 
1513.0000000 56.4856457 56.5210389 
1514.0000000 56.2892271 56.3246204 
1515.0000000 56.0928086 56.1282018 
1516.0000000 55.8963900 55.9317833 
1517.0000000 55.6999715 55.7353647 
1518.0000000 55.5035529 55.5389462 
1519.0000000 55.3071344 55.3425276 
1520.0000000 55.1107158 55.1461091 
1521.0000000 54.9142973 54.9496905 
1522.0000000 54.7178787 54.7532720 
1523.0000000 54.5214602 54.5568534 
1524.0000000 54.3250416 54.3604349 
1525.0000000 54.1286231 54.1640163 
1526.0000000 53.9322045 53.9675978 
1527.0000000 53.7357859 53.7711792 
1528.0000000 53.5393674 53.5747607 
1529.0000000 53.3429488 53.3783421 
1530.0000000 53.1465303 53.1819236 
1531.0000000 52.9501117 52.9855050 
1532.0000000 52.7536932 52.7890865 
1533.0000000 52.5572746 52.5926679 
1534.0000000 52.3608561 52.3962494 
1535.0000000 52.1644375 52.1998308 
1536.0000000 51.9680190 52.0034123 
1537.0000000 51.7716004 51.8069937 
1538.0000000 51.5751819 51.6105752 
1539.0000000 51.3787633 51.4141566 
1540.0000000 51.1823448 51.2177381 
1541.0000000 50.9859262 51.0213195 
1542.0000000 50.7895077 50.8249010 
1543.0000000 50.5930891 50.6284824 
1544.0000000 50.3966706 50.4320639 
1545.0000000 50.2002520 50.2356453 
1546.0000000 50.0038335 50.0392268 
1547.0000000 49.8074149 49.8428082 
1548.0000000 49.6109964 49.6463897 
1549.0000000 49.4145778 49.4499711 
1550.0000000 49.2181593 49.2535526 
1551.0000000 49.0217407 49.0571340 
1552.0000000 48.8253222 48.8607155 
1553.0000000 48.6289036 48.6642969 
1554.0000000 48.4324851 48.4678784 
1555.0000000 48.2360665 48.2714598 
1556.0000000 48.0396480 48.0750413 
1557.0000000 47.8432294 47.8786227 
1558.0000000 47.6468109 47.6822042 
1559.0000000 47.4503923 47.4857856 
1560.0000000 47.2539738 47.2893671 
1561.0000000 47.0575552 47.0929485 
1562.0000000 46.8611367 46.8965300 
1563.0000000 46.6647181 46.7001114 
1564.0000000 46.4682996 46.5036929 
1565.0000000 46.2718810 46.3072743 
1566.0000000 46.0754625 46.1108558 
1567.0000000 45.8790439 45.9144372 
1568.0000000 45.6826254 45.7180187 
1569.0000000 45.4862068 45.5216001 
1570.0000000 45.2897883 45.3251816 
1571.0000000 45.0933697 45.1287630 
1572.0000000 44.8969512 44.9323445 
1573.0000000 44.7005326 44.7359259 
1574.0000000 44.5041141 44.5395074 
1575.0000000 44.3076955 44.3430888 
1576.0000000 44.1112770 44.1466703 
1577.0000000 43.9148584 43.9502517 
1578.0000000 43.7184399 43.7538332 
1579.0000000 43.5220213 43.5574146 
1580.0000000 43.3256028 43.3609961 
1581.0000000 43.1291842 43.1645775 
1582.0000000 42.9327657 42.9681590 
1583.0000000 42.7363471 42.7717404 
1584.0000000 42.5399286 42.5753219 
1585.0000000 42.3435100 42.3789033 
1586.0000000 42.1470915 42.1824848 
1587.0000000 41.9506729 41.9860662 
1588.0000000 41.7542544 41.7896477 
1589.0000000 41.5578358 41.5932291 
1590.0000000 41.3614173 41.3968106 
1591.0000000 41.1649987 41.2003920 
1592.0000000 40.9685802 41.0039735 
1593.0000000 40.7721616 40.8075549 
1594.0000000 40.5757431 40.6111364 
1595.0000000 40.3793245 40.4147178 
1596.0000000 40.1829060 40.2182993 
1597.0000000 39.9864874 40.0218807 
1598.0000000 39.7900689 39.8254622 
1599.0000000 39.5936503 39.6290436 
1600.0000000 39.3972318 39.4326251 
1601.0000000 39.2008132 39.2362065 
1602.0000000 39.0043947 39.0397880 
1603.0000000 38.8079761 38.8433694 
1604.0000000 38.6115576 38.6469509 
1605.0000000 38.4151390 38.4505323 
1606.0000000 38.2187205 38.2541138 
1607.0000000 38.0223019 38.0576952 
1608.0000000 37.8258834 37.8612767 
1609.0000000 37.6294648 37.6648581 
1610.0000000 37.4330463 37.4684396 
1611.0000000 37.2366277 37.2720210 
1612.0000000 37.0402092 37.0756025 
1613.0000000 36.8437906 36.8791839 
1614.0000000 36.6473721 36.6827654 
1615.0000000 36.4509535 36.4863468 
1616.0000000 36.2545350 36.2899283 
1617.0000000 36.0581164 36.0935097 
1618.0000000 35.8616979 35.8970912 
1619.0000000 35.6652793 35.7006726 
1620.0000000 35.4688608 35.5042541 
1621.0000000 35.2724422 35.3078355 
1622.0000000 35.0760237 35.1114170 
1623.0000000 34.8796051 34.9149984 
1624.0000000 34.6831866 34.7185799 
1625.0000000 34.4867680 34.5221613 
1626.0000000 34.2903495 34.3257428 
1627.0000000 34.0939309 34.1293242 
1628.0000000 33.8975124 33.9329057 
1629.0000000 33.7010938 33.7364871 
1630.0000000 33.5046753 33.5400686 
1631.0000000 33.3082567 33.3436500 
1632.0000000 33.1118382 33.1472315 
1633.0000000 32.9154196 32.9508129 
1634.0000000 32.7190011 32.7543944 
1635.0000000 32.5225825 32.5579758 
1636.0000000 32.3261640 32.3615573 
1637.0000000 32.1297454 32.1651387 
1638.0000000 31.9333269 31.9687202 
1639.0000000 31.7369083 31.7723016 
1640.0000000 31.5404898 31.5758830 
1641.0000000 31.3440712 31.3794645 
1642.0000000 31.1476527 31.1830459 
1643.0000000 30.9512341 30.9866274 
1644.0000000 30.7548156 30.7902088 
1645.0000000 30.5583970 30.5937903 
1646.0000000 30.3619785 30.3973717 
1647.0000000 30.1655599 30.2009532 
1648.0000000 29.9691414 30.0045346 
1649.0000000 29.7727228 29.8081161 
1650.0000000 29.5763043 29.6116975 
1651.0000000 29.3798857 29.4152790 
1652.0000000 29.1834672 29.2188604 
1653.0000000 28.9870486 29.0224419 
1654.0000000 28.7906301 28.8260233 
1655.0000000 28.5942115 28.6296048 
1656.0000000 28.3977930 28.4331862 
1657.0000000 28.2013744 28.2367677 
1658.0000000 28.0049559 28.0403491 
1659.0000000 27.8085373 27.8439306 
1660.0000000 27.6121188 27.6475120 
1661.0000000 27.4157002 27.4510935 
1662.0000000 27.2192817 27.2546749 
1663.0000000 27.0228631 27.0582564 
1664.0000000 26.8264446 26.8618378 
1665.0000000 26.6300260 26.6654193 
1666.0000000 26.4336075 26.4690007 
1667.0000000 26.2371889 26.2725822 
1668.0000000 26.0407704 26.0761636 
1669.0000000 25.8443518 25.8797451 
1670.0000000 25.6479333 25.6833265 
1671.0000000 25.4515147 25.4869080 
1672.0000000 25.2550962 25.2904894 
1673.0000000 25.0586776 25.0940709 
1674.0000000 24.8622591 24.8976523 
1675.0000000 24.6658405 24.7012338 
1676.0000000 24.4694220 24.5048152 
1677.0000000 24.2730034 24.3083967 
1678.0000000 24.0765848 24.1119781 
1679.0000000 23.8801663 23.9155596 
1680.0000000 23.6837477 23.7191410 
1681.0000000 23.4873292 23.5227225 
1682.0000000 23.2909106 23.3263039 
1683.0000000 23.0944921 23.1298854 
1684.0000000 22.8980735 22.9334668 
1685.0000000 22.7016550 22.7370483 
1686.0000000 22.5052364 22.5406297 
1687.0000000 22.3088179 22.3442112 
1688.0000000 22.1123993 22.1477926 
1689.0000000 21.9159808 21.9513741 
1690.0000000 21.7195622 21.7549555 
1691.0000000 21.5231437 21.5585370 
1692.0000000 21.3267251 21.3621184 
1693.0000000 21.1303066 21.1656999 
1694.0000000 20.9338880 20.9692813 
1695.0000000 20.7374695 20.7728628 
1696.0000000 20.5410509 20.5764442 
1697.0000000 20.3446324 20.3800257 
1698.0000000 20.1482138 20.1836071 
1699.0000000 19.9517953 19.9871886 
1700.0000000 19.7553767 19.7907700 
1701.0000000 19.5589582 19.5943515 
1702.0000000 19.3625396 19.3979329 
1703.0000000 19.1661211 19.2015144 
1704.0000000 18.9697025 19.0050958 
1705.0000000 18.7732840 18.8086773 
1706.0000000 18.5768654 18.6122587 
1707.0000000 18.3804469 18.4158402 
1708.0000000 18.1840283 18.2194216 
1709.0000000 17.9876098 18.0230031 
1710.0000000 17.7911912 17.8265845 
1711.0000000 17.5947727 17.6301660 
1712.0000000 17.3983541 17.4337474 
1713.0000000 17.2019356 17.2373289 
1714.0000000 17.0055170 17.0409103 
1715.0000000 16.8090985 16.8444918 
1716.0000000 16.6126799 16.6480732 
1717.0000000 16.4162614 16.4516547 
1718.0000000 16.2198428 16.2552361 
1719.0000000 16.0234243 16.0588176 
1720.0000000 15.8270057 15.8623990 
1721.0000000 15.6305872 15.6659805 
1722.0000000 15.4341686 15.4695619 
1723.0000000 15.2377501 15.2731434 
1724.0000000 15.0413315 15.0767248 
1725.0000000 14.8449130 14.8803063 
1726.0000000 14.6484944 14.6838877 
1727.0000000 14.4520759 14.4874692 
1728.0000000 14.2556573 14.2910506 
1729.0000000 14.0592388 14.0946321 
1730.0000000 13.8628202 13.8982135 
1731.0000000 13.6664017 13.7017950 
1732.0000000 13.4699831 13.5053764 
1733.0000000 13.2735646 13.3089579 
1734.0000000 13.0771460 13.1125393 
1735.0000000 12.8807275 12.9161208 
1736.0000000 12.6843089 12.7197022 
1737.0000000 12.4878904 12.5232837 
1738.0000000 12.2914718 12.3268651 
1739.0000000 12.0950533 12.1304466 
1740.0000000 11.8986347 11.9340280 
1741.0000000 11.7022162 11.7376095 
1742.0000000 11.5057976 11.5411909 
1743.0000000 11.3093791 11.3447724 
1744.0000000 11.1129605 11.1483538 
1745.0000000 10.9165420 10.9519353 
1746.0000000 10.7201234 10.7555167 
1747.0000000 10.5237049 10.5590982 
1748.0000000 10.3272863 10.3626796 
1749.0000000 10.1308678 10.1662611 
1750.0000000 9.9344492 9.9698425 
1751.0000000 9.7380307 9.7734240 
1752.0000000 9.5416121 9.5770054 
1753.0000000 9.3451936 9.3805869 
1754.0000000 9.1487750 9.1841683 
1755.0000000 8.9523565 8.9877498 
1756.0000000 8.7559379 8.7913312 
1757.0000000 8.5595194 8.5949127 
1758.0000000 8.3631008 8.3984941 
1759.0000000 8.1666823 8.2020756 
1760.0000000 7.9702637 8.0056570 
1761.0000000 7.7738452 7.8092385 
1762.0000000 7.5774266 7.6128199 
1763.0000000 7.3810081 7.4164014 
1764.0000000 7.1845895 7.2199828 
1765.0000000 6.9881710 7.0235643 
1766.0000000 6.7917524 6.8271457 
1767.0000000 6.5953339 6.6307272 
1768.0000000 6.3989153 6.4343086 
1769.0000000 6.2024968 6.2378901 
1770.0000000 6.0060782 6.0414715 
1771.0000000 5.8096597 5.8450530 
1772.0000000 5.6132411 5.6486344 
1773.0000000 5.4168226 5.4522159 
1774.0000000 5.2204040 5.2557973 
1775.0000000 5.0239855 5.0593788 
1776.0000000 4.8275669 4.8629602 
1777.0000000 4.6311484 4.6665417 
1778.0000000 4.4347298 4.4701231 
1779.0000000 4.2383113 4.2737046 
1780.0000000 4.0418927 4.0772860 
1781.0000000 3.8454742 3.8808675 
1782.0000000 3.6490556 3.6844489 
1783.0000000 3.4526371 3.4880304 
1784.0000000 3.2562185 3.2916118 
1785.0000000 3.0598000 3.0951933 
1786.0000000 2.8633814 2.8987747 
1787.0000000 2.6669629 2.7023562 
1788.0000000 2.4705443 2.5059376 
1789.0000000 2.2741258 2.3095191 
1790.0000000 2.0777072 2.1131005 
1791.0000000 1.8812887 1.9166820 
1792.0000000 1.6848701 1.7202634 
1793.0000000 1.4884516 1.5238448 
1794.0000000 1.2920330 1.3274263 
1795.0000000 1.0956145 1.1310077 
1796.0000000 0.8991959 0.9345892 
1797.0000000 0.7027774 0.7381706 
1798.0000000 0.5063588 0.5417521 
1799.0000000 0.3099403 0.3453335 
1800.0000000 0.1135217 0.1489150 

