1.0000000 353.5008473 353.5451604 
2.0000000 353.3044288 353.3487418 
3.0000000 353.1080102 353.1523233 
4.0000000 352.9115917 352.9559047 
5.0000000 352.7151731 352.7594862 
6.0000000 352.5187546 352.5630676 
7.0000000 352.3223360 352.3666491 
8.0000000 352.1259175 352.1702305 
9.0000000 351.9294989 351.9738120 
10.0000000 351.7330804 351.7773934 
11.0000000 351.5366618 351.5809749 
12.0000000 351.3402433 351.3845563 
13.0000000 351.1438247 351.1881378 
14.0000000 350.9474062 350.9917192 
15.0000000 350.7509876 350.7953007 
16.0000000 350.5545691 350.5988821 
17.0000000 350.3581505 350.4024636 
18.0000000 350.1617320 350.2060450 
19.0000000 349.9653134 350.0096265 
20.0000000 349.7688949 349.8132079 
21.0000000 349.5724763 349.6167894 
22.0000000 349.3760578 349.4203708 
23.0000000 349.1796392 349.2239523 
24.0000000 348.9832207 349.0275337 
25.0000000 348.7868021 348.8311152 
26.0000000 348.5903836 348.6346966 
27.0000000 348.3939650 348.4382781 
28.0000000 348.1975465 348.2418595 
29.0000000 348.0011279 348.0454409 
30.0000000 347.8047093 347.8490224 
31.0000000 347.6082908 347.6526038 
32.0000000 347.4118722 347.4561853 
33.0000000 347.2154537 347.2597667 
34.0000000 347.0190351 347.0633482 
35.0000000 346.8226166 346.8669296 
36.0000000 346.6261980 346.6705111 
37.0000000 346.4297795 346.4740925 
38.0000000 346.2333609 346.2776740 
39.0000000 346.0369424 346.0812554 
40.0000000 345.8405238 345.8848369 
41.0000000 345.6441053 345.6884183 
42.0000000 345.4476867 345.4919998 
43.0000000 345.2512682 345.2955812 
44.0000000 345.0548496 345.0991627 
45.0000000 344.8584311 344.9027441 
46.0000000 344.6620125 344.7063256 
47.0000000 344.4655940 344.5099070 
48.0000000 344.2691754 344.3134885 
49.0000000 344.0727569 344.1170699 
50.0000000 343.8763383 343.9206514 
51.0000000 343.6799198 343.7242328 
52.0000000 343.4835012 343.5278143 
53.0000000 343.2870827 343.3313957 
54.0000000 343.0906641 343.1349772 
55.0000000 342.8942456 342.9385586 
56.0000000 342.6978270 342.7421401 
57.0000000 342.5014085 342.5457215 
58.0000000 342.3049899 342.3493030 
59.0000000 342.1085714 342.1528844 
60.0000000 341.9121528 341.9564659 
61.0000000 341.7157343 341.7600473 
62.0000000 341.5193157 341.5636288 
63.0000000 341.3228972 341.3672102 
64.0000000 341.1264786 341.1707917 
65.0000000 340.9300601 340.9743731 
66.0000000 340.7336415 340.7779546 
67.0000000 340.5372230 340.5815360 
68.0000000 340.3408044 340.3851175 
69.0000000 340.1443859 340.1886989 
70.0000000 339.9479673 339.9922804 
71.0000000 339.7515488 339.7958618 
72.0000000 339.5551302 339.5994433 
73.0000000 339.3587117 339.4030247 
74.0000000 339.1622931 339.2066062 
75.0000000 338.9658746 339.0101876 
76.0000000 338.7694560 338.8137691 
77.0000000 338.5730375 338.6173505 
78.0000000 338.3766189 338.4209320 
79.0000000 338.1802004 338.2245134 
80.0000000 337.9837818 338.0280949 
81.0000000 337.7873633 337.8316763 
82.0000000 337.5909447 337.6352578 
83.0000000 337.3945262 337.4388392 
84.0000000 337.1981076 337.2424207 
85.0000000 337.0016891 337.0460021 
86.0000000 336.8052705 336.8495836 
87.0000000 336.6088520 336.6531650 
88.0000000 336.4124334 336.4567465 
89.0000000 336.2160149 336.2603279 
90.0000000 336.0195963 336.0639094 
91.0000000 335.8231778 335.8674908 
92.0000000 335.6267592 335.6710723 
93.0000000 335.4303407 335.4746537 
94.0000000 335.2339221 335.2782352 
95.0000000 335.0375036 335.0818166 
96.0000000 334.8410850 334.8853981 
97.0000000 334.6446665 334.6889795 
98.0000000 334.4482479 334.4925610 
99.0000000 334.2518294 334.2961424 
100.0000000 334.0554108 334.0997239 
101.0000000 333.8589923 333.9033053 
102.0000000 333.6625737 333.7068868 
103.0000000 333.4661552 333.5104682 
104.0000000 333.2697366 333.3140497 
105.0000000 333.0733181 333.1176311 
106.0000000 332.8768995 332.9212126 
107.0000000 332.6804810 332.7247940 
108.0000000 332.4840624 332.5283755 
109.0000000 332.2876439 332.3319569 
110.0000000 332.0912253 332.1355384 
111.0000000 331.8948068 331.9391198 
112.0000000 331.6983882 331.7427013 
113.0000000 331.5019697 331.5462827 
114.0000000 331.3055511 331.3498642 
115.0000000 331.1091326 331.1534456 
116.0000000 330.9127140 330.9570271 
117.0000000 330.7162955 330.7606085 
118.0000000 330.5198769 330.5641900 
119.0000000 330.3234584 330.3677714 
120.0000000 330.1270398 330.1713529 
121.0000000 329.9306213 329.9749343 
122.0000000 329.7342027 329.7785158 
123.0000000 329.5377842 329.5820972 
124.0000000 329.3413656 329.3856787 
125.0000000 329.1449471 329.1892601 
126.0000000 328.9485285 328.9928416 
127.0000000 328.7521100 328.7964230 
128.0000000 328.5556914 328.6000045 
129.0000000 328.3592729 328.4035859 
130.0000000 328.1628543 328.2071674 
131.0000000 327.9664358 328.0107488 
132.0000000 327.7700172 327.8143303 
133.0000000 327.5735987 327.6179117 
134.0000000 327.3771801 327.4214932 
135.0000000 327.1807616 327.2250746 
136.0000000 326.9843430 327.0286561 
137.0000000 326.7879245 326.8322375 
138.0000000 326.5915059 326.6358190 
139.0000000 326.3950874 326.4394004 
140.0000000 326.1986688 326.2429819 
141.0000000 326.0022503 326.0465633 
142.0000000 325.8058317 325.8501448 
143.0000000 325.6094132 325.6537262 
144.0000000 325.4129946 325.4573077 
145.0000000 325.2165761 325.2608891 
146.0000000 325.0201575 325.0644706 
147.0000000 324.8237390 324.8680520 
148.0000000 324.6273204 324.6716335 
149.0000000 324.4309019 324.4752149 
150.0000000 324.2344833 324.2787964 
151.0000000 324.0380648 324.0823778 
152.0000000 323.8416462 323.8859593 
153.0000000 323.6452277 323.6895407 
154.0000000 323.4488091 323.4931222 
155.0000000 323.2523906 323.2967036 
156.0000000 323.0559720 323.1002851 
157.0000000 322.8595535 322.9038665 
158.0000000 322.6631349 322.7074480 
159.0000000 322.4667164 322.5110294 
160.0000000 322.2702978 322.3146109 
161.0000000 322.0738793 322.1181923 
162.0000000 321.8774607 321.9217738 
163.0000000 321.6810422 321.7253552 
164.0000000 321.4846236 321.5289367 
165.0000000 321.2882051 321.3325181 
166.0000000 321.0917865 321.1360996 
167.0000000 320.8953680 320.9396810 
168.0000000 320.6989494 320.7432625 
169.0000000 320.5025309 320.5468439 
170.0000000 320.3061123 320.3504254 
171.0000000 320.1096938 320.1540068 
172.0000000 319.9132752 319.9575883 
173.0000000 319.7168567 319.7611697 
174.0000000 319.5204381 319.5647512 
175.0000000 319.3240196 319.3683326 
176.0000000 319.1276010 319.1719141 
177.0000000 318.9311825 318.9754955 
178.0000000 318.7347639 318.7790770 
179.0000000 318.5383454 318.5826584 
180.0000000 318.3419268 318.3862398 
181.0000000 318.1455082 318.1898213 
182.0000000 317.9490897 317.9934027 
183.0000000 317.7526711 317.7969842 
184.0000000 317.5562526 317.6005656 
185.0000000 317.3598340 317.4041471 
186.0000000 317.1634155 317.2077285 
187.0000000 316.9669969 317.0113100 
188.0000000 316.7705784 316.8148914 
189.0000000 316.5741598 316.6184729 
190.0000000 316.3777413 316.4220543 
191.0000000 316.1813227 316.2256358 
192.0000000 315.9849042 316.0292172 
193.0000000 315.7884856 315.8327987 
194.0000000 315.5920671 315.6363801 
195.0000000 315.3956485 315.4399616 
196.0000000 315.1992300 315.2435430 
197.0000000 315.0028114 315.0471245 
198.0000000 314.8063929 314.8507059 
199.0000000 314.6099743 314.6542874 
200.0000000 314.4135558 314.4578688 
201.0000000 314.2171372 314.2614503 
202.0000000 314.0207187 314.0650317 
203.0000000 313.8243001 313.8686132 
204.0000000 313.6278816 313.6721946 
205.0000000 313.4314630 313.4757761 
206.0000000 313.2350445 313.2793575 
207.0000000 313.0386259 313.0829390 
208.0000000 312.8422074 312.8865204 
209.0000000 312.6457888 312.6901019 
210.0000000 312.4493703 312.4936833 
211.0000000 312.2529517 312.2972648 
212.0000000 312.0565332 312.1008462 
213.0000000 311.8601146 311.9044277 
214.0000000 311.6636961 311.7080091 
215.0000000 311.4672775 311.5115906 
216.0000000 311.2708590 311.3151720 
217.0000000 311.0744404 311.1187535 
218.0000000 310.8780219 310.9223349 
219.0000000 310.6816033 310.7259164 
220.0000000 310.4851848 310.5294978 
221.0000000 310.2887662 310.3330793 
222.0000000 310.0923477 310.1366607 
223.0000000 309.8959291 309.9402422 
224.0000000 309.6995106 309.7438236 
225.0000000 309.5030920 309.5474051 
226.0000000 309.3066735 309.3509865 
227.0000000 309.1102549 309.1545680 
228.0000000 308.9138364 308.9581494 
229.0000000 308.7174178 308.7617309 
230.0000000 308.5209993 308.5653123 
231.0000000 308.3245807 308.3688938 
232.0000000 308.1281622 308.1724752 
233.0000000 307.9317436 307.9760567 
234.0000000 307.7353251 307.7796381 
235.0000000 307.5389065 307.5832196 
236.0000000 307.3424880 307.3868010 
237.0000000 307.1460694 307.1903825 
238.0000000 306.9496509 306.9939639 
239.0000000 306.7532323 306.7975454 
240.0000000 306.5568138 306.6011268 
241.0000000 306.3603952 306.4047083 
242.0000000 306.1639767 306.2082897 
243.0000000 305.9675581 306.0118712 
244.0000000 305.7711396 305.8154526 
245.0000000 305.5747210 305.6190341 
246.0000000 305.3783025 305.4226155 
247.0000000 305.1818839 305.2261970 
248.0000000 304.9854654 305.0297784 
249.0000000 304.7890468 304.8333599 
250.0000000 304.5926283 304.6369413 
251.0000000 304.3962097 304.4405228 
252.0000000 304.1997912 304.2441042 
253.0000000 304.0033726 304.0476857 
254.0000000 303.8069541 303.8512671 
255.0000000 303.6105355 303.6548486 
256.0000000 303.4141170 303.4584300 
257.0000000 303.2176984 303.2620115 
258.0000000 303.0212799 303.0655929 
259.0000000 302.8248613 302.8691744 
260.0000000 302.6284428 302.6727558 
261.0000000 302.4320242 302.4763373 
262.0000000 302.2356057 302.2799187 
263.0000000 302.0391871 302.0835002 
264.0000000 301.8427686 301.8870816 
265.0000000 301.6463500 301.6906631 
266.0000000 301.4499315 301.4942445 
267.0000000 301.2535129 301.2978260 
268.0000000 301.0570944 301.1014074 
269.0000000 300.8606758 300.9049889 
270.0000000 300.6642573 300.7085703 
271.0000000 300.4678387 300.5121518 
272.0000000 300.2714202 300.3157332 
273.0000000 300.0750016 300.1193147 
274.0000000 299.8785831 299.9228961 
275.0000000 299.6821645 299.7264776 
276.0000000 299.4857460 299.5300590 
277.0000000 299.2893274 299.3336405 
278.0000000 299.0929089 299.1372219 
279.0000000 298.8964903 298.9408034 
280.0000000 298.7000718 298.7443848 
281.0000000 298.5036532 298.5479663 
282.0000000 298.3072347 298.3515477 
283.0000000 298.1108161 298.1551292 
284.0000000 297.9143976 297.9587106 
285.0000000 297.7179790 297.7622921 
286.0000000 297.5215605 297.5658735 
287.0000000 297.3251419 297.3694550 
288.0000000 297.1287234 297.1730364 
289.0000000 296.9323048 296.9766179 
290.0000000 296.7358863 296.7801993 
291.0000000 296.5394677 296.5837808 
292.0000000 296.3430492 296.3873622 
293.0000000 296.1466306 296.1909437 
294.0000000 295.9502121 295.9945251 
295.0000000 295.7537935 295.7981066 
296.0000000 295.5573750 295.6016880 
297.0000000 295.3609564 295.4052695 
298.0000000 295.1645379 295.2088509 
299.0000000 294.9681193 295.0124324 
300.0000000 294.7717008 294.8160138 
301.0000000 294.5752822 294.6195953 
302.0000000 294.3788637 294.4231767 
303.0000000 294.1824451 294.2267582 
304.0000000 293.9860266 294.0303396 
305.0000000 293.7896080 293.8339211 
306.0000000 293.5931895 293.6375025 
307.0000000 293.3967709 293.4410840 
308.0000000 293.2003524 293.2446654 
309.0000000 293.0039338 293.0482469 
310.0000000 292.8075153 292.8518283 
311.0000000 292.6110967 292.6554098 
312.0000000 292.4146782 292.4589912 
313.0000000 292.2182596 292.2625727 
314.0000000 292.0218411 292.0661541 
315.0000000 291.8254225 291.8697356 
316.0000000 291.6290040 291.6733170 
317.0000000 291.4325854 291.4768985 
318.0000000 291.2361669 291.2804799 
319.0000000 291.0397483 291.0840614 
320.0000000 290.8433298 290.8876428 
321.0000000 290.6469112 290.6912243 
322.0000000 290.4504927 290.4948057 
323.0000000 290.2540741 290.2983872 
324.0000000 290.0576556 290.1019686 
325.0000000 289.8612370 289.9055501 
326.0000000 289.6648185 289.7091315 
327.0000000 289.4683999 289.5127130 
328.0000000 289.2719814 289.3162944 
329.0000000 289.0755628 289.1198759 
330.0000000 288.8791443 288.9234573 
331.0000000 288.6827257 288.7270388 
332.0000000 288.4863072 288.5306202 
333.0000000 288.2898886 288.3342016 
334.0000000 288.0934700 288.1377831 
335.0000000 287.8970515 287.9413645 
336.0000000 287.7006329 287.7449460 
337.0000000 287.5042144 287.5485274 
338.0000000 287.3077958 287.3521089 
339.0000000 287.1113773 287.1556903 
340.0000000 286.9149587 286.9592718 
341.0000000 286.7185402 286.7628532 
342.0000000 286.5221216 286.5664347 
343.0000000 286.3257031 286.3700161 
344.0000000 286.1292845 286.1735976 
345.0000000 285.9328660 285.9771790 
346.0000000 285.7364474 285.7807605 
347.0000000 285.5400289 285.5843419 
348.0000000 285.3436103 285.3879234 
349.0000000 285.1471918 285.1915048 
350.0000000 284.9507732 284.9950863 
351.0000000 284.7543547 284.7986677 
352.0000000 284.5579361 284.6022492 
353.0000000 284.3615176 284.4058306 
354.0000000 284.1650990 284.2094121 
355.0000000 283.9686805 284.0129935 
356.0000000 283.7722619 283.8165750 
357.0000000 283.5758434 283.6201564 
358.0000000 283.3794248 283.4237379 
359.0000000 283.1830063 283.2273193 
360.0000000 282.9865877 283.0309008 
361.0000000 282.7901692 282.8344822 
362.0000000 282.5937506 282.6380637 
363.0000000 282.3973321 282.4416451 
364.0000000 282.2009135 282.2452266 
365.0000000 282.0044950 282.0488080 
366.0000000 281.8080764 281.8523895 
367.0000000 281.6116579 281.6559709 
368.0000000 281.4152393 281.4595524 
369.0000000 281.2188208 281.2631338 
370.0000000 281.0224022 281.0667153 
371.0000000 280.8259837 280.8702967 
372.0000000 280.6295651 280.6738782 
373.0000000 280.4331466 280.4774596 
374.0000000 280.2367280 280.2810411 
375.0000000 280.0403095 280.0846225 
376.0000000 279.8438909 279.8882040 
377.0000000 279.6474724 279.6917854 
378.0000000 279.4510538 279.4953669 
379.0000000 279.2546353 279.2989483 
380.0000000 279.0582167 279.1025298 
381.0000000 278.8617982 278.9061112 
382.0000000 278.6653796 278.7096927 
383.0000000 278.4689611 278.5132741 
384.0000000 278.2725425 278.3168556 
385.0000000 278.0761240 278.1204370 
386.0000000 277.8797054 277.9240185 
387.0000000 277.6832869 277.7275999 
388.0000000 277.4868683 277.5311814 
389.0000000 277.2904498 277.3347628 
390.0000000 277.0940312 277.1383443 
391.0000000 276.8976127 276.9419257 
392.0000000 276.7011941 276.7455072 
393.0000000 276.5047756 276.5490886 
394.0000000 276.3083570 276.3526701 
395.0000000 276.1119385 276.1562515 
396.0000000 275.9155199 275.9598330 
397.0000000 275.7191014 275.7634144 
398.0000000 275.5226828 275.5669959 
399.0000000 275.3262643 275.3705773 
400.0000000 275.1298457 275.1741588 
401.0000000 274.9334272 274.9777402 
402.0000000 274.7370086 274.7813217 
403.0000000 274.5405901 274.5849031 
404.0000000 274.3441715 274.3884846 
405.0000000 274.1477530 274.1920660 
406.0000000 273.9513344 273.9956475 
407.0000000 273.7549159 273.7992289 
408.0000000 273.5584973 273.6028104 
409.0000000 273.3620788 273.4063918 
410.0000000 273.1656602 273.2099733 
411.0000000 272.9692417 273.0135547 
412.0000000 272.7728231 272.8171362 
413.0000000 272.5764046 272.6207176 
414.0000000 272.3799860 272.4242991 
415.0000000 272.1835675 272.2278805 
416.0000000 271.9871489 272.0314620 
417.0000000 271.7907304 271.8350434 
418.0000000 271.5943118 271.6386249 
419.0000000 271.3978933 271.4422063 
420.0000000 271.2014747 271.2457878 
421.0000000 271.0050562 271.0493692 
422.0000000 270.8086376 270.8529507 
423.0000000 270.6122191 270.6565321 
424.0000000 270.4158005 270.4601136 
425.0000000 270.2193820 270.2636950 
426.0000000 270.0229634 270.0672765 
427.0000000 269.8265449 269.8708579 
428.0000000 269.6301263 269.6744394 
429.0000000 269.4337078 269.4780208 
430.0000000 269.2372892 269.2816023 
431.0000000 269.0408707 269.0851837 
432.0000000 268.8444521 268.8887652 
433.0000000 268.6480336 268.6923466 
434.0000000 268.4516150 268.4959281 
435.0000000 268.2551965 268.2995095 
436.0000000 268.0587779 268.1030910 
437.0000000 267.8623594 267.9066724 
438.0000000 267.6659408 267.7102539 
439.0000000 267.4695223 267.5138353 
440.0000000 267.2731037 267.3174168 
441.0000000 267.0766852 267.1209982 
442.0000000 266.8802666 266.9245797 
443.0000000 266.6838481 266.7281611 
444.0000000 266.4874295 266.5317426 
445.0000000 266.2910110 266.3353240 
446.0000000 266.0945924 266.1389055 
447.0000000 265.8981739 265.9424869 
448.0000000 265.7017553 265.7460684 
449.0000000 265.5053368 265.5496498 
450.0000000 265.3089182 265.3532313 
451.0000000 265.1124997 265.1568127 
452.0000000 264.9160811 264.9603942 
453.0000000 264.7196626 264.7639756 
454.0000000 264.5232440 264.5675571 
455.0000000 264.3268255 264.3711385 
456.0000000 264.1304069 264.1747200 
457.0000000 263.9339884 263.9783014 
458.0000000 263.7375698 263.7818829 
459.0000000 263.5411513 263.5854643 
460.0000000 263.3447327 263.3890458 
461.0000000 263.1483142 263.1926272 
462.0000000 262.9518956 262.9962087 
463.0000000 262.7554771 262.7997901 
464.0000000 262.5590585 262.6033716 
465.0000000 262.3626400 262.4069530 
466.0000000 262.1662214 262.2105345 
467.0000000 261.9698029 262.0141159 
468.0000000 261.7733843 261.8176974 
469.0000000 261.5769658 261.6212788 
470.0000000 261.3805472 261.4248603 
471.0000000 261.1841287 261.2284417 
472.0000000 260.9877101 261.0320232 
473.0000000 260.7912916 260.8356046 
474.0000000 260.5948730 260.6391861 
475.0000000 260.3984545 260.4427675 
476.0000000 260.2020359 260.2463490 
477.0000000 260.0056174 260.0499304 
478.0000000 259.8091988 259.8535119 
479.0000000 259.6127803 259.6570933 
480.0000000 259.4163617 259.4606748 
481.0000000 259.2199432 259.2642562 
482.0000000 259.0235246 259.0678377 
483.0000000 258.8271061 258.8714191 
484.0000000 258.6306875 258.6750005 
485.0000000 258.4342689 258.4785820 
486.0000000 258.2378504 258.2821634 
487.0000000 258.0414318 258.0857449 
488.0000000 257.8450133 257.8893263 
489.0000000 257.6485947 257.6929078 
490.0000000 257.4521762 257.4964892 
491.0000000 257.2557576 257.3000707 
492.0000000 257.0593391 257.1036521 
493.0000000 256.8629205 256.9072336 
494.0000000 256.6665020 256.7108150 
495.0000000 256.4700834 256.5143965 
496.0000000 256.2736649 256.3179779 
497.0000000 256.0772463 256.1215594 
498.0000000 255.8808278 255.9251408 
499.0000000 255.6844092 255.7287223 
500.0000000 255.4879907 255.5323037 
501.0000000 255.2915721 255.3358852 
502.0000000 255.0951536 255.1394666 
503.0000000 254.8987350 254.9430481 
504.0000000 254.7023165 254.7466295 
505.0000000 254.5058979 254.5502110 
506.0000000 254.3094794 254.3537924 
507.0000000 254.1130608 254.1573739 
508.0000000 253.9166423 253.9609553 
509.0000000 253.7202237 253.7645368 
510.0000000 253.5238052 253.5681182 
511.0000000 253.3273866 253.3716997 
512.0000000 253.1309681 253.1752811 
513.0000000 252.9345495 252.9788626 
514.0000000 252.7381310 252.7824440 
515.0000000 252.5417124 252.5860255 
516.0000000 252.3452939 252.3896069 
517.0000000 252.1488753 252.1931884 
518.0000000 251.9524568 251.9967698 
519.0000000 251.7560382 251.8003513 
520.0000000 251.5596197 251.6039327 
521.0000000 251.3632011 251.4075142 
522.0000000 251.1667826 251.2110956 
523.0000000 250.9703640 251.0146771 
524.0000000 250.7739455 250.8182585 
525.0000000 250.5775269 250.6218400 
526.0000000 250.3811084 250.4254214 
527.0000000 250.1846898 250.2290029 
528.0000000 249.9882713 250.0325843 
529.0000000 249.7918527 249.8361658 
530.0000000 249.5954342 249.6397472 
531.0000000 249.3990156 249.4433287 
532.0000000 249.2025971 249.2469101 
533.0000000 249.0061785 249.0504916 
534.0000000 248.8097600 248.8540730 
535.0000000 248.6133414 248.6576545 
536.0000000 248.4169229 248.4612359 
537.0000000 248.2205043 248.2648174 
538.0000000 248.0240858 248.0683988 
539.0000000 247.8276672 247.8719803 
540.0000000 247.6312487 247.6755617 
541.0000000 247.4348301 247.4791432 
542.0000000 247.2384116 247.2827246 
543.0000000 247.0419930 247.0863061 
544.0000000 246.8455745 246.8898875 
545.0000000 246.6491559 246.6934690 
546.0000000 246.4527374 246.4970504 
547.0000000 246.2563188 246.3006319 
548.0000000 246.0599003 246.1042133 
549.0000000 245.8634817 245.9077948 
550.0000000 245.6670632 245.7113762 
551.0000000 245.4706446 245.5149577 
552.0000000 245.2742261 245.3185391 
553.0000000 245.0778075 245.1221206 
554.0000000 244.8813890 244.9257020 
555.0000000 244.6849704 244.7292835 
556.0000000 244.4885519 244.5328649 
557.0000000 244.2921333 244.3364464 
558.0000000 244.0957148 244.1400278 
559.0000000 243.8992962 243.9436093 
560.0000000 243.7028777 243.7471907 
561.0000000 243.5064591 243.5507722 
562.0000000 243.3100406 243.3543536 
563.0000000 243.1136220 243.1579351 
564.0000000 242.9172035 242.9615165 
565.0000000 242.7207849 242.7650980 
566.0000000 242.5243664 242.5686794 
567.0000000 242.3279478 242.3722609 
568.0000000 242.1315293 242.1758423 
569.0000000 241.9351107 241.9794238 
570.0000000 241.7386922 241.7830052 
571.0000000 241.5422736 241.5865867 
572.0000000 241.3458551 241.3901681 
573.0000000 241.1494365 241.1937496 
574.0000000 240.9530180 240.9973310 
575.0000000 240.7565994 240.8009125 
576.0000000 240.5601809 240.6044939 
577.0000000 240.3637623 240.4080754 
578.0000000 240.1673438 240.2116568 
579.0000000 239.9709252 240.0152383 
580.0000000 239.7745067 239.8188197 
581.0000000 239.5780881 239.6224012 
582.0000000 239.3816696 239.4259826 
583.0000000 239.1852510 239.2295641 
584.0000000 238.9888325 239.0331455 
585.0000000 238.7924139 238.8367270 
586.0000000 238.5959954 238.6403084 
587.0000000 238.3995768 238.4438899 
588.0000000 238.2031583 238.2474713 
589.0000000 238.0067397 238.0510528 
590.0000000 237.8103212 237.8546342 
591.0000000 237.6139026 237.6582157 
592.0000000 237.4174841 237.4617971 
593.0000000 237.2210655 237.2653786 
594.0000000 237.0246470 237.0689600 
595.0000000 236.8282284 236.8725415 
596.0000000 236.6318099 236.6761229 
597.0000000 236.4353913 236.4797044 
598.0000000 236.2389728 236.2832858 
599.0000000 236.0425542 236.0868673 
600.0000000 235.8461357 235.8904487 
601.0000000 235.6497171 235.6940302 
602.0000000 235.4532986 235.4976116 
603.0000000 235.2568800 235.3011931 
604.0000000 235.0604615 235.1047745 
605.0000000 234.8640429 234.9083560 
606.0000000 234.6676244 234.7119374 
607.0000000 234.4712058 234.5155189 
608.0000000 234.2747873 234.3191003 
609.0000000 234.0783687 234.1226818 
610.0000000 233.8819502 233.9262632 
611.0000000 233.6855316 233.7298447 
612.0000000 233.4891131 233.5334261 
613.0000000 233.2926945 233.3370076 
614.0000000 233.0962760 233.1405890 
615.0000000 232.8998574 232.9441705 
616.0000000 232.7034389 232.7477519 
617.0000000 232.5070203 232.5513334 
618.0000000 232.3106018 232.3549148 
619.0000000 232.1141832 232.1584963 
620.0000000 231.9177647 231.9620777 
621.0000000 231.7213461 231.7656592 
622.0000000 231.5249276 231.5692406 
623.0000000 231.3285090 231.3728221 
624.0000000 231.1320905 231.1764035 
625.0000000 230.9356719 230.9799850 
626.0000000 230.7392534 230.7835664 
627.0000000 230.5428348 230.5871479 
628.0000000 230.3464163 230.3907293 
629.0000000 230.1499977 230.1943108 
630.0000000 229.9535792 229.9978922 
631.0000000 229.7571606 229.8014737 
632.0000000 229.5607421 229.6050551 
633.0000000 229.3643235 229.4086366 
634.0000000 229.1679050 229.2122180 
635.0000000 228.9714864 229.0157994 
636.0000000 228.7750678 228.8193809 
637.0000000 228.5786493 228.6229623 
638.0000000 228.3822307 228.4265438 
639.0000000 228.1858122 228.2301252 
640.0000000 227.9893936 228.0337067 
641.0000000 227.7929751 227.8372881 
642.0000000 227.5965565 227.6408696 
643.0000000 227.4001380 227.4444510 
644.0000000 227.2037194 227.2480325 
645.0000000 227.0073009 227.0516139 
646.0000000 226.8108823 226.8551954 
647.0000000 226.6144638 226.6587768 
648.0000000 226.4180452 226.4623583 
649.0000000 226.2216267 226.2659397 
650.0000000 226.0252081 226.0695212 
651.0000000 225.8287896 225.8731026 
652.0000000 225.6323710 225.6766841 
653.0000000 225.4359525 225.4802655 
654.0000000 225.2395339 225.2838470 
655.0000000 225.0431154 225.0874284 
656.0000000 224.8466968 224.8910099 
657.0000000 224.6502783 224.6945913 
658.0000000 224.4538597 224.4981728 
659.0000000 224.2574412 224.3017542 
660.0000000 224.0610226 224.1053357 
661.0000000 223.8646041 223.9089171 
662.0000000 223.6681855 223.7124986 
663.0000000 223.4717670 223.5160800 
664.0000000 223.2753484 223.3196615 
665.0000000 223.0789299 223.1232429 
666.0000000 222.8825113 222.9268244 
667.0000000 222.6860928 222.7304058 
668.0000000 222.4896742 222.5339873 
669.0000000 222.2932557 222.3375687 
670.0000000 222.0968371 222.1411502 
671.0000000 221.9004186 221.9447316 
672.0000000 221.7040000 221.7483131 
673.0000000 221.5075815 221.5518945 
674.0000000 221.3111629 221.3554760 
675.0000000 221.1147444 221.1590574 
676.0000000 220.9183258 220.9626389 
677.0000000 220.7219073 220.7662203 
678.0000000 220.5254887 220.5698018 
679.0000000 220.3290702 220.3733832 
680.0000000 220.1326516 220.1769647 
681.0000000 219.9362331 219.9805461 
682.0000000 219.7398145 219.7841276 
683.0000000 219.5433960 219.5877090 
684.0000000 219.3469774 219.3912905 
685.0000000 219.1505589 219.1948719 
686.0000000 218.9541403 218.9984534 
687.0000000 218.7577218 218.8020348 
688.0000000 218.5613032 218.6056163 
689.0000000 218.3648847 218.4091977 
690.0000000 218.1684661 218.2127792 
691.0000000 217.9720476 218.0163606 
692.0000000 217.7756290 217.8199421 
693.0000000 217.5792105 217.6235235 
694.0000000 217.3827919 217.4271050 
695.0000000 217.1863734 217.2306864 
696.0000000 216.9899548 217.0342679 
697.0000000 216.7935363 216.8378493 
698.0000000 216.5971177 216.6414308 
699.0000000 216.4006992 216.4450122 
700.0000000 216.2042806 216.2485937 
701.0000000 216.0078621 216.0521751 
702.0000000 215.8114435 215.8557566 
703.0000000 215.6150250 215.6593380 
704.0000000 215.4186064 215.4629195 
705.0000000 215.2221879 215.2665009 
706.0000000 215.0257693 215.0700824 
707.0000000 214.8293508 214.8736638 
708.0000000 214.6329322 214.6772453 
709.0000000 214.4365137 214.4808267 
710.0000000 214.2400951 214.2844082 
711.0000000 214.0436766 214.0879896 
712.0000000 213.8472580 213.8915711 
713.0000000 213.6508395 213.6951525 
714.0000000 213.4544209 213.4987340 
715.0000000 213.2580024 213.3023154 
716.0000000 213.0615838 213.1058969 
717.0000000 212.8651653 212.9094783 
718.0000000 212.6687467 212.7130598 
719.0000000 212.4723282 212.5166412 
720.0000000 212.2759096 212.3202227 
721.0000000 212.0794911 212.1238041 
722.0000000 211.8830725 211.9273856 
723.0000000 211.6866540 211.7309670 
724.0000000 211.4902354 211.5345485 
725.0000000 211.2938169 211.3381299 
726.0000000 211.0973983 211.1417114 
727.0000000 210.9009798 210.9452928 
728.0000000 210.7045612 210.7488743 
729.0000000 210.5081427 210.5524557 
730.0000000 210.3117241 210.3560372 
731.0000000 210.1153056 210.1596186 
732.0000000 209.9188870 209.9632001 
733.0000000 209.7224685 209.7667815 
734.0000000 209.5260499 209.5703630 
735.0000000 209.3296314 209.3739444 
736.0000000 209.1332128 209.1775259 
737.0000000 208.9367943 208.9811073 
738.0000000 208.7403757 208.7846888 
739.0000000 208.5439572 208.5882702 
740.0000000 208.3475386 208.3918517 
741.0000000 208.1511201 208.1954331 
742.0000000 207.9547015 207.9990146 
743.0000000 207.7582830 207.8025960 
744.0000000 207.5618644 207.6061775 
745.0000000 207.3654459 207.4097589 
746.0000000 207.1690273 207.2133404 
747.0000000 206.9726088 207.0169218 
748.0000000 206.7761902 206.8205033 
749.0000000 206.5797717 206.6240847 
750.0000000 206.3833531 206.4276662 
751.0000000 206.1869346 206.2312476 
752.0000000 205.9905160 206.0348291 
753.0000000 205.7940975 205.8384105 
754.0000000 205.5976789 205.6419920 
755.0000000 205.4012604 205.4455734 
756.0000000 205.2048418 205.2491549 
757.0000000 205.0084233 205.0527363 
758.0000000 204.8120047 204.8563178 
759.0000000 204.6155862 204.6598992 
760.0000000 204.4191676 204.4634807 
761.0000000 204.2227491 204.2670621 
762.0000000 204.0263305 204.0706436 
763.0000000 203.8299120 203.8742250 
764.0000000 203.6334934 203.6778065 
765.0000000 203.4370749 203.4813879 
766.0000000 203.2406563 203.2849694 
767.0000000 203.0442378 203.0885508 
768.0000000 202.8478192 202.8921323 
769.0000000 202.6514007 202.6957137 
770.0000000 202.4549821 202.4992952 
771.0000000 202.2585636 202.3028766 
772.0000000 202.0621450 202.1064581 
773.0000000 201.8657265 201.9100395 
774.0000000 201.6693079 201.7136210 
775.0000000 201.4728894 201.5172024 
776.0000000 201.2764708 201.3207839 
777.0000000 201.0800523 201.1243653 
778.0000000 200.8836337 200.9279468 
779.0000000 200.6872152 200.7315282 
780.0000000 200.4907966 200.5351097 
781.0000000 200.2943781 200.3386911 
782.0000000 200.0979595 200.1422726 
783.0000000 199.9015410 199.9458540 
784.0000000 199.7051224 199.7494355 
785.0000000 199.5087039 199.5530169 
786.0000000 199.3122853 199.3565984 
787.0000000 199.1158668 199.1601798 
788.0000000 198.9194482 198.9637612 
789.0000000 198.7230296 198.7673427 
790.0000000 198.5266111 198.5709241 
791.0000000 198.3301925 198.3745056 
792.0000000 198.1337740 198.1780870 
793.0000000 197.9373554 197.9816685 
794.0000000 197.7409369 197.7852499 
795.0000000 197.5445183 197.5888314 
796.0000000 197.3480998 197.3924128 
797.0000000 197.1516812 197.1959943 
798.0000000 196.9552627 196.9995757 
799.0000000 196.7588441 196.8031572 
800.0000000 196.5624256 196.6067386 
801.0000000 196.3660070 196.4103201 
802.0000000 196.1695885 196.2139015 
803.0000000 195.9731699 196.0174830 
804.0000000 195.7767514 195.8210644 
805.0000000 195.5803328 195.6246459 
806.0000000 195.3839143 195.4282273 
807.0000000 195.1874957 195.2318088 
808.0000000 194.9910772 195.0353902 
809.0000000 194.7946586 194.8389717 
810.0000000 194.5982401 194.6425531 
811.0000000 194.4018215 194.4461346 
812.0000000 194.2054030 194.2497160 
813.0000000 194.0089844 194.0532975 
814.0000000 193.8125659 193.8568789 
815.0000000 193.6161473 193.6604604 
816.0000000 193.4197288 193.4640418 
817.0000000 193.2233102 193.2676233 
818.0000000 193.0268917 193.0712047 
819.0000000 192.8304731 192.8747862 
820.0000000 192.6340546 192.6783676 
821.0000000 192.4376360 192.4819491 
822.0000000 192.2412175 192.2855305 
823.0000000 192.0447989 192.0891120 
824.0000000 191.8483804 191.8926934 
825.0000000 191.6519618 191.6962749 
826.0000000 191.4555433 191.4998563 
827.0000000 191.2591247 191.3034378 
828.0000000 191.0627062 191.1070192 
829.0000000 190.8662876 190.9106007 
830.0000000 190.6698691 190.7141821 
831.0000000 190.4734505 190.5177636 
832.0000000 190.2770320 190.3213450 
833.0000000 190.0806134 190.1249265 
834.0000000 189.8841949 189.9285079 
835.0000000 189.6877763 189.7320894 
836.0000000 189.4913578 189.5356708 
837.0000000 189.2949392 189.3392523 
838.0000000 189.0985207 189.1428337 
839.0000000 188.9021021 188.9464152 
840.0000000 188.7056836 188.7499966 
841.0000000 188.5092650 188.5535781 
842.0000000 188.3128465 188.3571595 
843.0000000 188.1164279 188.1607410 
844.0000000 187.9200094 187.9643224 
845.0000000 187.7235908 187.7679039 
846.0000000 187.5271723 187.5714853 
847.0000000 187.3307537 187.3750668 
848.0000000 187.1343352 187.1786482 
849.0000000 186.9379166 186.9822297 
850.0000000 186.7414981 186.7858111 
851.0000000 186.5450795 186.5893926 
852.0000000 186.3486610 186.3929740 
853.0000000 186.1522424 186.1965555 
854.0000000 185.9558239 186.0001369 
855.0000000 185.7594053 185.8037184 
856.0000000 185.5629868 185.6072998 
857.0000000 185.3665682 185.4108813 
858.0000000 185.1701497 185.2144627 
859.0000000 184.9737311 185.0180442 
860.0000000 184.7773126 184.8216256 
861.0000000 184.5808940 184.6252071 
862.0000000 184.3844755 184.4287885 
863.0000000 184.1880569 184.2323700 
864.0000000 183.9916384 184.0359514 
865.0000000 183.7952198 183.8395329 
866.0000000 183.5988013 183.6431143 
867.0000000 183.4023827 183.4466958 
868.0000000 183.2059642 183.2502772 
869.0000000 183.0095456 183.0538587 
870.0000000 182.8131271 182.8574401 
871.0000000 182.6167085 182.6610216 
872.0000000 182.4202900 182.4646030 
873.0000000 182.2238714 182.2681845 
874.0000000 182.0274529 182.0717659 
875.0000000 181.8310343 181.8753474 
876.0000000 181.6346158 181.6789288 
877.0000000 181.4381972 181.4825103 
878.0000000 181.2417787 181.2860917 
879.0000000 181.0453601 181.0896732 
880.0000000 180.8489416 180.8932546 
881.0000000 180.6525230 180.6968361 
882.0000000 180.4561045 180.5004175 
883.0000000 180.2596859 180.3039990 
884.0000000 180.0632674 180.1075804 
885.0000000 179.8668488 179.9111619 
886.0000000 179.6704303 179.7147433 
887.0000000 179.4740117 179.5183248 
888.0000000 179.2775932 179.3219062 
889.0000000 179.0811746 179.1254877 
890.0000000 178.8847561 178.9290691 
891.0000000 178.6883375 178.7326506 
892.0000000 178.4919190 178.5362320 
893.0000000 178.2955004 178.3398135 
894.0000000 178.0990819 178.1433949 
895.0000000 177.9026633 177.9469764 
896.0000000 177.7062448 177.7505578 
897.0000000 177.5098262 177.5541393 
898.0000000 177.3134077 177.3577207 
899.0000000 177.1169891 177.1613022 
900.0000000 176.9205706 176.9648836 
901.0000000 176.7241520 176.7684651 
902.0000000 176.5277335 176.5720465 
903.0000000 176.3313149 176.3756280 
904.0000000 176.1348964 176.1792094 
905.0000000 175.9384778 175.9827909 
906.0000000 175.7420593 175.7863723 
907.0000000 175.5456407 175.5899538 
908.0000000 175.3492222 175.3935352 
909.0000000 175.1528036 175.1971167 
910.0000000 174.9563851 175.0006981 
911.0000000 174.7599665 174.8042796 
912.0000000 174.5635480 174.6078610 
913.0000000 174.3671294 174.4114425 
914.0000000 174.1707109 174.2150239 
915.0000000 173.9742923 174.0186054 
916.0000000 173.7778738 173.8221868 
917.0000000 173.5814552 173.6257683 
918.0000000 173.3850367 173.4293497 
919.0000000 173.1886181 173.2329312 
920.0000000 172.9921996 173.0365126 
921.0000000 172.7957810 172.8400941 
922.0000000 172.5993625 172.6436755 
923.0000000 172.4029439 172.4472570 
924.0000000 172.2065254 172.2508384 
925.0000000 172.0101068 172.0544199 
926.0000000 171.8136883 171.8580013 
927.0000000 171.6172697 171.6615828 
928.0000000 171.4208512 171.4651642 
929.0000000 171.2244326 171.2687457 
930.0000000 171.0280141 171.0723271 
931.0000000 170.8315955 170.8759086 
932.0000000 170.6351770 170.6794900 
933.0000000 170.4387584 170.4830715 
934.0000000 170.2423399 170.2866529 
935.0000000 170.0459213 170.0902344 
936.0000000 169.8495028 169.8938158 
937.0000000 169.6530842 169.6973973 
938.0000000 169.4566657 169.5009787 
939.0000000 169.2602471 169.3045601 
940.0000000 169.0638285 169.1081416 
941.0000000 168.8674100 168.9117230 
942.0000000 168.6709914 168.7153045 
943.0000000 168.4745729 168.5188859 
944.0000000 168.2781543 168.3224674 
945.0000000 168.0817358 168.1260488 
946.0000000 167.8853172 167.9296303 
947.0000000 167.6888987 167.7332117 
948.0000000 167.4924801 167.5367932 
949.0000000 167.2960616 167.3403746 
950.0000000 167.0996430 167.1439561 
951.0000000 166.9032245 166.9475375 
952.0000000 166.7068059 166.7511190 
953.0000000 166.5103874 166.5547004 
954.0000000 166.3139688 166.3582819 
955.0000000 166.1175503 166.1618633 
956.0000000 165.9211317 165.9654448 
957.0000000 165.7247132 165.7690262 
958.0000000 165.5282946 165.5726077 
959.0000000 165.3318761 165.3761891 
960.0000000 165.1354575 165.1797706 
961.0000000 164.9390390 164.9833520 
962.0000000 164.7426204 164.7869335 
963.0000000 164.5462019 164.5905149 
964.0000000 164.3497833 164.3940964 
965.0000000 164.1533648 164.1976778 
966.0000000 163.9569462 164.0012593 
967.0000000 163.7605277 163.8048407 
968.0000000 163.5641091 163.6084222 
969.0000000 163.3676906 163.4120036 
970.0000000 163.1712720 163.2155851 
971.0000000 162.9748535 163.0191665 
972.0000000 162.7784349 162.8227480 
973.0000000 162.5820164 162.6263294 
974.0000000 162.3855978 162.4299109 
975.0000000 162.1891793 162.2334923 
976.0000000 161.9927607 162.0370738 
977.0000000 161.7963422 161.8406552 
978.0000000 161.5999236 161.6442367 
979.0000000 161.4035051 161.4478181 
980.0000000 161.2070865 161.2513996 
981.0000000 161.0106680 161.0549810 
982.0000000 160.8142494 160.8585625 
983.0000000 160.6178309 160.6621439 
984.0000000 160.4214123 160.4657254 
985.0000000 160.2249938 160.2693068 
986.0000000 160.0285752 160.0728883 
987.0000000 159.8321567 159.8764697 
988.0000000 159.6357381 159.6800512 
989.0000000 159.4393196 159.4836326 
990.0000000 159.2429010 159.2872141 
991.0000000 159.0464825 159.0907955 
992.0000000 158.8500639 158.8943770 
993.0000000 158.6536454 158.6979584 
994.0000000 158.4572268 158.5015399 
995.0000000 158.2608083 158.3051213 
996.0000000 158.0643897 158.1087028 
997.0000000 157.8679712 157.9122842 
998.0000000 157.6715526 157.7158657 
999.0000000 157.4751341 157.5194471 
1000.0000000 157.2787155 157.3230286 
1001.0000000 157.0822970 157.1266100 
1002.0000000 156.8858784 156.9301915 
1003.0000000 156.6894599 156.7337729 
1004.0000000 156.4930413 156.5373544 
1005.0000000 156.2966228 156.3409358 
1006.0000000 156.1002042 156.1445173 
1007.0000000 155.9037857 155.9480987 
1008.0000000 155.7073671 155.7516802 
1009.0000000 155.5109486 155.5552616 
1010.0000000 155.3145300 155.3588431 
1011.0000000 155.1181115 155.1624245 
1012.0000000 154.9216929 154.9660060 
1013.0000000 154.7252744 154.7695874 
1014.0000000 154.5288558 154.5731689 
1015.0000000 154.3324373 154.3767503 
1016.0000000 154.1360187 154.1803318 
1017.0000000 153.9396002 153.9839132 
1018.0000000 153.7431816 153.7874947 
1019.0000000 153.5467631 153.5910761 
1020.0000000 153.3503445 153.3946576 
1021.0000000 153.1539260 153.1982390 
1022.0000000 152.9575074 153.0018205 
1023.0000000 152.7610889 152.8054019 
1024.0000000 152.5646703 152.6089834 
1025.0000000 152.3682518 152.4125648 
1026.0000000 152.1718332 152.2161463 
1027.0000000 151.9754147 152.0197277 
1028.0000000 151.7789961 151.8233092 
1029.0000000 151.5825776 151.6268906 
1030.0000000 151.3861590 151.4304721 
1031.0000000 151.1897405 151.2340535 
1032.0000000 150.9933219 151.0376350 
1033.0000000 150.7969034 150.8412164 
1034.0000000 150.6004848 150.6447979 
1035.0000000 150.4040663 150.4483793 
1036.0000000 150.2076477 150.2519608 
1037.0000000 150.0112292 150.0555422 
1038.0000000 149.8148106 149.8591237 
1039.0000000 149.6183921 149.6627051 
1040.0000000 149.4219735 149.4662866 
1041.0000000 149.2255550 149.2698680 
1042.0000000 149.0291364 149.0734495 
1043.0000000 148.8327179 148.8770309 
1044.0000000 148.6362993 148.6806124 
1045.0000000 148.4398808 148.4841938 
1046.0000000 148.2434622 148.2877753 
1047.0000000 148.0470437 148.0913567 
1048.0000000 147.8506251 147.8949382 
1049.0000000 147.6542066 147.6985196 
1050.0000000 147.4577880 147.5021011 
1051.0000000 147.2613695 147.3056825 
1052.0000000 147.0649509 147.1092640 
1053.0000000 146.8685324 146.9128454 
1054.0000000 146.6721138 146.7164269 
1055.0000000 146.4756953 146.5200083 
1056.0000000 146.2792767 146.3235898 
1057.0000000 146.0828582 146.1271712 
1058.0000000 145.8864396 145.9307527 
1059.0000000 145.6900211 145.7343341 
1060.0000000 145.4936025 145.5379156 
1061.0000000 145.2971840 145.3414970 
1062.0000000 145.1007654 145.1450785 
1063.0000000 144.9043469 144.9486599 
1064.0000000 144.7079283 144.7522414 
1065.0000000 144.5115098 144.5558228 
1066.0000000 144.3150912 144.3594043 
1067.0000000 144.1186727 144.1629857 
1068.0000000 143.9222541 143.9665672 
1069.0000000 143.7258356 143.7701486 
1070.0000000 143.5294170 143.5737301 
1071.0000000 143.3329985 143.3773115 
1072.0000000 143.1365799 143.1808930 
1073.0000000 142.9401614 142.9844744 
1074.0000000 142.7437428 142.7880559 
1075.0000000 142.5473243 142.5916373 
1076.0000000 142.3509057 142.3952188 
1077.0000000 142.1544872 142.1988002 
1078.0000000 141.9580686 142.0023817 
1079.0000000 141.7616501 141.8059631 
1080.0000000 141.5652315 141.6095446 
1081.0000000 141.3688130 141.4131260 
1082.0000000 141.1723944 141.2167075 
1083.0000000 140.9759759 141.0202889 
1084.0000000 140.7795573 140.8238704 
1085.0000000 140.5831388 140.6274518 
1086.0000000 140.3867202 140.4310333 
1087.0000000 140.1903017 140.2346147 
1088.0000000 139.9938831 140.0381962 
1089.0000000 139.7974646 139.8417776 
1090.0000000 139.6010460 139.6453590 
1091.0000000 139.4046274 139.4489405 
1092.0000000 139.2082089 139.2525219 
1093.0000000 139.0117903 139.0561034 
1094.0000000 138.8153718 138.8596848 
1095.0000000 138.6189532 138.6632663 
1096.0000000 138.4225347 138.4668477 
1097.0000000 138.2261161 138.2704292 
1098.0000000 138.0296976 138.0740106 
1099.0000000 137.8332790 137.8775921 
1100.0000000 137.6368605 137.6811735 
1101.0000000 137.4404419 137.4847550 
1102.0000000 137.2440234 137.2883364 
1103.0000000 137.0476048 137.0919179 
1104.0000000 136.8511863 136.8954993 
1105.0000000 136.6547677 136.6990808 
1106.0000000 136.4583492 136.5026622 
1107.0000000 136.2619306 136.3062437 
1108.0000000 136.0655121 136.1098251 
1109.0000000 135.8690935 135.9134066 
1110.0000000 135.6726750 135.7169880 
1111.0000000 135.4762564 135.5205695 
1112.0000000 135.2798379 135.3241509 
1113.0000000 135.0834193 135.1277324 
1114.0000000 134.8870008 134.9313138 
1115.0000000 134.6905822 134.7348953 
1116.0000000 134.4941637 134.5384767 
1117.0000000 134.2977451 134.3420582 
1118.0000000 134.1013266 134.1456396 
1119.0000000 133.9049080 133.9492211 
1120.0000000 133.7084895 133.7528025 
1121.0000000 133.5120709 133.5563840 
1122.0000000 133.3156524 133.3599654 
1123.0000000 133.1192338 133.1635469 
1124.0000000 132.9228153 132.9671283 
1125.0000000 132.7263967 132.7707098 
1126.0000000 132.5299782 132.5742912 
1127.0000000 132.3335596 132.3778727 
1128.0000000 132.1371411 132.1814541 
1129.0000000 131.9407225 131.9850356 
1130.0000000 131.7443040 131.7886170 
1131.0000000 131.5478854 131.5921985 
1132.0000000 131.3514669 131.3957799 
1133.0000000 131.1550483 131.1993614 
1134.0000000 130.9586298 131.0029428 
1135.0000000 130.7622112 130.8065243 
1136.0000000 130.5657927 130.6101057 
1137.0000000 130.3693741 130.4136872 
1138.0000000 130.1729556 130.2172686 
1139.0000000 129.9765370 130.0208501 
1140.0000000 129.7801185 129.8244315 
1141.0000000 129.5836999 129.6280130 
1142.0000000 129.3872814 129.4315944 
1143.0000000 129.1908628 129.2351759 
1144.0000000 128.9944443 129.0387573 
1145.0000000 128.7980257 128.8423388 
1146.0000000 128.6016072 128.6459202 
1147.0000000 128.4051886 128.4495017 
1148.0000000 128.2087701 128.2530831 
1149.0000000 128.0123515 128.0566646 
1150.0000000 127.8159330 127.8602460 
1151.0000000 127.6195144 127.6638275 
1152.0000000 127.4230959 127.4674089 
1153.0000000 127.2266773 127.2709904 
1154.0000000 127.0302588 127.0745718 
1155.0000000 126.8338402 126.8781533 
1156.0000000 126.6374217 126.6817347 
1157.0000000 126.4410031 126.4853162 
1158.0000000 126.2445846 126.2888976 
1159.0000000 126.0481660 126.0924791 
1160.0000000 125.8517475 125.8960605 
1161.0000000 125.6553289 125.6996420 
1162.0000000 125.4589104 125.5032234 
1163.0000000 125.2624918 125.3068049 
1164.0000000 125.0660733 125.1103863 
1165.0000000 124.8696547 124.9139678 
1166.0000000 124.6732362 124.7175492 
1167.0000000 124.4768176 124.5211307 
1168.0000000 124.2803991 124.3247121 
1169.0000000 124.0839805 124.1282936 
1170.0000000 123.8875620 123.9318750 
1171.0000000 123.6911434 123.7354565 
1172.0000000 123.4947249 123.5390379 
1173.0000000 123.2983063 123.3426194 
1174.0000000 123.1018878 123.1462008 
1175.0000000 122.9054692 122.9497823 
1176.0000000 122.7090507 122.7533637 
1177.0000000 122.5126321 122.5569452 
1178.0000000 122.3162136 122.3605266 
1179.0000000 122.1197950 122.1641081 
1180.0000000 121.9233765 121.9676895 
1181.0000000 121.7269579 121.7712710 
1182.0000000 121.5305394 121.5748524 
1183.0000000 121.3341208 121.3784339 
1184.0000000 121.1377023 121.1820153 
1185.0000000 120.9412837 120.9855968 
1186.0000000 120.7448652 120.7891782 
1187.0000000 120.5484466 120.5927597 
1188.0000000 120.3520281 120.3963411 
1189.0000000 120.1556095 120.1999226 
1190.0000000 119.9591910 120.0035040 
1191.0000000 119.7627724 119.8070855 
1192.0000000 119.5663539 119.6106669 
1193.0000000 119.3699353 119.4142484 
1194.0000000 119.1735168 119.2178298 
1195.0000000 118.9770982 119.0214113 
1196.0000000 118.7806797 118.8249927 
1197.0000000 118.5842611 118.6285742 
1198.0000000 118.3878426 118.4321556 
1199.0000000 118.1914240 118.2357371 
1200.0000000 117.9950055 118.0393185 
1201.0000000 117.7985869 117.8429000 
1202.0000000 117.6021684 117.6464814 
1203.0000000 117.4057498 117.4500629 
1204.0000000 117.2093313 117.2536443 
1205.0000000 117.0129127 117.0572258 
1206.0000000 116.8164942 116.8608072 
1207.0000000 116.6200756 116.6643887 
1208.0000000 116.4236571 116.4679701 
1209.0000000 116.2272385 116.2715516 
1210.0000000 116.0308200 116.0751330 
1211.0000000 115.8344014 115.8787145 
1212.0000000 115.6379829 115.6822959 
1213.0000000 115.4415643 115.4858774 
1214.0000000 115.2451458 115.2894588 
1215.0000000 115.0487272 115.0930403 
1216.0000000 114.8523087 114.8966217 
1217.0000000 114.6558901 114.7002032 
1218.0000000 114.4594716 114.5037846 
1219.0000000 114.2630530 114.3073661 
1220.0000000 114.0666345 114.1109475 
1221.0000000 113.8702159 113.9145290 
1222.0000000 113.6737974 113.7181104 
1223.0000000 113.4773788 113.5216919 
1224.0000000 113.2809603 113.3252733 
1225.0000000 113.0845417 113.1288548 
1226.0000000 112.8881232 112.9324362 
1227.0000000 112.6917046 112.7360177 
1228.0000000 112.4952861 112.5395991 
1229.0000000 112.2988675 112.3431806 
1230.0000000 112.1024490 112.1467620 
1231.0000000 111.9060304 111.9503435 
1232.0000000 111.7096119 111.7539249 
1233.0000000 111.5131933 111.5575064 
1234.0000000 111.3167748 111.3610878 
1235.0000000 111.1203562 111.1646693 
1236.0000000 110.9239377 110.9682507 
1237.0000000 110.7275191 110.7718322 
1238.0000000 110.5311006 110.5754136 
1239.0000000 110.3346820 110.3789951 
1240.0000000 110.1382635 110.1825765 
1241.0000000 109.9418449 109.9861580 
1242.0000000 109.7454264 109.7897394 
1243.0000000 109.5490078 109.5933208 
1244.0000000 109.3525892 109.3969023 
1245.0000000 109.1561707 109.2004837 
1246.0000000 108.9597521 109.0040652 
1247.0000000 108.7633336 108.8076466 
1248.0000000 108.5669150 108.6112281 
1249.0000000 108.3704965 108.4148095 
1250.0000000 108.1740779 108.2183910 
1251.0000000 107.9776594 108.0219724 
1252.0000000 107.7812408 107.8255539 
1253.0000000 107.5848223 107.6291353 
1254.0000000 107.3884037 107.4327168 
1255.0000000 107.1919852 107.2362982 
1256.0000000 106.9955666 107.0398797 
1257.0000000 106.7991481 106.8434611 
1258.0000000 106.6027295 106.6470426 
1259.0000000 106.4063110 106.4506240 
1260.0000000 106.2098924 106.2542055 
1261.0000000 106.0134739 106.0577869 
1262.0000000 105.8170553 105.8613684 
1263.0000000 105.6206368 105.6649498 
1264.0000000 105.4242182 105.4685313 
1265.0000000 105.2277997 105.2721127 
1266.0000000 105.0313811 105.0756942 
1267.0000000 104.8349626 104.8792756 
1268.0000000 104.6385440 104.6828571 
1269.0000000 104.4421255 104.4864385 
1270.0000000 104.2457069 104.2900200 
1271.0000000 104.0492884 104.0936014 
1272.0000000 103.8528698 103.8971829 
1273.0000000 103.6564513 103.7007643 
1274.0000000 103.4600327 103.5043458 
1275.0000000 103.2636142 103.3079272 
1276.0000000 103.0671956 103.1115087 
1277.0000000 102.8707771 102.9150901 
1278.0000000 102.6743585 102.7186716 
1279.0000000 102.4779400 102.5222530 
1280.0000000 102.2815214 102.3258345 
1281.0000000 102.0851029 102.1294159 
1282.0000000 101.8886843 101.9329974 
1283.0000000 101.6922658 101.7365788 
1284.0000000 101.4958472 101.5401603 
1285.0000000 101.2994287 101.3437417 
1286.0000000 101.1030101 101.1473232 
1287.0000000 100.9065916 100.9509046 
1288.0000000 100.7101730 100.7544861 
1289.0000000 100.5137545 100.5580675 
1290.0000000 100.3173359 100.3616490 
1291.0000000 100.1209174 100.1652304 
1292.0000000 99.9244988 99.9688119 
1293.0000000 99.7280803 99.7723933 
1294.0000000 99.5316617 99.5759748 
1295.0000000 99.3352432 99.3795562 
1296.0000000 99.1388246 99.1831377 
1297.0000000 98.9424061 98.9867191 
1298.0000000 98.7459875 98.7903006 
1299.0000000 98.5495690 98.5938820 
1300.0000000 98.3531504 98.3974635 
1301.0000000 98.1567319 98.2010449 
1302.0000000 97.9603133 98.0046264 
1303.0000000 97.7638948 97.8082078 
1304.0000000 97.5674762 97.6117893 
1305.0000000 97.3710577 97.4153707 
1306.0000000 97.1746391 97.2189522 
1307.0000000 96.9782206 97.0225336 
1308.0000000 96.7818020 96.8261151 
1309.0000000 96.5853835 96.6296965 
1310.0000000 96.3889649 96.4332780 
1311.0000000 96.1925464 96.2368594 
1312.0000000 95.9961278 96.0404409 
1313.0000000 95.7997093 95.8440223 
1314.0000000 95.6032907 95.6476038 
1315.0000000 95.4068722 95.4511852 
1316.0000000 95.2104536 95.2547667 
1317.0000000 95.0140351 95.0583481 
1318.0000000 94.8176165 94.8619296 
1319.0000000 94.6211980 94.6655110 
1320.0000000 94.4247794 94.4690925 
1321.0000000 94.2283609 94.2726739 
1322.0000000 94.0319423 94.0762554 
1323.0000000 93.8355238 93.8798368 
1324.0000000 93.6391052 93.6834183 
1325.0000000 93.4426867 93.4869997 
1326.0000000 93.2462681 93.2905812 
1327.0000000 93.0498496 93.0941626 
1328.0000000 92.8534310 92.8977441 
1329.0000000 92.6570125 92.7013255 
1330.0000000 92.4605939 92.5049070 
1331.0000000 92.2641754 92.3084884 
1332.0000000 92.0677568 92.1120699 
1333.0000000 91.8713383 91.9156513 
1334.0000000 91.6749197 91.7192328 
1335.0000000 91.4785012 91.5228142 
1336.0000000 91.2820826 91.3263957 
1337.0000000 91.0856641 91.1299771 
1338.0000000 90.8892455 90.9335586 
1339.0000000 90.6928270 90.7371400 
1340.0000000 90.4964084 90.5407215 
1341.0000000 90.2999899 90.3443029 
1342.0000000 90.1035713 90.1478844 
1343.0000000 89.9071528 89.9514658 
1344.0000000 89.7107342 89.7550473 
1345.0000000 89.5143157 89.5586287 
1346.0000000 89.3178971 89.3622102 
1347.0000000 89.1214786 89.1657916 
1348.0000000 88.9250600 88.9693731 
1349.0000000 88.7286415 88.7729545 
1350.0000000 88.5322229 88.5765360 
1351.0000000 88.3358044 88.3801174 
1352.0000000 88.1393858 88.1836989 
1353.0000000 87.9429673 87.9872803 
1354.0000000 87.7465487 87.7908618 
1355.0000000 87.5501302 87.5944432 
1356.0000000 87.3537116 87.3980247 
1357.0000000 87.1572931 87.2016061 
1358.0000000 86.9608745 87.0051876 
1359.0000000 86.7644560 86.8087690 
1360.0000000 86.5680374 86.6123505 
1361.0000000 86.3716189 86.4159319 
1362.0000000 86.1752003 86.2195134 
1363.0000000 85.9787818 86.0230948 
1364.0000000 85.7823632 85.8266763 
1365.0000000 85.5859447 85.6302577 
1366.0000000 85.3895261 85.4338392 
1367.0000000 85.1931076 85.2374206 
1368.0000000 84.9966890 85.0410021 
1369.0000000 84.8002705 84.8445835 
1370.0000000 84.6038519 84.6481650 
1371.0000000 84.4074334 84.4517464 
1372.0000000 84.2110148 84.2553279 
1373.0000000 84.0145963 84.0589093 
1374.0000000 83.8181777 83.8624908 
1375.0000000 83.6217592 83.6660722 
1376.0000000 83.4253406 83.4696537 
1377.0000000 83.2289221 83.2732351 
1378.0000000 83.0325035 83.0768166 
1379.0000000 82.8360850 82.8803980 
1380.0000000 82.6396664 82.6839795 
1381.0000000 82.4432479 82.4875609 
1382.0000000 82.2468293 82.2911424 
1383.0000000 82.0504108 82.0947238 
1384.0000000 81.8539922 81.8983053 
1385.0000000 81.6575737 81.7018867 
1386.0000000 81.4611551 81.5054682 
1387.0000000 81.2647366 81.3090496 
1388.0000000 81.0683180 81.1126311 
1389.0000000 80.8718995 80.9162125 
1390.0000000 80.6754809 80.7197940 
1391.0000000 80.4790624 80.5233754 
1392.0000000 80.2826438 80.3269569 
1393.0000000 80.0862253 80.1305383 
1394.0000000 79.8898067 79.9341197 
1395.0000000 79.6933881 79.7377012 
1396.0000000 79.4969696 79.5412826 
1397.0000000 79.3005510 79.3448641 
1398.0000000 79.1041325 79.1484455 
1399.0000000 78.9077139 78.9520270 
1400.0000000 78.7112954 78.7556084 
1401.0000000 78.5148768 78.5591899 
1402.0000000 78.3184583 78.3627713 
1403.0000000 78.1220397 78.1663528 
1404.0000000 77.9256212 77.9699342 
1405.0000000 77.7292026 77.7735157 
1406.0000000 77.5327841 77.5770971 
1407.0000000 77.3363655 77.3806786 
1408.0000000 77.1399470 77.1842600 
1409.0000000 76.9435284 76.9878415 
1410.0000000 76.7471099 76.7914229 
1411.0000000 76.5506913 76.5950044 
1412.0000000 76.3542728 76.3985858 
1413.0000000 76.1578542 76.2021673 
1414.0000000 75.9614357 76.0057487 
1415.0000000 75.7650171 75.8093302 
1416.0000000 75.5685986 75.6129116 
1417.0000000 75.3721800 75.4164931 
1418.0000000 75.1757615 75.2200745 
1419.0000000 74.9793429 75.0236560 
1420.0000000 74.7829244 74.8272374 
1421.0000000 74.5865058 74.6308189 
1422.0000000 74.3900873 74.4344003 
1423.0000000 74.1936687 74.2379818 
1424.0000000 73.9972502 74.0415632 
1425.0000000 73.8008316 73.8451447 
1426.0000000 73.6044131 73.6487261 
1427.0000000 73.4079945 73.4523076 
1428.0000000 73.2115760 73.2558890 
1429.0000000 73.0151574 73.0594705 
1430.0000000 72.8187389 72.8630519 
1431.0000000 72.6223203 72.6666334 
1432.0000000 72.4259018 72.4702148 
1433.0000000 72.2294832 72.2737963 
1434.0000000 72.0330647 72.0773777 
1435.0000000 71.8366461 71.8809592 
1436.0000000 71.6402276 71.6845406 
1437.0000000 71.4438090 71.4881221 
1438.0000000 71.2473905 71.2917035 
1439.0000000 71.0509719 71.0952850 
1440.0000000 70.8545534 70.8988664 
1441.0000000 70.6581348 70.7024479 
1442.0000000 70.4617163 70.5060293 
1443.0000000 70.2652977 70.3096108 
1444.0000000 70.0688792 70.1131922 
1445.0000000 69.8724606 69.9167737 
1446.0000000 69.6760421 69.7203551 
1447.0000000 69.4796235 69.5239366 
1448.0000000 69.2832050 69.3275180 
1449.0000000 69.0867864 69.1310995 
1450.0000000 68.8903679 68.9346809 
1451.0000000 68.6939493 68.7382624 
1452.0000000 68.4975308 68.5418438 
1453.0000000 68.3011122 68.3454253 
1454.0000000 68.1046937 68.1490067 
1455.0000000 67.9082751 67.9525882 
1456.0000000 67.7118566 67.7561696 
1457.0000000 67.5154380 67.5597511 
1458.0000000 67.3190195 67.3633325 
1459.0000000 67.1226009 67.1669140 
1460.0000000 66.9261824 66.9704954 
1461.0000000 66.7297638 66.7740769 
1462.0000000 66.5333453 66.5776583 
1463.0000000 66.3369267 66.3812398 
1464.0000000 66.1405082 66.1848212 
1465.0000000 65.9440896 65.9884027 
1466.0000000 65.7476711 65.7919841 
1467.0000000 65.5512525 65.5955656 
1468.0000000 65.3548340 65.3991470 
1469.0000000 65.1584154 65.2027285 
1470.0000000 64.9619969 65.0063099 
1471.0000000 64.7655783 64.8098914 
1472.0000000 64.5691598 64.6134728 
1473.0000000 64.3727412 64.4170543 
1474.0000000 64.1763227 64.2206357 
1475.0000000 63.9799041 64.0242172 
1476.0000000 63.7834856 63.8277986 
1477.0000000 63.5870670 63.6313801 
1478.0000000 63.3906485 63.4349615 
1479.0000000 63.1942299 63.2385430 
1480.0000000 62.9978114 63.0421244 
1481.0000000 62.8013928 62.8457059 
1482.0000000 62.6049743 62.6492873 
1483.0000000 62.4085557 62.4528688 
1484.0000000 62.2121372 62.2564502 
1485.0000000 62.0157186 62.0600317 
1486.0000000 61.8193001 61.8636131 
1487.0000000 61.6228815 61.6671946 
1488.0000000 61.4264630 61.4707760 
1489.0000000 61.2300444 61.2743575 
1490.0000000 61.0336259 61.0779389 
1491.0000000 60.8372073 60.8815204 
1492.0000000 60.6407888 60.6851018 
1493.0000000 60.4443702 60.4886833 
1494.0000000 60.2479517 60.2922647 
1495.0000000 60.0515331 60.0958462 
1496.0000000 59.8551146 59.8994276 
1497.0000000 59.6586960 59.7030091 
1498.0000000 59.4622775 59.5065905 
1499.0000000 59.2658589 59.3101720 
1500.0000000 59.0694404 59.1137534 
1501.0000000 58.8730218 58.9173349 
1502.0000000 58.6766033 58.7209163 
1503.0000000 58.4801847 58.5244978 
1504.0000000 58.2837662 58.3280792 
1505.0000000 58.0873476 58.1316607 
1506.0000000 57.8909291 57.9352421 
1507.0000000 57.6945105 57.7388236 
1508.0000000 57.4980920 57.5424050 
1509.0000000 57.3016734 57.3459865 
1510.0000000 57.1052549 57.1495679 
1511.0000000 56.9088363 56.9531494 
1512.0000000 56.7124178 56.7567308 
1513.0000000 56.5159992 56.5603123 
1514.0000000 56.3195807 56.3638937 
1515.0000000 56.1231621 56.1674752 
1516.0000000 55.9267436 55.9710566 
1517.0000000 55.7303250 55.7746381 
1518.0000000 55.5339065 55.5782195 
1519.0000000 55.3374879 55.3818010 
1520.0000000 55.1410694 55.1853824 
1521.0000000 54.9446508 54.9889639 
1522.0000000 54.7482323 54.7925453 
1523.0000000 54.5518137 54.5961268 
1524.0000000 54.3553952 54.3997082 
1525.0000000 54.1589766 54.2032897 
1526.0000000 53.9625581 54.0068711 
1527.0000000 53.7661395 53.8104526 
1528.0000000 53.5697210 53.6140340 
1529.0000000 53.3733024 53.4176155 
1530.0000000 53.1768839 53.2211969 
1531.0000000 52.9804653 53.0247784 
1532.0000000 52.7840468 52.8283598 
1533.0000000 52.5876282 52.6319413 
1534.0000000 52.3912097 52.4355227 
1535.0000000 52.1947911 52.2391042 
1536.0000000 51.9983726 52.0426856 
1537.0000000 51.8019540 51.8462671 
1538.0000000 51.6055355 51.6498485 
1539.0000000 51.4091169 51.4534300 
1540.0000000 51.2126984 51.2570114 
1541.0000000 51.0162798 51.0605929 
1542.0000000 50.8198613 50.8641743 
1543.0000000 50.6234427 50.6677558 
1544.0000000 50.4270242 50.4713372 
1545.0000000 50.2306056 50.2749186 
1546.0000000 50.0341870 50.0785001 
1547.0000000 49.8377685 49.8820815 
1548.0000000 49.6413499 49.6856630 
1549.0000000 49.4449314 49.4892444 
1550.0000000 49.2485128 49.2928259 
1551.0000000 49.0520943 49.0964073 
1552.0000000 48.8556757 48.8999888 
1553.0000000 48.6592572 48.7035702 
1554.0000000 48.4628386 48.5071517 
1555.0000000 48.2664201 48.3107331 
1556.0000000 48.0700015 48.1143146 
1557.0000000 47.8735830 47.9178960 
1558.0000000 47.6771644 47.7214775 
1559.0000000 47.4807459 47.5250589 
1560.0000000 47.2843273 47.3286404 
1561.0000000 47.0879088 47.1322218 
1562.0000000 46.8914902 46.9358033 
1563.0000000 46.6950717 46.7393847 
1564.0000000 46.4986531 46.5429662 
1565.0000000 46.3022346 46.3465476 
1566.0000000 46.1058160 46.1501291 
1567.0000000 45.9093975 45.9537105 
1568.0000000 45.7129789 45.7572920 
1569.0000000 45.5165604 45.5608734 
1570.0000000 45.3201418 45.3644549 
1571.0000000 45.1237233 45.1680363 
1572.0000000 44.9273047 44.9716178 
1573.0000000 44.7308862 44.7751992 
1574.0000000 44.5344676 44.5787807 
1575.0000000 44.3380491 44.3823621 
1576.0000000 44.1416305 44.1859436 
1577.0000000 43.9452120 43.9895250 
1578.0000000 43.7487934 43.7931065 
1579.0000000 43.5523749 43.5966879 
1580.0000000 43.3559563 43.4002694 
1581.0000000 43.1595378 43.2038508 
1582.0000000 42.9631192 43.0074323 
1583.0000000 42.7667007 42.8110137 
1584.0000000 42.5702821 42.6145952 
1585.0000000 42.3738636 42.4181766 
1586.0000000 42.1774450 42.2217581 
1587.0000000 41.9810265 42.0253395 
1588.0000000 41.7846079 41.8289210 
1589.0000000 41.5881894 41.6325024 
1590.0000000 41.3917708 41.4360839 
1591.0000000 41.1953523 41.2396653 
1592.0000000 40.9989337 41.0432468 
1593.0000000 40.8025152 40.8468282 
1594.0000000 40.6060966 40.6504097 
1595.0000000 40.4096781 40.4539911 
1596.0000000 40.2132595 40.2575726 
1597.0000000 40.0168410 40.0611540 
1598.0000000 39.8204224 39.8647355 
1599.0000000 39.6240039 39.6683169 
1600.0000000 39.4275853 39.4718984 
1601.0000000 39.2311668 39.2754798 
1602.0000000 39.0347482 39.0790613 
1603.0000000 38.8383297 38.8826427 
1604.0000000 38.6419111 38.6862242 
1605.0000000 38.4454926 38.4898056 
1606.0000000 38.2490740 38.2933871 
1607.0000000 38.0526555 38.0969685 
1608.0000000 37.8562369 37.9005500 
1609.0000000 37.6598184 37.7041314 
1610.0000000 37.4633998 37.5077129 
1611.0000000 37.2669813 37.3112943 
1612.0000000 37.0705627 37.1148758 
1613.0000000 36.8741442 36.9184572 
1614.0000000 36.6777256 36.7220387 
1615.0000000 36.4813071 36.5256201 
1616.0000000 36.2848885 36.3292016 
1617.0000000 36.0884700 36.1327830 
1618.0000000 35.8920514 35.9363645 
1619.0000000 35.6956329 35.7399459 
1620.0000000 35.4992143 35.5435274 
1621.0000000 35.3027958 35.3471088 
1622.0000000 35.1063772 35.1506903 
1623.0000000 34.9099587 34.9542717 
1624.0000000 34.7135401 34.7578532 
1625.0000000 34.5171216 34.5614346 
1626.0000000 34.3207030 34.3650161 
1627.0000000 34.1242845 34.1685975 
1628.0000000 33.9278659 33.9721790 
1629.0000000 33.7314474 33.7757604 
1630.0000000 33.5350288 33.5793419 
1631.0000000 33.3386103 33.3829233 
1632.0000000 33.1421917 33.1865048 
1633.0000000 32.9457732 32.9900862 
1634.0000000 32.7493546 32.7936677 
1635.0000000 32.5529361 32.5972491 
1636.0000000 32.3565175 32.4008306 
1637.0000000 32.1600990 32.2044120 
1638.0000000 31.9636804 32.0079935 
1639.0000000 31.7672619 31.8115749 
1640.0000000 31.5708433 31.6151564 
1641.0000000 31.3744248 31.4187378 
1642.0000000 31.1780062 31.2223193 
1643.0000000 30.9815877 31.0259007 
1644.0000000 30.7851691 30.8294822 
1645.0000000 30.5887506 30.6330636 
1646.0000000 30.3923320 30.4366451 
1647.0000000 30.1959135 30.2402265 
1648.0000000 29.9994949 30.0438080 
1649.0000000 29.8030764 29.8473894 
1650.0000000 29.6066578 29.6509709 
1651.0000000 29.4102393 29.4545523 
1652.0000000 29.2138207 29.2581338 
1653.0000000 29.0174022 29.0617152 
1654.0000000 28.8209836 28.8652967 
1655.0000000 28.6245651 28.6688781 
1656.0000000 28.4281465 28.4724596 
1657.0000000 28.2317280 28.2760410 
1658.0000000 28.0353094 28.0796225 
1659.0000000 27.8388909 27.8832039 
1660.0000000 27.6424723 27.6867854 
1661.0000000 27.4460538 27.4903668 
1662.0000000 27.2496352 27.2939483 
1663.0000000 27.0532167 27.0975297 
1664.0000000 26.8567981 26.9011112 
1665.0000000 26.6603796 26.7046926 
1666.0000000 26.4639610 26.5082741 
1667.0000000 26.2675425 26.3118555 
1668.0000000 26.0711239 26.1154370 
1669.0000000 25.8747054 25.9190184 
1670.0000000 25.6782868 25.7225999 
1671.0000000 25.4818683 25.5261813 
1672.0000000 25.2854497 25.3297628 
1673.0000000 25.0890312 25.1333442 
1674.0000000 24.8926126 24.9369257 
1675.0000000 24.6961941 24.7405071 
1676.0000000 24.4997755 24.5440886 
1677.0000000 24.3033570 24.3476700 
1678.0000000 24.1069384 24.1512515 
1679.0000000 23.9105199 23.9548329 
1680.0000000 23.7141013 23.7584144 
1681.0000000 23.5176828 23.5619958 
1682.0000000 23.3212642 23.3655773 
1683.0000000 23.1248457 23.1691587 
1684.0000000 22.9284271 22.9727402 
1685.0000000 22.7320086 22.7763216 
1686.0000000 22.5355900 22.5799031 
1687.0000000 22.3391715 22.3834845 
1688.0000000 22.1427529 22.1870660 
1689.0000000 21.9463344 21.9906474 
1690.0000000 21.7499158 21.7942289 
1691.0000000 21.5534973 21.5978103 
1692.0000000 21.3570787 21.4013918 
1693.0000000 21.1606602 21.2049732 
1694.0000000 20.9642416 21.0085547 
1695.0000000 20.7678231 20.8121361 
1696.0000000 20.5714045 20.6157176 
1697.0000000 20.3749860 20.4192990 
1698.0000000 20.1785674 20.2228804 
1699.0000000 19.9821488 20.0264619 
1700.0000000 19.7857303 19.8300433 
1701.0000000 19.5893117 19.6336248 
1702.0000000 19.3928932 19.4372062 
1703.0000000 19.1964746 19.2407877 
1704.0000000 19.0000561 19.0443691 
1705.0000000 18.8036375 18.8479506 
1706.0000000 18.6072190 18.6515320 
1707.0000000 18.4108004 18.4551135 
1708.0000000 18.2143819 18.2586949 
1709.0000000 18.0179633 18.0622764 
1710.0000000 17.8215448 17.8658578 
1711.0000000 17.6251262 17.6694393 
1712.0000000 17.4287077 17.4730207 
1713.0000000 17.2322891 17.2766022 
1714.0000000 17.0358706 17.0801836 
1715.0000000 16.8394520 16.8837651 
1716.0000000 16.6430335 16.6873465 
1717.0000000 16.4466149 16.4909280 
1718.0000000 16.2501964 16.2945094 
1719.0000000 16.0537778 16.0980909 
1720.0000000 15.8573593 15.9016723 
1721.0000000 15.6609407 15.7052538 
1722.0000000 15.4645222 15.5088352 
1723.0000000 15.2681036 15.3124167 
1724.0000000 15.0716851 15.1159981 
1725.0000000 14.8752665 14.9195796 
1726.0000000 14.6788480 14.7231610 
1727.0000000 14.4824294 14.5267425 
1728.0000000 14.2860109 14.3303239 
1729.0000000 14.0895923 14.1339054 
1730.0000000 13.8931738 13.9374868 
1731.0000000 13.6967552 13.7410683 
1732.0000000 13.5003367 13.5446497 
1733.0000000 13.3039181 13.3482312 
1734.0000000 13.1074996 13.1518126 
1735.0000000 12.9110810 12.9553941 
1736.0000000 12.7146625 12.7589755 
1737.0000000 12.5182439 12.5625570 
1738.0000000 12.3218254 12.3661384 
1739.0000000 12.1254068 12.1697199 
1740.0000000 11.9289883 11.9733013 
1741.0000000 11.7325697 11.7768828 
1742.0000000 11.5361512 11.5804642 
1743.0000000 11.3397326 11.3840457 
1744.0000000 11.1433141 11.1876271 
1745.0000000 10.9468955 10.9912086 
1746.0000000 10.7504770 10.7947900 
1747.0000000 10.5540584 10.5983715 
1748.0000000 10.3576399 10.4019529 
1749.0000000 10.1612213 10.2055344 
1750.0000000 9.9648028 10.0091158 
1751.0000000 9.7683842 9.8126973 
1752.0000000 9.5719657 9.6162787 
1753.0000000 9.3755471 9.4198602 
1754.0000000 9.1791286 9.2234416 
1755.0000000 8.9827100 9.0270231 
1756.0000000 8.7862915 8.8306045 
1757.0000000 8.5898729 8.6341860 
1758.0000000 8.3934544 8.4377674 
1759.0000000 8.1970358 8.2413489 
1760.0000000 8.0006173 8.0449303 
1761.0000000 7.8041987 7.8485118 
1762.0000000 7.6077802 7.6520932 
1763.0000000 7.4113616 7.4556747 
1764.0000000 7.2149431 7.2592561 
1765.0000000 7.0185245 7.0628376 
1766.0000000 6.8221060 6.8664190 
1767.0000000 6.6256874 6.6700005 
1768.0000000 6.4292689 6.4735819 
1769.0000000 6.2328503 6.2771634 
1770.0000000 6.0364318 6.0807448 
1771.0000000 5.8400132 5.8843263 
1772.0000000 5.6435947 5.6879077 
1773.0000000 5.4471761 5.4914892 
1774.0000000 5.2507576 5.2950706 
1775.0000000 5.0543390 5.0986521 
1776.0000000 4.8579205 4.9022335 
1777.0000000 4.6615019 4.7058150 
1778.0000000 4.4650834 4.5093964 
1779.0000000 4.2686648 4.3129779 
1780.0000000 4.0722463 4.1165593 
1781.0000000 3.8758277 3.9201408 
1782.0000000 3.6794092 3.7237222 
1783.0000000 3.4829906 3.5273037 
1784.0000000 3.2865721 3.3308851 
1785.0000000 3.0901535 3.1344666 
1786.0000000 2.8937350 2.9380480 
1787.0000000 2.6973164 2.7416295 
1788.0000000 2.5008979 2.5452109 
1789.0000000 2.3044793 2.3487924 
1790.0000000 2.1080608 2.1523738 
1791.0000000 1.9116422 1.9559553 
1792.0000000 1.7152237 1.7595367 
1793.0000000 1.5188051 1.5631182 
1794.0000000 1.3223866 1.3666996 
1795.0000000 1.1259680 1.1702811 
1796.0000000 0.9295495 0.9738625 
1797.0000000 0.7331309 0.7774440 
1798.0000000 0.5367124 0.5810254 
1799.0000000 0.3402938 0.3846069 
1800.0000000 0.1438753 0.1881883 

