1.0000000 353.4897600 353.5061512 
2.0000000 353.2933414 353.3097326 
3.0000000 353.0969229 353.1133141 
4.0000000 352.9005043 352.9168955 
5.0000000 352.7040858 352.7204770 
6.0000000 352.5076672 352.5240584 
7.0000000 352.3112487 352.3276399 
8.0000000 352.1148301 352.1312213 
9.0000000 351.9184116 351.9348028 
10.0000000 351.7219930 351.7383842 
11.0000000 351.5255745 351.5419657 
12.0000000 351.3291559 351.3455471 
13.0000000 351.1327374 351.1491286 
14.0000000 350.9363188 350.9527100 
15.0000000 350.7399003 350.7562915 
16.0000000 350.5434817 350.5598729 
17.0000000 350.3470632 350.3634544 
18.0000000 350.1506446 350.1670358 
19.0000000 349.9542261 349.9706173 
20.0000000 349.7578075 349.7741987 
21.0000000 349.5613890 349.5777802 
22.0000000 349.3649704 349.3813616 
23.0000000 349.1685519 349.1849431 
24.0000000 348.9721333 348.9885245 
25.0000000 348.7757148 348.7921060 
26.0000000 348.5792962 348.5956874 
27.0000000 348.3828777 348.3992689 
28.0000000 348.1864591 348.2028503 
29.0000000 347.9900406 348.0064318 
30.0000000 347.7936220 347.8100132 
31.0000000 347.5972035 347.6135947 
32.0000000 347.4007849 347.4171761 
33.0000000 347.2043664 347.2207576 
34.0000000 347.0079478 347.0243390 
35.0000000 346.8115293 346.8279205 
36.0000000 346.6151107 346.6315019 
37.0000000 346.4186922 346.4350834 
38.0000000 346.2222736 346.2386648 
39.0000000 346.0258551 346.0422463 
40.0000000 345.8294365 345.8458277 
41.0000000 345.6330180 345.6494092 
42.0000000 345.4365994 345.4529906 
43.0000000 345.2401809 345.2565721 
44.0000000 345.0437623 345.0601535 
45.0000000 344.8473438 344.8637350 
46.0000000 344.6509252 344.6673164 
47.0000000 344.4545067 344.4708979 
48.0000000 344.2580881 344.2744793 
49.0000000 344.0616696 344.0780608 
50.0000000 343.8652510 343.8816422 
51.0000000 343.6688325 343.6852237 
52.0000000 343.4724139 343.4888051 
53.0000000 343.2759954 343.2923866 
54.0000000 343.0795768 343.0959680 
55.0000000 342.8831583 342.8995495 
56.0000000 342.6867397 342.7031309 
57.0000000 342.4903212 342.5067124 
58.0000000 342.2939026 342.3102938 
59.0000000 342.0974841 342.1138753 
60.0000000 341.9010655 341.9174567 
61.0000000 341.7046470 341.7210382 
62.0000000 341.5082284 341.5246196 
63.0000000 341.3118099 341.3282011 
64.0000000 341.1153913 341.1317825 
65.0000000 340.9189728 340.9353640 
66.0000000 340.7225542 340.7389454 
67.0000000 340.5261357 340.5425269 
68.0000000 340.3297171 340.3461083 
69.0000000 340.1332986 340.1496898 
70.0000000 339.9368800 339.9532712 
71.0000000 339.7404615 339.7568527 
72.0000000 339.5440429 339.5604341 
73.0000000 339.3476244 339.3640156 
74.0000000 339.1512058 339.1675970 
75.0000000 338.9547873 338.9711785 
76.0000000 338.7583687 338.7747599 
77.0000000 338.5619502 338.5783414 
78.0000000 338.3655316 338.3819228 
79.0000000 338.1691131 338.1855043 
80.0000000 337.9726945 337.9890857 
81.0000000 337.7762760 337.7926672 
82.0000000 337.5798574 337.5962486 
83.0000000 337.3834389 337.3998300 
84.0000000 337.1870203 337.2034115 
85.0000000 336.9906018 337.0069929 
86.0000000 336.7941832 336.8105744 
87.0000000 336.5977647 336.6141558 
88.0000000 336.4013461 336.4177373 
89.0000000 336.2049276 336.2213187 
90.0000000 336.0085090 336.0249002 
91.0000000 335.8120905 335.8284816 
92.0000000 335.6156719 335.6320631 
93.0000000 335.4192534 335.4356445 
94.0000000 335.2228348 335.2392260 
95.0000000 335.0264163 335.0428074 
96.0000000 334.8299977 334.8463889 
97.0000000 334.6335792 334.6499703 
98.0000000 334.4371606 334.4535518 
99.0000000 334.2407421 334.2571332 
100.0000000 334.0443235 334.0607147 
101.0000000 333.8479050 333.8642961 
102.0000000 333.6514864 333.6678776 
103.0000000 333.4550679 333.4714590 
104.0000000 333.2586493 333.2750405 
105.0000000 333.0622308 333.0786219 
106.0000000 332.8658122 332.8822034 
107.0000000 332.6693937 332.6857848 
108.0000000 332.4729751 332.4893663 
109.0000000 332.2765566 332.2929477 
110.0000000 332.0801380 332.0965292 
111.0000000 331.8837195 331.9001106 
112.0000000 331.6873009 331.7036921 
113.0000000 331.4908824 331.5072735 
114.0000000 331.2944638 331.3108550 
115.0000000 331.0980453 331.1144364 
116.0000000 330.9016267 330.9180179 
117.0000000 330.7052082 330.7215993 
118.0000000 330.5087896 330.5251808 
119.0000000 330.3123711 330.3287622 
120.0000000 330.1159525 330.1323437 
121.0000000 329.9195340 329.9359251 
122.0000000 329.7231154 329.7395066 
123.0000000 329.5266969 329.5430880 
124.0000000 329.3302783 329.3466695 
125.0000000 329.1338598 329.1502509 
126.0000000 328.9374412 328.9538324 
127.0000000 328.7410227 328.7574138 
128.0000000 328.5446041 328.5609953 
129.0000000 328.3481856 328.3645767 
130.0000000 328.1517670 328.1681582 
131.0000000 327.9553485 327.9717396 
132.0000000 327.7589299 327.7753211 
133.0000000 327.5625114 327.5789025 
134.0000000 327.3660928 327.3824840 
135.0000000 327.1696743 327.1860654 
136.0000000 326.9732557 326.9896469 
137.0000000 326.7768372 326.7932283 
138.0000000 326.5804186 326.5968098 
139.0000000 326.3840001 326.4003912 
140.0000000 326.1875815 326.2039727 
141.0000000 325.9911630 326.0075541 
142.0000000 325.7947444 325.8111356 
143.0000000 325.5983259 325.6147170 
144.0000000 325.4019073 325.4182985 
145.0000000 325.2054888 325.2218799 
146.0000000 325.0090702 325.0254614 
147.0000000 324.8126517 324.8290428 
148.0000000 324.6162331 324.6326243 
149.0000000 324.4198146 324.4362057 
150.0000000 324.2233960 324.2397872 
151.0000000 324.0269774 324.0433686 
152.0000000 323.8305589 323.8469501 
153.0000000 323.6341403 323.6505315 
154.0000000 323.4377218 323.4541130 
155.0000000 323.2413032 323.2576944 
156.0000000 323.0448847 323.0612759 
157.0000000 322.8484661 322.8648573 
158.0000000 322.6520476 322.6684388 
159.0000000 322.4556290 322.4720202 
160.0000000 322.2592105 322.2756017 
161.0000000 322.0627919 322.0791831 
162.0000000 321.8663734 321.8827646 
163.0000000 321.6699548 321.6863460 
164.0000000 321.4735363 321.4899275 
165.0000000 321.2771177 321.2935089 
166.0000000 321.0806992 321.0970904 
167.0000000 320.8842806 320.9006718 
168.0000000 320.6878621 320.7042533 
169.0000000 320.4914435 320.5078347 
170.0000000 320.2950250 320.3114162 
171.0000000 320.0986064 320.1149976 
172.0000000 319.9021879 319.9185791 
173.0000000 319.7057693 319.7221605 
174.0000000 319.5093508 319.5257420 
175.0000000 319.3129322 319.3293234 
176.0000000 319.1165137 319.1329049 
177.0000000 318.9200951 318.9364863 
178.0000000 318.7236766 318.7400678 
179.0000000 318.5272580 318.5436492 
180.0000000 318.3308395 318.3472307 
181.0000000 318.1344209 318.1508121 
182.0000000 317.9380024 317.9543936 
183.0000000 317.7415838 317.7579750 
184.0000000 317.5451653 317.5615565 
185.0000000 317.3487467 317.3651379 
186.0000000 317.1523282 317.1687194 
187.0000000 316.9559096 316.9723008 
188.0000000 316.7594911 316.7758823 
189.0000000 316.5630725 316.5794637 
190.0000000 316.3666540 316.3830452 
191.0000000 316.1702354 316.1866266 
192.0000000 315.9738169 315.9902081 
193.0000000 315.7773983 315.7937895 
194.0000000 315.5809798 315.5973710 
195.0000000 315.3845612 315.4009524 
196.0000000 315.1881427 315.2045339 
197.0000000 314.9917241 315.0081153 
198.0000000 314.7953056 314.8116968 
199.0000000 314.5988870 314.6152782 
200.0000000 314.4024685 314.4188597 
201.0000000 314.2060499 314.2224411 
202.0000000 314.0096314 314.0260226 
203.0000000 313.8132128 313.8296040 
204.0000000 313.6167943 313.6331855 
205.0000000 313.4203757 313.4367669 
206.0000000 313.2239572 313.2403484 
207.0000000 313.0275386 313.0439298 
208.0000000 312.8311201 312.8475113 
209.0000000 312.6347015 312.6510927 
210.0000000 312.4382830 312.4546742 
211.0000000 312.2418644 312.2582556 
212.0000000 312.0454459 312.0618371 
213.0000000 311.8490273 311.8654185 
214.0000000 311.6526088 311.6690000 
215.0000000 311.4561902 311.4725814 
216.0000000 311.2597717 311.2761629 
217.0000000 311.0633531 311.0797443 
218.0000000 310.8669346 310.8833258 
219.0000000 310.6705160 310.6869072 
220.0000000 310.4740975 310.4904887 
221.0000000 310.2776789 310.2940701 
222.0000000 310.0812604 310.0976516 
223.0000000 309.8848418 309.9012330 
224.0000000 309.6884233 309.7048145 
225.0000000 309.4920047 309.5083959 
226.0000000 309.2955862 309.3119774 
227.0000000 309.0991676 309.1155588 
228.0000000 308.9027491 308.9191403 
229.0000000 308.7063305 308.7227217 
230.0000000 308.5099120 308.5263032 
231.0000000 308.3134934 308.3298846 
232.0000000 308.1170749 308.1334661 
233.0000000 307.9206563 307.9370475 
234.0000000 307.7242378 307.7406289 
235.0000000 307.5278192 307.5442104 
236.0000000 307.3314007 307.3477918 
237.0000000 307.1349821 307.1513733 
238.0000000 306.9385636 306.9549547 
239.0000000 306.7421450 306.7585362 
240.0000000 306.5457265 306.5621176 
241.0000000 306.3493079 306.3656991 
242.0000000 306.1528894 306.1692805 
243.0000000 305.9564708 305.9728620 
244.0000000 305.7600523 305.7764434 
245.0000000 305.5636337 305.5800249 
246.0000000 305.3672152 305.3836063 
247.0000000 305.1707966 305.1871878 
248.0000000 304.9743781 304.9907692 
249.0000000 304.7779595 304.7943507 
250.0000000 304.5815410 304.5979321 
251.0000000 304.3851224 304.4015136 
252.0000000 304.1887039 304.2050950 
253.0000000 303.9922853 304.0086765 
254.0000000 303.7958668 303.8122579 
255.0000000 303.5994482 303.6158394 
256.0000000 303.4030297 303.4194208 
257.0000000 303.2066111 303.2230023 
258.0000000 303.0101926 303.0265837 
259.0000000 302.8137740 302.8301652 
260.0000000 302.6173555 302.6337466 
261.0000000 302.4209369 302.4373281 
262.0000000 302.2245184 302.2409095 
263.0000000 302.0280998 302.0444910 
264.0000000 301.8316813 301.8480724 
265.0000000 301.6352627 301.6516539 
266.0000000 301.4388442 301.4552353 
267.0000000 301.2424256 301.2588168 
268.0000000 301.0460071 301.0623982 
269.0000000 300.8495885 300.8659797 
270.0000000 300.6531700 300.6695611 
271.0000000 300.4567514 300.4731426 
272.0000000 300.2603329 300.2767240 
273.0000000 300.0639143 300.0803055 
274.0000000 299.8674958 299.8838869 
275.0000000 299.6710772 299.6874684 
276.0000000 299.4746587 299.4910498 
277.0000000 299.2782401 299.2946313 
278.0000000 299.0818216 299.0982127 
279.0000000 298.8854030 298.9017942 
280.0000000 298.6889845 298.7053756 
281.0000000 298.4925659 298.5089571 
282.0000000 298.2961474 298.3125385 
283.0000000 298.0997288 298.1161200 
284.0000000 297.9033103 297.9197014 
285.0000000 297.7068917 297.7232829 
286.0000000 297.5104732 297.5268643 
287.0000000 297.3140546 297.3304458 
288.0000000 297.1176361 297.1340272 
289.0000000 296.9212175 296.9376087 
290.0000000 296.7247990 296.7411901 
291.0000000 296.5283804 296.5447716 
292.0000000 296.3319619 296.3483530 
293.0000000 296.1355433 296.1519345 
294.0000000 295.9391248 295.9555159 
295.0000000 295.7427062 295.7590974 
296.0000000 295.5462877 295.5626788 
297.0000000 295.3498691 295.3662603 
298.0000000 295.1534506 295.1698417 
299.0000000 294.9570320 294.9734232 
300.0000000 294.7606135 294.7770046 
301.0000000 294.5641949 294.5805861 
302.0000000 294.3677763 294.3841675 
303.0000000 294.1713578 294.1877490 
304.0000000 293.9749392 293.9913304 
305.0000000 293.7785207 293.7949119 
306.0000000 293.5821021 293.5984933 
307.0000000 293.3856836 293.4020748 
308.0000000 293.1892650 293.2056562 
309.0000000 292.9928465 293.0092377 
310.0000000 292.7964279 292.8128191 
311.0000000 292.6000094 292.6164006 
312.0000000 292.4035908 292.4199820 
313.0000000 292.2071723 292.2235635 
314.0000000 292.0107537 292.0271449 
315.0000000 291.8143352 291.8307264 
316.0000000 291.6179166 291.6343078 
317.0000000 291.4214981 291.4378893 
318.0000000 291.2250795 291.2414707 
319.0000000 291.0286610 291.0450522 
320.0000000 290.8322424 290.8486336 
321.0000000 290.6358239 290.6522151 
322.0000000 290.4394053 290.4557965 
323.0000000 290.2429868 290.2593780 
324.0000000 290.0465682 290.0629594 
325.0000000 289.8501497 289.8665409 
326.0000000 289.6537311 289.6701223 
327.0000000 289.4573126 289.4737038 
328.0000000 289.2608940 289.2772852 
329.0000000 289.0644755 289.0808667 
330.0000000 288.8680569 288.8844481 
331.0000000 288.6716384 288.6880296 
332.0000000 288.4752198 288.4916110 
333.0000000 288.2788013 288.2951925 
334.0000000 288.0823827 288.0987739 
335.0000000 287.8859642 287.9023554 
336.0000000 287.6895456 287.7059368 
337.0000000 287.4931271 287.5095183 
338.0000000 287.2967085 287.3130997 
339.0000000 287.1002900 287.1166812 
340.0000000 286.9038714 286.9202626 
341.0000000 286.7074529 286.7238441 
342.0000000 286.5110343 286.5274255 
343.0000000 286.3146158 286.3310070 
344.0000000 286.1181972 286.1345884 
345.0000000 285.9217787 285.9381699 
346.0000000 285.7253601 285.7417513 
347.0000000 285.5289416 285.5453328 
348.0000000 285.3325230 285.3489142 
349.0000000 285.1361045 285.1524957 
350.0000000 284.9396859 284.9560771 
351.0000000 284.7432674 284.7596586 
352.0000000 284.5468488 284.5632400 
353.0000000 284.3504303 284.3668215 
354.0000000 284.1540117 284.1704029 
355.0000000 283.9575932 283.9739844 
356.0000000 283.7611746 283.7775658 
357.0000000 283.5647561 283.5811473 
358.0000000 283.3683375 283.3847287 
359.0000000 283.1719190 283.1883102 
360.0000000 282.9755004 282.9918916 
361.0000000 282.7790819 282.7954731 
362.0000000 282.5826633 282.5990545 
363.0000000 282.3862448 282.4026360 
364.0000000 282.1898262 282.2062174 
365.0000000 281.9934077 282.0097989 
366.0000000 281.7969891 281.8133803 
367.0000000 281.6005706 281.6169618 
368.0000000 281.4041520 281.4205432 
369.0000000 281.2077335 281.2241247 
370.0000000 281.0113149 281.0277061 
371.0000000 280.8148964 280.8312876 
372.0000000 280.6184778 280.6348690 
373.0000000 280.4220593 280.4384505 
374.0000000 280.2256407 280.2420319 
375.0000000 280.0292222 280.0456134 
376.0000000 279.8328036 279.8491948 
377.0000000 279.6363851 279.6527763 
378.0000000 279.4399665 279.4563577 
379.0000000 279.2435480 279.2599392 
380.0000000 279.0471294 279.0635206 
381.0000000 278.8507109 278.8671021 
382.0000000 278.6542923 278.6706835 
383.0000000 278.4578738 278.4742650 
384.0000000 278.2614552 278.2778464 
385.0000000 278.0650367 278.0814279 
386.0000000 277.8686181 277.8850093 
387.0000000 277.6721996 277.6885907 
388.0000000 277.4757810 277.4921722 
389.0000000 277.2793625 277.2957536 
390.0000000 277.0829439 277.0993351 
391.0000000 276.8865254 276.9029165 
392.0000000 276.6901068 276.7064980 
393.0000000 276.4936883 276.5100794 
394.0000000 276.2972697 276.3136609 
395.0000000 276.1008512 276.1172423 
396.0000000 275.9044326 275.9208238 
397.0000000 275.7080141 275.7244052 
398.0000000 275.5115955 275.5279867 
399.0000000 275.3151770 275.3315681 
400.0000000 275.1187584 275.1351496 
401.0000000 274.9223399 274.9387310 
402.0000000 274.7259213 274.7423125 
403.0000000 274.5295028 274.5458939 
404.0000000 274.3330842 274.3494754 
405.0000000 274.1366657 274.1530568 
406.0000000 273.9402471 273.9566383 
407.0000000 273.7438286 273.7602197 
408.0000000 273.5474100 273.5638012 
409.0000000 273.3509915 273.3673826 
410.0000000 273.1545729 273.1709641 
411.0000000 272.9581544 272.9745455 
412.0000000 272.7617358 272.7781270 
413.0000000 272.5653173 272.5817084 
414.0000000 272.3688987 272.3852899 
415.0000000 272.1724802 272.1888713 
416.0000000 271.9760616 271.9924528 
417.0000000 271.7796431 271.7960342 
418.0000000 271.5832245 271.5996157 
419.0000000 271.3868060 271.4031971 
420.0000000 271.1903874 271.2067786 
421.0000000 270.9939689 271.0103600 
422.0000000 270.7975503 270.8139415 
423.0000000 270.6011318 270.6175229 
424.0000000 270.4047132 270.4211044 
425.0000000 270.2082947 270.2246858 
426.0000000 270.0118761 270.0282673 
427.0000000 269.8154576 269.8318487 
428.0000000 269.6190390 269.6354302 
429.0000000 269.4226205 269.4390116 
430.0000000 269.2262019 269.2425931 
431.0000000 269.0297834 269.0461745 
432.0000000 268.8333648 268.8497560 
433.0000000 268.6369463 268.6533374 
434.0000000 268.4405277 268.4569189 
435.0000000 268.2441092 268.2605003 
436.0000000 268.0476906 268.0640818 
437.0000000 267.8512721 267.8676632 
438.0000000 267.6548535 267.6712447 
439.0000000 267.4584350 267.4748261 
440.0000000 267.2620164 267.2784076 
441.0000000 267.0655979 267.0819890 
442.0000000 266.8691793 266.8855705 
443.0000000 266.6727608 266.6891519 
444.0000000 266.4763422 266.4927334 
445.0000000 266.2799237 266.2963148 
446.0000000 266.0835051 266.0998963 
447.0000000 265.8870866 265.9034777 
448.0000000 265.6906680 265.7070592 
449.0000000 265.4942495 265.5106406 
450.0000000 265.2978309 265.3142221 
451.0000000 265.1014124 265.1178035 
452.0000000 264.9049938 264.9213850 
453.0000000 264.7085752 264.7249664 
454.0000000 264.5121567 264.5285479 
455.0000000 264.3157381 264.3321293 
456.0000000 264.1193196 264.1357108 
457.0000000 263.9229010 263.9392922 
458.0000000 263.7264825 263.7428737 
459.0000000 263.5300639 263.5464551 
460.0000000 263.3336454 263.3500366 
461.0000000 263.1372268 263.1536180 
462.0000000 262.9408083 262.9571995 
463.0000000 262.7443897 262.7607809 
464.0000000 262.5479712 262.5643624 
465.0000000 262.3515526 262.3679438 
466.0000000 262.1551341 262.1715253 
467.0000000 261.9587155 261.9751067 
468.0000000 261.7622970 261.7786882 
469.0000000 261.5658784 261.5822696 
470.0000000 261.3694599 261.3858511 
471.0000000 261.1730413 261.1894325 
472.0000000 260.9766228 260.9930140 
473.0000000 260.7802042 260.7965954 
474.0000000 260.5837857 260.6001769 
475.0000000 260.3873671 260.4037583 
476.0000000 260.1909486 260.2073398 
477.0000000 259.9945300 260.0109212 
478.0000000 259.7981115 259.8145027 
479.0000000 259.6016929 259.6180841 
480.0000000 259.4052744 259.4216656 
481.0000000 259.2088558 259.2252470 
482.0000000 259.0124373 259.0288285 
483.0000000 258.8160187 258.8324099 
484.0000000 258.6196002 258.6359914 
485.0000000 258.4231816 258.4395728 
486.0000000 258.2267631 258.2431543 
487.0000000 258.0303445 258.0467357 
488.0000000 257.8339260 257.8503172 
489.0000000 257.6375074 257.6538986 
490.0000000 257.4410889 257.4574801 
491.0000000 257.2446703 257.2610615 
492.0000000 257.0482518 257.0646430 
493.0000000 256.8518332 256.8682244 
494.0000000 256.6554147 256.6718059 
495.0000000 256.4589961 256.4753873 
496.0000000 256.2625776 256.2789688 
497.0000000 256.0661590 256.0825502 
498.0000000 255.8697405 255.8861317 
499.0000000 255.6733219 255.6897131 
500.0000000 255.4769034 255.4932946 
501.0000000 255.2804848 255.2968760 
502.0000000 255.0840663 255.1004575 
503.0000000 254.8876477 254.9040389 
504.0000000 254.6912292 254.7076204 
505.0000000 254.4948106 254.5112018 
506.0000000 254.2983921 254.3147833 
507.0000000 254.1019735 254.1183647 
508.0000000 253.9055550 253.9219462 
509.0000000 253.7091364 253.7255276 
510.0000000 253.5127179 253.5291091 
511.0000000 253.3162993 253.3326905 
512.0000000 253.1198808 253.1362720 
513.0000000 252.9234622 252.9398534 
514.0000000 252.7270437 252.7434349 
515.0000000 252.5306251 252.5470163 
516.0000000 252.3342066 252.3505978 
517.0000000 252.1377880 252.1541792 
518.0000000 251.9413695 251.9577607 
519.0000000 251.7449509 251.7613421 
520.0000000 251.5485324 251.5649236 
521.0000000 251.3521138 251.3685050 
522.0000000 251.1556953 251.1720865 
523.0000000 250.9592767 250.9756679 
524.0000000 250.7628582 250.7792494 
525.0000000 250.5664396 250.5828308 
526.0000000 250.3700211 250.3864123 
527.0000000 250.1736025 250.1899937 
528.0000000 249.9771840 249.9935752 
529.0000000 249.7807654 249.7971566 
530.0000000 249.5843469 249.6007381 
531.0000000 249.3879283 249.4043195 
532.0000000 249.1915098 249.2079010 
533.0000000 248.9950912 249.0114824 
534.0000000 248.7986727 248.8150639 
535.0000000 248.6022541 248.6186453 
536.0000000 248.4058356 248.4222268 
537.0000000 248.2094170 248.2258082 
538.0000000 248.0129985 248.0293896 
539.0000000 247.8165799 247.8329711 
540.0000000 247.6201614 247.6365525 
541.0000000 247.4237428 247.4401340 
542.0000000 247.2273243 247.2437154 
543.0000000 247.0309057 247.0472969 
544.0000000 246.8344872 246.8508783 
545.0000000 246.6380686 246.6544598 
546.0000000 246.4416501 246.4580412 
547.0000000 246.2452315 246.2616227 
548.0000000 246.0488130 246.0652041 
549.0000000 245.8523944 245.8687856 
550.0000000 245.6559759 245.6723670 
551.0000000 245.4595573 245.4759485 
552.0000000 245.2631388 245.2795299 
553.0000000 245.0667202 245.0831114 
554.0000000 244.8703017 244.8866928 
555.0000000 244.6738831 244.6902743 
556.0000000 244.4774646 244.4938557 
557.0000000 244.2810460 244.2974372 
558.0000000 244.0846275 244.1010186 
559.0000000 243.8882089 243.9046001 
560.0000000 243.6917904 243.7081815 
561.0000000 243.4953718 243.5117630 
562.0000000 243.2989533 243.3153444 
563.0000000 243.1025347 243.1189259 
564.0000000 242.9061162 242.9225073 
565.0000000 242.7096976 242.7260888 
566.0000000 242.5132791 242.5296702 
567.0000000 242.3168605 242.3332517 
568.0000000 242.1204420 242.1368331 
569.0000000 241.9240234 241.9404146 
570.0000000 241.7276049 241.7439960 
571.0000000 241.5311863 241.5475775 
572.0000000 241.3347678 241.3511589 
573.0000000 241.1383492 241.1547404 
574.0000000 240.9419307 240.9583218 
575.0000000 240.7455121 240.7619033 
576.0000000 240.5490936 240.5654847 
577.0000000 240.3526750 240.3690662 
578.0000000 240.1562565 240.1726476 
579.0000000 239.9598379 239.9762291 
580.0000000 239.7634194 239.7798105 
581.0000000 239.5670008 239.5833920 
582.0000000 239.3705823 239.3869734 
583.0000000 239.1741637 239.1905549 
584.0000000 238.9777452 238.9941363 
585.0000000 238.7813266 238.7977178 
586.0000000 238.5849081 238.6012992 
587.0000000 238.3884895 238.4048807 
588.0000000 238.1920710 238.2084621 
589.0000000 237.9956524 238.0120436 
590.0000000 237.7992339 237.8156250 
591.0000000 237.6028153 237.6192065 
592.0000000 237.4063968 237.4227879 
593.0000000 237.2099782 237.2263694 
594.0000000 237.0135597 237.0299508 
595.0000000 236.8171411 236.8335323 
596.0000000 236.6207226 236.6371137 
597.0000000 236.4243040 236.4406952 
598.0000000 236.2278855 236.2442766 
599.0000000 236.0314669 236.0478581 
600.0000000 235.8350484 235.8514395 
601.0000000 235.6386298 235.6550210 
602.0000000 235.4422113 235.4586024 
603.0000000 235.2457927 235.2621839 
604.0000000 235.0493742 235.0657653 
605.0000000 234.8529556 234.8693468 
606.0000000 234.6565370 234.6729282 
607.0000000 234.4601185 234.4765097 
608.0000000 234.2636999 234.2800911 
609.0000000 234.0672814 234.0836726 
610.0000000 233.8708628 233.8872540 
611.0000000 233.6744443 233.6908355 
612.0000000 233.4780257 233.4944169 
613.0000000 233.2816072 233.2979984 
614.0000000 233.0851886 233.1015798 
615.0000000 232.8887701 232.9051613 
616.0000000 232.6923515 232.7087427 
617.0000000 232.4959330 232.5123242 
618.0000000 232.2995144 232.3159056 
619.0000000 232.1030959 232.1194871 
620.0000000 231.9066773 231.9230685 
621.0000000 231.7102588 231.7266500 
622.0000000 231.5138402 231.5302314 
623.0000000 231.3174217 231.3338129 
624.0000000 231.1210031 231.1373943 
625.0000000 230.9245846 230.9409758 
626.0000000 230.7281660 230.7445572 
627.0000000 230.5317475 230.5481387 
628.0000000 230.3353289 230.3517201 
629.0000000 230.1389104 230.1553016 
630.0000000 229.9424918 229.9588830 
631.0000000 229.7460733 229.7624645 
632.0000000 229.5496547 229.5660459 
633.0000000 229.3532362 229.3696274 
634.0000000 229.1568176 229.1732088 
635.0000000 228.9603991 228.9767903 
636.0000000 228.7639805 228.7803717 
637.0000000 228.5675620 228.5839532 
638.0000000 228.3711434 228.3875346 
639.0000000 228.1747249 228.1911161 
640.0000000 227.9783063 227.9946975 
641.0000000 227.7818878 227.7982790 
642.0000000 227.5854692 227.6018604 
643.0000000 227.3890507 227.4054419 
644.0000000 227.1926321 227.2090233 
645.0000000 226.9962136 227.0126048 
646.0000000 226.7997950 226.8161862 
647.0000000 226.6033765 226.6197677 
648.0000000 226.4069579 226.4233491 
649.0000000 226.2105394 226.2269306 
650.0000000 226.0141208 226.0305120 
651.0000000 225.8177023 225.8340935 
652.0000000 225.6212837 225.6376749 
653.0000000 225.4248652 225.4412564 
654.0000000 225.2284466 225.2448378 
655.0000000 225.0320281 225.0484193 
656.0000000 224.8356095 224.8520007 
657.0000000 224.6391910 224.6555822 
658.0000000 224.4427724 224.4591636 
659.0000000 224.2463539 224.2627451 
660.0000000 224.0499353 224.0663265 
661.0000000 223.8535168 223.8699080 
662.0000000 223.6570982 223.6734894 
663.0000000 223.4606797 223.4770709 
664.0000000 223.2642611 223.2806523 
665.0000000 223.0678426 223.0842338 
666.0000000 222.8714240 222.8878152 
667.0000000 222.6750055 222.6913967 
668.0000000 222.4785869 222.4949781 
669.0000000 222.2821684 222.2985596 
670.0000000 222.0857498 222.1021410 
671.0000000 221.8893313 221.9057225 
672.0000000 221.6929127 221.7093039 
673.0000000 221.4964942 221.5128854 
674.0000000 221.3000756 221.3164668 
675.0000000 221.1036571 221.1200483 
676.0000000 220.9072385 220.9236297 
677.0000000 220.7108200 220.7272112 
678.0000000 220.5144014 220.5307926 
679.0000000 220.3179829 220.3343741 
680.0000000 220.1215643 220.1379555 
681.0000000 219.9251458 219.9415370 
682.0000000 219.7287272 219.7451184 
683.0000000 219.5323087 219.5486999 
684.0000000 219.3358901 219.3522813 
685.0000000 219.1394716 219.1558628 
686.0000000 218.9430530 218.9594442 
687.0000000 218.7466345 218.7630257 
688.0000000 218.5502159 218.5666071 
689.0000000 218.3537974 218.3701885 
690.0000000 218.1573788 218.1737700 
691.0000000 217.9609603 217.9773514 
692.0000000 217.7645417 217.7809329 
693.0000000 217.5681232 217.5845143 
694.0000000 217.3717046 217.3880958 
695.0000000 217.1752861 217.1916772 
696.0000000 216.9788675 216.9952587 
697.0000000 216.7824490 216.7988401 
698.0000000 216.5860304 216.6024216 
699.0000000 216.3896119 216.4060030 
700.0000000 216.1931933 216.2095845 
701.0000000 215.9967748 216.0131659 
702.0000000 215.8003562 215.8167474 
703.0000000 215.6039377 215.6203288 
704.0000000 215.4075191 215.4239103 
705.0000000 215.2111006 215.2274917 
706.0000000 215.0146820 215.0310732 
707.0000000 214.8182635 214.8346546 
708.0000000 214.6218449 214.6382361 
709.0000000 214.4254264 214.4418175 
710.0000000 214.2290078 214.2453990 
711.0000000 214.0325893 214.0489804 
712.0000000 213.8361707 213.8525619 
713.0000000 213.6397522 213.6561433 
714.0000000 213.4433336 213.4597248 
715.0000000 213.2469151 213.2633062 
716.0000000 213.0504965 213.0668877 
717.0000000 212.8540780 212.8704691 
718.0000000 212.6576594 212.6740506 
719.0000000 212.4612409 212.4776320 
720.0000000 212.2648223 212.2812135 
721.0000000 212.0684038 212.0847949 
722.0000000 211.8719852 211.8883764 
723.0000000 211.6755667 211.6919578 
724.0000000 211.4791481 211.4955393 
725.0000000 211.2827296 211.2991207 
726.0000000 211.0863110 211.1027022 
727.0000000 210.8898925 210.9062836 
728.0000000 210.6934739 210.7098651 
729.0000000 210.4970554 210.5134465 
730.0000000 210.3006368 210.3170280 
731.0000000 210.1042183 210.1206094 
732.0000000 209.9077997 209.9241909 
733.0000000 209.7113812 209.7277723 
734.0000000 209.5149626 209.5313538 
735.0000000 209.3185441 209.3349352 
736.0000000 209.1221255 209.1385167 
737.0000000 208.9257070 208.9420981 
738.0000000 208.7292884 208.7456796 
739.0000000 208.5328699 208.5492610 
740.0000000 208.3364513 208.3528425 
741.0000000 208.1400328 208.1564239 
742.0000000 207.9436142 207.9600054 
743.0000000 207.7471957 207.7635868 
744.0000000 207.5507771 207.5671683 
745.0000000 207.3543586 207.3707497 
746.0000000 207.1579400 207.1743312 
747.0000000 206.9615215 206.9779126 
748.0000000 206.7651029 206.7814941 
749.0000000 206.5686844 206.5850755 
750.0000000 206.3722658 206.3886570 
751.0000000 206.1758473 206.1922384 
752.0000000 205.9794287 205.9958199 
753.0000000 205.7830102 205.7994013 
754.0000000 205.5865916 205.6029828 
755.0000000 205.3901731 205.4065642 
756.0000000 205.1937545 205.2101457 
757.0000000 204.9973359 205.0137271 
758.0000000 204.8009174 204.8173086 
759.0000000 204.6044988 204.6208900 
760.0000000 204.4080803 204.4244715 
761.0000000 204.2116617 204.2280529 
762.0000000 204.0152432 204.0316344 
763.0000000 203.8188246 203.8352158 
764.0000000 203.6224061 203.6387973 
765.0000000 203.4259875 203.4423787 
766.0000000 203.2295690 203.2459602 
767.0000000 203.0331504 203.0495416 
768.0000000 202.8367319 202.8531231 
769.0000000 202.6403133 202.6567045 
770.0000000 202.4438948 202.4602860 
771.0000000 202.2474762 202.2638674 
772.0000000 202.0510577 202.0674489 
773.0000000 201.8546391 201.8710303 
774.0000000 201.6582206 201.6746118 
775.0000000 201.4618020 201.4781932 
776.0000000 201.2653835 201.2817747 
777.0000000 201.0689649 201.0853561 
778.0000000 200.8725464 200.8889376 
779.0000000 200.6761278 200.6925190 
780.0000000 200.4797093 200.4961005 
781.0000000 200.2832907 200.2996819 
782.0000000 200.0868722 200.1032634 
783.0000000 199.8904536 199.9068448 
784.0000000 199.6940351 199.7104263 
785.0000000 199.4976165 199.5140077 
786.0000000 199.3011980 199.3175892 
787.0000000 199.1047794 199.1211706 
788.0000000 198.9083609 198.9247521 
789.0000000 198.7119423 198.7283335 
790.0000000 198.5155238 198.5319150 
791.0000000 198.3191052 198.3354964 
792.0000000 198.1226867 198.1390779 
793.0000000 197.9262681 197.9426593 
794.0000000 197.7298496 197.7462408 
795.0000000 197.5334310 197.5498222 
796.0000000 197.3370125 197.3534037 
797.0000000 197.1405939 197.1569851 
798.0000000 196.9441754 196.9605666 
799.0000000 196.7477568 196.7641480 
800.0000000 196.5513383 196.5677295 
801.0000000 196.3549197 196.3713109 
802.0000000 196.1585012 196.1748924 
803.0000000 195.9620826 195.9784738 
804.0000000 195.7656641 195.7820553 
805.0000000 195.5692455 195.5856367 
806.0000000 195.3728270 195.3892182 
807.0000000 195.1764084 195.1927996 
808.0000000 194.9799899 194.9963811 
809.0000000 194.7835713 194.7999625 
810.0000000 194.5871528 194.6035440 
811.0000000 194.3907342 194.4071254 
812.0000000 194.1943157 194.2107069 
813.0000000 193.9978971 194.0142883 
814.0000000 193.8014786 193.8178698 
815.0000000 193.6050600 193.6214512 
816.0000000 193.4086415 193.4250327 
817.0000000 193.2122229 193.2286141 
818.0000000 193.0158044 193.0321956 
819.0000000 192.8193858 192.8357770 
820.0000000 192.6229673 192.6393585 
821.0000000 192.4265487 192.4429399 
822.0000000 192.2301302 192.2465214 
823.0000000 192.0337116 192.0501028 
824.0000000 191.8372931 191.8536843 
825.0000000 191.6408745 191.6572657 
826.0000000 191.4444560 191.4608472 
827.0000000 191.2480374 191.2644286 
828.0000000 191.0516189 191.0680101 
829.0000000 190.8552003 190.8715915 
830.0000000 190.6587818 190.6751730 
831.0000000 190.4623632 190.4787544 
832.0000000 190.2659447 190.2823359 
833.0000000 190.0695261 190.0859173 
834.0000000 189.8731076 189.8894988 
835.0000000 189.6766890 189.6930802 
836.0000000 189.4802705 189.4966617 
837.0000000 189.2838519 189.3002431 
838.0000000 189.0874334 189.1038246 
839.0000000 188.8910148 188.9074060 
840.0000000 188.6945963 188.7109875 
841.0000000 188.4981777 188.5145689 
842.0000000 188.3017592 188.3181503 
843.0000000 188.1053406 188.1217318 
844.0000000 187.9089221 187.9253132 
845.0000000 187.7125035 187.7288947 
846.0000000 187.5160850 187.5324761 
847.0000000 187.3196664 187.3360576 
848.0000000 187.1232479 187.1396390 
849.0000000 186.9268293 186.9432205 
850.0000000 186.7304108 186.7468019 
851.0000000 186.5339922 186.5503834 
852.0000000 186.3375737 186.3539648 
853.0000000 186.1411551 186.1575463 
854.0000000 185.9447366 185.9611277 
855.0000000 185.7483180 185.7647092 
856.0000000 185.5518995 185.5682906 
857.0000000 185.3554809 185.3718721 
858.0000000 185.1590624 185.1754535 
859.0000000 184.9626438 184.9790350 
860.0000000 184.7662253 184.7826164 
861.0000000 184.5698067 184.5861979 
862.0000000 184.3733882 184.3897793 
863.0000000 184.1769696 184.1933608 
864.0000000 183.9805511 183.9969422 
865.0000000 183.7841325 183.8005237 
866.0000000 183.5877140 183.6041051 
867.0000000 183.3912954 183.4076866 
868.0000000 183.1948769 183.2112680 
869.0000000 182.9984583 183.0148495 
870.0000000 182.8020398 182.8184309 
871.0000000 182.6056212 182.6220124 
872.0000000 182.4092027 182.4255938 
873.0000000 182.2127841 182.2291753 
874.0000000 182.0163656 182.0327567 
875.0000000 181.8199470 181.8363382 
876.0000000 181.6235285 181.6399196 
877.0000000 181.4271099 181.4435011 
878.0000000 181.2306914 181.2470825 
879.0000000 181.0342728 181.0506640 
880.0000000 180.8378543 180.8542454 
881.0000000 180.6414357 180.6578269 
882.0000000 180.4450172 180.4614083 
883.0000000 180.2485986 180.2649898 
884.0000000 180.0521801 180.0685712 
885.0000000 179.8557615 179.8721527 
886.0000000 179.6593430 179.6757341 
887.0000000 179.4629244 179.4793156 
888.0000000 179.2665059 179.2828970 
889.0000000 179.0700873 179.0864785 
890.0000000 178.8736688 178.8900599 
891.0000000 178.6772502 178.6936414 
892.0000000 178.4808317 178.4972228 
893.0000000 178.2844131 178.3008043 
894.0000000 178.0879946 178.1043857 
895.0000000 177.8915760 177.9079672 
896.0000000 177.6951575 177.7115486 
897.0000000 177.4987389 177.5151301 
898.0000000 177.3023204 177.3187115 
899.0000000 177.1059018 177.1222930 
900.0000000 176.9094833 176.9258744 
901.0000000 176.7130647 176.7294559 
902.0000000 176.5166462 176.5330373 
903.0000000 176.3202276 176.3366188 
904.0000000 176.1238091 176.1402002 
905.0000000 175.9273905 175.9437817 
906.0000000 175.7309720 175.7473631 
907.0000000 175.5345534 175.5509446 
908.0000000 175.3381348 175.3545260 
909.0000000 175.1417163 175.1581075 
910.0000000 174.9452977 174.9616889 
911.0000000 174.7488792 174.7652704 
912.0000000 174.5524606 174.5688518 
913.0000000 174.3560421 174.3724333 
914.0000000 174.1596235 174.1760147 
915.0000000 173.9632050 173.9795962 
916.0000000 173.7667864 173.7831776 
917.0000000 173.5703679 173.5867591 
918.0000000 173.3739493 173.3903405 
919.0000000 173.1775308 173.1939220 
920.0000000 172.9811122 172.9975034 
921.0000000 172.7846937 172.8010849 
922.0000000 172.5882751 172.6046663 
923.0000000 172.3918566 172.4082478 
924.0000000 172.1954380 172.2118292 
925.0000000 171.9990195 172.0154107 
926.0000000 171.8026009 171.8189921 
927.0000000 171.6061824 171.6225736 
928.0000000 171.4097638 171.4261550 
929.0000000 171.2133453 171.2297365 
930.0000000 171.0169267 171.0333179 
931.0000000 170.8205082 170.8368994 
932.0000000 170.6240896 170.6404808 
933.0000000 170.4276711 170.4440623 
934.0000000 170.2312525 170.2476437 
935.0000000 170.0348340 170.0512252 
936.0000000 169.8384154 169.8548066 
937.0000000 169.6419969 169.6583881 
938.0000000 169.4455783 169.4619695 
939.0000000 169.2491598 169.2655510 
940.0000000 169.0527412 169.0691324 
941.0000000 168.8563227 168.8727139 
942.0000000 168.6599041 168.6762953 
943.0000000 168.4634856 168.4798768 
944.0000000 168.2670670 168.2834582 
945.0000000 168.0706485 168.0870397 
946.0000000 167.8742299 167.8906211 
947.0000000 167.6778114 167.6942026 
948.0000000 167.4813928 167.4977840 
949.0000000 167.2849743 167.3013655 
950.0000000 167.0885557 167.1049469 
951.0000000 166.8921372 166.9085284 
952.0000000 166.6957186 166.7121098 
953.0000000 166.4993001 166.5156913 
954.0000000 166.3028815 166.3192727 
955.0000000 166.1064630 166.1228542 
956.0000000 165.9100444 165.9264356 
957.0000000 165.7136259 165.7300171 
958.0000000 165.5172073 165.5335985 
959.0000000 165.3207888 165.3371800 
960.0000000 165.1243702 165.1407614 
961.0000000 164.9279517 164.9443429 
962.0000000 164.7315331 164.7479243 
963.0000000 164.5351146 164.5515058 
964.0000000 164.3386960 164.3550872 
965.0000000 164.1422775 164.1586687 
966.0000000 163.9458589 163.9622501 
967.0000000 163.7494404 163.7658316 
968.0000000 163.5530218 163.5694130 
969.0000000 163.3566033 163.3729945 
970.0000000 163.1601847 163.1765759 
971.0000000 162.9637662 162.9801574 
972.0000000 162.7673476 162.7837388 
973.0000000 162.5709291 162.5873203 
974.0000000 162.3745105 162.3909017 
975.0000000 162.1780920 162.1944832 
976.0000000 161.9816734 161.9980646 
977.0000000 161.7852549 161.8016461 
978.0000000 161.5888363 161.6052275 
979.0000000 161.3924178 161.4088090 
980.0000000 161.1959992 161.2123904 
981.0000000 160.9995807 161.0159719 
982.0000000 160.8031621 160.8195533 
983.0000000 160.6067436 160.6231348 
984.0000000 160.4103250 160.4267162 
985.0000000 160.2139065 160.2302977 
986.0000000 160.0174879 160.0338791 
987.0000000 159.8210694 159.8374606 
988.0000000 159.6246508 159.6410420 
989.0000000 159.4282323 159.4446235 
990.0000000 159.2318137 159.2482049 
991.0000000 159.0353952 159.0517864 
992.0000000 158.8389766 158.8553678 
993.0000000 158.6425581 158.6589492 
994.0000000 158.4461395 158.4625307 
995.0000000 158.2497210 158.2661121 
996.0000000 158.0533024 158.0696936 
997.0000000 157.8568839 157.8732750 
998.0000000 157.6604653 157.6768565 
999.0000000 157.4640468 157.4804379 
1000.0000000 157.2676282 157.2840194 
1001.0000000 157.0712097 157.0876008 
1002.0000000 156.8747911 156.8911823 
1003.0000000 156.6783726 156.6947637 
1004.0000000 156.4819540 156.4983452 
1005.0000000 156.2855355 156.3019266 
1006.0000000 156.0891169 156.1055081 
1007.0000000 155.8926984 155.9090895 
1008.0000000 155.6962798 155.7126710 
1009.0000000 155.4998613 155.5162524 
1010.0000000 155.3034427 155.3198339 
1011.0000000 155.1070242 155.1234153 
1012.0000000 154.9106056 154.9269968 
1013.0000000 154.7141871 154.7305782 
1014.0000000 154.5177685 154.5341597 
1015.0000000 154.3213500 154.3377411 
1016.0000000 154.1249314 154.1413226 
1017.0000000 153.9285129 153.9449040 
1018.0000000 153.7320943 153.7484855 
1019.0000000 153.5356758 153.5520669 
1020.0000000 153.3392572 153.3556484 
1021.0000000 153.1428387 153.1592298 
1022.0000000 152.9464201 152.9628113 
1023.0000000 152.7500016 152.7663927 
1024.0000000 152.5535830 152.5699742 
1025.0000000 152.3571645 152.3735556 
1026.0000000 152.1607459 152.1771371 
1027.0000000 151.9643274 151.9807185 
1028.0000000 151.7679088 151.7843000 
1029.0000000 151.5714903 151.5878814 
1030.0000000 151.3750717 151.3914629 
1031.0000000 151.1786532 151.1950443 
1032.0000000 150.9822346 150.9986258 
1033.0000000 150.7858161 150.8022072 
1034.0000000 150.5893975 150.6057887 
1035.0000000 150.3929790 150.4093701 
1036.0000000 150.1965604 150.2129516 
1037.0000000 150.0001419 150.0165330 
1038.0000000 149.8037233 149.8201145 
1039.0000000 149.6073048 149.6236959 
1040.0000000 149.4108862 149.4272774 
1041.0000000 149.2144677 149.2308588 
1042.0000000 149.0180491 149.0344403 
1043.0000000 148.8216306 148.8380217 
1044.0000000 148.6252120 148.6416032 
1045.0000000 148.4287935 148.4451846 
1046.0000000 148.2323749 148.2487661 
1047.0000000 148.0359564 148.0523475 
1048.0000000 147.8395378 147.8559290 
1049.0000000 147.6431193 147.6595104 
1050.0000000 147.4467007 147.4630919 
1051.0000000 147.2502822 147.2666733 
1052.0000000 147.0538636 147.0702548 
1053.0000000 146.8574451 146.8738362 
1054.0000000 146.6610265 146.6774177 
1055.0000000 146.4646080 146.4809991 
1056.0000000 146.2681894 146.2845806 
1057.0000000 146.0717709 146.0881620 
1058.0000000 145.8753523 145.8917435 
1059.0000000 145.6789338 145.6953249 
1060.0000000 145.4825152 145.4989064 
1061.0000000 145.2860966 145.3024878 
1062.0000000 145.0896781 145.1060693 
1063.0000000 144.8932595 144.9096507 
1064.0000000 144.6968410 144.7132322 
1065.0000000 144.5004224 144.5168136 
1066.0000000 144.3040039 144.3203951 
1067.0000000 144.1075853 144.1239765 
1068.0000000 143.9111668 143.9275580 
1069.0000000 143.7147482 143.7311394 
1070.0000000 143.5183297 143.5347209 
1071.0000000 143.3219111 143.3383023 
1072.0000000 143.1254926 143.1418838 
1073.0000000 142.9290740 142.9454652 
1074.0000000 142.7326555 142.7490467 
1075.0000000 142.5362369 142.5526281 
1076.0000000 142.3398184 142.3562096 
1077.0000000 142.1433998 142.1597910 
1078.0000000 141.9469813 141.9633725 
1079.0000000 141.7505627 141.7669539 
1080.0000000 141.5541442 141.5705354 
1081.0000000 141.3577256 141.3741168 
1082.0000000 141.1613071 141.1776983 
1083.0000000 140.9648885 140.9812797 
1084.0000000 140.7684700 140.7848612 
1085.0000000 140.5720514 140.5884426 
1086.0000000 140.3756329 140.3920241 
1087.0000000 140.1792143 140.1956055 
1088.0000000 139.9827958 139.9991870 
1089.0000000 139.7863772 139.8027684 
1090.0000000 139.5899587 139.6063499 
1091.0000000 139.3935401 139.4099313 
1092.0000000 139.1971216 139.2135128 
1093.0000000 139.0007030 139.0170942 
1094.0000000 138.8042845 138.8206757 
1095.0000000 138.6078659 138.6242571 
1096.0000000 138.4114474 138.4278386 
1097.0000000 138.2150288 138.2314200 
1098.0000000 138.0186103 138.0350015 
1099.0000000 137.8221917 137.8385829 
1100.0000000 137.6257732 137.6421644 
1101.0000000 137.4293546 137.4457458 
1102.0000000 137.2329361 137.2493273 
1103.0000000 137.0365175 137.0529087 
1104.0000000 136.8400990 136.8564902 
1105.0000000 136.6436804 136.6600716 
1106.0000000 136.4472619 136.4636531 
1107.0000000 136.2508433 136.2672345 
1108.0000000 136.0544248 136.0708160 
1109.0000000 135.8580062 135.8743974 
1110.0000000 135.6615877 135.6779789 
1111.0000000 135.4651691 135.4815603 
1112.0000000 135.2687506 135.2851418 
1113.0000000 135.0723320 135.0887232 
1114.0000000 134.8759135 134.8923047 
1115.0000000 134.6794949 134.6958861 
1116.0000000 134.4830764 134.4994676 
1117.0000000 134.2866578 134.3030490 
1118.0000000 134.0902393 134.1066305 
1119.0000000 133.8938207 133.9102119 
1120.0000000 133.6974022 133.7137934 
1121.0000000 133.5009836 133.5173748 
1122.0000000 133.3045651 133.3209563 
1123.0000000 133.1081465 133.1245377 
1124.0000000 132.9117280 132.9281192 
1125.0000000 132.7153094 132.7317006 
1126.0000000 132.5188909 132.5352821 
1127.0000000 132.3224723 132.3388635 
1128.0000000 132.1260538 132.1424450 
1129.0000000 131.9296352 131.9460264 
1130.0000000 131.7332167 131.7496079 
1131.0000000 131.5367981 131.5531893 
1132.0000000 131.3403796 131.3567708 
1133.0000000 131.1439610 131.1603522 
1134.0000000 130.9475425 130.9639337 
1135.0000000 130.7511239 130.7675151 
1136.0000000 130.5547054 130.5710966 
1137.0000000 130.3582868 130.3746780 
1138.0000000 130.1618683 130.1782595 
1139.0000000 129.9654497 129.9818409 
1140.0000000 129.7690312 129.7854224 
1141.0000000 129.5726126 129.5890038 
1142.0000000 129.3761941 129.3925853 
1143.0000000 129.1797755 129.1961667 
1144.0000000 128.9833570 128.9997481 
1145.0000000 128.7869384 128.8033296 
1146.0000000 128.5905199 128.6069110 
1147.0000000 128.3941013 128.4104925 
1148.0000000 128.1976828 128.2140739 
1149.0000000 128.0012642 128.0176554 
1150.0000000 127.8048457 127.8212368 
1151.0000000 127.6084271 127.6248183 
1152.0000000 127.4120086 127.4283997 
1153.0000000 127.2155900 127.2319812 
1154.0000000 127.0191715 127.0355626 
1155.0000000 126.8227529 126.8391441 
1156.0000000 126.6263344 126.6427255 
1157.0000000 126.4299158 126.4463070 
1158.0000000 126.2334973 126.2498884 
1159.0000000 126.0370787 126.0534699 
1160.0000000 125.8406602 125.8570513 
1161.0000000 125.6442416 125.6606328 
1162.0000000 125.4478231 125.4642142 
1163.0000000 125.2514045 125.2677957 
1164.0000000 125.0549860 125.0713771 
1165.0000000 124.8585674 124.8749586 
1166.0000000 124.6621489 124.6785400 
1167.0000000 124.4657303 124.4821215 
1168.0000000 124.2693118 124.2857029 
1169.0000000 124.0728932 124.0892844 
1170.0000000 123.8764747 123.8928658 
1171.0000000 123.6800561 123.6964473 
1172.0000000 123.4836376 123.5000287 
1173.0000000 123.2872190 123.3036102 
1174.0000000 123.0908005 123.1071916 
1175.0000000 122.8943819 122.9107731 
1176.0000000 122.6979634 122.7143545 
1177.0000000 122.5015448 122.5179360 
1178.0000000 122.3051263 122.3215174 
1179.0000000 122.1087077 122.1250989 
1180.0000000 121.9122892 121.9286803 
1181.0000000 121.7158706 121.7322618 
1182.0000000 121.5194521 121.5358432 
1183.0000000 121.3230335 121.3394247 
1184.0000000 121.1266150 121.1430061 
1185.0000000 120.9301964 120.9465876 
1186.0000000 120.7337779 120.7501690 
1187.0000000 120.5373593 120.5537505 
1188.0000000 120.3409408 120.3573319 
1189.0000000 120.1445222 120.1609134 
1190.0000000 119.9481037 119.9644948 
1191.0000000 119.7516851 119.7680763 
1192.0000000 119.5552666 119.5716577 
1193.0000000 119.3588480 119.3752392 
1194.0000000 119.1624295 119.1788206 
1195.0000000 118.9660109 118.9824021 
1196.0000000 118.7695924 118.7859835 
1197.0000000 118.5731738 118.5895650 
1198.0000000 118.3767553 118.3931464 
1199.0000000 118.1803367 118.1967279 
1200.0000000 117.9839182 118.0003093 
1201.0000000 117.7874996 117.8038908 
1202.0000000 117.5910811 117.6074722 
1203.0000000 117.3946625 117.4110537 
1204.0000000 117.1982440 117.2146351 
1205.0000000 117.0018254 117.0182166 
1206.0000000 116.8054069 116.8217980 
1207.0000000 116.6089883 116.6253795 
1208.0000000 116.4125698 116.4289609 
1209.0000000 116.2161512 116.2325424 
1210.0000000 116.0197327 116.0361238 
1211.0000000 115.8233141 115.8397053 
1212.0000000 115.6268955 115.6432867 
1213.0000000 115.4304770 115.4468682 
1214.0000000 115.2340584 115.2504496 
1215.0000000 115.0376399 115.0540311 
1216.0000000 114.8412213 114.8576125 
1217.0000000 114.6448028 114.6611940 
1218.0000000 114.4483842 114.4647754 
1219.0000000 114.2519657 114.2683569 
1220.0000000 114.0555471 114.0719383 
1221.0000000 113.8591286 113.8755198 
1222.0000000 113.6627100 113.6791012 
1223.0000000 113.4662915 113.4826827 
1224.0000000 113.2698729 113.2862641 
1225.0000000 113.0734544 113.0898456 
1226.0000000 112.8770358 112.8934270 
1227.0000000 112.6806173 112.6970085 
1228.0000000 112.4841987 112.5005899 
1229.0000000 112.2877802 112.3041714 
1230.0000000 112.0913616 112.1077528 
1231.0000000 111.8949431 111.9113343 
1232.0000000 111.6985245 111.7149157 
1233.0000000 111.5021060 111.5184972 
1234.0000000 111.3056874 111.3220786 
1235.0000000 111.1092689 111.1256601 
1236.0000000 110.9128503 110.9292415 
1237.0000000 110.7164318 110.7328230 
1238.0000000 110.5200132 110.5364044 
1239.0000000 110.3235947 110.3399859 
1240.0000000 110.1271761 110.1435673 
1241.0000000 109.9307576 109.9471488 
1242.0000000 109.7343390 109.7507302 
1243.0000000 109.5379205 109.5543117 
1244.0000000 109.3415019 109.3578931 
1245.0000000 109.1450834 109.1614746 
1246.0000000 108.9486648 108.9650560 
1247.0000000 108.7522463 108.7686375 
1248.0000000 108.5558277 108.5722189 
1249.0000000 108.3594092 108.3758004 
1250.0000000 108.1629906 108.1793818 
1251.0000000 107.9665721 107.9829633 
1252.0000000 107.7701535 107.7865447 
1253.0000000 107.5737350 107.5901262 
1254.0000000 107.3773164 107.3937076 
1255.0000000 107.1808979 107.1972891 
1256.0000000 106.9844793 107.0008705 
1257.0000000 106.7880608 106.8044520 
1258.0000000 106.5916422 106.6080334 
1259.0000000 106.3952237 106.4116149 
1260.0000000 106.1988051 106.2151963 
1261.0000000 106.0023866 106.0187778 
1262.0000000 105.8059680 105.8223592 
1263.0000000 105.6095495 105.6259407 
1264.0000000 105.4131309 105.4295221 
1265.0000000 105.2167124 105.2331036 
1266.0000000 105.0202938 105.0366850 
1267.0000000 104.8238753 104.8402665 
1268.0000000 104.6274567 104.6438479 
1269.0000000 104.4310382 104.4474294 
1270.0000000 104.2346196 104.2510108 
1271.0000000 104.0382011 104.0545923 
1272.0000000 103.8417825 103.8581737 
1273.0000000 103.6453640 103.6617552 
1274.0000000 103.4489454 103.4653366 
1275.0000000 103.2525269 103.2689181 
1276.0000000 103.0561083 103.0724995 
1277.0000000 102.8596898 102.8760810 
1278.0000000 102.6632712 102.6796624 
1279.0000000 102.4668527 102.4832439 
1280.0000000 102.2704341 102.2868253 
1281.0000000 102.0740156 102.0904068 
1282.0000000 101.8775970 101.8939882 
1283.0000000 101.6811785 101.6975697 
1284.0000000 101.4847599 101.5011511 
1285.0000000 101.2883414 101.3047326 
1286.0000000 101.0919228 101.1083140 
1287.0000000 100.8955043 100.9118955 
1288.0000000 100.6990857 100.7154769 
1289.0000000 100.5026672 100.5190584 
1290.0000000 100.3062486 100.3226398 
1291.0000000 100.1098301 100.1262213 
1292.0000000 99.9134115 99.9298027 
1293.0000000 99.7169930 99.7333842 
1294.0000000 99.5205744 99.5369656 
1295.0000000 99.3241559 99.3405471 
1296.0000000 99.1277373 99.1441285 
1297.0000000 98.9313188 98.9477099 
1298.0000000 98.7349002 98.7512914 
1299.0000000 98.5384817 98.5548728 
1300.0000000 98.3420631 98.3584543 
1301.0000000 98.1456446 98.1620357 
1302.0000000 97.9492260 97.9656172 
1303.0000000 97.7528075 97.7691986 
1304.0000000 97.5563889 97.5727801 
1305.0000000 97.3599704 97.3763615 
1306.0000000 97.1635518 97.1799430 
1307.0000000 96.9671333 96.9835244 
1308.0000000 96.7707147 96.7871059 
1309.0000000 96.5742962 96.5906873 
1310.0000000 96.3778776 96.3942688 
1311.0000000 96.1814591 96.1978502 
1312.0000000 95.9850405 96.0014317 
1313.0000000 95.7886220 95.8050131 
1314.0000000 95.5922034 95.6085946 
1315.0000000 95.3957849 95.4121760 
1316.0000000 95.1993663 95.2157575 
1317.0000000 95.0029478 95.0193389 
1318.0000000 94.8065292 94.8229204 
1319.0000000 94.6101107 94.6265018 
1320.0000000 94.4136921 94.4300833 
1321.0000000 94.2172736 94.2336647 
1322.0000000 94.0208550 94.0372462 
1323.0000000 93.8244365 93.8408276 
1324.0000000 93.6280179 93.6444091 
1325.0000000 93.4315994 93.4479905 
1326.0000000 93.2351808 93.2515720 
1327.0000000 93.0387623 93.0551534 
1328.0000000 92.8423437 92.8587349 
1329.0000000 92.6459252 92.6623163 
1330.0000000 92.4495066 92.4658978 
1331.0000000 92.2530881 92.2694792 
1332.0000000 92.0566695 92.0730607 
1333.0000000 91.8602510 91.8766421 
1334.0000000 91.6638324 91.6802236 
1335.0000000 91.4674139 91.4838050 
1336.0000000 91.2709953 91.2873865 
1337.0000000 91.0745768 91.0909679 
1338.0000000 90.8781582 90.8945494 
1339.0000000 90.6817397 90.6981308 
1340.0000000 90.4853211 90.5017123 
1341.0000000 90.2889026 90.3052937 
1342.0000000 90.0924840 90.1088752 
1343.0000000 89.8960655 89.9124566 
1344.0000000 89.6996469 89.7160381 
1345.0000000 89.5032284 89.5196195 
1346.0000000 89.3068098 89.3232010 
1347.0000000 89.1103913 89.1267824 
1348.0000000 88.9139727 88.9303639 
1349.0000000 88.7175542 88.7339453 
1350.0000000 88.5211356 88.5375268 
1351.0000000 88.3247171 88.3411082 
1352.0000000 88.1282985 88.1446897 
1353.0000000 87.9318800 87.9482711 
1354.0000000 87.7354614 87.7518526 
1355.0000000 87.5390429 87.5554340 
1356.0000000 87.3426243 87.3590155 
1357.0000000 87.1462058 87.1625969 
1358.0000000 86.9497872 86.9661784 
1359.0000000 86.7533687 86.7697598 
1360.0000000 86.5569501 86.5733413 
1361.0000000 86.3605316 86.3769227 
1362.0000000 86.1641130 86.1805042 
1363.0000000 85.9676945 85.9840856 
1364.0000000 85.7712759 85.7876671 
1365.0000000 85.5748573 85.5912485 
1366.0000000 85.3784388 85.3948300 
1367.0000000 85.1820202 85.1984114 
1368.0000000 84.9856017 85.0019929 
1369.0000000 84.7891831 84.8055743 
1370.0000000 84.5927646 84.6091558 
1371.0000000 84.3963460 84.4127372 
1372.0000000 84.1999275 84.2163187 
1373.0000000 84.0035089 84.0199001 
1374.0000000 83.8070904 83.8234816 
1375.0000000 83.6106718 83.6270630 
1376.0000000 83.4142533 83.4306445 
1377.0000000 83.2178347 83.2342259 
1378.0000000 83.0214162 83.0378074 
1379.0000000 82.8249976 82.8413888 
1380.0000000 82.6285791 82.6449703 
1381.0000000 82.4321605 82.4485517 
1382.0000000 82.2357420 82.2521332 
1383.0000000 82.0393234 82.0557146 
1384.0000000 81.8429049 81.8592961 
1385.0000000 81.6464863 81.6628775 
1386.0000000 81.4500678 81.4664590 
1387.0000000 81.2536492 81.2700404 
1388.0000000 81.0572307 81.0736219 
1389.0000000 80.8608121 80.8772033 
1390.0000000 80.6643936 80.6807848 
1391.0000000 80.4679750 80.4843662 
1392.0000000 80.2715565 80.2879477 
1393.0000000 80.0751379 80.0915291 
1394.0000000 79.8787194 79.8951106 
1395.0000000 79.6823008 79.6986920 
1396.0000000 79.4858823 79.5022735 
1397.0000000 79.2894637 79.3058549 
1398.0000000 79.0930452 79.1094364 
1399.0000000 78.8966266 78.9130178 
1400.0000000 78.7002081 78.7165993 
1401.0000000 78.5037895 78.5201807 
1402.0000000 78.3073710 78.3237622 
1403.0000000 78.1109524 78.1273436 
1404.0000000 77.9145339 77.9309251 
1405.0000000 77.7181153 77.7345065 
1406.0000000 77.5216968 77.5380880 
1407.0000000 77.3252782 77.3416694 
1408.0000000 77.1288597 77.1452509 
1409.0000000 76.9324411 76.9488323 
1410.0000000 76.7360226 76.7524138 
1411.0000000 76.5396040 76.5559952 
1412.0000000 76.3431855 76.3595767 
1413.0000000 76.1467669 76.1631581 
1414.0000000 75.9503484 75.9667396 
1415.0000000 75.7539298 75.7703210 
1416.0000000 75.5575113 75.5739025 
1417.0000000 75.3610927 75.3774839 
1418.0000000 75.1646742 75.1810654 
1419.0000000 74.9682556 74.9846468 
1420.0000000 74.7718371 74.7882283 
1421.0000000 74.5754185 74.5918097 
1422.0000000 74.3790000 74.3953912 
1423.0000000 74.1825814 74.1989726 
1424.0000000 73.9861629 74.0025541 
1425.0000000 73.7897443 73.8061355 
1426.0000000 73.5933258 73.6097170 
1427.0000000 73.3969072 73.4132984 
1428.0000000 73.2004887 73.2168799 
1429.0000000 73.0040701 73.0204613 
1430.0000000 72.8076516 72.8240428 
1431.0000000 72.6112330 72.6276242 
1432.0000000 72.4148145 72.4312057 
1433.0000000 72.2183959 72.2347871 
1434.0000000 72.0219774 72.0383686 
1435.0000000 71.8255588 71.8419500 
1436.0000000 71.6291403 71.6455315 
1437.0000000 71.4327217 71.4491129 
1438.0000000 71.2363032 71.2526944 
1439.0000000 71.0398846 71.0562758 
1440.0000000 70.8434661 70.8598573 
1441.0000000 70.6470475 70.6634387 
1442.0000000 70.4506290 70.4670202 
1443.0000000 70.2542104 70.2706016 
1444.0000000 70.0577919 70.0741831 
1445.0000000 69.8613733 69.8777645 
1446.0000000 69.6649548 69.6813460 
1447.0000000 69.4685362 69.4849274 
1448.0000000 69.2721177 69.2885088 
1449.0000000 69.0756991 69.0920903 
1450.0000000 68.8792806 68.8956717 
1451.0000000 68.6828620 68.6992532 
1452.0000000 68.4864435 68.5028346 
1453.0000000 68.2900249 68.3064161 
1454.0000000 68.0936064 68.1099975 
1455.0000000 67.8971878 67.9135790 
1456.0000000 67.7007693 67.7171604 
1457.0000000 67.5043507 67.5207419 
1458.0000000 67.3079322 67.3243233 
1459.0000000 67.1115136 67.1279048 
1460.0000000 66.9150951 66.9314862 
1461.0000000 66.7186765 66.7350677 
1462.0000000 66.5222580 66.5386491 
1463.0000000 66.3258394 66.3422306 
1464.0000000 66.1294209 66.1458120 
1465.0000000 65.9330023 65.9493935 
1466.0000000 65.7365838 65.7529749 
1467.0000000 65.5401652 65.5565564 
1468.0000000 65.3437467 65.3601378 
1469.0000000 65.1473281 65.1637193 
1470.0000000 64.9509096 64.9673007 
1471.0000000 64.7544910 64.7708822 
1472.0000000 64.5580725 64.5744636 
1473.0000000 64.3616539 64.3780451 
1474.0000000 64.1652354 64.1816265 
1475.0000000 63.9688168 63.9852080 
1476.0000000 63.7723983 63.7887894 
1477.0000000 63.5759797 63.5923709 
1478.0000000 63.3795612 63.3959523 
1479.0000000 63.1831426 63.1995338 
1480.0000000 62.9867241 63.0031152 
1481.0000000 62.7903055 62.8066967 
1482.0000000 62.5938870 62.6102781 
1483.0000000 62.3974684 62.4138596 
1484.0000000 62.2010499 62.2174410 
1485.0000000 62.0046313 62.0210225 
1486.0000000 61.8082128 61.8246039 
1487.0000000 61.6117942 61.6281854 
1488.0000000 61.4153757 61.4317668 
1489.0000000 61.2189571 61.2353483 
1490.0000000 61.0225386 61.0389297 
1491.0000000 60.8261200 60.8425112 
1492.0000000 60.6297015 60.6460926 
1493.0000000 60.4332829 60.4496741 
1494.0000000 60.2368644 60.2532555 
1495.0000000 60.0404458 60.0568370 
1496.0000000 59.8440273 59.8604184 
1497.0000000 59.6476087 59.6639999 
1498.0000000 59.4511902 59.4675813 
1499.0000000 59.2547716 59.2711628 
1500.0000000 59.0583531 59.0747442 
1501.0000000 58.8619345 58.8783257 
1502.0000000 58.6655160 58.6819071 
1503.0000000 58.4690974 58.4854886 
1504.0000000 58.2726789 58.2890700 
1505.0000000 58.0762603 58.0926515 
1506.0000000 57.8798418 57.8962329 
1507.0000000 57.6834232 57.6998144 
1508.0000000 57.4870047 57.5033958 
1509.0000000 57.2905861 57.3069773 
1510.0000000 57.0941676 57.1105587 
1511.0000000 56.8977490 56.9141402 
1512.0000000 56.7013305 56.7177216 
1513.0000000 56.5049119 56.5213031 
1514.0000000 56.3084934 56.3248845 
1515.0000000 56.1120748 56.1284660 
1516.0000000 55.9156562 55.9320474 
1517.0000000 55.7192377 55.7356289 
1518.0000000 55.5228191 55.5392103 
1519.0000000 55.3264006 55.3427918 
1520.0000000 55.1299820 55.1463732 
1521.0000000 54.9335635 54.9499547 
1522.0000000 54.7371449 54.7535361 
1523.0000000 54.5407264 54.5571176 
1524.0000000 54.3443078 54.3606990 
1525.0000000 54.1478893 54.1642805 
1526.0000000 53.9514707 53.9678619 
1527.0000000 53.7550522 53.7714434 
1528.0000000 53.5586336 53.5750248 
1529.0000000 53.3622151 53.3786063 
1530.0000000 53.1657965 53.1821877 
1531.0000000 52.9693780 52.9857692 
1532.0000000 52.7729594 52.7893506 
1533.0000000 52.5765409 52.5929321 
1534.0000000 52.3801223 52.3965135 
1535.0000000 52.1837038 52.2000950 
1536.0000000 51.9872852 52.0036764 
1537.0000000 51.7908667 51.8072579 
1538.0000000 51.5944481 51.6108393 
1539.0000000 51.3980296 51.4144208 
1540.0000000 51.2016110 51.2180022 
1541.0000000 51.0051925 51.0215837 
1542.0000000 50.8087739 50.8251651 
1543.0000000 50.6123554 50.6287466 
1544.0000000 50.4159368 50.4323280 
1545.0000000 50.2195183 50.2359095 
1546.0000000 50.0230997 50.0394909 
1547.0000000 49.8266812 49.8430724 
1548.0000000 49.6302626 49.6466538 
1549.0000000 49.4338441 49.4502353 
1550.0000000 49.2374255 49.2538167 
1551.0000000 49.0410070 49.0573982 
1552.0000000 48.8445884 48.8609796 
1553.0000000 48.6481699 48.6645611 
1554.0000000 48.4517513 48.4681425 
1555.0000000 48.2553328 48.2717240 
1556.0000000 48.0589142 48.0753054 
1557.0000000 47.8624957 47.8788869 
1558.0000000 47.6660771 47.6824683 
1559.0000000 47.4696586 47.4860498 
1560.0000000 47.2732400 47.2896312 
1561.0000000 47.0768215 47.0932127 
1562.0000000 46.8804029 46.8967941 
1563.0000000 46.6839844 46.7003756 
1564.0000000 46.4875658 46.5039570 
1565.0000000 46.2911473 46.3075385 
1566.0000000 46.0947287 46.1111199 
1567.0000000 45.8983102 45.9147014 
1568.0000000 45.7018916 45.7182828 
1569.0000000 45.5054731 45.5218643 
1570.0000000 45.3090545 45.3254457 
1571.0000000 45.1126360 45.1290272 
1572.0000000 44.9162174 44.9326086 
1573.0000000 44.7197989 44.7361901 
1574.0000000 44.5233803 44.5397715 
1575.0000000 44.3269618 44.3433530 
1576.0000000 44.1305432 44.1469344 
1577.0000000 43.9341247 43.9505159 
1578.0000000 43.7377061 43.7540973 
1579.0000000 43.5412876 43.5576788 
1580.0000000 43.3448690 43.3612602 
1581.0000000 43.1484505 43.1648417 
1582.0000000 42.9520319 42.9684231 
1583.0000000 42.7556134 42.7720046 
1584.0000000 42.5591948 42.5755860 
1585.0000000 42.3627763 42.3791675 
1586.0000000 42.1663577 42.1827489 
1587.0000000 41.9699392 41.9863304 
1588.0000000 41.7735206 41.7899118 
1589.0000000 41.5771021 41.5934933 
1590.0000000 41.3806835 41.3970747 
1591.0000000 41.1842650 41.2006562 
1592.0000000 40.9878464 41.0042376 
1593.0000000 40.7914279 40.8078191 
1594.0000000 40.5950093 40.6114005 
1595.0000000 40.3985908 40.4149820 
1596.0000000 40.2021722 40.2185634 
1597.0000000 40.0057537 40.0221449 
1598.0000000 39.8093351 39.8257263 
1599.0000000 39.6129166 39.6293077 
1600.0000000 39.4164980 39.4328892 
1601.0000000 39.2200795 39.2364706 
1602.0000000 39.0236609 39.0400521 
1603.0000000 38.8272424 38.8436335 
1604.0000000 38.6308238 38.6472150 
1605.0000000 38.4344053 38.4507964 
1606.0000000 38.2379867 38.2543779 
1607.0000000 38.0415682 38.0579593 
1608.0000000 37.8451496 37.8615408 
1609.0000000 37.6487311 37.6651222 
1610.0000000 37.4523125 37.4687037 
1611.0000000 37.2558940 37.2722851 
1612.0000000 37.0594754 37.0758666 
1613.0000000 36.8630569 36.8794480 
1614.0000000 36.6666383 36.6830295 
1615.0000000 36.4702198 36.4866109 
1616.0000000 36.2738012 36.2901924 
1617.0000000 36.0773827 36.0937738 
1618.0000000 35.8809641 35.8973553 
1619.0000000 35.6845456 35.7009367 
1620.0000000 35.4881270 35.5045182 
1621.0000000 35.2917085 35.3080996 
1622.0000000 35.0952899 35.1116811 
1623.0000000 34.8988714 34.9152625 
1624.0000000 34.7024528 34.7188440 
1625.0000000 34.5060343 34.5224254 
1626.0000000 34.3096157 34.3260069 
1627.0000000 34.1131972 34.1295883 
1628.0000000 33.9167786 33.9331698 
1629.0000000 33.7203601 33.7367512 
1630.0000000 33.5239415 33.5403327 
1631.0000000 33.3275230 33.3439141 
1632.0000000 33.1311044 33.1474956 
1633.0000000 32.9346859 32.9510770 
1634.0000000 32.7382673 32.7546585 
1635.0000000 32.5418488 32.5582399 
1636.0000000 32.3454302 32.3618214 
1637.0000000 32.1490117 32.1654028 
1638.0000000 31.9525931 31.9689843 
1639.0000000 31.7561746 31.7725657 
1640.0000000 31.5597560 31.5761472 
1641.0000000 31.3633375 31.3797286 
1642.0000000 31.1669189 31.1833101 
1643.0000000 30.9705004 30.9868915 
1644.0000000 30.7740818 30.7904730 
1645.0000000 30.5776633 30.5940544 
1646.0000000 30.3812447 30.3976359 
1647.0000000 30.1848262 30.2012173 
1648.0000000 29.9884076 30.0047988 
1649.0000000 29.7919891 29.8083802 
1650.0000000 29.5955705 29.6119617 
1651.0000000 29.3991520 29.4155431 
1652.0000000 29.2027334 29.2191246 
1653.0000000 29.0063149 29.0227060 
1654.0000000 28.8098963 28.8262875 
1655.0000000 28.6134778 28.6298689 
1656.0000000 28.4170592 28.4334504 
1657.0000000 28.2206407 28.2370318 
1658.0000000 28.0242221 28.0406133 
1659.0000000 27.8278036 27.8441947 
1660.0000000 27.6313850 27.6477762 
1661.0000000 27.4349665 27.4513576 
1662.0000000 27.2385479 27.2549391 
1663.0000000 27.0421294 27.0585205 
1664.0000000 26.8457108 26.8621020 
1665.0000000 26.6492923 26.6656834 
1666.0000000 26.4528737 26.4692649 
1667.0000000 26.2564551 26.2728463 
1668.0000000 26.0600366 26.0764278 
1669.0000000 25.8636180 25.8800092 
1670.0000000 25.6671995 25.6835907 
1671.0000000 25.4707809 25.4871721 
1672.0000000 25.2743624 25.2907536 
1673.0000000 25.0779438 25.0943350 
1674.0000000 24.8815253 24.8979165 
1675.0000000 24.6851067 24.7014979 
1676.0000000 24.4886882 24.5050794 
1677.0000000 24.2922696 24.3086608 
1678.0000000 24.0958511 24.1122423 
1679.0000000 23.8994325 23.9158237 
1680.0000000 23.7030140 23.7194052 
1681.0000000 23.5065954 23.5229866 
1682.0000000 23.3101769 23.3265681 
1683.0000000 23.1137583 23.1301495 
1684.0000000 22.9173398 22.9337310 
1685.0000000 22.7209212 22.7373124 
1686.0000000 22.5245027 22.5408939 
1687.0000000 22.3280841 22.3444753 
1688.0000000 22.1316656 22.1480568 
1689.0000000 21.9352470 21.9516382 
1690.0000000 21.7388285 21.7552197 
1691.0000000 21.5424099 21.5588011 
1692.0000000 21.3459914 21.3623826 
1693.0000000 21.1495728 21.1659640 
1694.0000000 20.9531543 20.9695455 
1695.0000000 20.7567357 20.7731269 
1696.0000000 20.5603172 20.5767084 
1697.0000000 20.3638986 20.3802898 
1698.0000000 20.1674801 20.1838713 
1699.0000000 19.9710615 19.9874527 
1700.0000000 19.7746430 19.7910342 
1701.0000000 19.5782244 19.5946156 
1702.0000000 19.3818059 19.3981971 
1703.0000000 19.1853873 19.2017785 
1704.0000000 18.9889688 19.0053600 
1705.0000000 18.7925502 18.8089414 
1706.0000000 18.5961317 18.6125229 
1707.0000000 18.3997131 18.4161043 
1708.0000000 18.2032946 18.2196858 
1709.0000000 18.0068760 18.0232672 
1710.0000000 17.8104575 17.8268487 
1711.0000000 17.6140389 17.6304301 
1712.0000000 17.4176204 17.4340116 
1713.0000000 17.2212018 17.2375930 
1714.0000000 17.0247833 17.0411745 
1715.0000000 16.8283647 16.8447559 
1716.0000000 16.6319462 16.6483374 
1717.0000000 16.4355276 16.4519188 
1718.0000000 16.2391091 16.2555003 
1719.0000000 16.0426905 16.0590817 
1720.0000000 15.8462720 15.8626632 
1721.0000000 15.6498534 15.6662446 
1722.0000000 15.4534349 15.4698261 
1723.0000000 15.2570163 15.2734075 
1724.0000000 15.0605978 15.0769890 
1725.0000000 14.8641792 14.8805704 
1726.0000000 14.6677607 14.6841519 
1727.0000000 14.4713421 14.4877333 
1728.0000000 14.2749236 14.2913148 
1729.0000000 14.0785050 14.0948962 
1730.0000000 13.8820865 13.8984777 
1731.0000000 13.6856679 13.7020591 
1732.0000000 13.4892494 13.5056406 
1733.0000000 13.2928308 13.3092220 
1734.0000000 13.0964123 13.1128035 
1735.0000000 12.8999937 12.9163849 
1736.0000000 12.7035752 12.7199664 
1737.0000000 12.5071566 12.5235478 
1738.0000000 12.3107381 12.3271293 
1739.0000000 12.1143195 12.1307107 
1740.0000000 11.9179010 11.9342922 
1741.0000000 11.7214824 11.7378736 
1742.0000000 11.5250639 11.5414551 
1743.0000000 11.3286453 11.3450365 
1744.0000000 11.1322268 11.1486180 
1745.0000000 10.9358082 10.9521994 
1746.0000000 10.7393897 10.7557809 
1747.0000000 10.5429711 10.5593623 
1748.0000000 10.3465526 10.3629438 
1749.0000000 10.1501340 10.1665252 
1750.0000000 9.9537155 9.9701067 
1751.0000000 9.7572969 9.7736881 
1752.0000000 9.5608784 9.5772695 
1753.0000000 9.3644598 9.3808510 
1754.0000000 9.1680413 9.1844324 
1755.0000000 8.9716227 8.9880139 
1756.0000000 8.7752042 8.7915953 
1757.0000000 8.5787856 8.5951768 
1758.0000000 8.3823671 8.3987582 
1759.0000000 8.1859485 8.2023397 
1760.0000000 7.9895300 8.0059211 
1761.0000000 7.7931114 7.8095026 
1762.0000000 7.5966929 7.6130840 
1763.0000000 7.4002743 7.4166655 
1764.0000000 7.2038558 7.2202469 
1765.0000000 7.0074372 7.0238284 
1766.0000000 6.8110187 6.8274098 
1767.0000000 6.6146001 6.6309913 
1768.0000000 6.4181816 6.4345727 
1769.0000000 6.2217630 6.2381542 
1770.0000000 6.0253445 6.0417356 
1771.0000000 5.8289259 5.8453171 
1772.0000000 5.6325074 5.6488985 
1773.0000000 5.4360888 5.4524800 
1774.0000000 5.2396703 5.2560614 
1775.0000000 5.0432517 5.0596429 
1776.0000000 4.8468332 4.8632243 
1777.0000000 4.6504146 4.6668058 
1778.0000000 4.4539961 4.4703872 
1779.0000000 4.2575775 4.2739687 
1780.0000000 4.0611590 4.0775501 
1781.0000000 3.8647404 3.8811316 
1782.0000000 3.6683219 3.6847130 
1783.0000000 3.4719033 3.4882945 
1784.0000000 3.2754848 3.2918759 
1785.0000000 3.0790662 3.0954574 
1786.0000000 2.8826477 2.8990388 
1787.0000000 2.6862291 2.7026203 
1788.0000000 2.4898106 2.5062017 
1789.0000000 2.2933920 2.3097832 
1790.0000000 2.0969735 2.1133646 
1791.0000000 1.9005549 1.9169461 
1792.0000000 1.7041364 1.7205275 
1793.0000000 1.5077178 1.5241090 
1794.0000000 1.3112993 1.3276904 
1795.0000000 1.1148807 1.1312719 
1796.0000000 0.9184622 0.9348533 
1797.0000000 0.7220436 0.7384348 
1798.0000000 0.5256251 0.5420162 
1799.0000000 0.3292065 0.3455977 
1800.0000000 0.1327880 0.1491791 

