1.0000000 353.5633626 353.4823816 
2.0000000 353.3669441 353.2859630 
3.0000000 353.1705255 353.0895445 
4.0000000 352.9741070 352.8931259 
5.0000000 352.7776884 352.6967074 
6.0000000 352.5812699 352.5002888 
7.0000000 352.3848513 352.3038703 
8.0000000 352.1884328 352.1074517 
9.0000000 351.9920142 351.9110332 
10.0000000 351.7955957 351.7146146 
11.0000000 351.5991771 351.5181960 
12.0000000 351.4027586 351.3217775 
13.0000000 351.2063400 351.1253589 
14.0000000 351.0099215 350.9289404 
15.0000000 350.8135029 350.7325218 
16.0000000 350.6170844 350.5361033 
17.0000000 350.4206658 350.3396847 
18.0000000 350.2242473 350.1432662 
19.0000000 350.0278287 349.9468476 
20.0000000 349.8314102 349.7504291 
21.0000000 349.6349916 349.5540105 
22.0000000 349.4385731 349.3575920 
23.0000000 349.2421545 349.1611734 
24.0000000 349.0457360 348.9647549 
25.0000000 348.8493174 348.7683363 
26.0000000 348.6528989 348.5719178 
27.0000000 348.4564803 348.3754992 
28.0000000 348.2600618 348.1790807 
29.0000000 348.0636432 347.9826621 
30.0000000 347.8672247 347.7862436 
31.0000000 347.6708061 347.5898250 
32.0000000 347.4743876 347.3934065 
33.0000000 347.2779690 347.1969879 
34.0000000 347.0815505 347.0005694 
35.0000000 346.8851319 346.8041508 
36.0000000 346.6887134 346.6077323 
37.0000000 346.4922948 346.4113137 
38.0000000 346.2958763 346.2148952 
39.0000000 346.0994577 346.0184766 
40.0000000 345.9030392 345.8220581 
41.0000000 345.7066206 345.6256395 
42.0000000 345.5102021 345.4292210 
43.0000000 345.3137835 345.2328024 
44.0000000 345.1173650 345.0363839 
45.0000000 344.9209464 344.8399653 
46.0000000 344.7245279 344.6435468 
47.0000000 344.5281093 344.4471282 
48.0000000 344.3316908 344.2507097 
49.0000000 344.1352722 344.0542911 
50.0000000 343.9388537 343.8578726 
51.0000000 343.7424351 343.6614540 
52.0000000 343.5460166 343.4650355 
53.0000000 343.3495980 343.2686169 
54.0000000 343.1531795 343.0721984 
55.0000000 342.9567609 342.8757798 
56.0000000 342.7603424 342.6793613 
57.0000000 342.5639238 342.4829427 
58.0000000 342.3675053 342.2865242 
59.0000000 342.1710867 342.0901056 
60.0000000 341.9746682 341.8936871 
61.0000000 341.7782496 341.6972685 
62.0000000 341.5818311 341.5008500 
63.0000000 341.3854125 341.3044314 
64.0000000 341.1889940 341.1080129 
65.0000000 340.9925754 340.9115943 
66.0000000 340.7961569 340.7151758 
67.0000000 340.5997383 340.5187572 
68.0000000 340.4033198 340.3223387 
69.0000000 340.2069012 340.1259201 
70.0000000 340.0104827 339.9295016 
71.0000000 339.8140641 339.7330830 
72.0000000 339.6176456 339.5366645 
73.0000000 339.4212270 339.3402459 
74.0000000 339.2248085 339.1438274 
75.0000000 339.0283899 338.9474088 
76.0000000 338.8319714 338.7509903 
77.0000000 338.6355528 338.5545717 
78.0000000 338.4391343 338.3581532 
79.0000000 338.2427157 338.1617346 
80.0000000 338.0462972 337.9653161 
81.0000000 337.8498786 337.7688975 
82.0000000 337.6534601 337.5724790 
83.0000000 337.4570415 337.3760604 
84.0000000 337.2606230 337.1796419 
85.0000000 337.0642044 336.9832233 
86.0000000 336.8677859 336.7868048 
87.0000000 336.6713673 336.5903862 
88.0000000 336.4749488 336.3939677 
89.0000000 336.2785302 336.1975491 
90.0000000 336.0821117 336.0011306 
91.0000000 335.8856931 335.8047120 
92.0000000 335.6892746 335.6082935 
93.0000000 335.4928560 335.4118749 
94.0000000 335.2964375 335.2154564 
95.0000000 335.1000189 335.0190378 
96.0000000 334.9036004 334.8226193 
97.0000000 334.7071818 334.6262007 
98.0000000 334.5107633 334.4297822 
99.0000000 334.3143447 334.2333636 
100.0000000 334.1179262 334.0369451 
101.0000000 333.9215076 333.8405265 
102.0000000 333.7250891 333.6441080 
103.0000000 333.5286705 333.4476894 
104.0000000 333.3322519 333.2512709 
105.0000000 333.1358334 333.0548523 
106.0000000 332.9394148 332.8584338 
107.0000000 332.7429963 332.6620152 
108.0000000 332.5465777 332.4655967 
109.0000000 332.3501592 332.2691781 
110.0000000 332.1537406 332.0727596 
111.0000000 331.9573221 331.8763410 
112.0000000 331.7609035 331.6799225 
113.0000000 331.5644850 331.4835039 
114.0000000 331.3680664 331.2870854 
115.0000000 331.1716479 331.0906668 
116.0000000 330.9752293 330.8942483 
117.0000000 330.7788108 330.6978297 
118.0000000 330.5823922 330.5014112 
119.0000000 330.3859737 330.3049926 
120.0000000 330.1895551 330.1085741 
121.0000000 329.9931366 329.9121555 
122.0000000 329.7967180 329.7157370 
123.0000000 329.6002995 329.5193184 
124.0000000 329.4038809 329.3228999 
125.0000000 329.2074624 329.1264813 
126.0000000 329.0110438 328.9300628 
127.0000000 328.8146253 328.7336442 
128.0000000 328.6182067 328.5372257 
129.0000000 328.4217882 328.3408071 
130.0000000 328.2253696 328.1443886 
131.0000000 328.0289511 327.9479700 
132.0000000 327.8325325 327.7515515 
133.0000000 327.6361140 327.5551329 
134.0000000 327.4396954 327.3587144 
135.0000000 327.2432769 327.1622958 
136.0000000 327.0468583 326.9658773 
137.0000000 326.8504398 326.7694587 
138.0000000 326.6540212 326.5730402 
139.0000000 326.4576027 326.3766216 
140.0000000 326.2611841 326.1802031 
141.0000000 326.0647656 325.9837845 
142.0000000 325.8683470 325.7873660 
143.0000000 325.6719285 325.5909474 
144.0000000 325.4755099 325.3945289 
145.0000000 325.2790914 325.1981103 
146.0000000 325.0826728 325.0016918 
147.0000000 324.8862543 324.8052732 
148.0000000 324.6898357 324.6088547 
149.0000000 324.4934172 324.4124361 
150.0000000 324.2969986 324.2160176 
151.0000000 324.1005801 324.0195990 
152.0000000 323.9041615 323.8231805 
153.0000000 323.7077430 323.6267619 
154.0000000 323.5113244 323.4303434 
155.0000000 323.3149059 323.2339248 
156.0000000 323.1184873 323.0375063 
157.0000000 322.9220688 322.8410877 
158.0000000 322.7256502 322.6446692 
159.0000000 322.5292317 322.4482506 
160.0000000 322.3328131 322.2518321 
161.0000000 322.1363946 322.0554135 
162.0000000 321.9399760 321.8589949 
163.0000000 321.7435575 321.6625764 
164.0000000 321.5471389 321.4661578 
165.0000000 321.3507204 321.2697393 
166.0000000 321.1543018 321.0733207 
167.0000000 320.9578833 320.8769022 
168.0000000 320.7614647 320.6804836 
169.0000000 320.5650462 320.4840651 
170.0000000 320.3686276 320.2876465 
171.0000000 320.1722091 320.0912280 
172.0000000 319.9757905 319.8948094 
173.0000000 319.7793720 319.6983909 
174.0000000 319.5829534 319.5019723 
175.0000000 319.3865349 319.3055538 
176.0000000 319.1901163 319.1091352 
177.0000000 318.9936978 318.9127167 
178.0000000 318.7972792 318.7162981 
179.0000000 318.6008607 318.5198796 
180.0000000 318.4044421 318.3234610 
181.0000000 318.2080236 318.1270425 
182.0000000 318.0116050 317.9306239 
183.0000000 317.8151865 317.7342054 
184.0000000 317.6187679 317.5377868 
185.0000000 317.4223494 317.3413683 
186.0000000 317.2259308 317.1449497 
187.0000000 317.0295123 316.9485312 
188.0000000 316.8330937 316.7521126 
189.0000000 316.6366752 316.5556941 
190.0000000 316.4402566 316.3592755 
191.0000000 316.2438381 316.1628570 
192.0000000 316.0474195 315.9664384 
193.0000000 315.8510010 315.7700199 
194.0000000 315.6545824 315.5736013 
195.0000000 315.4581639 315.3771828 
196.0000000 315.2617453 315.1807642 
197.0000000 315.0653268 314.9843457 
198.0000000 314.8689082 314.7879271 
199.0000000 314.6724897 314.5915086 
200.0000000 314.4760711 314.3950900 
201.0000000 314.2796526 314.1986715 
202.0000000 314.0832340 314.0022529 
203.0000000 313.8868155 313.8058344 
204.0000000 313.6903969 313.6094158 
205.0000000 313.4939784 313.4129973 
206.0000000 313.2975598 313.2165787 
207.0000000 313.1011413 313.0201602 
208.0000000 312.9047227 312.8237416 
209.0000000 312.7083042 312.6273231 
210.0000000 312.5118856 312.4309045 
211.0000000 312.3154671 312.2344860 
212.0000000 312.1190485 312.0380674 
213.0000000 311.9226300 311.8416489 
214.0000000 311.7262114 311.6452303 
215.0000000 311.5297929 311.4488118 
216.0000000 311.3333743 311.2523932 
217.0000000 311.1369558 311.0559747 
218.0000000 310.9405372 310.8595561 
219.0000000 310.7441187 310.6631376 
220.0000000 310.5477001 310.4667190 
221.0000000 310.3512816 310.2703005 
222.0000000 310.1548630 310.0738819 
223.0000000 309.9584445 309.8774634 
224.0000000 309.7620259 309.6810448 
225.0000000 309.5656074 309.4846263 
226.0000000 309.3691888 309.2882077 
227.0000000 309.1727703 309.0917892 
228.0000000 308.9763517 308.8953706 
229.0000000 308.7799332 308.6989521 
230.0000000 308.5835146 308.5025335 
231.0000000 308.3870961 308.3061150 
232.0000000 308.1906775 308.1096964 
233.0000000 307.9942590 307.9132779 
234.0000000 307.7978404 307.7168593 
235.0000000 307.6014219 307.5204408 
236.0000000 307.4050033 307.3240222 
237.0000000 307.2085848 307.1276037 
238.0000000 307.0121662 306.9311851 
239.0000000 306.8157477 306.7347666 
240.0000000 306.6193291 306.5383480 
241.0000000 306.4229106 306.3419295 
242.0000000 306.2264920 306.1455109 
243.0000000 306.0300735 305.9490924 
244.0000000 305.8336549 305.7526738 
245.0000000 305.6372364 305.5562553 
246.0000000 305.4408178 305.3598367 
247.0000000 305.2443993 305.1634182 
248.0000000 305.0479807 304.9669996 
249.0000000 304.8515622 304.7705811 
250.0000000 304.6551436 304.5741625 
251.0000000 304.4587251 304.3777440 
252.0000000 304.2623065 304.1813254 
253.0000000 304.0658880 303.9849069 
254.0000000 303.8694694 303.7884883 
255.0000000 303.6730508 303.5920698 
256.0000000 303.4766323 303.3956512 
257.0000000 303.2802137 303.1992327 
258.0000000 303.0837952 303.0028141 
259.0000000 302.8873766 302.8063956 
260.0000000 302.6909581 302.6099770 
261.0000000 302.4945395 302.4135585 
262.0000000 302.2981210 302.2171399 
263.0000000 302.1017024 302.0207214 
264.0000000 301.9052839 301.8243028 
265.0000000 301.7088653 301.6278843 
266.0000000 301.5124468 301.4314657 
267.0000000 301.3160282 301.2350472 
268.0000000 301.1196097 301.0386286 
269.0000000 300.9231911 300.8422101 
270.0000000 300.7267726 300.6457915 
271.0000000 300.5303540 300.4493730 
272.0000000 300.3339355 300.2529544 
273.0000000 300.1375169 300.0565359 
274.0000000 299.9410984 299.8601173 
275.0000000 299.7446798 299.6636988 
276.0000000 299.5482613 299.4672802 
277.0000000 299.3518427 299.2708617 
278.0000000 299.1554242 299.0744431 
279.0000000 298.9590056 298.8780246 
280.0000000 298.7625871 298.6816060 
281.0000000 298.5661685 298.4851875 
282.0000000 298.3697500 298.2887689 
283.0000000 298.1733314 298.0923504 
284.0000000 297.9769129 297.8959318 
285.0000000 297.7804943 297.6995133 
286.0000000 297.5840758 297.5030947 
287.0000000 297.3876572 297.3066762 
288.0000000 297.1912387 297.1102576 
289.0000000 296.9948201 296.9138391 
290.0000000 296.7984016 296.7174205 
291.0000000 296.6019830 296.5210020 
292.0000000 296.4055645 296.3245834 
293.0000000 296.2091459 296.1281649 
294.0000000 296.0127274 295.9317463 
295.0000000 295.8163088 295.7353278 
296.0000000 295.6198903 295.5389092 
297.0000000 295.4234717 295.3424907 
298.0000000 295.2270532 295.1460721 
299.0000000 295.0306346 294.9496536 
300.0000000 294.8342161 294.7532350 
301.0000000 294.6377975 294.5568165 
302.0000000 294.4413790 294.3603979 
303.0000000 294.2449604 294.1639794 
304.0000000 294.0485419 293.9675608 
305.0000000 293.8521233 293.7711423 
306.0000000 293.6557048 293.5747237 
307.0000000 293.4592862 293.3783052 
308.0000000 293.2628677 293.1818866 
309.0000000 293.0664491 292.9854681 
310.0000000 292.8700306 292.7890495 
311.0000000 292.6736120 292.5926310 
312.0000000 292.4771935 292.3962124 
313.0000000 292.2807749 292.1997939 
314.0000000 292.0843564 292.0033753 
315.0000000 291.8879378 291.8069567 
316.0000000 291.6915193 291.6105382 
317.0000000 291.4951007 291.4141196 
318.0000000 291.2986822 291.2177011 
319.0000000 291.1022636 291.0212825 
320.0000000 290.9058451 290.8248640 
321.0000000 290.7094265 290.6284454 
322.0000000 290.5130080 290.4320269 
323.0000000 290.3165894 290.2356083 
324.0000000 290.1201709 290.0391898 
325.0000000 289.9237523 289.8427712 
326.0000000 289.7273338 289.6463527 
327.0000000 289.5309152 289.4499341 
328.0000000 289.3344967 289.2535156 
329.0000000 289.1380781 289.0570970 
330.0000000 288.9416596 288.8606785 
331.0000000 288.7452410 288.6642599 
332.0000000 288.5488225 288.4678414 
333.0000000 288.3524039 288.2714228 
334.0000000 288.1559854 288.0750043 
335.0000000 287.9595668 287.8785857 
336.0000000 287.7631483 287.6821672 
337.0000000 287.5667297 287.4857486 
338.0000000 287.3703112 287.2893301 
339.0000000 287.1738926 287.0929115 
340.0000000 286.9774741 286.8964930 
341.0000000 286.7810555 286.7000744 
342.0000000 286.5846370 286.5036559 
343.0000000 286.3882184 286.3072373 
344.0000000 286.1917999 286.1108188 
345.0000000 285.9953813 285.9144002 
346.0000000 285.7989628 285.7179817 
347.0000000 285.6025442 285.5215631 
348.0000000 285.4061257 285.3251446 
349.0000000 285.2097071 285.1287260 
350.0000000 285.0132886 284.9323075 
351.0000000 284.8168700 284.7358889 
352.0000000 284.6204515 284.5394704 
353.0000000 284.4240329 284.3430518 
354.0000000 284.2276144 284.1466333 
355.0000000 284.0311958 283.9502147 
356.0000000 283.8347773 283.7537962 
357.0000000 283.6383587 283.5573776 
358.0000000 283.4419402 283.3609591 
359.0000000 283.2455216 283.1645405 
360.0000000 283.0491031 282.9681220 
361.0000000 282.8526845 282.7717034 
362.0000000 282.6562660 282.5752849 
363.0000000 282.4598474 282.3788663 
364.0000000 282.2634289 282.1824478 
365.0000000 282.0670103 281.9860292 
366.0000000 281.8705918 281.7896107 
367.0000000 281.6741732 281.5931921 
368.0000000 281.4777547 281.3967736 
369.0000000 281.2813361 281.2003550 
370.0000000 281.0849176 281.0039365 
371.0000000 280.8884990 280.8075179 
372.0000000 280.6920805 280.6110994 
373.0000000 280.4956619 280.4146808 
374.0000000 280.2992434 280.2182623 
375.0000000 280.1028248 280.0218437 
376.0000000 279.9064063 279.8254252 
377.0000000 279.7099877 279.6290066 
378.0000000 279.5135692 279.4325881 
379.0000000 279.3171506 279.2361695 
380.0000000 279.1207321 279.0397510 
381.0000000 278.9243135 278.8433324 
382.0000000 278.7278950 278.6469139 
383.0000000 278.5314764 278.4504953 
384.0000000 278.3350579 278.2540768 
385.0000000 278.1386393 278.0576582 
386.0000000 277.9422208 277.8612397 
387.0000000 277.7458022 277.6648211 
388.0000000 277.5493837 277.4684026 
389.0000000 277.3529651 277.2719840 
390.0000000 277.1565466 277.0755655 
391.0000000 276.9601280 276.8791469 
392.0000000 276.7637095 276.6827284 
393.0000000 276.5672909 276.4863098 
394.0000000 276.3708724 276.2898913 
395.0000000 276.1744538 276.0934727 
396.0000000 275.9780353 275.8970542 
397.0000000 275.7816167 275.7006356 
398.0000000 275.5851982 275.5042171 
399.0000000 275.3887796 275.3077985 
400.0000000 275.1923611 275.1113800 
401.0000000 274.9959425 274.9149614 
402.0000000 274.7995240 274.7185429 
403.0000000 274.6031054 274.5221243 
404.0000000 274.4066869 274.3257058 
405.0000000 274.2102683 274.1292872 
406.0000000 274.0138498 273.9328687 
407.0000000 273.8174312 273.7364501 
408.0000000 273.6210126 273.5400316 
409.0000000 273.4245941 273.3436130 
410.0000000 273.2281755 273.1471945 
411.0000000 273.0317570 272.9507759 
412.0000000 272.8353384 272.7543574 
413.0000000 272.6389199 272.5579388 
414.0000000 272.4425013 272.3615203 
415.0000000 272.2460828 272.1651017 
416.0000000 272.0496642 271.9686832 
417.0000000 271.8532457 271.7722646 
418.0000000 271.6568271 271.5758461 
419.0000000 271.4604086 271.3794275 
420.0000000 271.2639900 271.1830090 
421.0000000 271.0675715 270.9865904 
422.0000000 270.8711529 270.7901719 
423.0000000 270.6747344 270.5937533 
424.0000000 270.4783158 270.3973348 
425.0000000 270.2818973 270.2009162 
426.0000000 270.0854787 270.0044977 
427.0000000 269.8890602 269.8080791 
428.0000000 269.6926416 269.6116606 
429.0000000 269.4962231 269.4152420 
430.0000000 269.2998045 269.2188235 
431.0000000 269.1033860 269.0224049 
432.0000000 268.9069674 268.8259864 
433.0000000 268.7105489 268.6295678 
434.0000000 268.5141303 268.4331493 
435.0000000 268.3177118 268.2367307 
436.0000000 268.1212932 268.0403122 
437.0000000 267.9248747 267.8438936 
438.0000000 267.7284561 267.6474751 
439.0000000 267.5320376 267.4510565 
440.0000000 267.3356190 267.2546380 
441.0000000 267.1392005 267.0582194 
442.0000000 266.9427819 266.8618009 
443.0000000 266.7463634 266.6653823 
444.0000000 266.5499448 266.4689638 
445.0000000 266.3535263 266.2725452 
446.0000000 266.1571077 266.0761267 
447.0000000 265.9606892 265.8797081 
448.0000000 265.7642706 265.6832896 
449.0000000 265.5678521 265.4868710 
450.0000000 265.3714335 265.2904525 
451.0000000 265.1750150 265.0940339 
452.0000000 264.9785964 264.8976154 
453.0000000 264.7821779 264.7011968 
454.0000000 264.5857593 264.5047783 
455.0000000 264.3893408 264.3083597 
456.0000000 264.1929222 264.1119412 
457.0000000 263.9965037 263.9155226 
458.0000000 263.8000851 263.7191041 
459.0000000 263.6036666 263.5226855 
460.0000000 263.4072480 263.3262670 
461.0000000 263.2108295 263.1298484 
462.0000000 263.0144109 262.9334299 
463.0000000 262.8179924 262.7370113 
464.0000000 262.6215738 262.5405928 
465.0000000 262.4251553 262.3441742 
466.0000000 262.2287367 262.1477556 
467.0000000 262.0323182 261.9513371 
468.0000000 261.8358996 261.7549185 
469.0000000 261.6394811 261.5585000 
470.0000000 261.4430625 261.3620814 
471.0000000 261.2466440 261.1656629 
472.0000000 261.0502254 260.9692443 
473.0000000 260.8538069 260.7728258 
474.0000000 260.6573883 260.5764072 
475.0000000 260.4609698 260.3799887 
476.0000000 260.2645512 260.1835701 
477.0000000 260.0681327 259.9871516 
478.0000000 259.8717141 259.7907330 
479.0000000 259.6752956 259.5943145 
480.0000000 259.4788770 259.3978959 
481.0000000 259.2824585 259.2014774 
482.0000000 259.0860399 259.0050588 
483.0000000 258.8896214 258.8086403 
484.0000000 258.6932028 258.6122217 
485.0000000 258.4967843 258.4158032 
486.0000000 258.3003657 258.2193846 
487.0000000 258.1039472 258.0229661 
488.0000000 257.9075286 257.8265475 
489.0000000 257.7111101 257.6301290 
490.0000000 257.5146915 257.4337104 
491.0000000 257.3182730 257.2372919 
492.0000000 257.1218544 257.0408733 
493.0000000 256.9254359 256.8444548 
494.0000000 256.7290173 256.6480362 
495.0000000 256.5325988 256.4516177 
496.0000000 256.3361802 256.2551991 
497.0000000 256.1397617 256.0587806 
498.0000000 255.9433431 255.8623620 
499.0000000 255.7469246 255.6659435 
500.0000000 255.5505060 255.4695249 
501.0000000 255.3540875 255.2731064 
502.0000000 255.1576689 255.0766878 
503.0000000 254.9612504 254.8802693 
504.0000000 254.7648318 254.6838507 
505.0000000 254.5684133 254.4874322 
506.0000000 254.3719947 254.2910136 
507.0000000 254.1755762 254.0945951 
508.0000000 253.9791576 253.8981765 
509.0000000 253.7827391 253.7017580 
510.0000000 253.5863205 253.5053394 
511.0000000 253.3899020 253.3089209 
512.0000000 253.1934834 253.1125023 
513.0000000 252.9970649 252.9160838 
514.0000000 252.8006463 252.7196652 
515.0000000 252.6042278 252.5232467 
516.0000000 252.4078092 252.3268281 
517.0000000 252.2113907 252.1304096 
518.0000000 252.0149721 251.9339910 
519.0000000 251.8185536 251.7375725 
520.0000000 251.6221350 251.5411539 
521.0000000 251.4257165 251.3447354 
522.0000000 251.2292979 251.1483168 
523.0000000 251.0328794 250.9518983 
524.0000000 250.8364608 250.7554797 
525.0000000 250.6400423 250.5590612 
526.0000000 250.4436237 250.3626426 
527.0000000 250.2472052 250.1662241 
528.0000000 250.0507866 249.9698055 
529.0000000 249.8543681 249.7733870 
530.0000000 249.6579495 249.5769684 
531.0000000 249.4615310 249.3805499 
532.0000000 249.2651124 249.1841313 
533.0000000 249.0686939 248.9877128 
534.0000000 248.8722753 248.7912942 
535.0000000 248.6758568 248.5948757 
536.0000000 248.4794382 248.3984571 
537.0000000 248.2830197 248.2020386 
538.0000000 248.0866011 248.0056200 
539.0000000 247.8901826 247.8092015 
540.0000000 247.6937640 247.6127829 
541.0000000 247.4973455 247.4163644 
542.0000000 247.3009269 247.2199458 
543.0000000 247.1045084 247.0235273 
544.0000000 246.9080898 246.8271087 
545.0000000 246.7116713 246.6306902 
546.0000000 246.5152527 246.4342716 
547.0000000 246.3188342 246.2378531 
548.0000000 246.1224156 246.0414345 
549.0000000 245.9259971 245.8450160 
550.0000000 245.7295785 245.6485974 
551.0000000 245.5331600 245.4521789 
552.0000000 245.3367414 245.2557603 
553.0000000 245.1403229 245.0593418 
554.0000000 244.9439043 244.8629232 
555.0000000 244.7474858 244.6665047 
556.0000000 244.5510672 244.4700861 
557.0000000 244.3546487 244.2736676 
558.0000000 244.1582301 244.0772490 
559.0000000 243.9618115 243.8808305 
560.0000000 243.7653930 243.6844119 
561.0000000 243.5689744 243.4879934 
562.0000000 243.3725559 243.2915748 
563.0000000 243.1761373 243.0951563 
564.0000000 242.9797188 242.8987377 
565.0000000 242.7833002 242.7023192 
566.0000000 242.5868817 242.5059006 
567.0000000 242.3904631 242.3094821 
568.0000000 242.1940446 242.1130635 
569.0000000 241.9976260 241.9166450 
570.0000000 241.8012075 241.7202264 
571.0000000 241.6047889 241.5238079 
572.0000000 241.4083704 241.3273893 
573.0000000 241.2119518 241.1309708 
574.0000000 241.0155333 240.9345522 
575.0000000 240.8191147 240.7381337 
576.0000000 240.6226962 240.5417151 
577.0000000 240.4262776 240.3452966 
578.0000000 240.2298591 240.1488780 
579.0000000 240.0334405 239.9524595 
580.0000000 239.8370220 239.7560409 
581.0000000 239.6406034 239.5596224 
582.0000000 239.4441849 239.3632038 
583.0000000 239.2477663 239.1667853 
584.0000000 239.0513478 238.9703667 
585.0000000 238.8549292 238.7739482 
586.0000000 238.6585107 238.5775296 
587.0000000 238.4620921 238.3811111 
588.0000000 238.2656736 238.1846925 
589.0000000 238.0692550 237.9882740 
590.0000000 237.8728365 237.7918554 
591.0000000 237.6764179 237.5954369 
592.0000000 237.4799994 237.3990183 
593.0000000 237.2835808 237.2025998 
594.0000000 237.0871623 237.0061812 
595.0000000 236.8907437 236.8097627 
596.0000000 236.6943252 236.6133441 
597.0000000 236.4979066 236.4169256 
598.0000000 236.3014881 236.2205070 
599.0000000 236.1050695 236.0240885 
600.0000000 235.9086510 235.8276699 
601.0000000 235.7122324 235.6312514 
602.0000000 235.5158139 235.4348328 
603.0000000 235.3193953 235.2384143 
604.0000000 235.1229768 235.0419957 
605.0000000 234.9265582 234.8455772 
606.0000000 234.7301397 234.6491586 
607.0000000 234.5337211 234.4527401 
608.0000000 234.3373026 234.2563215 
609.0000000 234.1408840 234.0599030 
610.0000000 233.9444655 233.8634844 
611.0000000 233.7480469 233.6670659 
612.0000000 233.5516284 233.4706473 
613.0000000 233.3552098 233.2742288 
614.0000000 233.1587913 233.0778102 
615.0000000 232.9623727 232.8813917 
616.0000000 232.7659542 232.6849731 
617.0000000 232.5695356 232.4885545 
618.0000000 232.3731171 232.2921360 
619.0000000 232.1766985 232.0957174 
620.0000000 231.9802800 231.8992989 
621.0000000 231.7838614 231.7028803 
622.0000000 231.5874429 231.5064618 
623.0000000 231.3910243 231.3100432 
624.0000000 231.1946058 231.1136247 
625.0000000 230.9981872 230.9172061 
626.0000000 230.8017687 230.7207876 
627.0000000 230.6053501 230.5243690 
628.0000000 230.4089316 230.3279505 
629.0000000 230.2125130 230.1315319 
630.0000000 230.0160945 229.9351134 
631.0000000 229.8196759 229.7386948 
632.0000000 229.6232574 229.5422763 
633.0000000 229.4268388 229.3458577 
634.0000000 229.2304203 229.1494392 
635.0000000 229.0340017 228.9530206 
636.0000000 228.8375832 228.7566021 
637.0000000 228.6411646 228.5601835 
638.0000000 228.4447461 228.3637650 
639.0000000 228.2483275 228.1673464 
640.0000000 228.0519090 227.9709279 
641.0000000 227.8554904 227.7745093 
642.0000000 227.6590719 227.5780908 
643.0000000 227.4626533 227.3816722 
644.0000000 227.2662348 227.1852537 
645.0000000 227.0698162 226.9888351 
646.0000000 226.8733977 226.7924166 
647.0000000 226.6769791 226.5959980 
648.0000000 226.4805606 226.3995795 
649.0000000 226.2841420 226.2031609 
650.0000000 226.0877235 226.0067424 
651.0000000 225.8913049 225.8103238 
652.0000000 225.6948864 225.6139053 
653.0000000 225.4984678 225.4174867 
654.0000000 225.3020493 225.2210682 
655.0000000 225.1056307 225.0246496 
656.0000000 224.9092122 224.8282311 
657.0000000 224.7127936 224.6318125 
658.0000000 224.5163751 224.4353940 
659.0000000 224.3199565 224.2389754 
660.0000000 224.1235380 224.0425569 
661.0000000 223.9271194 223.8461383 
662.0000000 223.7307009 223.6497198 
663.0000000 223.5342823 223.4533012 
664.0000000 223.3378638 223.2568827 
665.0000000 223.1414452 223.0604641 
666.0000000 222.9450267 222.8640456 
667.0000000 222.7486081 222.6676270 
668.0000000 222.5521896 222.4712085 
669.0000000 222.3557710 222.2747899 
670.0000000 222.1593525 222.0783714 
671.0000000 221.9629339 221.8819528 
672.0000000 221.7665154 221.6855343 
673.0000000 221.5700968 221.4891157 
674.0000000 221.3736783 221.2926972 
675.0000000 221.1772597 221.0962786 
676.0000000 220.9808412 220.8998601 
677.0000000 220.7844226 220.7034415 
678.0000000 220.5880041 220.5070230 
679.0000000 220.3915855 220.3106044 
680.0000000 220.1951670 220.1141859 
681.0000000 219.9987484 219.9177673 
682.0000000 219.8023299 219.7213488 
683.0000000 219.6059113 219.5249302 
684.0000000 219.4094928 219.3285117 
685.0000000 219.2130742 219.1320931 
686.0000000 219.0166557 218.9356746 
687.0000000 218.8202371 218.7392560 
688.0000000 218.6238186 218.5428375 
689.0000000 218.4274000 218.3464189 
690.0000000 218.2309815 218.1500004 
691.0000000 218.0345629 217.9535818 
692.0000000 217.8381444 217.7571633 
693.0000000 217.6417258 217.5607447 
694.0000000 217.4453073 217.3643262 
695.0000000 217.2488887 217.1679076 
696.0000000 217.0524702 216.9714891 
697.0000000 216.8560516 216.7750705 
698.0000000 216.6596331 216.5786520 
699.0000000 216.4632145 216.3822334 
700.0000000 216.2667960 216.1858149 
701.0000000 216.0703774 215.9893963 
702.0000000 215.8739589 215.7929778 
703.0000000 215.6775403 215.5965592 
704.0000000 215.4811218 215.4001407 
705.0000000 215.2847032 215.2037221 
706.0000000 215.0882847 215.0073036 
707.0000000 214.8918661 214.8108850 
708.0000000 214.6954476 214.6144665 
709.0000000 214.4990290 214.4180479 
710.0000000 214.3026104 214.2216294 
711.0000000 214.1061919 214.0252108 
712.0000000 213.9097733 213.8287923 
713.0000000 213.7133548 213.6323737 
714.0000000 213.5169362 213.4359552 
715.0000000 213.3205177 213.2395366 
716.0000000 213.1240991 213.0431181 
717.0000000 212.9276806 212.8466995 
718.0000000 212.7312620 212.6502810 
719.0000000 212.5348435 212.4538624 
720.0000000 212.3384249 212.2574439 
721.0000000 212.1420064 212.0610253 
722.0000000 211.9455878 211.8646068 
723.0000000 211.7491693 211.6681882 
724.0000000 211.5527507 211.4717697 
725.0000000 211.3563322 211.2753511 
726.0000000 211.1599136 211.0789326 
727.0000000 210.9634951 210.8825140 
728.0000000 210.7670765 210.6860955 
729.0000000 210.5706580 210.4896769 
730.0000000 210.3742394 210.2932584 
731.0000000 210.1778209 210.0968398 
732.0000000 209.9814023 209.9004213 
733.0000000 209.7849838 209.7040027 
734.0000000 209.5885652 209.5075842 
735.0000000 209.3921467 209.3111656 
736.0000000 209.1957281 209.1147471 
737.0000000 208.9993096 208.9183285 
738.0000000 208.8028910 208.7219100 
739.0000000 208.6064725 208.5254914 
740.0000000 208.4100539 208.3290729 
741.0000000 208.2136354 208.1326543 
742.0000000 208.0172168 207.9362358 
743.0000000 207.8207983 207.7398172 
744.0000000 207.6243797 207.5433987 
745.0000000 207.4279612 207.3469801 
746.0000000 207.2315426 207.1505616 
747.0000000 207.0351241 206.9541430 
748.0000000 206.8387055 206.7577245 
749.0000000 206.6422870 206.5613059 
750.0000000 206.4458684 206.3648874 
751.0000000 206.2494499 206.1684688 
752.0000000 206.0530313 205.9720503 
753.0000000 205.8566128 205.7756317 
754.0000000 205.6601942 205.5792132 
755.0000000 205.4637757 205.3827946 
756.0000000 205.2673571 205.1863761 
757.0000000 205.0709386 204.9899575 
758.0000000 204.8745200 204.7935390 
759.0000000 204.6781015 204.5971204 
760.0000000 204.4816829 204.4007019 
761.0000000 204.2852644 204.2042833 
762.0000000 204.0888458 204.0078648 
763.0000000 203.8924273 203.8114462 
764.0000000 203.6960087 203.6150277 
765.0000000 203.4995902 203.4186091 
766.0000000 203.3031716 203.2221906 
767.0000000 203.1067531 203.0257720 
768.0000000 202.9103345 202.8293535 
769.0000000 202.7139160 202.6329349 
770.0000000 202.5174974 202.4365163 
771.0000000 202.3210789 202.2400978 
772.0000000 202.1246603 202.0436792 
773.0000000 201.9282418 201.8472607 
774.0000000 201.7318232 201.6508421 
775.0000000 201.5354047 201.4544236 
776.0000000 201.3389861 201.2580050 
777.0000000 201.1425676 201.0615865 
778.0000000 200.9461490 200.8651679 
779.0000000 200.7497305 200.6687494 
780.0000000 200.5533119 200.4723308 
781.0000000 200.3568934 200.2759123 
782.0000000 200.1604748 200.0794937 
783.0000000 199.9640563 199.8830752 
784.0000000 199.7676377 199.6866566 
785.0000000 199.5712192 199.4902381 
786.0000000 199.3748006 199.2938195 
787.0000000 199.1783821 199.0974010 
788.0000000 198.9819635 198.9009824 
789.0000000 198.7855450 198.7045639 
790.0000000 198.5891264 198.5081453 
791.0000000 198.3927079 198.3117268 
792.0000000 198.1962893 198.1153082 
793.0000000 197.9998708 197.9188897 
794.0000000 197.8034522 197.7224711 
795.0000000 197.6070337 197.5260526 
796.0000000 197.4106151 197.3296340 
797.0000000 197.2141966 197.1332155 
798.0000000 197.0177780 196.9367969 
799.0000000 196.8213595 196.7403784 
800.0000000 196.6249409 196.5439598 
801.0000000 196.4285224 196.3475413 
802.0000000 196.2321038 196.1511227 
803.0000000 196.0356853 195.9547042 
804.0000000 195.8392667 195.7582856 
805.0000000 195.6428482 195.5618671 
806.0000000 195.4464296 195.3654485 
807.0000000 195.2500111 195.1690300 
808.0000000 195.0535925 194.9726114 
809.0000000 194.8571740 194.7761929 
810.0000000 194.6607554 194.5797743 
811.0000000 194.4643369 194.3833558 
812.0000000 194.2679183 194.1869372 
813.0000000 194.0714998 193.9905187 
814.0000000 193.8750812 193.7941001 
815.0000000 193.6786627 193.5976816 
816.0000000 193.4822441 193.4012630 
817.0000000 193.2858256 193.2048445 
818.0000000 193.0894070 193.0084259 
819.0000000 192.8929885 192.8120074 
820.0000000 192.6965699 192.6155888 
821.0000000 192.5001514 192.4191703 
822.0000000 192.3037328 192.2227517 
823.0000000 192.1073143 192.0263332 
824.0000000 191.9108957 191.8299146 
825.0000000 191.7144772 191.6334961 
826.0000000 191.5180586 191.4370775 
827.0000000 191.3216401 191.2406590 
828.0000000 191.1252215 191.0442404 
829.0000000 190.9288030 190.8478219 
830.0000000 190.7323844 190.6514033 
831.0000000 190.5359659 190.4549848 
832.0000000 190.3395473 190.2585662 
833.0000000 190.1431288 190.0621477 
834.0000000 189.9467102 189.8657291 
835.0000000 189.7502917 189.6693106 
836.0000000 189.5538731 189.4728920 
837.0000000 189.3574546 189.2764735 
838.0000000 189.1610360 189.0800549 
839.0000000 188.9646175 188.8836364 
840.0000000 188.7681989 188.6872178 
841.0000000 188.5717804 188.4907993 
842.0000000 188.3753618 188.2943807 
843.0000000 188.1789433 188.0979622 
844.0000000 187.9825247 187.9015436 
845.0000000 187.7861062 187.7051251 
846.0000000 187.5896876 187.5087065 
847.0000000 187.3932691 187.3122880 
848.0000000 187.1968505 187.1158694 
849.0000000 187.0004320 186.9194509 
850.0000000 186.8040134 186.7230323 
851.0000000 186.6075949 186.5266138 
852.0000000 186.4111763 186.3301952 
853.0000000 186.2147578 186.1337767 
854.0000000 186.0183392 185.9373581 
855.0000000 185.8219207 185.7409396 
856.0000000 185.6255021 185.5445210 
857.0000000 185.4290836 185.3481025 
858.0000000 185.2326650 185.1516839 
859.0000000 185.0362465 184.9552654 
860.0000000 184.8398279 184.7588468 
861.0000000 184.6434094 184.5624283 
862.0000000 184.4469908 184.3660097 
863.0000000 184.2505722 184.1695912 
864.0000000 184.0541537 183.9731726 
865.0000000 183.8577351 183.7767541 
866.0000000 183.6613166 183.5803355 
867.0000000 183.4648980 183.3839170 
868.0000000 183.2684795 183.1874984 
869.0000000 183.0720609 182.9910799 
870.0000000 182.8756424 182.7946613 
871.0000000 182.6792238 182.5982428 
872.0000000 182.4828053 182.4018242 
873.0000000 182.2863867 182.2054057 
874.0000000 182.0899682 182.0089871 
875.0000000 181.8935496 181.8125686 
876.0000000 181.6971311 181.6161500 
877.0000000 181.5007125 181.4197315 
878.0000000 181.3042940 181.2233129 
879.0000000 181.1078754 181.0268944 
880.0000000 180.9114569 180.8304758 
881.0000000 180.7150383 180.6340573 
882.0000000 180.5186198 180.4376387 
883.0000000 180.3222012 180.2412202 
884.0000000 180.1257827 180.0448016 
885.0000000 179.9293641 179.8483831 
886.0000000 179.7329456 179.6519645 
887.0000000 179.5365270 179.4555460 
888.0000000 179.3401085 179.2591274 
889.0000000 179.1436899 179.0627089 
890.0000000 178.9472714 178.8662903 
891.0000000 178.7508528 178.6698718 
892.0000000 178.5544343 178.4734532 
893.0000000 178.3580157 178.2770347 
894.0000000 178.1615972 178.0806161 
895.0000000 177.9651786 177.8841976 
896.0000000 177.7687601 177.6877790 
897.0000000 177.5723415 177.4913605 
898.0000000 177.3759230 177.2949419 
899.0000000 177.1795044 177.0985234 
900.0000000 176.9830859 176.9021048 
901.0000000 176.7866673 176.7056863 
902.0000000 176.5902488 176.5092677 
903.0000000 176.3938302 176.3128492 
904.0000000 176.1974117 176.1164306 
905.0000000 176.0009931 175.9200121 
906.0000000 175.8045746 175.7235935 
907.0000000 175.6081560 175.5271750 
908.0000000 175.4117375 175.3307564 
909.0000000 175.2153189 175.1343379 
910.0000000 175.0189004 174.9379193 
911.0000000 174.8224818 174.7415008 
912.0000000 174.6260633 174.5450822 
913.0000000 174.4296447 174.3486637 
914.0000000 174.2332262 174.1522451 
915.0000000 174.0368076 173.9558266 
916.0000000 173.8403891 173.7594080 
917.0000000 173.6439705 173.5629895 
918.0000000 173.4475520 173.3665709 
919.0000000 173.2511334 173.1701524 
920.0000000 173.0547149 172.9737338 
921.0000000 172.8582963 172.7773152 
922.0000000 172.6618778 172.5808967 
923.0000000 172.4654592 172.3844781 
924.0000000 172.2690407 172.1880596 
925.0000000 172.0726221 171.9916410 
926.0000000 171.8762036 171.7952225 
927.0000000 171.6797850 171.5988039 
928.0000000 171.4833665 171.4023854 
929.0000000 171.2869479 171.2059668 
930.0000000 171.0905294 171.0095483 
931.0000000 170.8941108 170.8131297 
932.0000000 170.6976923 170.6167112 
933.0000000 170.5012737 170.4202926 
934.0000000 170.3048552 170.2238741 
935.0000000 170.1084366 170.0274555 
936.0000000 169.9120181 169.8310370 
937.0000000 169.7155995 169.6346184 
938.0000000 169.5191810 169.4381999 
939.0000000 169.3227624 169.2417813 
940.0000000 169.1263439 169.0453628 
941.0000000 168.9299253 168.8489442 
942.0000000 168.7335068 168.6525257 
943.0000000 168.5370882 168.4561071 
944.0000000 168.3406697 168.2596886 
945.0000000 168.1442511 168.0632700 
946.0000000 167.9478326 167.8668515 
947.0000000 167.7514140 167.6704329 
948.0000000 167.5549955 167.4740144 
949.0000000 167.3585769 167.2775958 
950.0000000 167.1621584 167.0811773 
951.0000000 166.9657398 166.8847587 
952.0000000 166.7693213 166.6883402 
953.0000000 166.5729027 166.4919216 
954.0000000 166.3764842 166.2955031 
955.0000000 166.1800656 166.0990845 
956.0000000 165.9836471 165.9026660 
957.0000000 165.7872285 165.7062474 
958.0000000 165.5908100 165.5098289 
959.0000000 165.3943914 165.3134103 
960.0000000 165.1979729 165.1169918 
961.0000000 165.0015543 164.9205732 
962.0000000 164.8051358 164.7241547 
963.0000000 164.6087172 164.5277361 
964.0000000 164.4122987 164.3313176 
965.0000000 164.2158801 164.1348990 
966.0000000 164.0194616 163.9384805 
967.0000000 163.8230430 163.7420619 
968.0000000 163.6266245 163.5456434 
969.0000000 163.4302059 163.3492248 
970.0000000 163.2337874 163.1528063 
971.0000000 163.0373688 162.9563877 
972.0000000 162.8409503 162.7599692 
973.0000000 162.6445317 162.5635506 
974.0000000 162.4481132 162.3671321 
975.0000000 162.2516946 162.1707135 
976.0000000 162.0552761 161.9742950 
977.0000000 161.8588575 161.7778764 
978.0000000 161.6624390 161.5814579 
979.0000000 161.4660204 161.3850393 
980.0000000 161.2696019 161.1886208 
981.0000000 161.0731833 160.9922022 
982.0000000 160.8767648 160.7957837 
983.0000000 160.6803462 160.5993651 
984.0000000 160.4839277 160.4029466 
985.0000000 160.2875091 160.2065280 
986.0000000 160.0910906 160.0101095 
987.0000000 159.8946720 159.8136909 
988.0000000 159.6982535 159.6172724 
989.0000000 159.5018349 159.4208538 
990.0000000 159.3054164 159.2244353 
991.0000000 159.1089978 159.0280167 
992.0000000 158.9125793 158.8315982 
993.0000000 158.7161607 158.6351796 
994.0000000 158.5197422 158.4387611 
995.0000000 158.3233236 158.2423425 
996.0000000 158.1269051 158.0459240 
997.0000000 157.9304865 157.8495054 
998.0000000 157.7340680 157.6530869 
999.0000000 157.5376494 157.4566683 
1000.0000000 157.3412309 157.2602498 
1001.0000000 157.1448123 157.0638312 
1002.0000000 156.9483938 156.8674127 
1003.0000000 156.7519752 156.6709941 
1004.0000000 156.5555567 156.4745756 
1005.0000000 156.3591381 156.2781570 
1006.0000000 156.1627196 156.0817385 
1007.0000000 155.9663010 155.8853199 
1008.0000000 155.7698825 155.6889014 
1009.0000000 155.5734639 155.4924828 
1010.0000000 155.3770454 155.2960643 
1011.0000000 155.1806268 155.0996457 
1012.0000000 154.9842083 154.9032272 
1013.0000000 154.7877897 154.7068086 
1014.0000000 154.5913711 154.5103901 
1015.0000000 154.3949526 154.3139715 
1016.0000000 154.1985340 154.1175530 
1017.0000000 154.0021155 153.9211344 
1018.0000000 153.8056969 153.7247159 
1019.0000000 153.6092784 153.5282973 
1020.0000000 153.4128598 153.3318788 
1021.0000000 153.2164413 153.1354602 
1022.0000000 153.0200227 152.9390417 
1023.0000000 152.8236042 152.7426231 
1024.0000000 152.6271856 152.5462046 
1025.0000000 152.4307671 152.3497860 
1026.0000000 152.2343485 152.1533675 
1027.0000000 152.0379300 151.9569489 
1028.0000000 151.8415114 151.7605304 
1029.0000000 151.6450929 151.5641118 
1030.0000000 151.4486743 151.3676933 
1031.0000000 151.2522558 151.1712747 
1032.0000000 151.0558372 150.9748562 
1033.0000000 150.8594187 150.7784376 
1034.0000000 150.6630001 150.5820191 
1035.0000000 150.4665816 150.3856005 
1036.0000000 150.2701630 150.1891820 
1037.0000000 150.0737445 149.9927634 
1038.0000000 149.8773259 149.7963449 
1039.0000000 149.6809074 149.5999263 
1040.0000000 149.4844888 149.4035078 
1041.0000000 149.2880703 149.2070892 
1042.0000000 149.0916517 149.0106707 
1043.0000000 148.8952332 148.8142521 
1044.0000000 148.6988146 148.6178336 
1045.0000000 148.5023961 148.4214150 
1046.0000000 148.3059775 148.2249965 
1047.0000000 148.1095590 148.0285779 
1048.0000000 147.9131404 147.8321594 
1049.0000000 147.7167219 147.6357408 
1050.0000000 147.5203033 147.4393223 
1051.0000000 147.3238848 147.2429037 
1052.0000000 147.1274662 147.0464852 
1053.0000000 146.9310477 146.8500666 
1054.0000000 146.7346291 146.6536481 
1055.0000000 146.5382106 146.4572295 
1056.0000000 146.3417920 146.2608110 
1057.0000000 146.1453735 146.0643924 
1058.0000000 145.9489549 145.8679739 
1059.0000000 145.7525364 145.6715553 
1060.0000000 145.5561178 145.4751368 
1061.0000000 145.3596993 145.2787182 
1062.0000000 145.1632807 145.0822997 
1063.0000000 144.9668622 144.8858811 
1064.0000000 144.7704436 144.6894626 
1065.0000000 144.5740251 144.4930440 
1066.0000000 144.3776065 144.2966255 
1067.0000000 144.1811880 144.1002069 
1068.0000000 143.9847694 143.9037884 
1069.0000000 143.7883509 143.7073698 
1070.0000000 143.5919323 143.5109513 
1071.0000000 143.3955138 143.3145327 
1072.0000000 143.1990952 143.1181141 
1073.0000000 143.0026767 142.9216956 
1074.0000000 142.8062581 142.7252770 
1075.0000000 142.6098396 142.5288585 
1076.0000000 142.4134210 142.3324399 
1077.0000000 142.2170025 142.1360214 
1078.0000000 142.0205839 141.9396028 
1079.0000000 141.8241654 141.7431843 
1080.0000000 141.6277468 141.5467657 
1081.0000000 141.4313283 141.3503472 
1082.0000000 141.2349097 141.1539286 
1083.0000000 141.0384912 140.9575101 
1084.0000000 140.8420726 140.7610915 
1085.0000000 140.6456541 140.5646730 
1086.0000000 140.4492355 140.3682544 
1087.0000000 140.2528170 140.1718359 
1088.0000000 140.0563984 139.9754173 
1089.0000000 139.8599799 139.7789988 
1090.0000000 139.6635613 139.5825802 
1091.0000000 139.4671428 139.3861617 
1092.0000000 139.2707242 139.1897431 
1093.0000000 139.0743057 138.9933246 
1094.0000000 138.8778871 138.7969060 
1095.0000000 138.6814686 138.6004875 
1096.0000000 138.4850500 138.4040689 
1097.0000000 138.2886315 138.2076504 
1098.0000000 138.0922129 138.0112318 
1099.0000000 137.8957944 137.8148133 
1100.0000000 137.6993758 137.6183947 
1101.0000000 137.5029573 137.4219762 
1102.0000000 137.3065387 137.2255576 
1103.0000000 137.1101202 137.0291391 
1104.0000000 136.9137016 136.8327205 
1105.0000000 136.7172831 136.6363020 
1106.0000000 136.5208645 136.4398834 
1107.0000000 136.3244460 136.2434649 
1108.0000000 136.1280274 136.0470463 
1109.0000000 135.9316089 135.8506278 
1110.0000000 135.7351903 135.6542092 
1111.0000000 135.5387718 135.4577907 
1112.0000000 135.3423532 135.2613721 
1113.0000000 135.1459347 135.0649536 
1114.0000000 134.9495161 134.8685350 
1115.0000000 134.7530976 134.6721165 
1116.0000000 134.5566790 134.4756979 
1117.0000000 134.3602605 134.2792794 
1118.0000000 134.1638419 134.0828608 
1119.0000000 133.9674234 133.8864423 
1120.0000000 133.7710048 133.6900237 
1121.0000000 133.5745863 133.4936052 
1122.0000000 133.3781677 133.2971866 
1123.0000000 133.1817492 133.1007681 
1124.0000000 132.9853306 132.9043495 
1125.0000000 132.7889121 132.7079310 
1126.0000000 132.5924935 132.5115124 
1127.0000000 132.3960750 132.3150939 
1128.0000000 132.1996564 132.1186753 
1129.0000000 132.0032379 131.9222568 
1130.0000000 131.8068193 131.7258382 
1131.0000000 131.6104008 131.5294197 
1132.0000000 131.4139822 131.3330011 
1133.0000000 131.2175637 131.1365826 
1134.0000000 131.0211451 130.9401640 
1135.0000000 130.8247266 130.7437455 
1136.0000000 130.6283080 130.5473269 
1137.0000000 130.4318895 130.3509084 
1138.0000000 130.2354709 130.1544898 
1139.0000000 130.0390524 129.9580713 
1140.0000000 129.8426338 129.7616527 
1141.0000000 129.6462153 129.5652342 
1142.0000000 129.4497967 129.3688156 
1143.0000000 129.2533782 129.1723971 
1144.0000000 129.0569596 128.9759785 
1145.0000000 128.8605411 128.7795600 
1146.0000000 128.6641225 128.5831414 
1147.0000000 128.4677040 128.3867229 
1148.0000000 128.2712854 128.1903043 
1149.0000000 128.0748669 127.9938858 
1150.0000000 127.8784483 127.7974672 
1151.0000000 127.6820298 127.6010487 
1152.0000000 127.4856112 127.4046301 
1153.0000000 127.2891927 127.2082116 
1154.0000000 127.0927741 127.0117930 
1155.0000000 126.8963556 126.8153745 
1156.0000000 126.6999370 126.6189559 
1157.0000000 126.5035185 126.4225374 
1158.0000000 126.3070999 126.2261188 
1159.0000000 126.1106814 126.0297003 
1160.0000000 125.9142628 125.8332817 
1161.0000000 125.7178443 125.6368632 
1162.0000000 125.5214257 125.4404446 
1163.0000000 125.3250072 125.2440261 
1164.0000000 125.1285886 125.0476075 
1165.0000000 124.9321700 124.8511890 
1166.0000000 124.7357515 124.6547704 
1167.0000000 124.5393329 124.4583519 
1168.0000000 124.3429144 124.2619333 
1169.0000000 124.1464958 124.0655148 
1170.0000000 123.9500773 123.8690962 
1171.0000000 123.7536587 123.6726777 
1172.0000000 123.5572402 123.4762591 
1173.0000000 123.3608216 123.2798406 
1174.0000000 123.1644031 123.0834220 
1175.0000000 122.9679845 122.8870035 
1176.0000000 122.7715660 122.6905849 
1177.0000000 122.5751474 122.4941664 
1178.0000000 122.3787289 122.2977478 
1179.0000000 122.1823103 122.1013293 
1180.0000000 121.9858918 121.9049107 
1181.0000000 121.7894732 121.7084922 
1182.0000000 121.5930547 121.5120736 
1183.0000000 121.3966361 121.3156551 
1184.0000000 121.2002176 121.1192365 
1185.0000000 121.0037990 120.9228180 
1186.0000000 120.8073805 120.7263994 
1187.0000000 120.6109619 120.5299809 
1188.0000000 120.4145434 120.3335623 
1189.0000000 120.2181248 120.1371438 
1190.0000000 120.0217063 119.9407252 
1191.0000000 119.8252877 119.7443067 
1192.0000000 119.6288692 119.5478881 
1193.0000000 119.4324506 119.3514696 
1194.0000000 119.2360321 119.1550510 
1195.0000000 119.0396135 118.9586325 
1196.0000000 118.8431950 118.7622139 
1197.0000000 118.6467764 118.5657954 
1198.0000000 118.4503579 118.3693768 
1199.0000000 118.2539393 118.1729583 
1200.0000000 118.0575208 117.9765397 
1201.0000000 117.8611022 117.7801212 
1202.0000000 117.6646837 117.5837026 
1203.0000000 117.4682651 117.3872841 
1204.0000000 117.2718466 117.1908655 
1205.0000000 117.0754280 116.9944470 
1206.0000000 116.8790095 116.7980284 
1207.0000000 116.6825909 116.6016099 
1208.0000000 116.4861724 116.4051913 
1209.0000000 116.2897538 116.2087728 
1210.0000000 116.0933353 116.0123542 
1211.0000000 115.8969167 115.8159357 
1212.0000000 115.7004982 115.6195171 
1213.0000000 115.5040796 115.4230986 
1214.0000000 115.3076611 115.2266800 
1215.0000000 115.1112425 115.0302615 
1216.0000000 114.9148240 114.8338429 
1217.0000000 114.7184054 114.6374244 
1218.0000000 114.5219869 114.4410058 
1219.0000000 114.3255683 114.2445873 
1220.0000000 114.1291498 114.0481687 
1221.0000000 113.9327312 113.8517502 
1222.0000000 113.7363127 113.6553316 
1223.0000000 113.5398941 113.4589131 
1224.0000000 113.3434756 113.2624945 
1225.0000000 113.1470570 113.0660759 
1226.0000000 112.9506385 112.8696574 
1227.0000000 112.7542199 112.6732388 
1228.0000000 112.5578014 112.4768203 
1229.0000000 112.3613828 112.2804017 
1230.0000000 112.1649643 112.0839832 
1231.0000000 111.9685457 111.8875646 
1232.0000000 111.7721272 111.6911461 
1233.0000000 111.5757086 111.4947275 
1234.0000000 111.3792901 111.2983090 
1235.0000000 111.1828715 111.1018904 
1236.0000000 110.9864530 110.9054719 
1237.0000000 110.7900344 110.7090533 
1238.0000000 110.5936159 110.5126348 
1239.0000000 110.3971973 110.3162162 
1240.0000000 110.2007788 110.1197977 
1241.0000000 110.0043602 109.9233791 
1242.0000000 109.8079417 109.7269606 
1243.0000000 109.6115231 109.5305420 
1244.0000000 109.4151046 109.3341235 
1245.0000000 109.2186860 109.1377049 
1246.0000000 109.0222675 108.9412864 
1247.0000000 108.8258489 108.7448678 
1248.0000000 108.6294304 108.5484493 
1249.0000000 108.4330118 108.3520307 
1250.0000000 108.2365933 108.1556122 
1251.0000000 108.0401747 107.9591936 
1252.0000000 107.8437562 107.7627751 
1253.0000000 107.6473376 107.5663565 
1254.0000000 107.4509191 107.3699380 
1255.0000000 107.2545005 107.1735194 
1256.0000000 107.0580820 106.9771009 
1257.0000000 106.8616634 106.7806823 
1258.0000000 106.6652449 106.5842638 
1259.0000000 106.4688263 106.3878452 
1260.0000000 106.2724078 106.1914267 
1261.0000000 106.0759892 105.9950081 
1262.0000000 105.8795707 105.7985896 
1263.0000000 105.6831521 105.6021710 
1264.0000000 105.4867336 105.4057525 
1265.0000000 105.2903150 105.2093339 
1266.0000000 105.0938965 105.0129154 
1267.0000000 104.8974779 104.8164968 
1268.0000000 104.7010594 104.6200783 
1269.0000000 104.5046408 104.4236597 
1270.0000000 104.3082223 104.2272412 
1271.0000000 104.1118037 104.0308226 
1272.0000000 103.9153852 103.8344041 
1273.0000000 103.7189666 103.6379855 
1274.0000000 103.5225481 103.4415670 
1275.0000000 103.3261295 103.2451484 
1276.0000000 103.1297110 103.0487299 
1277.0000000 102.9332924 102.8523113 
1278.0000000 102.7368739 102.6558928 
1279.0000000 102.5404553 102.4594742 
1280.0000000 102.3440368 102.2630557 
1281.0000000 102.1476182 102.0666371 
1282.0000000 101.9511997 101.8702186 
1283.0000000 101.7547811 101.6738000 
1284.0000000 101.5583626 101.4773815 
1285.0000000 101.3619440 101.2809629 
1286.0000000 101.1655255 101.0845444 
1287.0000000 100.9691069 100.8881258 
1288.0000000 100.7726884 100.6917073 
1289.0000000 100.5762698 100.4952887 
1290.0000000 100.3798513 100.2988702 
1291.0000000 100.1834327 100.1024516 
1292.0000000 99.9870142 99.9060331 
1293.0000000 99.7905956 99.7096145 
1294.0000000 99.5941771 99.5131960 
1295.0000000 99.3977585 99.3167774 
1296.0000000 99.2013400 99.1203589 
1297.0000000 99.0049214 98.9239403 
1298.0000000 98.8085029 98.7275218 
1299.0000000 98.6120843 98.5311032 
1300.0000000 98.4156658 98.3346847 
1301.0000000 98.2192472 98.1382661 
1302.0000000 98.0228287 97.9418476 
1303.0000000 97.8264101 97.7454290 
1304.0000000 97.6299916 97.5490105 
1305.0000000 97.4335730 97.3525919 
1306.0000000 97.2371545 97.1561734 
1307.0000000 97.0407359 96.9597548 
1308.0000000 96.8443174 96.7633363 
1309.0000000 96.6478988 96.5669177 
1310.0000000 96.4514803 96.3704992 
1311.0000000 96.2550617 96.1740806 
1312.0000000 96.0586432 95.9776621 
1313.0000000 95.8622246 95.7812435 
1314.0000000 95.6658061 95.5848250 
1315.0000000 95.4693875 95.3884064 
1316.0000000 95.2729690 95.1919879 
1317.0000000 95.0765504 94.9955693 
1318.0000000 94.8801318 94.7991508 
1319.0000000 94.6837133 94.6027322 
1320.0000000 94.4872947 94.4063137 
1321.0000000 94.2908762 94.2098951 
1322.0000000 94.0944576 94.0134766 
1323.0000000 93.8980391 93.8170580 
1324.0000000 93.7016205 93.6206395 
1325.0000000 93.5052020 93.4242209 
1326.0000000 93.3087834 93.2278024 
1327.0000000 93.1123649 93.0313838 
1328.0000000 92.9159463 92.8349653 
1329.0000000 92.7195278 92.6385467 
1330.0000000 92.5231092 92.4421282 
1331.0000000 92.3266907 92.2457096 
1332.0000000 92.1302721 92.0492911 
1333.0000000 91.9338536 91.8528725 
1334.0000000 91.7374350 91.6564540 
1335.0000000 91.5410165 91.4600354 
1336.0000000 91.3445979 91.2636169 
1337.0000000 91.1481794 91.0671983 
1338.0000000 90.9517608 90.8707798 
1339.0000000 90.7553423 90.6743612 
1340.0000000 90.5589237 90.4779427 
1341.0000000 90.3625052 90.2815241 
1342.0000000 90.1660866 90.0851056 
1343.0000000 89.9696681 89.8886870 
1344.0000000 89.7732495 89.6922685 
1345.0000000 89.5768310 89.4958499 
1346.0000000 89.3804124 89.2994314 
1347.0000000 89.1839939 89.1030128 
1348.0000000 88.9875753 88.9065943 
1349.0000000 88.7911568 88.7101757 
1350.0000000 88.5947382 88.5137572 
1351.0000000 88.3983197 88.3173386 
1352.0000000 88.2019011 88.1209201 
1353.0000000 88.0054826 87.9245015 
1354.0000000 87.8090640 87.7280830 
1355.0000000 87.6126455 87.5316644 
1356.0000000 87.4162269 87.3352459 
1357.0000000 87.2198084 87.1388273 
1358.0000000 87.0233898 86.9424088 
1359.0000000 86.8269713 86.7459902 
1360.0000000 86.6305527 86.5495717 
1361.0000000 86.4341342 86.3531531 
1362.0000000 86.2377156 86.1567346 
1363.0000000 86.0412971 85.9603160 
1364.0000000 85.8448785 85.7638975 
1365.0000000 85.6484600 85.5674789 
1366.0000000 85.4520414 85.3710604 
1367.0000000 85.2556229 85.1746418 
1368.0000000 85.0592043 84.9782233 
1369.0000000 84.8627858 84.7818047 
1370.0000000 84.6663672 84.5853862 
1371.0000000 84.4699487 84.3889676 
1372.0000000 84.2735301 84.1925491 
1373.0000000 84.0771116 83.9961305 
1374.0000000 83.8806930 83.7997120 
1375.0000000 83.6842745 83.6032934 
1376.0000000 83.4878559 83.4068748 
1377.0000000 83.2914374 83.2104563 
1378.0000000 83.0950188 83.0140377 
1379.0000000 82.8986003 82.8176192 
1380.0000000 82.7021817 82.6212006 
1381.0000000 82.5057632 82.4247821 
1382.0000000 82.3093446 82.2283635 
1383.0000000 82.1129261 82.0319450 
1384.0000000 81.9165075 81.8355264 
1385.0000000 81.7200890 81.6391079 
1386.0000000 81.5236704 81.4426893 
1387.0000000 81.3272519 81.2462708 
1388.0000000 81.1308333 81.0498522 
1389.0000000 80.9344148 80.8534337 
1390.0000000 80.7379962 80.6570151 
1391.0000000 80.5415777 80.4605966 
1392.0000000 80.3451591 80.2641780 
1393.0000000 80.1487406 80.0677595 
1394.0000000 79.9523220 79.8713409 
1395.0000000 79.7559035 79.6749224 
1396.0000000 79.5594849 79.4785038 
1397.0000000 79.3630664 79.2820853 
1398.0000000 79.1666478 79.0856667 
1399.0000000 78.9702293 78.8892482 
1400.0000000 78.7738107 78.6928296 
1401.0000000 78.5773922 78.4964111 
1402.0000000 78.3809736 78.2999925 
1403.0000000 78.1845551 78.1035740 
1404.0000000 77.9881365 77.9071554 
1405.0000000 77.7917180 77.7107369 
1406.0000000 77.5952994 77.5143183 
1407.0000000 77.3988809 77.3178998 
1408.0000000 77.2024623 77.1214812 
1409.0000000 77.0060438 76.9250627 
1410.0000000 76.8096252 76.7286441 
1411.0000000 76.6132067 76.5322256 
1412.0000000 76.4167881 76.3358070 
1413.0000000 76.2203696 76.1393885 
1414.0000000 76.0239510 75.9429699 
1415.0000000 75.8275325 75.7465514 
1416.0000000 75.6311139 75.5501328 
1417.0000000 75.4346954 75.3537143 
1418.0000000 75.2382768 75.1572957 
1419.0000000 75.0418583 74.9608772 
1420.0000000 74.8454397 74.7644586 
1421.0000000 74.6490212 74.5680401 
1422.0000000 74.4526026 74.3716215 
1423.0000000 74.2561841 74.1752030 
1424.0000000 74.0597655 73.9787844 
1425.0000000 73.8633470 73.7823659 
1426.0000000 73.6669284 73.5859473 
1427.0000000 73.4705099 73.3895288 
1428.0000000 73.2740913 73.1931102 
1429.0000000 73.0776728 72.9966917 
1430.0000000 72.8812542 72.8002731 
1431.0000000 72.6848357 72.6038546 
1432.0000000 72.4884171 72.4074360 
1433.0000000 72.2919986 72.2110175 
1434.0000000 72.0955800 72.0145989 
1435.0000000 71.8991615 71.8181804 
1436.0000000 71.7027429 71.6217618 
1437.0000000 71.5063244 71.4253433 
1438.0000000 71.3099058 71.2289247 
1439.0000000 71.1134873 71.0325062 
1440.0000000 70.9170687 70.8360876 
1441.0000000 70.7206502 70.6396691 
1442.0000000 70.5242316 70.4432505 
1443.0000000 70.3278131 70.2468320 
1444.0000000 70.1313945 70.0504134 
1445.0000000 69.9349760 69.8539949 
1446.0000000 69.7385574 69.6575763 
1447.0000000 69.5421389 69.4611578 
1448.0000000 69.3457203 69.2647392 
1449.0000000 69.1493018 69.0683207 
1450.0000000 68.9528832 68.8719021 
1451.0000000 68.7564647 68.6754836 
1452.0000000 68.5600461 68.4790650 
1453.0000000 68.3636276 68.2826465 
1454.0000000 68.1672090 68.0862279 
1455.0000000 67.9707905 67.8898094 
1456.0000000 67.7743719 67.6933908 
1457.0000000 67.5779534 67.4969723 
1458.0000000 67.3815348 67.3005537 
1459.0000000 67.1851163 67.1041352 
1460.0000000 66.9886977 66.9077166 
1461.0000000 66.7922792 66.7112981 
1462.0000000 66.5958606 66.5148795 
1463.0000000 66.3994421 66.3184610 
1464.0000000 66.2030235 66.1220424 
1465.0000000 66.0066050 65.9256239 
1466.0000000 65.8101864 65.7292053 
1467.0000000 65.6137679 65.5327868 
1468.0000000 65.4173493 65.3363682 
1469.0000000 65.2209307 65.1399497 
1470.0000000 65.0245122 64.9435311 
1471.0000000 64.8280936 64.7471126 
1472.0000000 64.6316751 64.5506940 
1473.0000000 64.4352565 64.3542755 
1474.0000000 64.2388380 64.1578569 
1475.0000000 64.0424194 63.9614384 
1476.0000000 63.8460009 63.7650198 
1477.0000000 63.6495823 63.5686013 
1478.0000000 63.4531638 63.3721827 
1479.0000000 63.2567452 63.1757642 
1480.0000000 63.0603267 62.9793456 
1481.0000000 62.8639081 62.7829271 
1482.0000000 62.6674896 62.5865085 
1483.0000000 62.4710710 62.3900900 
1484.0000000 62.2746525 62.1936714 
1485.0000000 62.0782339 61.9972529 
1486.0000000 61.8818154 61.8008343 
1487.0000000 61.6853968 61.6044158 
1488.0000000 61.4889783 61.4079972 
1489.0000000 61.2925597 61.2115787 
1490.0000000 61.0961412 61.0151601 
1491.0000000 60.8997226 60.8187416 
1492.0000000 60.7033041 60.6223230 
1493.0000000 60.5068855 60.4259045 
1494.0000000 60.3104670 60.2294859 
1495.0000000 60.1140484 60.0330674 
1496.0000000 59.9176299 59.8366488 
1497.0000000 59.7212113 59.6402303 
1498.0000000 59.5247928 59.4438117 
1499.0000000 59.3283742 59.2473932 
1500.0000000 59.1319557 59.0509746 
1501.0000000 58.9355371 58.8545561 
1502.0000000 58.7391186 58.6581375 
1503.0000000 58.5427000 58.4617190 
1504.0000000 58.3462815 58.2653004 
1505.0000000 58.1498629 58.0688819 
1506.0000000 57.9534444 57.8724633 
1507.0000000 57.7570258 57.6760448 
1508.0000000 57.5606073 57.4796262 
1509.0000000 57.3641887 57.2832077 
1510.0000000 57.1677702 57.0867891 
1511.0000000 56.9713516 56.8903706 
1512.0000000 56.7749331 56.6939520 
1513.0000000 56.5785145 56.4975335 
1514.0000000 56.3820960 56.3011149 
1515.0000000 56.1856774 56.1046964 
1516.0000000 55.9892589 55.9082778 
1517.0000000 55.7928403 55.7118593 
1518.0000000 55.5964218 55.5154407 
1519.0000000 55.4000032 55.3190222 
1520.0000000 55.2035847 55.1226036 
1521.0000000 55.0071661 54.9261851 
1522.0000000 54.8107476 54.7297665 
1523.0000000 54.6143290 54.5333480 
1524.0000000 54.4179105 54.3369294 
1525.0000000 54.2214919 54.1405109 
1526.0000000 54.0250734 53.9440923 
1527.0000000 53.8286548 53.7476737 
1528.0000000 53.6322363 53.5512552 
1529.0000000 53.4358177 53.3548366 
1530.0000000 53.2393992 53.1584181 
1531.0000000 53.0429806 52.9619995 
1532.0000000 52.8465621 52.7655810 
1533.0000000 52.6501435 52.5691624 
1534.0000000 52.4537250 52.3727439 
1535.0000000 52.2573064 52.1763253 
1536.0000000 52.0608879 51.9799068 
1537.0000000 51.8644693 51.7834882 
1538.0000000 51.6680508 51.5870697 
1539.0000000 51.4716322 51.3906511 
1540.0000000 51.2752137 51.1942326 
1541.0000000 51.0787951 50.9978140 
1542.0000000 50.8823766 50.8013955 
1543.0000000 50.6859580 50.6049769 
1544.0000000 50.4895395 50.4085584 
1545.0000000 50.2931209 50.2121398 
1546.0000000 50.0967024 50.0157213 
1547.0000000 49.9002838 49.8193027 
1548.0000000 49.7038653 49.6228842 
1549.0000000 49.5074467 49.4264656 
1550.0000000 49.3110282 49.2300471 
1551.0000000 49.1146096 49.0336285 
1552.0000000 48.9181911 48.8372100 
1553.0000000 48.7217725 48.6407914 
1554.0000000 48.5253540 48.4443729 
1555.0000000 48.3289354 48.2479543 
1556.0000000 48.1325169 48.0515358 
1557.0000000 47.9360983 47.8551172 
1558.0000000 47.7396798 47.6586987 
1559.0000000 47.5432612 47.4622801 
1560.0000000 47.3468427 47.2658616 
1561.0000000 47.1504241 47.0694430 
1562.0000000 46.9540056 46.8730245 
1563.0000000 46.7575870 46.6766059 
1564.0000000 46.5611685 46.4801874 
1565.0000000 46.3647499 46.2837688 
1566.0000000 46.1683314 46.0873503 
1567.0000000 45.9719128 45.8909317 
1568.0000000 45.7754943 45.6945132 
1569.0000000 45.5790757 45.4980946 
1570.0000000 45.3826572 45.3016761 
1571.0000000 45.1862386 45.1052575 
1572.0000000 44.9898201 44.9088390 
1573.0000000 44.7934015 44.7124204 
1574.0000000 44.5969830 44.5160019 
1575.0000000 44.4005644 44.3195833 
1576.0000000 44.2041459 44.1231648 
1577.0000000 44.0077273 43.9267462 
1578.0000000 43.8113088 43.7303277 
1579.0000000 43.6148902 43.5339091 
1580.0000000 43.4184717 43.3374906 
1581.0000000 43.2220531 43.1410720 
1582.0000000 43.0256346 42.9446535 
1583.0000000 42.8292160 42.7482349 
1584.0000000 42.6327975 42.5518164 
1585.0000000 42.4363789 42.3553978 
1586.0000000 42.2399604 42.1589793 
1587.0000000 42.0435418 41.9625607 
1588.0000000 41.8471233 41.7661422 
1589.0000000 41.6507047 41.5697236 
1590.0000000 41.4542862 41.3733051 
1591.0000000 41.2578676 41.1768865 
1592.0000000 41.0614491 40.9804680 
1593.0000000 40.8650305 40.7840494 
1594.0000000 40.6686120 40.5876309 
1595.0000000 40.4721934 40.3912123 
1596.0000000 40.2757749 40.1947938 
1597.0000000 40.0793563 39.9983752 
1598.0000000 39.8829378 39.8019567 
1599.0000000 39.6865192 39.6055381 
1600.0000000 39.4901007 39.4091196 
1601.0000000 39.2936821 39.2127010 
1602.0000000 39.0972636 39.0162825 
1603.0000000 38.9008450 38.8198639 
1604.0000000 38.7044265 38.6234454 
1605.0000000 38.5080079 38.4270268 
1606.0000000 38.3115894 38.2306083 
1607.0000000 38.1151708 38.0341897 
1608.0000000 37.9187523 37.8377712 
1609.0000000 37.7223337 37.6413526 
1610.0000000 37.5259152 37.4449341 
1611.0000000 37.3294966 37.2485155 
1612.0000000 37.1330781 37.0520970 
1613.0000000 36.9366595 36.8556784 
1614.0000000 36.7402410 36.6592599 
1615.0000000 36.5438224 36.4628413 
1616.0000000 36.3474039 36.2664228 
1617.0000000 36.1509853 36.0700042 
1618.0000000 35.9545668 35.8735857 
1619.0000000 35.7581482 35.6771671 
1620.0000000 35.5617297 35.4807486 
1621.0000000 35.3653111 35.2843300 
1622.0000000 35.1688925 35.0879115 
1623.0000000 34.9724740 34.8914929 
1624.0000000 34.7760554 34.6950744 
1625.0000000 34.5796369 34.4986558 
1626.0000000 34.3832183 34.3022373 
1627.0000000 34.1867998 34.1058187 
1628.0000000 33.9903812 33.9094002 
1629.0000000 33.7939627 33.7129816 
1630.0000000 33.5975441 33.5165631 
1631.0000000 33.4011256 33.3201445 
1632.0000000 33.2047070 33.1237260 
1633.0000000 33.0082885 32.9273074 
1634.0000000 32.8118699 32.7308889 
1635.0000000 32.6154514 32.5344703 
1636.0000000 32.4190328 32.3380518 
1637.0000000 32.2226143 32.1416332 
1638.0000000 32.0261957 31.9452147 
1639.0000000 31.8297772 31.7487961 
1640.0000000 31.6333586 31.5523776 
1641.0000000 31.4369401 31.3559590 
1642.0000000 31.2405215 31.1595405 
1643.0000000 31.0441030 30.9631219 
1644.0000000 30.8476844 30.7667034 
1645.0000000 30.6512659 30.5702848 
1646.0000000 30.4548473 30.3738663 
1647.0000000 30.2584288 30.1774477 
1648.0000000 30.0620102 29.9810292 
1649.0000000 29.8655917 29.7846106 
1650.0000000 29.6691731 29.5881921 
1651.0000000 29.4727546 29.3917735 
1652.0000000 29.2763360 29.1953550 
1653.0000000 29.0799175 28.9989364 
1654.0000000 28.8834989 28.8025179 
1655.0000000 28.6870804 28.6060993 
1656.0000000 28.4906618 28.4096808 
1657.0000000 28.2942433 28.2132622 
1658.0000000 28.0978247 28.0168437 
1659.0000000 27.9014062 27.8204251 
1660.0000000 27.7049876 27.6240066 
1661.0000000 27.5085691 27.4275880 
1662.0000000 27.3121505 27.2311695 
1663.0000000 27.1157320 27.0347509 
1664.0000000 26.9193134 26.8383324 
1665.0000000 26.7228949 26.6419138 
1666.0000000 26.5264763 26.4454953 
1667.0000000 26.3300578 26.2490767 
1668.0000000 26.1336392 26.0526582 
1669.0000000 25.9372207 25.8562396 
1670.0000000 25.7408021 25.6598211 
1671.0000000 25.5443836 25.4634025 
1672.0000000 25.3479650 25.2669840 
1673.0000000 25.1515465 25.0705654 
1674.0000000 24.9551279 24.8741469 
1675.0000000 24.7587094 24.6777283 
1676.0000000 24.5622908 24.4813098 
1677.0000000 24.3658723 24.2848912 
1678.0000000 24.1694537 24.0884727 
1679.0000000 23.9730352 23.8920541 
1680.0000000 23.7766166 23.6956355 
1681.0000000 23.5801981 23.4992170 
1682.0000000 23.3837795 23.3027984 
1683.0000000 23.1873610 23.1063799 
1684.0000000 22.9909424 22.9099613 
1685.0000000 22.7945239 22.7135428 
1686.0000000 22.5981053 22.5171242 
1687.0000000 22.4016868 22.3207057 
1688.0000000 22.2052682 22.1242871 
1689.0000000 22.0088497 21.9278686 
1690.0000000 21.8124311 21.7314500 
1691.0000000 21.6160126 21.5350315 
1692.0000000 21.4195940 21.3386129 
1693.0000000 21.2231755 21.1421944 
1694.0000000 21.0267569 20.9457758 
1695.0000000 20.8303384 20.7493573 
1696.0000000 20.6339198 20.5529387 
1697.0000000 20.4375013 20.3565202 
1698.0000000 20.2410827 20.1601016 
1699.0000000 20.0446642 19.9636831 
1700.0000000 19.8482456 19.7672645 
1701.0000000 19.6518271 19.5708460 
1702.0000000 19.4554085 19.3744274 
1703.0000000 19.2589900 19.1780089 
1704.0000000 19.0625714 18.9815903 
1705.0000000 18.8661529 18.7851718 
1706.0000000 18.6697343 18.5887532 
1707.0000000 18.4733158 18.3923347 
1708.0000000 18.2768972 18.1959161 
1709.0000000 18.0804787 17.9994976 
1710.0000000 17.8840601 17.8030790 
1711.0000000 17.6876416 17.6066605 
1712.0000000 17.4912230 17.4102419 
1713.0000000 17.2948045 17.2138234 
1714.0000000 17.0983859 17.0174048 
1715.0000000 16.9019674 16.8209863 
1716.0000000 16.7055488 16.6245677 
1717.0000000 16.5091303 16.4281492 
1718.0000000 16.3127117 16.2317306 
1719.0000000 16.1162932 16.0353121 
1720.0000000 15.9198746 15.8388935 
1721.0000000 15.7234561 15.6424750 
1722.0000000 15.5270375 15.4460564 
1723.0000000 15.3306190 15.2496379 
1724.0000000 15.1342004 15.0532193 
1725.0000000 14.9377819 14.8568008 
1726.0000000 14.7413633 14.6603822 
1727.0000000 14.5449448 14.4639637 
1728.0000000 14.3485262 14.2675451 
1729.0000000 14.1521077 14.0711266 
1730.0000000 13.9556891 13.8747080 
1731.0000000 13.7592706 13.6782895 
1732.0000000 13.5628520 13.4818709 
1733.0000000 13.3664335 13.2854524 
1734.0000000 13.1700149 13.0890338 
1735.0000000 12.9735964 12.8926153 
1736.0000000 12.7771778 12.6961967 
1737.0000000 12.5807593 12.4997782 
1738.0000000 12.3843407 12.3033596 
1739.0000000 12.1879222 12.1069411 
1740.0000000 11.9915036 11.9105225 
1741.0000000 11.7950851 11.7141040 
1742.0000000 11.5986665 11.5176854 
1743.0000000 11.4022480 11.3212669 
1744.0000000 11.2058294 11.1248483 
1745.0000000 11.0094109 10.9284298 
1746.0000000 10.8129923 10.7320112 
1747.0000000 10.6165738 10.5355927 
1748.0000000 10.4201552 10.3391741 
1749.0000000 10.2237367 10.1427556 
1750.0000000 10.0273181 9.9463370 
1751.0000000 9.8308996 9.7499185 
1752.0000000 9.6344810 9.5534999 
1753.0000000 9.4380625 9.3570814 
1754.0000000 9.2416439 9.1606628 
1755.0000000 9.0452254 8.9642443 
1756.0000000 8.8488068 8.7678257 
1757.0000000 8.6523883 8.5714072 
1758.0000000 8.4559697 8.3749886 
1759.0000000 8.2595512 8.1785701 
1760.0000000 8.0631326 7.9821515 
1761.0000000 7.8667141 7.7857330 
1762.0000000 7.6702955 7.5893144 
1763.0000000 7.4738770 7.3928959 
1764.0000000 7.2774584 7.1964773 
1765.0000000 7.0810399 7.0000588 
1766.0000000 6.8846213 6.8036402 
1767.0000000 6.6882028 6.6072217 
1768.0000000 6.4917842 6.4108031 
1769.0000000 6.2953657 6.2143846 
1770.0000000 6.0989471 6.0179660 
1771.0000000 5.9025286 5.8215475 
1772.0000000 5.7061100 5.6251289 
1773.0000000 5.5096914 5.4287104 
1774.0000000 5.3132729 5.2322918 
1775.0000000 5.1168543 5.0358733 
1776.0000000 4.9204358 4.8394547 
1777.0000000 4.7240172 4.6430362 
1778.0000000 4.5275987 4.4466176 
1779.0000000 4.3311801 4.2501991 
1780.0000000 4.1347616 4.0537805 
1781.0000000 3.9383430 3.8573620 
1782.0000000 3.7419245 3.6609434 
1783.0000000 3.5455059 3.4645249 
1784.0000000 3.3490874 3.2681063 
1785.0000000 3.1526688 3.0716878 
1786.0000000 2.9562503 2.8752692 
1787.0000000 2.7598317 2.6788507 
1788.0000000 2.5634132 2.4824321 
1789.0000000 2.3669946 2.2860136 
1790.0000000 2.1705761 2.0895950 
1791.0000000 1.9741575 1.8931765 
1792.0000000 1.7777390 1.6967579 
1793.0000000 1.5813204 1.5003394 
1794.0000000 1.3849019 1.3039208 
1795.0000000 1.1884833 1.1075023 
1796.0000000 0.9920648 0.9110837 
1797.0000000 0.7956462 0.7146652 
1798.0000000 0.5992277 0.5182466 
1799.0000000 0.4028091 0.3218281 
1800.0000000 0.2063906 0.1254095 

