1.0000000 2000.0584415 0.0918985 
2.0000000 2000.0000000 0.0000000 
3.0000000 2000.0000000 0.0000000 
4.0000000 2000.0000000 0.0000000 
5.0000000 2000.0000000 0.0000000 
6.0000000 2000.0000000 0.0000000 
7.0000000 2000.0000000 0.0000000 
8.0000000 2000.0000000 0.0000000 
9.0000000 2000.0000000 0.0000000 
10.0000000 2000.0000000 0.0000000 
11.0000000 2000.0000000 0.0000000 
12.0000000 2000.0000000 0.0000000 
13.0000000 2000.0000000 0.0000000 
14.0000000 2000.0000000 0.0000000 
15.0000000 2000.0000000 0.0000000 
16.0000000 2000.0000000 0.0000000 
17.0000000 2000.0000000 0.0000000 
18.0000000 2000.0000000 0.0000000 
19.0000000 2000.0000000 0.0000000 
20.0000000 2000.0000000 0.0000000 
21.0000000 2000.0000000 0.0000000 
22.0000000 2000.0000000 0.0000000 
23.0000000 2000.0000000 0.0000000 
24.0000000 2000.0000000 0.0000000 
25.0000000 2000.0000000 0.0000000 
26.0000000 2000.0000000 0.0000000 
27.0000000 2000.0000000 0.0000000 
28.0000000 2000.0000000 0.0000000 
29.0000000 2000.0000000 0.0000000 
30.0000000 2000.0000000 0.0000000 
31.0000000 2000.0000000 0.0000000 
32.0000000 2000.0000000 0.0000000 
33.0000000 2000.0000000 0.0000000 
34.0000000 2000.0000000 0.0000000 
35.0000000 2000.0000000 0.0000000 
36.0000000 2000.0000000 0.0000000 
37.0000000 2000.0000000 0.0000000 
38.0000000 2000.0000000 0.0000000 
39.0000000 2000.0000000 0.0000000 
40.0000000 2000.0000000 0.0000000 
41.0000000 2000.0000000 0.0000000 
42.0000000 2000.0000000 0.0000000 
43.0000000 2000.0000000 0.0000000 
44.0000000 2000.0000000 0.0000000 
45.0000000 2000.0000000 0.0000000 
46.0000000 2000.0000000 0.0000000 
47.0000000 2000.0000000 0.0000000 
48.0000000 2000.0000000 0.0000000 
49.0000000 2000.0000000 0.0000000 
50.0000000 2000.0000000 0.0000000 
51.0000000 2000.0000000 0.0000000 
52.0000000 2000.0000000 0.0000000 
53.0000000 2000.0000000 0.0000000 
54.0000000 2000.0000000 0.0000000 
55.0000000 2000.0000000 0.0000000 
56.0000000 2000.0000000 0.0000000 
57.0000000 2000.0000000 0.0000000 
58.0000000 2000.0000000 0.0000000 
59.0000000 2000.0000000 0.0000000 
60.0000000 2000.0000000 0.0000000 
61.0000000 2000.0000000 0.0000000 
62.0000000 2000.0000000 0.0000000 
63.0000000 2000.0000000 0.0000000 
64.0000000 2000.0000000 0.0000000 
65.0000000 2000.0000000 0.0000000 
66.0000000 2000.0000000 0.0000000 
67.0000000 2000.0000000 0.0000000 
68.0000000 2000.0000000 0.0000000 
69.0000000 2000.0000000 0.0000000 
70.0000000 2000.0000000 0.0000000 
71.0000000 2000.0000000 0.0000000 
72.0000000 2000.0000000 0.0000000 
73.0000000 2000.0000000 0.0000000 
74.0000000 2000.0000000 0.0000000 
75.0000000 2000.0000000 0.0000000 
76.0000000 2000.0000000 0.0000000 
77.0000000 2000.0000000 0.0000000 
78.0000000 2000.0000000 0.0000000 
79.0000000 2000.0000000 0.0000000 
80.0000000 2000.0000000 0.0000000 
81.0000000 2000.0000000 0.0000000 
82.0000000 2000.0000000 0.0000000 
83.0000000 2000.0000000 0.0000000 
84.0000000 2000.0000000 0.0000000 
85.0000000 2000.0000000 0.0000000 
86.0000000 2000.0000000 0.0000000 
87.0000000 2000.0000000 0.0000000 
88.0000000 2000.0000000 0.0000000 
89.0000000 2000.0000000 0.0000000 
90.0000000 2000.0000000 0.0000000 
91.0000000 2000.0000000 0.0000000 
92.0000000 2000.0000000 0.0000000 
93.0000000 2000.0000000 0.0000000 
94.0000000 2000.0000000 0.0000000 
95.0000000 2000.0000000 0.0000000 
96.0000000 2000.0000000 0.0000000 
97.0000000 2000.0000000 0.0000000 
98.0000000 2000.0000000 0.0000000 
99.0000000 2000.0000000 0.0000000 
100.0000000 2000.0000000 0.0000000 
101.0000000 2000.0000000 0.0000000 
102.0000000 2000.0000000 0.0000000 
103.0000000 2000.0000000 0.0000000 
104.0000000 2000.0000000 0.0000000 
105.0000000 2000.0000000 0.0000000 
106.0000000 2000.0000000 0.0000000 
107.0000000 2000.0000000 0.0000000 
108.0000000 2000.0000000 0.0000000 
109.0000000 2000.0000000 0.0000000 
110.0000000 2000.0000000 0.0000000 
111.0000000 2000.0000000 0.0000000 
112.0000000 2000.0000000 0.0000000 
113.0000000 2000.0000000 0.0000000 
114.0000000 2000.0000000 0.0000000 
115.0000000 2000.0000000 0.0000000 
116.0000000 2000.0000000 0.0000000 
117.0000000 2000.0000000 0.0000000 
118.0000000 2000.0000000 0.0000000 
119.0000000 2000.0000000 0.0000000 
120.0000000 2000.0000000 0.0000000 
121.0000000 2000.0000000 0.0000000 
122.0000000 2000.0000000 0.0000000 
123.0000000 2000.0000000 0.0000000 
124.0000000 2000.0000000 0.0000000 
125.0000000 2000.0000000 0.0000000 
126.0000000 2000.0000000 0.0000000 
127.0000000 2000.0000000 0.0000000 
128.0000000 2000.0000000 0.0000000 
129.0000000 2000.0000000 0.0000000 
130.0000000 2000.0000000 0.0000000 
131.0000000 2000.0000000 0.0000000 
132.0000000 2000.0000000 0.0000000 
133.0000000 2000.0000000 0.0000000 
134.0000000 2000.0000000 0.0000000 
135.0000000 2000.0000000 0.0000000 
136.0000000 2000.0000000 0.0000000 
137.0000000 2000.0000000 0.0000000 
138.0000000 2000.0000000 0.0000000 
139.0000000 2000.0000000 0.0000000 
140.0000000 2000.0000000 0.0000000 
141.0000000 2000.0000000 0.0000000 
142.0000000 2000.0000000 0.0000000 
143.0000000 2000.0000000 0.0000000 
144.0000000 2000.0000000 0.0000000 
145.0000000 2000.0000000 0.0000000 
146.0000000 2000.0000000 0.0000000 
147.0000000 2000.0000000 0.0000000 
148.0000000 2000.0000000 0.0000000 
149.0000000 2000.0000000 0.0000000 
150.0000000 2000.0000000 0.0000000 
151.0000000 2000.0000000 0.0000000 
152.0000000 2000.0000000 0.0000000 
153.0000000 2000.0000000 0.0000000 
154.0000000 2000.0000000 0.0000000 
155.0000000 2000.0000000 0.0000000 
156.0000000 2000.0000000 0.0000000 
157.0000000 2000.0000000 0.0000000 
158.0000000 2000.0000000 0.0000000 
159.0000000 2000.0000000 0.0000000 
160.0000000 2000.0000000 0.0000000 
161.0000000 2000.0000000 0.0000000 
162.0000000 2000.0000000 0.0000000 
163.0000000 2000.0000000 0.0000000 
164.0000000 2000.0000000 0.0000000 
165.0000000 2000.0000000 0.0000000 
166.0000000 2000.0000000 0.0000000 
167.0000000 2000.0000000 0.0000000 
168.0000000 2000.0000000 0.0000000 
169.0000000 2000.0000000 0.0000000 
170.0000000 2000.0000000 0.0000000 
171.0000000 2000.0000000 0.0000000 
172.0000000 2000.0000000 0.0000000 
173.0000000 2000.0000000 0.0000000 
174.0000000 2000.0000000 0.0000000 
175.0000000 2000.0000000 0.0000000 
176.0000000 2000.0000000 0.0000000 
177.0000000 2000.0000000 0.0000000 
178.0000000 2000.0000000 0.0000000 
179.0000000 2000.0000000 0.0000000 
180.0000000 2000.0000000 0.0000000 
181.0000000 2000.0000000 0.0000000 
182.0000000 2000.0000000 0.0000000 
183.0000000 2000.0000000 0.0000000 
184.0000000 2000.0000000 0.0000000 
185.0000000 2000.0000000 0.0000000 
186.0000000 2000.0000000 0.0000000 
187.0000000 2000.0000000 0.0000000 
188.0000000 2000.0000000 0.0000000 
189.0000000 2000.0000000 0.0000000 
190.0000000 2000.0000000 0.0000000 
191.0000000 2000.0000000 0.0000000 
192.0000000 2000.0000000 0.0000000 
193.0000000 2000.0000000 0.0000000 
194.0000000 2000.0000000 0.0000000 
195.0000000 2000.0000000 0.0000000 
196.0000000 2000.0000000 0.0000000 
197.0000000 2000.0000000 0.0000000 
198.0000000 2000.0000000 0.0000000 
199.0000000 2000.0000000 0.0000000 
200.0000000 2000.0000000 0.0000000 
201.0000000 2000.0000000 0.0000000 
202.0000000 2000.0000000 0.0000000 
203.0000000 2000.0000000 0.0000000 
204.0000000 2000.0000000 0.0000000 
205.0000000 2000.0000000 0.0000000 
206.0000000 2000.0000000 0.0000000 
207.0000000 2000.0000000 0.0000000 
208.0000000 2000.0000000 0.0000000 
209.0000000 2000.0000000 0.0000000 
210.0000000 2000.0000000 0.0000000 
211.0000000 2000.0000000 0.0000000 
212.0000000 2000.0000000 0.0000000 
213.0000000 2000.0000000 0.0000000 
214.0000000 2000.0000000 0.0000000 
215.0000000 2000.0000000 0.0000000 
216.0000000 2000.0000000 0.0000000 
217.0000000 2000.0000000 0.0000000 
218.0000000 2000.0000000 0.0000000 
219.0000000 2000.0000000 0.0000000 
220.0000000 2000.0000000 0.0000000 
221.0000000 2000.0000000 0.0000000 
222.0000000 2000.0000000 0.0000000 
223.0000000 2000.0000000 0.0000000 
224.0000000 2000.0000000 0.0000000 
225.0000000 2000.0000000 0.0000000 
226.0000000 2000.0000000 0.0000000 
227.0000000 2000.0000000 0.0000000 
228.0000000 2000.0000000 0.0000000 
229.0000000 2000.0000000 0.0000000 
230.0000000 2000.0000000 0.0000000 
231.0000000 2000.0000000 0.0000000 
232.0000000 2000.0000000 0.0000000 
233.0000000 2000.0000000 0.0000000 
234.0000000 2000.0000000 0.0000000 
235.0000000 2000.0000000 0.0000000 
236.0000000 2000.0000000 0.0000000 
237.0000000 2000.0000000 0.0000000 
238.0000000 2000.0000000 0.0000000 
239.0000000 2000.0000000 0.0000000 
240.0000000 2000.0000000 0.0000000 
241.0000000 2000.0000000 0.0000000 
242.0000000 2000.0000000 0.0000000 
243.0000000 2000.0000000 0.0000000 
244.0000000 2000.0000000 0.0000000 
245.0000000 2000.0000000 0.0000000 
246.0000000 2000.0000000 0.0000000 
247.0000000 2000.0000000 0.0000000 
248.0000000 2000.0000000 0.0000000 
249.0000000 2000.0000000 0.0000000 
250.0000000 2000.0000000 0.0000000 
251.0000000 2000.0000000 0.0000000 
252.0000000 2000.0000000 0.0000000 
253.0000000 2000.0000000 0.0000000 
254.0000000 2000.0000000 0.0000000 
255.0000000 2000.0000000 0.0000000 
256.0000000 2000.0000000 0.0000000 
257.0000000 2000.0000000 0.0000000 
258.0000000 2000.0000000 0.0000000 
259.0000000 2000.0000000 0.0000000 
260.0000000 2000.0000000 0.0000000 
261.0000000 2000.0000000 0.0000000 
262.0000000 2000.0000000 0.0000000 
263.0000000 2000.0000000 0.0000000 
264.0000000 2000.0000000 0.0000000 
265.0000000 2000.0000000 0.0000000 
266.0000000 2000.0000000 0.0000000 
267.0000000 2000.0000000 0.0000000 
268.0000000 2000.0000000 0.0000000 
269.0000000 2000.0000000 0.0000000 
270.0000000 2000.0000000 0.0000000 
271.0000000 2000.0000000 0.0000000 
272.0000000 2000.0000000 0.0000000 
273.0000000 2000.0000000 0.0000000 
274.0000000 2000.0000000 0.0000000 
275.0000000 2000.0000000 0.0000000 
276.0000000 2000.0000000 0.0000000 
277.0000000 2000.0000000 0.0000000 
278.0000000 2000.0000000 0.0000000 
279.0000000 2000.0000000 0.0000000 
280.0000000 2000.0000000 0.0000000 
281.0000000 2000.0000000 0.0000000 
282.0000000 2000.0000000 0.0000000 
283.0000000 2000.0000000 0.0000000 
284.0000000 2000.0000000 0.0000000 
285.0000000 2000.0000000 0.0000000 
286.0000000 2000.0000000 0.0000000 
287.0000000 2000.0000000 0.0000000 
288.0000000 2000.0000000 0.0000000 
289.0000000 2000.0000000 0.0000000 
290.0000000 2000.0000000 0.0000000 
291.0000000 2000.0000000 0.0000000 
292.0000000 2000.0000000 0.0000000 
293.0000000 2000.0000000 0.0000000 
294.0000000 2000.0000000 0.0000000 
295.0000000 2000.0000000 0.0000000 
296.0000000 2000.0000000 0.0000000 
297.0000000 2000.0000000 0.0000000 
298.0000000 2000.0000000 0.0000000 
299.0000000 2000.0000000 0.0000000 
300.0000000 2000.0000000 0.0000000 
301.0000000 2000.0000000 0.0000000 
302.0000000 2000.0000000 0.0000000 
303.0000000 2000.0000000 0.0000000 
304.0000000 2000.0000000 0.0000000 
305.0000000 2000.0000000 0.0000000 
306.0000000 2000.0000000 0.0000000 
307.0000000 2000.0000000 0.0000000 
308.0000000 2000.0000000 0.0000000 
309.0000000 2000.0000000 0.0000000 
310.0000000 2000.0000000 0.0000000 
311.0000000 2000.0000000 0.0000000 
312.0000000 2000.0000000 0.0000000 
313.0000000 2000.0000000 0.0000000 
314.0000000 2000.0000000 0.0000000 
315.0000000 2000.0000000 0.0000000 
316.0000000 2000.0000000 0.0000000 
317.0000000 2000.0000000 0.0000000 
318.0000000 2000.0000000 0.0000000 
319.0000000 2000.0000000 0.0000000 
320.0000000 2000.0000000 0.0000000 
321.0000000 2000.0000000 0.0000000 
322.0000000 2000.0000000 0.0000000 
323.0000000 2000.0000000 0.0000000 
324.0000000 2000.0000000 0.0000000 
325.0000000 2000.0000000 0.0000000 
326.0000000 2000.0000000 0.0000000 
327.0000000 2000.0000000 0.0000000 
328.0000000 2000.0000000 0.0000000 
329.0000000 2000.0000000 0.0000000 
330.0000000 2000.0000000 0.0000000 
331.0000000 2000.0000000 0.0000000 
332.0000000 2000.0000000 0.0000000 
333.0000000 2000.0000000 0.0000000 
334.0000000 2000.0000000 0.0000000 
335.0000000 2000.0000000 0.0000000 
336.0000000 2000.0000000 0.0000000 
337.0000000 2000.0000000 0.0000000 
338.0000000 2000.0000000 0.0000000 
339.0000000 2000.0000000 0.0000000 
340.0000000 2000.0000000 0.0000000 
341.0000000 2000.0000000 0.0000000 
342.0000000 2000.0000000 0.0000000 
343.0000000 2000.0000000 0.0000000 
344.0000000 2000.0000000 0.0000000 
345.0000000 2000.0000000 0.0000000 
346.0000000 2000.0000000 0.0000000 
347.0000000 2000.0000000 0.0000000 
348.0000000 2000.0000000 0.0000000 
349.0000000 2000.0000000 0.0000000 
350.0000000 2000.0000000 0.0000000 
351.0000000 2000.0000000 0.0000000 
352.0000000 2000.0000000 0.0000000 
353.0000000 2000.0000000 0.0000000 
354.0000000 2000.0000000 0.0000000 
355.0000000 2000.0000000 0.0000000 
356.0000000 2000.0000000 0.0000000 
357.0000000 2000.0000000 0.0000000 
358.0000000 2000.0000000 0.0000000 
359.0000000 2000.0000000 0.0000000 
360.0000000 2000.0000000 0.0000000 
361.0000000 2000.0000000 0.0000000 
362.0000000 2000.0000000 0.0000000 
363.0000000 2000.0000000 0.0000000 
364.0000000 2000.0000000 0.0000000 
365.0000000 2000.0000000 0.0000000 
366.0000000 2000.0000000 0.0000000 
367.0000000 2000.0000000 0.0000000 
368.0000000 2000.0000000 0.0000000 
369.0000000 2000.0000000 0.0000000 
370.0000000 2000.0000000 0.0000000 
371.0000000 2000.0000000 0.0000000 
372.0000000 2000.0000000 0.0000000 
373.0000000 2000.0000000 0.0000000 
374.0000000 2000.0000000 0.0000000 
375.0000000 2000.0000000 0.0000000 
376.0000000 2000.0000000 0.0000000 
377.0000000 2000.0000000 0.0000000 
378.0000000 2000.0000000 0.0000000 
379.0000000 2000.0000000 0.0000000 
380.0000000 2000.0000000 0.0000000 
381.0000000 2000.0000000 0.0000000 
382.0000000 2000.0000000 0.0000000 
383.0000000 2000.0000000 0.0000000 
384.0000000 2000.0000000 0.0000000 
385.0000000 2000.0000000 0.0000000 
386.0000000 2000.0000000 0.0000000 
387.0000000 2000.0000000 0.0000000 
388.0000000 2000.0000000 0.0000000 
389.0000000 2000.0000000 0.0000000 
390.0000000 2000.0000000 0.0000000 
391.0000000 2000.0000000 0.0000000 
392.0000000 2000.0000000 0.0000000 
393.0000000 2000.0000000 0.0000000 
394.0000000 2000.0000000 0.0000000 
395.0000000 2000.0000000 0.0000000 
396.0000000 2000.0000000 0.0000000 
397.0000000 2000.0000000 0.0000000 
398.0000000 2000.0000000 0.0000000 
399.0000000 2000.0000000 0.0000000 
400.0000000 2000.0000000 0.0000000 
401.0000000 2000.0000000 0.0000000 
402.0000000 2000.0000000 0.0000000 
403.0000000 2000.0000000 0.0000000 
404.0000000 2000.0000000 0.0000000 
405.0000000 2000.0000000 0.0000000 
406.0000000 2000.0000000 0.0000000 
407.0000000 2000.0000000 0.0000000 
408.0000000 2000.0000000 0.0000000 
409.0000000 2000.0000000 0.0000000 
410.0000000 2000.0000000 0.0000000 
411.0000000 2000.0000000 0.0000000 
412.0000000 2000.0000000 0.0000000 
413.0000000 2000.0000000 0.0000000 
414.0000000 2000.0000000 0.0000000 
415.0000000 2000.0000000 0.0000000 
416.0000000 2000.0000000 0.0000000 
417.0000000 2000.0000000 0.0000000 
418.0000000 2000.0000000 0.0000000 
419.0000000 2000.0000000 0.0000000 
420.0000000 2000.0000000 0.0000000 
421.0000000 2000.0000000 0.0000000 
422.0000000 2000.0000000 0.0000000 
423.0000000 2000.0000000 0.0000000 
424.0000000 2000.0000000 0.0000000 
425.0000000 2000.0000000 0.0000000 
426.0000000 2000.0000000 0.0000000 
427.0000000 2000.0000000 0.0000000 
428.0000000 2000.0000000 0.0000000 
429.0000000 2000.0000000 0.0000000 
430.0000000 2000.0000000 0.0000000 
431.0000000 2000.0000000 0.0000000 
432.0000000 2000.0000000 0.0000000 
433.0000000 2000.0000000 0.0000000 
434.0000000 2000.0000000 0.0000000 
435.0000000 2000.0000000 0.0000000 
436.0000000 2000.0000000 0.0000000 
437.0000000 2000.0000000 0.0000000 
438.0000000 2000.0000000 0.0000000 
439.0000000 2000.0000000 0.0000000 
440.0000000 2000.0000000 0.0000000 
441.0000000 2000.0000000 0.0000000 
442.0000000 2000.0000000 0.0000000 
443.0000000 2000.0000000 0.0000000 
444.0000000 2000.0000000 0.0000000 
445.0000000 2000.0000000 0.0000000 
446.0000000 2000.0000000 0.0000000 
447.0000000 2000.0000000 0.0000000 
448.0000000 2000.0000000 0.0000000 
449.0000000 2000.0000000 0.0000000 
450.0000000 2000.0000000 0.0000000 
451.0000000 2000.0000000 0.0000000 
452.0000000 2000.0000000 0.0000000 
453.0000000 2000.0000000 0.0000000 
454.0000000 2000.0000000 0.0000000 
455.0000000 2000.0000000 0.0000000 
456.0000000 2000.0000000 0.0000000 
457.0000000 2000.0000000 0.0000000 
458.0000000 2000.0000000 0.0000000 
459.0000000 2000.0000000 0.0000000 
460.0000000 2000.0000000 0.0000000 
461.0000000 2000.0000000 0.0000000 
462.0000000 2000.0000000 0.0000000 
463.0000000 2000.0000000 0.0000000 
464.0000000 2000.0000000 0.0000000 
465.0000000 2000.0000000 0.0000000 
466.0000000 2000.0000000 0.0000000 
467.0000000 2000.0000000 0.0000000 
468.0000000 2000.0000000 0.0000000 
469.0000000 2000.0000000 0.0000000 
470.0000000 2000.0000000 0.0000000 
471.0000000 2000.0000000 0.0000000 
472.0000000 2000.0000000 0.0000000 
473.0000000 2000.0000000 0.0000000 
474.0000000 2000.0000000 0.0000000 
475.0000000 2000.0000000 0.0000000 
476.0000000 2000.0000000 0.0000000 
477.0000000 2000.0000000 0.0000000 
478.0000000 2000.0000000 0.0000000 
479.0000000 2000.0000000 0.0000000 
480.0000000 2000.0000000 0.0000000 
481.0000000 2000.0000000 0.0000000 
482.0000000 2000.0000000 0.0000000 
483.0000000 2000.0000000 0.0000000 
484.0000000 2000.0000000 0.0000000 
485.0000000 2000.0000000 0.0000000 
486.0000000 2000.0000000 0.0000000 
487.0000000 2000.0000000 0.0000000 
488.0000000 2000.0000000 0.0000000 
489.0000000 2000.0000000 0.0000000 
490.0000000 2000.0000000 0.0000000 
491.0000000 2000.0000000 0.0000000 
492.0000000 2000.0000000 0.0000000 
493.0000000 2000.0000000 0.0000000 
494.0000000 2000.0000000 0.0000000 
495.0000000 2000.0000000 0.0000000 
496.0000000 2000.0000000 0.0000000 
497.0000000 2000.0000000 0.0000000 
498.0000000 2000.0000000 0.0000000 
499.0000000 2000.0000000 0.0000000 
500.0000000 2000.0000000 0.0000000 
501.0000000 2000.0000000 0.0000000 
502.0000000 2000.0000000 0.0000000 
503.0000000 2000.0000000 0.0000000 
504.0000000 2000.0000000 0.0000000 
505.0000000 2000.0000000 0.0000000 
506.0000000 2000.0000000 0.0000000 
507.0000000 2000.0000000 0.0000000 
508.0000000 2000.0000000 0.0000000 
509.0000000 2000.0000000 0.0000000 
510.0000000 2000.0000000 0.0000000 
511.0000000 2000.0000000 0.0000000 
512.0000000 2000.0000000 0.0000000 
513.0000000 2000.0000000 0.0000000 
514.0000000 2000.0000000 0.0000000 
515.0000000 2000.0000000 0.0000000 
516.0000000 2000.0000000 0.0000000 
517.0000000 2000.0000000 0.0000000 
518.0000000 2000.0000000 0.0000000 
519.0000000 2000.0000000 0.0000000 
520.0000000 2000.0000000 0.0000000 
521.0000000 2000.0000000 0.0000000 
522.0000000 2000.0000000 0.0000000 
523.0000000 2000.0000000 0.0000000 
524.0000000 2000.0000000 0.0000000 
525.0000000 2000.0000000 0.0000000 
526.0000000 2000.0000000 0.0000000 
527.0000000 2000.0000000 0.0000000 
528.0000000 2000.0000000 0.0000000 
529.0000000 2000.0000000 0.0000000 
530.0000000 2000.0000000 0.0000000 
531.0000000 2000.0000000 0.0000000 
532.0000000 2000.0000000 0.0000000 
533.0000000 2000.0000000 0.0000000 
534.0000000 2000.0000000 0.0000000 
535.0000000 2000.0000000 0.0000000 
536.0000000 2000.0000000 0.0000000 
537.0000000 2000.0000000 0.0000000 
538.0000000 2000.0000000 0.0000000 
539.0000000 2000.0000000 0.0000000 
540.0000000 2000.0000000 0.0000000 
541.0000000 2000.0000000 0.0000000 
542.0000000 2000.0000000 0.0000000 
543.0000000 2000.0000000 0.0000000 
544.0000000 2000.0000000 0.0000000 
545.0000000 2000.0000000 0.0000000 
546.0000000 2000.0000000 0.0000000 
547.0000000 2000.0000000 0.0000000 
548.0000000 2000.0000000 0.0000000 
549.0000000 2000.0000000 0.0000000 
550.0000000 2000.0000000 0.0000000 
551.0000000 2000.0000000 0.0000000 
552.0000000 2000.0000000 0.0000000 
553.0000000 2000.0000000 0.0000000 
554.0000000 2000.0000000 0.0000000 
555.0000000 2000.0000000 0.0000000 
556.0000000 2000.0000000 0.0000000 
557.0000000 2000.0000000 0.0000000 
558.0000000 2000.0000000 0.0000000 
559.0000000 2000.0000000 0.0000000 
560.0000000 2000.0000000 0.0000000 
561.0000000 2000.0000000 0.0000000 
562.0000000 2000.0000000 0.0000000 
563.0000000 2000.0000000 0.0000000 
564.0000000 2000.0000000 0.0000000 
565.0000000 2000.0000000 0.0000000 
566.0000000 2000.0000000 0.0000000 
567.0000000 2000.0000000 0.0000000 
568.0000000 2000.0000000 0.0000000 
569.0000000 2000.0000000 0.0000000 
570.0000000 2000.0000000 0.0000000 
571.0000000 2000.0000000 0.0000000 
572.0000000 2000.0000000 0.0000000 
573.0000000 2000.0000000 0.0000000 
574.0000000 2000.0000000 0.0000000 
575.0000000 2000.0000000 0.0000000 
576.0000000 2000.0000000 0.0000000 
577.0000000 2000.0000000 0.0000000 
578.0000000 2000.0000000 0.0000000 
579.0000000 2000.0000000 0.0000000 
580.0000000 2000.0000000 0.0000000 
581.0000000 2000.0000000 0.0000000 
582.0000000 2000.0000000 0.0000000 
583.0000000 2000.0000000 0.0000000 
584.0000000 2000.0000000 0.0000000 
585.0000000 2000.0000000 0.0000000 
586.0000000 2000.0000000 0.0000000 
587.0000000 2000.0000000 0.0000000 
588.0000000 2000.0000000 0.0000000 
589.0000000 2000.0000000 0.0000000 
590.0000000 2000.0000000 0.0000000 
591.0000000 2000.0000000 0.0000000 
592.0000000 2000.0000000 0.0000000 
593.0000000 2000.0000000 0.0000000 
594.0000000 2000.0000000 0.0000000 
595.0000000 2000.0000000 0.0000000 
596.0000000 2000.0000000 0.0000000 
597.0000000 2000.0000000 0.0000000 
598.0000000 2000.0000000 0.0000000 
599.0000000 2000.0000000 0.0000000 
600.0000000 2000.0000000 0.0000000 
601.0000000 2000.0000000 0.0000000 
602.0000000 2000.0000000 0.0000000 
603.0000000 2000.0000000 0.0000000 
604.0000000 2000.0000000 0.0000000 
605.0000000 2000.0000000 0.0000000 
606.0000000 2000.0000000 0.0000000 
607.0000000 2000.0000000 0.0000000 
608.0000000 2000.0000000 0.0000000 
609.0000000 2000.0000000 0.0000000 
610.0000000 2000.0000000 0.0000000 
611.0000000 2000.0000000 0.0000000 
612.0000000 2000.0000000 0.0000000 
613.0000000 2000.0000000 0.0000000 
614.0000000 2000.0000000 0.0000000 
615.0000000 2000.0000000 0.0000000 
616.0000000 2000.0000000 0.0000000 
617.0000000 2000.0000000 0.0000000 
618.0000000 2000.0000000 0.0000000 
619.0000000 2000.0000000 0.0000000 
620.0000000 2000.0000000 0.0000000 
621.0000000 2000.0000000 0.0000000 
622.0000000 2000.0000000 0.0000000 
623.0000000 2000.0000000 0.0000000 
624.0000000 2000.0000000 0.0000000 
625.0000000 2000.0000000 0.0000000 
626.0000000 2000.0000000 0.0000000 
627.0000000 2000.0000000 0.0000000 
628.0000000 2000.0000000 0.0000000 
629.0000000 2000.0000000 0.0000000 
630.0000000 2000.0000000 0.0000000 
631.0000000 2000.0000000 0.0000000 
632.0000000 2000.0000000 0.0000000 
633.0000000 2000.0000000 0.0000000 
634.0000000 2000.0000000 0.0000000 
635.0000000 2000.0000000 0.0000000 
636.0000000 2000.0000000 0.0000000 
637.0000000 2000.0000000 0.0000000 
638.0000000 2000.0000000 0.0000000 
639.0000000 2000.0000000 0.0000000 
640.0000000 2000.0000000 0.0000000 
641.0000000 2000.0000000 0.0000000 
642.0000000 2000.0000000 0.0000000 
643.0000000 2000.0000000 0.0000000 
644.0000000 2000.0000000 0.0000000 
645.0000000 2000.0000000 0.0000000 
646.0000000 2000.0000000 0.0000000 
647.0000000 2000.0000000 0.0000000 
648.0000000 2000.0000000 0.0000000 
649.0000000 2000.0000000 0.0000000 
650.0000000 2000.0000000 0.0000000 
651.0000000 2000.0000000 0.0000000 
652.0000000 2000.0000000 0.0000000 
653.0000000 2000.0000000 0.0000000 
654.0000000 2000.0000000 0.0000000 
655.0000000 2000.0000000 0.0000000 
656.0000000 2000.0000000 0.0000000 
657.0000000 2000.0000000 0.0000000 
658.0000000 2000.0000000 0.0000000 
659.0000000 2000.0000000 0.0000000 
660.0000000 2000.0000000 0.0000000 
661.0000000 2000.0000000 0.0000000 
662.0000000 2000.0000000 0.0000000 
663.0000000 2000.0000000 0.0000000 
664.0000000 2000.0000000 0.0000000 
665.0000000 2000.0000000 0.0000000 
666.0000000 2000.0000000 0.0000000 
667.0000000 2000.0000000 0.0000000 
668.0000000 2000.0000000 0.0000000 
669.0000000 2000.0000000 0.0000000 
670.0000000 2000.0000000 0.0000000 
671.0000000 2000.0000000 0.0000000 
672.0000000 2000.0000000 0.0000000 
673.0000000 2000.0000000 0.0000000 
674.0000000 2000.0000000 0.0000000 
675.0000000 2000.0000000 0.0000000 
676.0000000 2000.0000000 0.0000000 
677.0000000 2000.0000000 0.0000000 
678.0000000 2000.0000000 0.0000000 
679.0000000 2000.0000000 0.0000000 
680.0000000 2000.0000000 0.0000000 
681.0000000 2000.0000000 0.0000000 
682.0000000 2000.0000000 0.0000000 
683.0000000 2000.0000000 0.0000000 
684.0000000 2000.0000000 0.0000000 
685.0000000 2000.0000000 0.0000000 
686.0000000 2000.0000000 0.0000000 
687.0000000 2000.0000000 0.0000000 
688.0000000 2000.0000000 0.0000000 
689.0000000 2000.0000000 0.0000000 
690.0000000 2000.0000000 0.0000000 
691.0000000 2000.0000000 0.0000000 
692.0000000 2000.0000000 0.0000000 
693.0000000 2000.0000000 0.0000000 
694.0000000 2000.0000000 0.0000000 
695.0000000 2000.0000000 0.0000000 
696.0000000 2000.0000000 0.0000000 
697.0000000 2000.0000000 0.0000000 
698.0000000 2000.0000000 0.0000000 
699.0000000 2000.0000000 0.0000000 
700.0000000 2000.0000000 0.0000000 
701.0000000 2000.0000000 0.0000000 
702.0000000 2000.0000000 0.0000000 
703.0000000 2000.0000000 0.0000000 
704.0000000 2000.0000000 0.0000000 
705.0000000 2000.0000000 0.0000000 
706.0000000 2000.0000000 0.0000000 
707.0000000 2000.0000000 0.0000000 
708.0000000 2000.0000000 0.0000000 
709.0000000 2000.0000000 0.0000000 
710.0000000 2000.0000000 0.0000000 
711.0000000 2000.0000000 0.0000000 
712.0000000 2000.0000000 0.0000000 
713.0000000 2000.0000000 0.0000000 
714.0000000 2000.0000000 0.0000000 
715.0000000 2000.0000000 0.0000000 
716.0000000 2000.0000000 0.0000000 
717.0000000 2000.0000000 0.0000000 
718.0000000 2000.0000000 0.0000000 
719.0000000 2000.0000000 0.0000000 
720.0000000 2000.0000000 0.0000000 
721.0000000 2000.0000000 0.0000000 
722.0000000 2000.0000000 0.0000000 
723.0000000 2000.0000000 0.0000000 
724.0000000 2000.0000000 0.0000000 
725.0000000 2000.0000000 0.0000000 
726.0000000 2000.0000000 0.0000000 
727.0000000 2000.0000000 0.0000000 
728.0000000 2000.0000000 0.0000000 
729.0000000 2000.0000000 0.0000000 
730.0000000 2000.0000000 0.0000000 
731.0000000 2000.0000000 0.0000000 
732.0000000 2000.0000000 0.0000000 
733.0000000 2000.0000000 0.0000000 
734.0000000 2000.0000000 0.0000000 
735.0000000 2000.0000000 0.0000000 
736.0000000 2000.0000000 0.0000000 
737.0000000 2000.0000000 0.0000000 
738.0000000 2000.0000000 0.0000000 
739.0000000 2000.0000000 0.0000000 
740.0000000 2000.0000000 0.0000000 
741.0000000 2000.0000000 0.0000000 
742.0000000 2000.0000000 0.0000000 
743.0000000 2000.0000000 0.0000000 
744.0000000 2000.0000000 0.0000000 
745.0000000 2000.0000000 0.0000000 
746.0000000 2000.0000000 0.0000000 
747.0000000 2000.0000000 0.0000000 
748.0000000 2000.0000000 0.0000000 
749.0000000 2000.0000000 0.0000000 
750.0000000 2000.0000000 0.0000000 
751.0000000 2000.0000000 0.0000000 
752.0000000 2000.0000000 0.0000000 
753.0000000 2000.0000000 0.0000000 
754.0000000 2000.0000000 0.0000000 
755.0000000 2000.0000000 0.0000000 
756.0000000 2000.0000000 0.0000000 
757.0000000 2000.0000000 0.0000000 
758.0000000 2000.0000000 0.0000000 
759.0000000 2000.0000000 0.0000000 
760.0000000 2000.0000000 0.0000000 
761.0000000 2000.0000000 0.0000000 
762.0000000 2000.0000000 0.0000000 
763.0000000 2000.0000000 0.0000000 
764.0000000 2000.0000000 0.0000000 
765.0000000 2000.0000000 0.0000000 
766.0000000 2000.0000000 0.0000000 
767.0000000 2000.0000000 0.0000000 
768.0000000 2000.0000000 0.0000000 
769.0000000 2000.0000000 0.0000000 
770.0000000 2000.0000000 0.0000000 
771.0000000 2000.0000000 0.0000000 
772.0000000 2000.0000000 0.0000000 
773.0000000 2000.0000000 0.0000000 
774.0000000 2000.0000000 0.0000000 
775.0000000 2000.0000000 0.0000000 
776.0000000 2000.0000000 0.0000000 
777.0000000 2000.0000000 0.0000000 
778.0000000 2000.0000000 0.0000000 
779.0000000 2000.0000000 0.0000000 
780.0000000 2000.0000000 0.0000000 
781.0000000 2000.0000000 0.0000000 
782.0000000 2000.0000000 0.0000000 
783.0000000 2000.0000000 0.0000000 
784.0000000 2000.0000000 0.0000000 
785.0000000 2000.0000000 0.0000000 
786.0000000 2000.0000000 0.0000000 
787.0000000 2000.0000000 0.0000000 
788.0000000 2000.0000000 0.0000000 
789.0000000 2000.0000000 0.0000000 
790.0000000 2000.0000000 0.0000000 
791.0000000 2000.0000000 0.0000000 
792.0000000 2000.0000000 0.0000000 
793.0000000 2000.0000000 0.0000000 
794.0000000 2000.0000000 0.0000000 
795.0000000 2000.0000000 0.0000000 
796.0000000 2000.0000000 0.0000000 
797.0000000 2000.0000000 0.0000000 
798.0000000 2000.0000000 0.0000000 
799.0000000 2000.0000000 0.0000000 
800.0000000 2000.0000000 0.0000000 
801.0000000 2000.0000000 0.0000000 
802.0000000 2000.0000000 0.0000000 
803.0000000 2000.0000000 0.0000000 
804.0000000 2000.0000000 0.0000000 
805.0000000 2000.0000000 0.0000000 
806.0000000 2000.0000000 0.0000000 
807.0000000 2000.0000000 0.0000000 
808.0000000 2000.0000000 0.0000000 
809.0000000 2000.0000000 0.0000000 
810.0000000 2000.0000000 0.0000000 
811.0000000 2000.0000000 0.0000000 
812.0000000 2000.0000000 0.0000000 
813.0000000 2000.0000000 0.0000000 
814.0000000 2000.0000000 0.0000000 
815.0000000 2000.0000000 0.0000000 
816.0000000 2000.0000000 0.0000000 
817.0000000 2000.0000000 0.0000000 
818.0000000 2000.0000000 0.0000000 
819.0000000 2000.0000000 0.0000000 
820.0000000 2000.0000000 0.0000000 
821.0000000 2000.0000000 0.0000000 
822.0000000 2000.0000000 0.0000000 
823.0000000 2000.0000000 0.0000000 
824.0000000 2000.0000000 0.0000000 
825.0000000 2000.0000000 0.0000000 
826.0000000 2000.0000000 0.0000000 
827.0000000 2000.0000000 0.0000000 
828.0000000 2000.0000000 0.0000000 
829.0000000 2000.0000000 0.0000000 
830.0000000 2000.0000000 0.0000000 
831.0000000 2000.0000000 0.0000000 
832.0000000 2000.0000000 0.0000000 
833.0000000 2000.0000000 0.0000000 
834.0000000 2000.0000000 0.0000000 
835.0000000 2000.0000000 0.0000000 
836.0000000 2000.0000000 0.0000000 
837.0000000 2000.0000000 0.0000000 
838.0000000 2000.0000000 0.0000000 
839.0000000 2000.0000000 0.0000000 
840.0000000 2000.0000000 0.0000000 
841.0000000 2000.0000000 0.0000000 
842.0000000 2000.0000000 0.0000000 
843.0000000 2000.0000000 0.0000000 
844.0000000 2000.0000000 0.0000000 
845.0000000 2000.0000000 0.0000000 
846.0000000 2000.0000000 0.0000000 
847.0000000 2000.0000000 0.0000000 
848.0000000 2000.0000000 0.0000000 
849.0000000 2000.0000000 0.0000000 
850.0000000 2000.0000000 0.0000000 
851.0000000 2000.0000000 0.0000000 
852.0000000 2000.0000000 0.0000000 
853.0000000 2000.0000000 0.0000000 
854.0000000 2000.0000000 0.0000000 
855.0000000 2000.0000000 0.0000000 
856.0000000 2000.0000000 0.0000000 
857.0000000 2000.0000000 0.0000000 
858.0000000 2000.0000000 0.0000000 
859.0000000 2000.0000000 0.0000000 
860.0000000 2000.0000000 0.0000000 
861.0000000 2000.0000000 0.0000000 
862.0000000 2000.0000000 0.0000000 
863.0000000 2000.0000000 0.0000000 
864.0000000 2000.0000000 0.0000000 
865.0000000 2000.0000000 0.0000000 
866.0000000 2000.0000000 0.0000000 
867.0000000 2000.0000000 0.0000000 
868.0000000 2000.0000000 0.0000000 
869.0000000 2000.0000000 0.0000000 
870.0000000 2000.0000000 0.0000000 
871.0000000 2000.0000000 0.0000000 
872.0000000 2000.0000000 0.0000000 
873.0000000 2000.0000000 0.0000000 
874.0000000 2000.0000000 0.0000000 
875.0000000 2000.0000000 0.0000000 
876.0000000 2000.0000000 0.0000000 
877.0000000 2000.0000000 0.0000000 
878.0000000 2000.0000000 0.0000000 
879.0000000 2000.0000000 0.0000000 
880.0000000 2000.0000000 0.0000000 
881.0000000 2000.0000000 0.0000000 
882.0000000 2000.0000000 0.0000000 
883.0000000 2000.0000000 0.0000000 
884.0000000 2000.0000000 0.0000000 
885.0000000 2000.0000000 0.0000000 
886.0000000 2000.0000000 0.0000000 
887.0000000 2000.0000000 0.0000000 
888.0000000 2000.0000000 0.0000000 
889.0000000 2000.0000000 0.0000000 
890.0000000 2000.0000000 0.0000000 
891.0000000 2000.0000000 0.0000000 
892.0000000 2000.0000000 0.0000000 
893.0000000 2000.0000000 0.0000000 
894.0000000 2000.0000000 0.0000000 
895.0000000 2000.0000000 0.0000000 
896.0000000 2000.0000000 0.0000000 
897.0000000 2000.0000000 0.0000000 
898.0000000 2000.0000000 0.0000000 
899.0000000 2000.0000000 0.0000000 
900.0000000 2000.0000000 0.0000000 
901.0000000 1997.7777778 -2.2222222 
902.0000000 1995.5555556 -4.4444444 
903.0000000 1993.3333333 -6.6666667 
904.0000000 1991.1111111 -8.8888889 
905.0000000 1988.8888889 -11.1111111 
906.0000000 1986.6666667 -13.3333333 
907.0000000 1984.4444444 -15.5555556 
908.0000000 1982.2222222 -17.7777778 
909.0000000 1980.0000000 -20.0000000 
910.0000000 1977.7777778 -22.2222222 
911.0000000 1975.5555556 -24.4444444 
912.0000000 1973.3333333 -26.6666667 
913.0000000 1971.1111111 -28.8888889 
914.0000000 1968.8888889 -31.1111111 
915.0000000 1966.6666667 -33.3333333 
916.0000000 1964.4444444 -35.5555556 
917.0000000 1962.2222222 -37.7777778 
918.0000000 1960.0000000 -40.0000000 
919.0000000 1957.7777778 -42.2222222 
920.0000000 1955.5555556 -44.4444444 
921.0000000 1953.3333333 -46.6666667 
922.0000000 1951.1111111 -48.8888889 
923.0000000 1948.8888889 -51.1111111 
924.0000000 1946.6666667 -53.3333333 
925.0000000 1944.4444444 -55.5555556 
926.0000000 1942.2222222 -57.7777778 
927.0000000 1940.0000000 -60.0000000 
928.0000000 1937.7777778 -62.2222222 
929.0000000 1935.5555556 -64.4444444 
930.0000000 1933.3333333 -66.6666667 
931.0000000 1931.1111111 -68.8888889 
932.0000000 1928.8888889 -71.1111111 
933.0000000 1926.6666667 -73.3333333 
934.0000000 1924.4444444 -75.5555556 
935.0000000 1922.2222222 -77.7777778 
936.0000000 1920.0000000 -80.0000000 
937.0000000 1917.7777778 -82.2222222 
938.0000000 1915.5555556 -84.4444444 
939.0000000 1913.3333333 -86.6666667 
940.0000000 1911.1111111 -88.8888889 
941.0000000 1908.8888889 -91.1111111 
942.0000000 1906.6666667 -93.3333333 
943.0000000 1904.4444444 -95.5555556 
944.0000000 1902.2222222 -97.7777778 
945.0000000 1900.0000000 -100.0000000 
946.0000000 1897.7777778 -102.2222222 
947.0000000 1895.5555556 -104.4444444 
948.0000000 1893.3333333 -106.6666667 
949.0000000 1891.1111111 -108.8888889 
950.0000000 1888.8888889 -111.1111111 
951.0000000 1886.6666667 -113.3333333 
952.0000000 1884.4444444 -115.5555556 
953.0000000 1882.2222222 -117.7777778 
954.0000000 1880.0000000 -120.0000000 
955.0000000 1877.7777778 -122.2222222 
956.0000000 1875.5555556 -124.4444444 
957.0000000 1873.3333333 -126.6666667 
958.0000000 1871.1111111 -128.8888889 
959.0000000 1868.8888889 -131.1111111 
960.0000000 1866.6666667 -133.3333333 
961.0000000 1864.4444444 -135.5555556 
962.0000000 1862.2222222 -137.7777778 
963.0000000 1860.0000000 -140.0000000 
964.0000000 1857.7777778 -142.2222222 
965.0000000 1855.5555556 -144.4444444 
966.0000000 1853.3333333 -146.6666667 
967.0000000 1851.1111111 -148.8888889 
968.0000000 1848.8888889 -151.1111111 
969.0000000 1846.6666667 -153.3333333 
970.0000000 1844.4444444 -155.5555556 
971.0000000 1842.2222222 -157.7777778 
972.0000000 1840.0000000 -160.0000000 
973.0000000 1837.7777778 -162.2222222 
974.0000000 1835.5555556 -164.4444444 
975.0000000 1833.3333333 -166.6666667 
976.0000000 1831.1111111 -168.8888889 
977.0000000 1828.8888889 -171.1111111 
978.0000000 1826.6666667 -173.3333333 
979.0000000 1824.4444444 -175.5555556 
980.0000000 1822.2222222 -177.7777778 
981.0000000 1820.0000000 -180.0000000 
982.0000000 1817.7777778 -182.2222222 
983.0000000 1815.5555556 -184.4444444 
984.0000000 1813.3333333 -186.6666667 
985.0000000 1811.1111111 -188.8888889 
986.0000000 1808.8888889 -191.1111111 
987.0000000 1806.6666667 -193.3333333 
988.0000000 1804.4444444 -195.5555556 
989.0000000 1802.2222222 -197.7777778 
990.0000000 1800.0000000 -200.0000000 
991.0000000 1797.7777778 -202.2222222 
992.0000000 1795.5555556 -204.4444444 
993.0000000 1793.3333333 -206.6666667 
994.0000000 1791.1111111 -208.8888889 
995.0000000 1788.8888889 -211.1111111 
996.0000000 1786.6666667 -213.3333333 
997.0000000 1784.4444444 -215.5555556 
998.0000000 1782.2222222 -217.7777778 
999.0000000 1780.0000000 -220.0000000 
1000.0000000 1777.7777778 -222.2222222 
1001.0000000 1775.5555556 -224.4444444 
1002.0000000 1773.3333333 -226.6666667 
1003.0000000 1771.1111111 -228.8888889 
1004.0000000 1768.8888889 -231.1111111 
1005.0000000 1766.6666667 -233.3333333 
1006.0000000 1764.4444444 -235.5555556 
1007.0000000 1762.2222222 -237.7777778 
1008.0000000 1760.0000000 -240.0000000 
1009.0000000 1757.7777778 -242.2222222 
1010.0000000 1755.5555556 -244.4444444 
1011.0000000 1753.3333333 -246.6666667 
1012.0000000 1751.1111111 -248.8888889 
1013.0000000 1748.8888889 -251.1111111 
1014.0000000 1746.6666667 -253.3333333 
1015.0000000 1744.4444444 -255.5555556 
1016.0000000 1742.2222222 -257.7777778 
1017.0000000 1740.0000000 -260.0000000 
1018.0000000 1737.7777778 -262.2222222 
1019.0000000 1735.5555556 -264.4444444 
1020.0000000 1733.3333333 -266.6666667 
1021.0000000 1731.1111111 -268.8888889 
1022.0000000 1728.8888889 -271.1111111 
1023.0000000 1726.6666667 -273.3333333 
1024.0000000 1724.4444444 -275.5555556 
1025.0000000 1722.2222222 -277.7777778 
1026.0000000 1720.0000000 -280.0000000 
1027.0000000 1717.7777778 -282.2222222 
1028.0000000 1715.5555556 -284.4444444 
1029.0000000 1713.3333333 -286.6666667 
1030.0000000 1711.1111111 -288.8888889 
1031.0000000 1708.8888889 -291.1111111 
1032.0000000 1706.6666667 -293.3333333 
1033.0000000 1704.4444444 -295.5555556 
1034.0000000 1702.2222222 -297.7777778 
1035.0000000 1700.0000000 -300.0000000 
1036.0000000 1697.7777778 -302.2222222 
1037.0000000 1695.5555556 -304.4444444 
1038.0000000 1693.3333333 -306.6666667 
1039.0000000 1691.1111111 -308.8888889 
1040.0000000 1688.8888889 -311.1111111 
1041.0000000 1686.6666667 -313.3333333 
1042.0000000 1684.4444444 -315.5555556 
1043.0000000 1682.2222222 -317.7777778 
1044.0000000 1680.0000000 -320.0000000 
1045.0000000 1677.7777778 -322.2222222 
1046.0000000 1675.5555556 -324.4444444 
1047.0000000 1673.3333333 -326.6666667 
1048.0000000 1671.1111111 -328.8888889 
1049.0000000 1668.8888889 -331.1111111 
1050.0000000 1666.6666667 -333.3333333 
1051.0000000 1664.4444444 -335.5555556 
1052.0000000 1662.2222222 -337.7777778 
1053.0000000 1660.0000000 -340.0000000 
1054.0000000 1657.7777778 -342.2222222 
1055.0000000 1655.5555556 -344.4444444 
1056.0000000 1653.3333333 -346.6666667 
1057.0000000 1651.1111111 -348.8888889 
1058.0000000 1648.8888889 -351.1111111 
1059.0000000 1646.6666667 -353.3333333 
1060.0000000 1644.4444444 -355.5555556 
1061.0000000 1642.2222222 -357.7777778 
1062.0000000 1640.0000000 -360.0000000 
1063.0000000 1637.7777778 -362.2222222 
1064.0000000 1635.5555556 -364.4444444 
1065.0000000 1633.3333333 -366.6666667 
1066.0000000 1631.1111111 -368.8888889 
1067.0000000 1628.8888889 -371.1111111 
1068.0000000 1626.6666667 -373.3333333 
1069.0000000 1624.4444444 -375.5555556 
1070.0000000 1622.2222222 -377.7777778 
1071.0000000 1620.0000000 -380.0000000 
1072.0000000 1617.7777778 -382.2222222 
1073.0000000 1615.5555556 -384.4444444 
1074.0000000 1613.3333333 -386.6666667 
1075.0000000 1611.1111111 -388.8888889 
1076.0000000 1608.8888889 -391.1111111 
1077.0000000 1606.6666667 -393.3333333 
1078.0000000 1604.4444444 -395.5555556 
1079.0000000 1602.2222222 -397.7777778 
1080.0000000 1600.0000000 -400.0000000 
1081.0000000 1597.7777778 -402.2222222 
1082.0000000 1595.5555556 -404.4444444 
1083.0000000 1593.3333333 -406.6666667 
1084.0000000 1591.1111111 -408.8888889 
1085.0000000 1588.8888889 -411.1111111 
1086.0000000 1586.6666667 -413.3333333 
1087.0000000 1584.4444444 -415.5555556 
1088.0000000 1582.2222222 -417.7777778 
1089.0000000 1580.0000000 -420.0000000 
1090.0000000 1577.7777778 -422.2222222 
1091.0000000 1575.5555556 -424.4444444 
1092.0000000 1573.3333333 -426.6666667 
1093.0000000 1571.1111111 -428.8888889 
1094.0000000 1568.8888889 -431.1111111 
1095.0000000 1566.6666667 -433.3333333 
1096.0000000 1564.4444444 -435.5555556 
1097.0000000 1562.2222222 -437.7777778 
1098.0000000 1560.0000000 -440.0000000 
1099.0000000 1557.7777778 -442.2222222 
1100.0000000 1555.5555556 -444.4444444 
1101.0000000 1553.3333333 -446.6666667 
1102.0000000 1551.1111111 -448.8888889 
1103.0000000 1548.8888889 -451.1111111 
1104.0000000 1546.6666667 -453.3333333 
1105.0000000 1544.4444444 -455.5555556 
1106.0000000 1542.2222222 -457.7777778 
1107.0000000 1540.0000000 -460.0000000 
1108.0000000 1537.7777778 -462.2222222 
1109.0000000 1535.5555556 -464.4444444 
1110.0000000 1533.3333333 -466.6666667 
1111.0000000 1531.1111111 -468.8888889 
1112.0000000 1528.8888889 -471.1111111 
1113.0000000 1526.6666667 -473.3333333 
1114.0000000 1524.4444444 -475.5555556 
1115.0000000 1522.2222222 -477.7777778 
1116.0000000 1520.0000000 -480.0000000 
1117.0000000 1517.7777778 -482.2222222 
1118.0000000 1515.5555556 -484.4444444 
1119.0000000 1513.3333333 -486.6666667 
1120.0000000 1511.1111111 -488.8888889 
1121.0000000 1508.8888889 -491.1111111 
1122.0000000 1506.6666667 -493.3333333 
1123.0000000 1504.4444444 -495.5555556 
1124.0000000 1502.2222222 -497.7777778 
1125.0000000 1500.0000000 -500.0000000 
1126.0000000 1497.7777778 -502.2222222 
1127.0000000 1495.5555556 -504.4444444 
1128.0000000 1493.3333333 -506.6666667 
1129.0000000 1491.1111111 -508.8888889 
1130.0000000 1488.8888889 -511.1111111 
1131.0000000 1486.6666667 -513.3333333 
1132.0000000 1484.4444444 -515.5555556 
1133.0000000 1482.2222222 -517.7777778 
1134.0000000 1480.0000000 -520.0000000 
1135.0000000 1477.7777778 -522.2222222 
1136.0000000 1475.5555556 -524.4444444 
1137.0000000 1473.3333333 -526.6666667 
1138.0000000 1471.1111111 -528.8888889 
1139.0000000 1468.8888889 -531.1111111 
1140.0000000 1466.6666667 -533.3333333 
1141.0000000 1464.4444444 -535.5555556 
1142.0000000 1462.2222222 -537.7777778 
1143.0000000 1460.0000000 -540.0000000 
1144.0000000 1457.7777778 -542.2222222 
1145.0000000 1455.5555556 -544.4444444 
1146.0000000 1453.3333333 -546.6666667 
1147.0000000 1451.1111111 -548.8888889 
1148.0000000 1448.8888889 -551.1111111 
1149.0000000 1446.6666667 -553.3333333 
1150.0000000 1444.4444444 -555.5555556 
1151.0000000 1442.2222222 -557.7777778 
1152.0000000 1440.0000000 -560.0000000 
1153.0000000 1437.7777778 -562.2222222 
1154.0000000 1435.5555556 -564.4444444 
1155.0000000 1433.3333333 -566.6666667 
1156.0000000 1431.1111111 -568.8888889 
1157.0000000 1428.8888889 -571.1111111 
1158.0000000 1426.6666667 -573.3333333 
1159.0000000 1424.4444444 -575.5555556 
1160.0000000 1422.2222222 -577.7777778 
1161.0000000 1420.0000000 -580.0000000 
1162.0000000 1417.7777778 -582.2222222 
1163.0000000 1415.5555556 -584.4444444 
1164.0000000 1413.3333333 -586.6666667 
1165.0000000 1411.1111111 -588.8888889 
1166.0000000 1408.8888889 -591.1111111 
1167.0000000 1406.6666667 -593.3333333 
1168.0000000 1404.4444444 -595.5555556 
1169.0000000 1402.2222222 -597.7777778 
1170.0000000 1400.0000000 -600.0000000 
1171.0000000 1397.7777778 -602.2222222 
1172.0000000 1395.5555556 -604.4444444 
1173.0000000 1393.3333333 -606.6666667 
1174.0000000 1391.1111111 -608.8888889 
1175.0000000 1388.8888889 -611.1111111 
1176.0000000 1386.6666667 -613.3333333 
1177.0000000 1384.4444444 -615.5555556 
1178.0000000 1382.2222222 -617.7777778 
1179.0000000 1380.0000000 -620.0000000 
1180.0000000 1377.7777778 -622.2222222 
1181.0000000 1375.5555556 -624.4444444 
1182.0000000 1373.3333333 -626.6666667 
1183.0000000 1371.1111111 -628.8888889 
1184.0000000 1368.8888889 -631.1111111 
1185.0000000 1366.6666667 -633.3333333 
1186.0000000 1364.4444444 -635.5555556 
1187.0000000 1362.2222222 -637.7777778 
1188.0000000 1360.0000000 -640.0000000 
1189.0000000 1357.7777778 -642.2222222 
1190.0000000 1355.5555556 -644.4444444 
1191.0000000 1353.3333333 -646.6666667 
1192.0000000 1351.1111111 -648.8888889 
1193.0000000 1348.8888889 -651.1111111 
1194.0000000 1346.6666667 -653.3333333 
1195.0000000 1344.4444444 -655.5555556 
1196.0000000 1342.2222222 -657.7777778 
1197.0000000 1340.0000000 -660.0000000 
1198.0000000 1337.7777778 -662.2222222 
1199.0000000 1335.5555556 -664.4444444 
1200.0000000 1333.3333333 -666.6666667 
1201.0000000 1331.1111111 -668.8888889 
1202.0000000 1328.8888889 -671.1111111 
1203.0000000 1326.6666667 -673.3333333 
1204.0000000 1324.4444444 -675.5555556 
1205.0000000 1322.2222222 -677.7777778 
1206.0000000 1320.0000000 -680.0000000 
1207.0000000 1317.7777778 -682.2222222 
1208.0000000 1315.5555556 -684.4444444 
1209.0000000 1313.3333333 -686.6666667 
1210.0000000 1311.1111111 -688.8888889 
1211.0000000 1308.8888889 -691.1111111 
1212.0000000 1306.6666667 -693.3333333 
1213.0000000 1304.4444444 -695.5555556 
1214.0000000 1302.2222222 -697.7777778 
1215.0000000 1300.0000000 -700.0000000 
1216.0000000 1297.7777778 -702.2222222 
1217.0000000 1295.5555556 -704.4444444 
1218.0000000 1293.3333333 -706.6666667 
1219.0000000 1291.1111111 -708.8888889 
1220.0000000 1288.8888889 -711.1111111 
1221.0000000 1286.6666667 -713.3333333 
1222.0000000 1284.4444444 -715.5555556 
1223.0000000 1282.2222222 -717.7777778 
1224.0000000 1280.0000000 -720.0000000 
1225.0000000 1277.7777778 -722.2222222 
1226.0000000 1275.5555556 -724.4444444 
1227.0000000 1273.3333333 -726.6666667 
1228.0000000 1271.1111111 -728.8888889 
1229.0000000 1268.8888889 -731.1111111 
1230.0000000 1266.6666667 -733.3333333 
1231.0000000 1264.4444444 -735.5555556 
1232.0000000 1262.2222222 -737.7777778 
1233.0000000 1260.0000000 -740.0000000 
1234.0000000 1257.7777778 -742.2222222 
1235.0000000 1255.5555556 -744.4444444 
1236.0000000 1253.3333333 -746.6666667 
1237.0000000 1251.1111111 -748.8888889 
1238.0000000 1248.8888889 -751.1111111 
1239.0000000 1246.6666667 -753.3333333 
1240.0000000 1244.4444444 -755.5555556 
1241.0000000 1242.2222222 -757.7777778 
1242.0000000 1240.0000000 -760.0000000 
1243.0000000 1237.7777778 -762.2222222 
1244.0000000 1235.5555556 -764.4444444 
1245.0000000 1233.3333333 -766.6666667 
1246.0000000 1231.1111111 -768.8888889 
1247.0000000 1228.8888889 -771.1111111 
1248.0000000 1226.6666667 -773.3333333 
1249.0000000 1224.4444444 -775.5555556 
1250.0000000 1222.2222222 -777.7777778 
1251.0000000 1220.0000000 -780.0000000 
1252.0000000 1217.7777778 -782.2222222 
1253.0000000 1215.5555556 -784.4444444 
1254.0000000 1213.3333333 -786.6666667 
1255.0000000 1211.1111111 -788.8888889 
1256.0000000 1208.8888889 -791.1111111 
1257.0000000 1206.6666667 -793.3333333 
1258.0000000 1204.4444444 -795.5555556 
1259.0000000 1202.2222222 -797.7777778 
1260.0000000 1200.0000000 -800.0000000 
1261.0000000 1197.7777778 -802.2222222 
1262.0000000 1195.5555556 -804.4444444 
1263.0000000 1193.3333333 -806.6666667 
1264.0000000 1191.1111111 -808.8888889 
1265.0000000 1188.8888889 -811.1111111 
1266.0000000 1186.6666667 -813.3333333 
1267.0000000 1184.4444444 -815.5555556 
1268.0000000 1182.2222222 -817.7777778 
1269.0000000 1180.0000000 -820.0000000 
1270.0000000 1177.7777778 -822.2222222 
1271.0000000 1175.5555556 -824.4444444 
1272.0000000 1173.3333333 -826.6666667 
1273.0000000 1171.1111111 -828.8888889 
1274.0000000 1168.8888889 -831.1111111 
1275.0000000 1166.6666667 -833.3333333 
1276.0000000 1164.4444444 -835.5555556 
1277.0000000 1162.2222222 -837.7777778 
1278.0000000 1160.0000000 -840.0000000 
1279.0000000 1157.7777778 -842.2222222 
1280.0000000 1155.5555556 -844.4444444 
1281.0000000 1153.3333333 -846.6666667 
1282.0000000 1151.1111111 -848.8888889 
1283.0000000 1148.8888889 -851.1111111 
1284.0000000 1146.6666667 -853.3333333 
1285.0000000 1144.4444444 -855.5555556 
1286.0000000 1142.2222222 -857.7777778 
1287.0000000 1140.0000000 -860.0000000 
1288.0000000 1137.7777778 -862.2222222 
1289.0000000 1135.5555556 -864.4444444 
1290.0000000 1133.3333333 -866.6666667 
1291.0000000 1131.1111111 -868.8888889 
1292.0000000 1128.8888889 -871.1111111 
1293.0000000 1126.6666667 -873.3333333 
1294.0000000 1124.4444444 -875.5555556 
1295.0000000 1122.2222222 -877.7777778 
1296.0000000 1120.0000000 -880.0000000 
1297.0000000 1117.7777778 -882.2222222 
1298.0000000 1115.5555556 -884.4444444 
1299.0000000 1113.3333333 -886.6666667 
1300.0000000 1111.1111111 -888.8888889 
1301.0000000 1108.8888889 -891.1111111 
1302.0000000 1106.6666667 -893.3333333 
1303.0000000 1104.4444444 -895.5555556 
1304.0000000 1102.2222222 -897.7777778 
1305.0000000 1100.0000000 -900.0000000 
1306.0000000 1097.7777778 -902.2222222 
1307.0000000 1095.5555556 -904.4444444 
1308.0000000 1093.3333333 -906.6666667 
1309.0000000 1091.1111111 -908.8888889 
1310.0000000 1088.8888889 -911.1111111 
1311.0000000 1086.6666667 -913.3333333 
1312.0000000 1084.4444444 -915.5555556 
1313.0000000 1082.2222222 -917.7777778 
1314.0000000 1080.0000000 -920.0000000 
1315.0000000 1077.7777778 -922.2222222 
1316.0000000 1075.5555556 -924.4444444 
1317.0000000 1073.3333333 -926.6666667 
1318.0000000 1071.1111111 -928.8888889 
1319.0000000 1068.8888889 -931.1111111 
1320.0000000 1066.6666667 -933.3333333 
1321.0000000 1064.4444444 -935.5555556 
1322.0000000 1062.2222222 -937.7777778 
1323.0000000 1060.0000000 -940.0000000 
1324.0000000 1057.7777778 -942.2222222 
1325.0000000 1055.5555556 -944.4444444 
1326.0000000 1053.3333333 -946.6666667 
1327.0000000 1051.1111111 -948.8888889 
1328.0000000 1048.8888889 -951.1111111 
1329.0000000 1046.6666667 -953.3333333 
1330.0000000 1044.4444444 -955.5555556 
1331.0000000 1042.2222222 -957.7777778 
1332.0000000 1040.0000000 -960.0000000 
1333.0000000 1037.7777778 -962.2222222 
1334.0000000 1035.5555556 -964.4444444 
1335.0000000 1033.3333333 -966.6666667 
1336.0000000 1031.1111111 -968.8888889 
1337.0000000 1028.8888889 -971.1111111 
1338.0000000 1026.6666667 -973.3333333 
1339.0000000 1024.4444444 -975.5555556 
1340.0000000 1022.2222222 -977.7777778 
1341.0000000 1020.0000000 -980.0000000 
1342.0000000 1017.7777778 -982.2222222 
1343.0000000 1015.5555556 -984.4444444 
1344.0000000 1013.3333333 -986.6666667 
1345.0000000 1011.1111111 -988.8888889 
1346.0000000 1008.8888889 -991.1111111 
1347.0000000 1006.6666667 -993.3333333 
1348.0000000 1004.4444444 -995.5555556 
1349.0000000 1002.2222222 -997.7777778 
1350.0000000 1000.0000000 -1000.0000000 
1351.0000000 997.7777778 -1002.2222222 
1352.0000000 995.5555556 -1004.4444444 
1353.0000000 993.3333333 -1006.6666667 
1354.0000000 991.1111111 -1008.8888889 
1355.0000000 988.8888889 -1011.1111111 
1356.0000000 986.6666667 -1013.3333333 
1357.0000000 984.4444444 -1015.5555556 
1358.0000000 982.2222222 -1017.7777778 
1359.0000000 980.0000000 -1020.0000000 
1360.0000000 977.7777778 -1022.2222222 
1361.0000000 975.5555556 -1024.4444444 
1362.0000000 973.3333333 -1026.6666667 
1363.0000000 971.1111111 -1028.8888889 
1364.0000000 968.8888889 -1031.1111111 
1365.0000000 966.6666667 -1033.3333333 
1366.0000000 964.4444444 -1035.5555556 
1367.0000000 962.2222222 -1037.7777778 
1368.0000000 960.0000000 -1040.0000000 
1369.0000000 957.7777778 -1042.2222222 
1370.0000000 955.5555556 -1044.4444444 
1371.0000000 953.3333333 -1046.6666667 
1372.0000000 951.1111111 -1048.8888889 
1373.0000000 948.8888889 -1051.1111111 
1374.0000000 946.6666667 -1053.3333333 
1375.0000000 944.4444444 -1055.5555556 
1376.0000000 942.2222222 -1057.7777778 
1377.0000000 940.0000000 -1060.0000000 
1378.0000000 937.7777778 -1062.2222222 
1379.0000000 935.5555556 -1064.4444444 
1380.0000000 933.3333333 -1066.6666667 
1381.0000000 931.1111111 -1068.8888889 
1382.0000000 928.8888889 -1071.1111111 
1383.0000000 926.6666667 -1073.3333333 
1384.0000000 924.4444444 -1075.5555556 
1385.0000000 922.2222222 -1077.7777778 
1386.0000000 920.0000000 -1080.0000000 
1387.0000000 917.7777778 -1082.2222222 
1388.0000000 915.5555556 -1084.4444444 
1389.0000000 913.3333333 -1086.6666667 
1390.0000000 911.1111111 -1088.8888889 
1391.0000000 908.8888889 -1091.1111111 
1392.0000000 906.6666667 -1093.3333333 
1393.0000000 904.4444444 -1095.5555556 
1394.0000000 902.2222222 -1097.7777778 
1395.0000000 900.0000000 -1100.0000000 
1396.0000000 897.7777778 -1102.2222222 
1397.0000000 895.5555556 -1104.4444444 
1398.0000000 893.3333333 -1106.6666667 
1399.0000000 891.1111111 -1108.8888889 
1400.0000000 888.8888889 -1111.1111111 
1401.0000000 886.6666667 -1113.3333333 
1402.0000000 884.4444444 -1115.5555556 
1403.0000000 882.2222222 -1117.7777778 
1404.0000000 880.0000000 -1120.0000000 
1405.0000000 877.7777778 -1122.2222222 
1406.0000000 875.5555556 -1124.4444444 
1407.0000000 873.3333333 -1126.6666667 
1408.0000000 871.1111111 -1128.8888889 
1409.0000000 868.8888889 -1131.1111111 
1410.0000000 866.6666667 -1133.3333333 
1411.0000000 864.4444444 -1135.5555556 
1412.0000000 862.2222222 -1137.7777778 
1413.0000000 860.0000000 -1140.0000000 
1414.0000000 857.7777778 -1142.2222222 
1415.0000000 855.5555556 -1144.4444444 
1416.0000000 853.3333333 -1146.6666667 
1417.0000000 851.1111111 -1148.8888889 
1418.0000000 848.8888889 -1151.1111111 
1419.0000000 846.6666667 -1153.3333333 
1420.0000000 844.4444444 -1155.5555556 
1421.0000000 842.2222222 -1157.7777778 
1422.0000000 840.0000000 -1160.0000000 
1423.0000000 837.7777778 -1162.2222222 
1424.0000000 835.5555556 -1164.4444444 
1425.0000000 833.3333333 -1166.6666667 
1426.0000000 831.1111111 -1168.8888889 
1427.0000000 828.8888889 -1171.1111111 
1428.0000000 826.6666667 -1173.3333333 
1429.0000000 824.4444444 -1175.5555556 
1430.0000000 822.2222222 -1177.7777778 
1431.0000000 820.0000000 -1180.0000000 
1432.0000000 817.7777778 -1182.2222222 
1433.0000000 815.5555556 -1184.4444444 
1434.0000000 813.3333333 -1186.6666667 
1435.0000000 811.1111111 -1188.8888889 
1436.0000000 808.8888889 -1191.1111111 
1437.0000000 806.6666667 -1193.3333333 
1438.0000000 804.4444444 -1195.5555556 
1439.0000000 802.2222222 -1197.7777778 
1440.0000000 800.0000000 -1200.0000000 
1441.0000000 797.7777778 -1202.2222222 
1442.0000000 795.5555556 -1204.4444444 
1443.0000000 793.3333333 -1206.6666667 
1444.0000000 791.1111111 -1208.8888889 
1445.0000000 788.8888889 -1211.1111111 
1446.0000000 786.6666667 -1213.3333333 
1447.0000000 784.4444444 -1215.5555556 
1448.0000000 782.2222222 -1217.7777778 
1449.0000000 780.0000000 -1220.0000000 
1450.0000000 777.7777778 -1222.2222222 
1451.0000000 775.5555556 -1224.4444444 
1452.0000000 773.3333333 -1226.6666667 
1453.0000000 771.1111111 -1228.8888889 
1454.0000000 768.8888889 -1231.1111111 
1455.0000000 766.6666667 -1233.3333333 
1456.0000000 764.4444444 -1235.5555556 
1457.0000000 762.2222222 -1237.7777778 
1458.0000000 760.0000000 -1240.0000000 
1459.0000000 757.7777778 -1242.2222222 
1460.0000000 755.5555556 -1244.4444444 
1461.0000000 753.3333333 -1246.6666667 
1462.0000000 751.1111111 -1248.8888889 
1463.0000000 748.8888889 -1251.1111111 
1464.0000000 746.6666667 -1253.3333333 
1465.0000000 744.4444444 -1255.5555556 
1466.0000000 742.2222222 -1257.7777778 
1467.0000000 740.0000000 -1260.0000000 
1468.0000000 737.7777778 -1262.2222222 
1469.0000000 735.5555556 -1264.4444444 
1470.0000000 733.3333333 -1266.6666667 
1471.0000000 731.1111111 -1268.8888889 
1472.0000000 728.8888889 -1271.1111111 
1473.0000000 726.6666667 -1273.3333333 
1474.0000000 724.4444444 -1275.5555556 
1475.0000000 722.2222222 -1277.7777778 
1476.0000000 720.0000000 -1280.0000000 
1477.0000000 717.7777778 -1282.2222222 
1478.0000000 715.5555556 -1284.4444444 
1479.0000000 713.3333333 -1286.6666667 
1480.0000000 711.1111111 -1288.8888889 
1481.0000000 708.8888889 -1291.1111111 
1482.0000000 706.6666667 -1293.3333333 
1483.0000000 704.4444444 -1295.5555556 
1484.0000000 702.2222222 -1297.7777778 
1485.0000000 700.0000000 -1300.0000000 
1486.0000000 697.7777778 -1302.2222222 
1487.0000000 695.5555556 -1304.4444444 
1488.0000000 693.3333333 -1306.6666667 
1489.0000000 691.1111111 -1308.8888889 
1490.0000000 688.8888889 -1311.1111111 
1491.0000000 686.6666667 -1313.3333333 
1492.0000000 684.4444444 -1315.5555556 
1493.0000000 682.2222222 -1317.7777778 
1494.0000000 680.0000000 -1320.0000000 
1495.0000000 677.7777778 -1322.2222222 
1496.0000000 675.5555556 -1324.4444444 
1497.0000000 673.3333333 -1326.6666667 
1498.0000000 671.1111111 -1328.8888889 
1499.0000000 668.8888889 -1331.1111111 
1500.0000000 666.6666667 -1333.3333333 
1501.0000000 664.4444444 -1335.5555556 
1502.0000000 662.2222222 -1337.7777778 
1503.0000000 660.0000000 -1340.0000000 
1504.0000000 657.7777778 -1342.2222222 
1505.0000000 655.5555556 -1344.4444444 
1506.0000000 653.3333333 -1346.6666667 
1507.0000000 651.1111111 -1348.8888889 
1508.0000000 648.8888889 -1351.1111111 
1509.0000000 646.6666667 -1353.3333333 
1510.0000000 644.4444444 -1355.5555556 
1511.0000000 642.2222222 -1357.7777778 
1512.0000000 640.0000000 -1360.0000000 
1513.0000000 637.7777778 -1362.2222222 
1514.0000000 635.5555556 -1364.4444444 
1515.0000000 633.3333333 -1366.6666667 
1516.0000000 631.1111111 -1368.8888889 
1517.0000000 628.8888889 -1371.1111111 
1518.0000000 626.6666667 -1373.3333333 
1519.0000000 624.4444444 -1375.5555556 
1520.0000000 622.2222222 -1377.7777778 
1521.0000000 620.0000000 -1380.0000000 
1522.0000000 617.7777778 -1382.2222222 
1523.0000000 615.5555556 -1384.4444444 
1524.0000000 613.3333333 -1386.6666667 
1525.0000000 611.1111111 -1388.8888889 
1526.0000000 608.8888889 -1391.1111111 
1527.0000000 606.6666667 -1393.3333333 
1528.0000000 604.4444444 -1395.5555556 
1529.0000000 602.2222222 -1397.7777778 
1530.0000000 600.0000000 -1400.0000000 
1531.0000000 597.7777778 -1402.2222222 
1532.0000000 595.5555556 -1404.4444444 
1533.0000000 593.3333333 -1406.6666667 
1534.0000000 591.1111111 -1408.8888889 
1535.0000000 588.8888889 -1411.1111111 
1536.0000000 586.6666667 -1413.3333333 
1537.0000000 584.4444444 -1415.5555556 
1538.0000000 582.2222222 -1417.7777778 
1539.0000000 580.0000000 -1420.0000000 
1540.0000000 577.7777778 -1422.2222222 
1541.0000000 575.5555556 -1424.4444444 
1542.0000000 573.3333333 -1426.6666667 
1543.0000000 571.1111111 -1428.8888889 
1544.0000000 568.8888889 -1431.1111111 
1545.0000000 566.6666667 -1433.3333333 
1546.0000000 564.4444444 -1435.5555556 
1547.0000000 562.2222222 -1437.7777778 
1548.0000000 560.0000000 -1440.0000000 
1549.0000000 557.7777778 -1442.2222222 
1550.0000000 555.5555556 -1444.4444444 
1551.0000000 553.3333333 -1446.6666667 
1552.0000000 551.1111111 -1448.8888889 
1553.0000000 548.8888889 -1451.1111111 
1554.0000000 546.6666667 -1453.3333333 
1555.0000000 544.4444444 -1455.5555556 
1556.0000000 542.2222222 -1457.7777778 
1557.0000000 540.0000000 -1460.0000000 
1558.0000000 537.7777778 -1462.2222222 
1559.0000000 535.5555556 -1464.4444444 
1560.0000000 533.3333333 -1466.6666667 
1561.0000000 531.1111111 -1468.8888889 
1562.0000000 528.8888889 -1471.1111111 
1563.0000000 526.6666667 -1473.3333333 
1564.0000000 524.4444444 -1475.5555556 
1565.0000000 522.2222222 -1477.7777778 
1566.0000000 520.0000000 -1480.0000000 
1567.0000000 517.7777778 -1482.2222222 
1568.0000000 515.5555556 -1484.4444444 
1569.0000000 513.3333333 -1486.6666667 
1570.0000000 511.1111111 -1488.8888889 
1571.0000000 508.8888889 -1491.1111111 
1572.0000000 506.6666667 -1493.3333333 
1573.0000000 504.4444444 -1495.5555556 
1574.0000000 502.2222222 -1497.7777778 
1575.0000000 500.0000000 -1500.0000000 
1576.0000000 497.7777778 -1502.2222222 
1577.0000000 495.5555556 -1504.4444444 
1578.0000000 493.3333333 -1506.6666667 
1579.0000000 491.1111111 -1508.8888889 
1580.0000000 488.8888889 -1511.1111111 
1581.0000000 486.6666667 -1513.3333333 
1582.0000000 484.4444444 -1515.5555556 
1583.0000000 482.2222222 -1517.7777778 
1584.0000000 480.0000000 -1520.0000000 
1585.0000000 477.7777778 -1522.2222222 
1586.0000000 475.5555556 -1524.4444444 
1587.0000000 473.3333333 -1526.6666667 
1588.0000000 471.1111111 -1528.8888889 
1589.0000000 468.8888889 -1531.1111111 
1590.0000000 466.6666667 -1533.3333333 
1591.0000000 464.4444444 -1535.5555556 
1592.0000000 462.2222222 -1537.7777778 
1593.0000000 460.0000000 -1540.0000000 
1594.0000000 457.7777778 -1542.2222222 
1595.0000000 455.5555556 -1544.4444444 
1596.0000000 453.3333333 -1546.6666667 
1597.0000000 451.1111111 -1548.8888889 
1598.0000000 448.8888889 -1551.1111111 
1599.0000000 446.6666667 -1553.3333333 
1600.0000000 444.4444444 -1555.5555556 
1601.0000000 442.2222222 -1557.7777778 
1602.0000000 440.0000000 -1560.0000000 
1603.0000000 437.7777778 -1562.2222222 
1604.0000000 435.5555556 -1564.4444444 
1605.0000000 433.3333333 -1566.6666667 
1606.0000000 431.1111111 -1568.8888889 
1607.0000000 428.8888889 -1571.1111111 
1608.0000000 426.6666667 -1573.3333333 
1609.0000000 424.4444444 -1575.5555556 
1610.0000000 422.2222222 -1577.7777778 
1611.0000000 420.0000000 -1580.0000000 
1612.0000000 417.7777778 -1582.2222222 
1613.0000000 415.5555556 -1584.4444444 
1614.0000000 413.3333333 -1586.6666667 
1615.0000000 411.1111111 -1588.8888889 
1616.0000000 408.8888889 -1591.1111111 
1617.0000000 406.6666667 -1593.3333333 
1618.0000000 404.4444444 -1595.5555556 
1619.0000000 402.2222222 -1597.7777778 
1620.0000000 400.0000000 -1600.0000000 
1621.0000000 397.7777778 -1602.2222222 
1622.0000000 395.5555556 -1604.4444444 
1623.0000000 393.3333333 -1606.6666667 
1624.0000000 391.1111111 -1608.8888889 
1625.0000000 388.8888889 -1611.1111111 
1626.0000000 386.6666667 -1613.3333333 
1627.0000000 384.4444444 -1615.5555556 
1628.0000000 382.2222222 -1617.7777778 
1629.0000000 380.0000000 -1620.0000000 
1630.0000000 377.7777778 -1622.2222222 
1631.0000000 375.5555556 -1624.4444444 
1632.0000000 373.3333333 -1626.6666667 
1633.0000000 371.1111111 -1628.8888889 
1634.0000000 368.8888889 -1631.1111111 
1635.0000000 366.6666667 -1633.3333333 
1636.0000000 364.4444444 -1635.5555556 
1637.0000000 362.2222222 -1637.7777778 
1638.0000000 360.0000000 -1640.0000000 
1639.0000000 357.7777778 -1642.2222222 
1640.0000000 355.5555556 -1644.4444444 
1641.0000000 353.3333333 -1646.6666667 
1642.0000000 351.1111111 -1648.8888889 
1643.0000000 348.8888889 -1651.1111111 
1644.0000000 346.6666667 -1653.3333333 
1645.0000000 344.4444444 -1655.5555556 
1646.0000000 342.2222222 -1657.7777778 
1647.0000000 340.0000000 -1660.0000000 
1648.0000000 337.7777778 -1662.2222222 
1649.0000000 335.5555556 -1664.4444444 
1650.0000000 333.3333333 -1666.6666667 
1651.0000000 331.1111111 -1668.8888889 
1652.0000000 328.8888889 -1671.1111111 
1653.0000000 326.6666667 -1673.3333333 
1654.0000000 324.4444444 -1675.5555556 
1655.0000000 322.2222222 -1677.7777778 
1656.0000000 320.0000000 -1680.0000000 
1657.0000000 317.7777778 -1682.2222222 
1658.0000000 315.5555556 -1684.4444444 
1659.0000000 313.3333333 -1686.6666667 
1660.0000000 311.1111111 -1688.8888889 
1661.0000000 308.8888889 -1691.1111111 
1662.0000000 306.6666667 -1693.3333333 
1663.0000000 304.4444444 -1695.5555556 
1664.0000000 302.2222222 -1697.7777778 
1665.0000000 300.0000000 -1700.0000000 
1666.0000000 297.7777778 -1702.2222222 
1667.0000000 295.5555556 -1704.4444444 
1668.0000000 293.3333333 -1706.6666667 
1669.0000000 291.1111111 -1708.8888889 
1670.0000000 288.8888889 -1711.1111111 
1671.0000000 286.6666667 -1713.3333333 
1672.0000000 284.4444444 -1715.5555556 
1673.0000000 282.2222222 -1717.7777778 
1674.0000000 280.0000000 -1720.0000000 
1675.0000000 277.7777778 -1722.2222222 
1676.0000000 275.5555556 -1724.4444444 
1677.0000000 273.3333333 -1726.6666667 
1678.0000000 271.1111111 -1728.8888889 
1679.0000000 268.8888889 -1731.1111111 
1680.0000000 266.6666667 -1733.3333333 
1681.0000000 264.4444444 -1735.5555556 
1682.0000000 262.2222222 -1737.7777778 
1683.0000000 260.0000000 -1740.0000000 
1684.0000000 257.7777778 -1742.2222222 
1685.0000000 255.5555556 -1744.4444444 
1686.0000000 253.3333333 -1746.6666667 
1687.0000000 251.1111111 -1748.8888889 
1688.0000000 248.8888889 -1751.1111111 
1689.0000000 246.6666667 -1753.3333333 
1690.0000000 244.4444444 -1755.5555556 
1691.0000000 242.2222222 -1757.7777778 
1692.0000000 240.0000000 -1760.0000000 
1693.0000000 237.7777778 -1762.2222222 
1694.0000000 235.5555556 -1764.4444444 
1695.0000000 233.3333333 -1766.6666667 
1696.0000000 231.1111111 -1768.8888889 
1697.0000000 228.8888889 -1771.1111111 
1698.0000000 226.6666667 -1773.3333333 
1699.0000000 224.4444444 -1775.5555556 
1700.0000000 222.2222222 -1777.7777778 
1701.0000000 220.0000000 -1780.0000000 
1702.0000000 217.7777778 -1782.2222222 
1703.0000000 215.5555556 -1784.4444444 
1704.0000000 213.3333333 -1786.6666667 
1705.0000000 211.1111111 -1788.8888889 
1706.0000000 208.8888889 -1791.1111111 
1707.0000000 206.6666667 -1793.3333333 
1708.0000000 204.4444444 -1795.5555556 
1709.0000000 202.2222222 -1797.7777778 
1710.0000000 200.0000000 -1800.0000000 
1711.0000000 197.7777778 -1802.2222222 
1712.0000000 195.5555556 -1804.4444444 
1713.0000000 193.3333333 -1806.6666667 
1714.0000000 191.1111111 -1808.8888889 
1715.0000000 188.8888889 -1811.1111111 
1716.0000000 186.6666667 -1813.3333333 
1717.0000000 184.4444444 -1815.5555556 
1718.0000000 182.2222222 -1817.7777778 
1719.0000000 180.0000000 -1820.0000000 
1720.0000000 177.7777778 -1822.2222222 
1721.0000000 175.5555556 -1824.4444444 
1722.0000000 173.3333333 -1826.6666667 
1723.0000000 171.1111111 -1828.8888889 
1724.0000000 168.8888889 -1831.1111111 
1725.0000000 166.6666667 -1833.3333333 
1726.0000000 164.4444444 -1835.5555556 
1727.0000000 162.2222222 -1837.7777778 
1728.0000000 160.0000000 -1840.0000000 
1729.0000000 157.7777778 -1842.2222222 
1730.0000000 155.5555556 -1844.4444444 
1731.0000000 153.3333333 -1846.6666667 
1732.0000000 151.1111111 -1848.8888889 
1733.0000000 148.8888889 -1851.1111111 
1734.0000000 146.6666667 -1853.3333333 
1735.0000000 144.4444444 -1855.5555556 
1736.0000000 142.2222222 -1857.7777778 
1737.0000000 140.0000000 -1860.0000000 
1738.0000000 137.7777778 -1862.2222222 
1739.0000000 135.5555556 -1864.4444444 
1740.0000000 133.3333333 -1866.6666667 
1741.0000000 131.1111111 -1868.8888889 
1742.0000000 128.8888889 -1871.1111111 
1743.0000000 126.6666667 -1873.3333333 
1744.0000000 124.4444444 -1875.5555556 
1745.0000000 122.2222222 -1877.7777778 
1746.0000000 120.0000000 -1880.0000000 
1747.0000000 117.7777778 -1882.2222222 
1748.0000000 115.5555556 -1884.4444444 
1749.0000000 113.3333333 -1886.6666667 
1750.0000000 111.1111111 -1888.8888889 
1751.0000000 108.8888889 -1891.1111111 
1752.0000000 106.6666667 -1893.3333333 
1753.0000000 104.4444444 -1895.5555556 
1754.0000000 102.2222222 -1897.7777778 
1755.0000000 100.0000000 -1900.0000000 
1756.0000000 97.7777778 -1902.2222222 
1757.0000000 95.5555556 -1904.4444444 
1758.0000000 93.3333333 -1906.6666667 
1759.0000000 91.1111111 -1908.8888889 
1760.0000000 88.8888889 -1911.1111111 
1761.0000000 86.6666667 -1913.3333333 
1762.0000000 84.4444444 -1915.5555556 
1763.0000000 82.2222222 -1917.7777778 
1764.0000000 80.0000000 -1920.0000000 
1765.0000000 77.7777778 -1922.2222222 
1766.0000000 75.5555556 -1924.4444444 
1767.0000000 73.3333333 -1926.6666667 
1768.0000000 71.1111111 -1928.8888889 
1769.0000000 68.8888889 -1931.1111111 
1770.0000000 66.6666667 -1933.3333333 
1771.0000000 64.4444444 -1935.5555556 
1772.0000000 62.2222222 -1937.7777778 
1773.0000000 60.0000000 -1940.0000000 
1774.0000000 57.7777778 -1942.2222222 
1775.0000000 55.5555556 -1944.4444444 
1776.0000000 53.3333333 -1946.6666667 
1777.0000000 51.1111111 -1948.8888889 
1778.0000000 48.8888889 -1951.1111111 
1779.0000000 46.6666667 -1953.3333333 
1780.0000000 44.4444444 -1955.5555556 
1781.0000000 42.2222222 -1957.7777778 
1782.0000000 40.0000000 -1960.0000000 
1783.0000000 37.7777778 -1962.2222222 
1784.0000000 35.5555556 -1964.4444444 
1785.0000000 33.3333333 -1966.6666667 
1786.0000000 31.1111111 -1968.8888889 
1787.0000000 28.8888889 -1971.1111111 
1788.0000000 26.6666667 -1973.3333333 
1789.0000000 24.4444444 -1975.5555556 
1790.0000000 22.2222222 -1977.7777778 
1791.0000000 20.0000000 -1980.0000000 
1792.0000000 17.7777778 -1982.2222222 
1793.0000000 15.5555556 -1984.4444444 
1794.0000000 13.3333333 -1986.6666667 
1795.0000000 11.1111111 -1988.8888889 
1796.0000000 8.8888889 -1991.1111111 
1797.0000000 6.6666667 -1993.3333333 
1798.0000000 4.4444444 -1995.5555556 
1799.0000000 2.2222222 -1997.7777778 
1800.0000000 0.0000000 -2000.0000000 

