1.0000000 353.6135935 353.4592346 
2.0000000 353.4171750 353.2628161 
3.0000000 353.2207564 353.0663975 
4.0000000 353.0243379 352.8699790 
5.0000000 352.8279193 352.6735604 
6.0000000 352.6315008 352.4771419 
7.0000000 352.4350822 352.2807233 
8.0000000 352.2386637 352.0843048 
9.0000000 352.0422451 351.8878862 
10.0000000 351.8458266 351.6914677 
11.0000000 351.6494080 351.4950491 
12.0000000 351.4529895 351.2986306 
13.0000000 351.2565709 351.1022120 
14.0000000 351.0601524 350.9057935 
15.0000000 350.8637338 350.7093749 
16.0000000 350.6673153 350.5129564 
17.0000000 350.4708967 350.3165378 
18.0000000 350.2744782 350.1201193 
19.0000000 350.0780596 349.9237007 
20.0000000 349.8816411 349.7272822 
21.0000000 349.6852225 349.5308636 
22.0000000 349.4888040 349.3344451 
23.0000000 349.2923854 349.1380265 
24.0000000 349.0959669 348.9416080 
25.0000000 348.8995483 348.7451894 
26.0000000 348.7031298 348.5487709 
27.0000000 348.5067112 348.3523523 
28.0000000 348.3102927 348.1559338 
29.0000000 348.1138741 347.9595152 
30.0000000 347.9174556 347.7630967 
31.0000000 347.7210370 347.5666781 
32.0000000 347.5246185 347.3702596 
33.0000000 347.3281999 347.1738410 
34.0000000 347.1317814 346.9774225 
35.0000000 346.9353628 346.7810039 
36.0000000 346.7389443 346.5845854 
37.0000000 346.5425257 346.3881668 
38.0000000 346.3461072 346.1917483 
39.0000000 346.1496886 345.9953297 
40.0000000 345.9532701 345.7989112 
41.0000000 345.7568515 345.6024926 
42.0000000 345.5604330 345.4060741 
43.0000000 345.3640144 345.2096555 
44.0000000 345.1675959 345.0132370 
45.0000000 344.9711773 344.8168184 
46.0000000 344.7747588 344.6203999 
47.0000000 344.5783402 344.4239813 
48.0000000 344.3819217 344.2275628 
49.0000000 344.1855031 344.0311442 
50.0000000 343.9890846 343.8347257 
51.0000000 343.7926660 343.6383071 
52.0000000 343.5962475 343.4418886 
53.0000000 343.3998289 343.2454700 
54.0000000 343.2034104 343.0490515 
55.0000000 343.0069918 342.8526329 
56.0000000 342.8105732 342.6562144 
57.0000000 342.6141547 342.4597958 
58.0000000 342.4177361 342.2633773 
59.0000000 342.2213176 342.0669587 
60.0000000 342.0248990 341.8705402 
61.0000000 341.8284805 341.6741216 
62.0000000 341.6320619 341.4777031 
63.0000000 341.4356434 341.2812845 
64.0000000 341.2392248 341.0848660 
65.0000000 341.0428063 340.8884474 
66.0000000 340.8463877 340.6920289 
67.0000000 340.6499692 340.4956103 
68.0000000 340.4535506 340.2991918 
69.0000000 340.2571321 340.1027732 
70.0000000 340.0607135 339.9063547 
71.0000000 339.8642950 339.7099361 
72.0000000 339.6678764 339.5135176 
73.0000000 339.4714579 339.3170990 
74.0000000 339.2750393 339.1206805 
75.0000000 339.0786208 338.9242619 
76.0000000 338.8822022 338.7278434 
77.0000000 338.6857837 338.5314248 
78.0000000 338.4893651 338.3350063 
79.0000000 338.2929466 338.1385877 
80.0000000 338.0965280 337.9421692 
81.0000000 337.9001095 337.7457506 
82.0000000 337.7036909 337.5493321 
83.0000000 337.5072724 337.3529135 
84.0000000 337.3108538 337.1564950 
85.0000000 337.1144353 336.9600764 
86.0000000 336.9180167 336.7636579 
87.0000000 336.7215982 336.5672393 
88.0000000 336.5251796 336.3708208 
89.0000000 336.3287611 336.1744022 
90.0000000 336.1323425 335.9779837 
91.0000000 335.9359240 335.7815651 
92.0000000 335.7395054 335.5851466 
93.0000000 335.5430869 335.3887280 
94.0000000 335.3466683 335.1923095 
95.0000000 335.1502498 334.9958909 
96.0000000 334.9538312 334.7994724 
97.0000000 334.7574127 334.6030538 
98.0000000 334.5609941 334.4066353 
99.0000000 334.3645756 334.2102167 
100.0000000 334.1681570 334.0137982 
101.0000000 333.9717385 333.8173796 
102.0000000 333.7753199 333.6209611 
103.0000000 333.5789014 333.4245425 
104.0000000 333.3824828 333.2281240 
105.0000000 333.1860643 333.0317054 
106.0000000 332.9896457 332.8352869 
107.0000000 332.7932272 332.6388683 
108.0000000 332.5968086 332.4424498 
109.0000000 332.4003901 332.2460312 
110.0000000 332.2039715 332.0496127 
111.0000000 332.0075530 331.8531941 
112.0000000 331.8111344 331.6567756 
113.0000000 331.6147159 331.4603570 
114.0000000 331.4182973 331.2639385 
115.0000000 331.2218788 331.0675199 
116.0000000 331.0254602 330.8711014 
117.0000000 330.8290417 330.6746828 
118.0000000 330.6326231 330.4782643 
119.0000000 330.4362046 330.2818457 
120.0000000 330.2397860 330.0854272 
121.0000000 330.0433675 329.8890086 
122.0000000 329.8469489 329.6925901 
123.0000000 329.6505304 329.4961715 
124.0000000 329.4541118 329.2997530 
125.0000000 329.2576933 329.1033344 
126.0000000 329.0612747 328.9069159 
127.0000000 328.8648562 328.7104973 
128.0000000 328.6684376 328.5140788 
129.0000000 328.4720191 328.3176602 
130.0000000 328.2756005 328.1212417 
131.0000000 328.0791820 327.9248231 
132.0000000 327.8827634 327.7284046 
133.0000000 327.6863449 327.5319860 
134.0000000 327.4899263 327.3355675 
135.0000000 327.2935078 327.1391489 
136.0000000 327.0970892 326.9427304 
137.0000000 326.9006707 326.7463118 
138.0000000 326.7042521 326.5498933 
139.0000000 326.5078336 326.3534747 
140.0000000 326.3114150 326.1570562 
141.0000000 326.1149965 325.9606376 
142.0000000 325.9185779 325.7642191 
143.0000000 325.7221594 325.5678005 
144.0000000 325.5257408 325.3713820 
145.0000000 325.3293223 325.1749634 
146.0000000 325.1329037 324.9785449 
147.0000000 324.9364852 324.7821263 
148.0000000 324.7400666 324.5857078 
149.0000000 324.5436481 324.3892892 
150.0000000 324.3472295 324.1928706 
151.0000000 324.1508110 323.9964521 
152.0000000 323.9543924 323.8000335 
153.0000000 323.7579739 323.6036150 
154.0000000 323.5615553 323.4071964 
155.0000000 323.3651368 323.2107779 
156.0000000 323.1687182 323.0143593 
157.0000000 322.9722997 322.8179408 
158.0000000 322.7758811 322.6215222 
159.0000000 322.5794626 322.4251037 
160.0000000 322.3830440 322.2286851 
161.0000000 322.1866255 322.0322666 
162.0000000 321.9902069 321.8358480 
163.0000000 321.7937884 321.6394295 
164.0000000 321.5973698 321.4430109 
165.0000000 321.4009513 321.2465924 
166.0000000 321.2045327 321.0501738 
167.0000000 321.0081142 320.8537553 
168.0000000 320.8116956 320.6573367 
169.0000000 320.6152771 320.4609182 
170.0000000 320.4188585 320.2644996 
171.0000000 320.2224400 320.0680811 
172.0000000 320.0260214 319.8716625 
173.0000000 319.8296029 319.6752440 
174.0000000 319.6331843 319.4788254 
175.0000000 319.4367658 319.2824069 
176.0000000 319.2403472 319.0859883 
177.0000000 319.0439287 318.8895698 
178.0000000 318.8475101 318.6931512 
179.0000000 318.6510916 318.4967327 
180.0000000 318.4546730 318.3003141 
181.0000000 318.2582545 318.1038956 
182.0000000 318.0618359 317.9074770 
183.0000000 317.8654174 317.7110585 
184.0000000 317.6689988 317.5146399 
185.0000000 317.4725803 317.3182214 
186.0000000 317.2761617 317.1218028 
187.0000000 317.0797432 316.9253843 
188.0000000 316.8833246 316.7289657 
189.0000000 316.6869061 316.5325472 
190.0000000 316.4904875 316.3361286 
191.0000000 316.2940690 316.1397101 
192.0000000 316.0976504 315.9432915 
193.0000000 315.9012319 315.7468730 
194.0000000 315.7048133 315.5504544 
195.0000000 315.5083948 315.3540359 
196.0000000 315.3119762 315.1576173 
197.0000000 315.1155577 314.9611988 
198.0000000 314.9191391 314.7647802 
199.0000000 314.7227206 314.5683617 
200.0000000 314.5263020 314.3719431 
201.0000000 314.3298835 314.1755246 
202.0000000 314.1334649 313.9791060 
203.0000000 313.9370464 313.7826875 
204.0000000 313.7406278 313.5862689 
205.0000000 313.5442093 313.3898504 
206.0000000 313.3477907 313.1934318 
207.0000000 313.1513721 312.9970133 
208.0000000 312.9549536 312.8005947 
209.0000000 312.7585350 312.6041762 
210.0000000 312.5621165 312.4077576 
211.0000000 312.3656979 312.2113391 
212.0000000 312.1692794 312.0149205 
213.0000000 311.9728608 311.8185020 
214.0000000 311.7764423 311.6220834 
215.0000000 311.5800237 311.4256649 
216.0000000 311.3836052 311.2292463 
217.0000000 311.1871866 311.0328278 
218.0000000 310.9907681 310.8364092 
219.0000000 310.7943495 310.6399907 
220.0000000 310.5979310 310.4435721 
221.0000000 310.4015124 310.2471536 
222.0000000 310.2050939 310.0507350 
223.0000000 310.0086753 309.8543165 
224.0000000 309.8122568 309.6578979 
225.0000000 309.6158382 309.4614794 
226.0000000 309.4194197 309.2650608 
227.0000000 309.2230011 309.0686423 
228.0000000 309.0265826 308.8722237 
229.0000000 308.8301640 308.6758052 
230.0000000 308.6337455 308.4793866 
231.0000000 308.4373269 308.2829681 
232.0000000 308.2409084 308.0865495 
233.0000000 308.0444898 307.8901310 
234.0000000 307.8480713 307.6937124 
235.0000000 307.6516527 307.4972939 
236.0000000 307.4552342 307.3008753 
237.0000000 307.2588156 307.1044568 
238.0000000 307.0623971 306.9080382 
239.0000000 306.8659785 306.7116197 
240.0000000 306.6695600 306.5152011 
241.0000000 306.4731414 306.3187826 
242.0000000 306.2767229 306.1223640 
243.0000000 306.0803043 305.9259455 
244.0000000 305.8838858 305.7295269 
245.0000000 305.6874672 305.5331084 
246.0000000 305.4910487 305.3366898 
247.0000000 305.2946301 305.1402713 
248.0000000 305.0982116 304.9438527 
249.0000000 304.9017930 304.7474342 
250.0000000 304.7053745 304.5510156 
251.0000000 304.5089559 304.3545971 
252.0000000 304.3125374 304.1581785 
253.0000000 304.1161188 303.9617600 
254.0000000 303.9197003 303.7653414 
255.0000000 303.7232817 303.5689229 
256.0000000 303.5268632 303.3725043 
257.0000000 303.3304446 303.1760858 
258.0000000 303.1340261 302.9796672 
259.0000000 302.9376075 302.7832487 
260.0000000 302.7411890 302.5868301 
261.0000000 302.5447704 302.3904116 
262.0000000 302.3483519 302.1939930 
263.0000000 302.1519333 301.9975745 
264.0000000 301.9555148 301.8011559 
265.0000000 301.7590962 301.6047374 
266.0000000 301.5626777 301.4083188 
267.0000000 301.3662591 301.2119003 
268.0000000 301.1698406 301.0154817 
269.0000000 300.9734220 300.8190632 
270.0000000 300.7770035 300.6226446 
271.0000000 300.5805849 300.4262261 
272.0000000 300.3841664 300.2298075 
273.0000000 300.1877478 300.0333890 
274.0000000 299.9913293 299.8369704 
275.0000000 299.7949107 299.6405519 
276.0000000 299.5984922 299.4441333 
277.0000000 299.4020736 299.2477148 
278.0000000 299.2056551 299.0512962 
279.0000000 299.0092365 298.8548777 
280.0000000 298.8128180 298.6584591 
281.0000000 298.6163994 298.4620406 
282.0000000 298.4199809 298.2656220 
283.0000000 298.2235623 298.0692035 
284.0000000 298.0271438 297.8727849 
285.0000000 297.8307252 297.6763664 
286.0000000 297.6343067 297.4799478 
287.0000000 297.4378881 297.2835293 
288.0000000 297.2414696 297.0871107 
289.0000000 297.0450510 296.8906922 
290.0000000 296.8486325 296.6942736 
291.0000000 296.6522139 296.4978551 
292.0000000 296.4557954 296.3014365 
293.0000000 296.2593768 296.1050180 
294.0000000 296.0629583 295.9085994 
295.0000000 295.8665397 295.7121809 
296.0000000 295.6701212 295.5157623 
297.0000000 295.4737026 295.3193438 
298.0000000 295.2772841 295.1229252 
299.0000000 295.0808655 294.9265067 
300.0000000 294.8844470 294.7300881 
301.0000000 294.6880284 294.5336695 
302.0000000 294.4916099 294.3372510 
303.0000000 294.2951913 294.1408324 
304.0000000 294.0987728 293.9444139 
305.0000000 293.9023542 293.7479953 
306.0000000 293.7059357 293.5515768 
307.0000000 293.5095171 293.3551582 
308.0000000 293.3130986 293.1587397 
309.0000000 293.1166800 292.9623211 
310.0000000 292.9202615 292.7659026 
311.0000000 292.7238429 292.5694840 
312.0000000 292.5274244 292.3730655 
313.0000000 292.3310058 292.1766469 
314.0000000 292.1345873 291.9802284 
315.0000000 291.9381687 291.7838098 
316.0000000 291.7417502 291.5873913 
317.0000000 291.5453316 291.3909727 
318.0000000 291.3489131 291.1945542 
319.0000000 291.1524945 290.9981356 
320.0000000 290.9560760 290.8017171 
321.0000000 290.7596574 290.6052985 
322.0000000 290.5632389 290.4088800 
323.0000000 290.3668203 290.2124614 
324.0000000 290.1704018 290.0160429 
325.0000000 289.9739832 289.8196243 
326.0000000 289.7775647 289.6232058 
327.0000000 289.5811461 289.4267872 
328.0000000 289.3847276 289.2303687 
329.0000000 289.1883090 289.0339501 
330.0000000 288.9918905 288.8375316 
331.0000000 288.7954719 288.6411130 
332.0000000 288.5990534 288.4446945 
333.0000000 288.4026348 288.2482759 
334.0000000 288.2062163 288.0518574 
335.0000000 288.0097977 287.8554388 
336.0000000 287.8133792 287.6590203 
337.0000000 287.6169606 287.4626017 
338.0000000 287.4205421 287.2661832 
339.0000000 287.2241235 287.0697646 
340.0000000 287.0277050 286.8733461 
341.0000000 286.8312864 286.6769275 
342.0000000 286.6348679 286.4805090 
343.0000000 286.4384493 286.2840904 
344.0000000 286.2420308 286.0876719 
345.0000000 286.0456122 285.8912533 
346.0000000 285.8491937 285.6948348 
347.0000000 285.6527751 285.4984162 
348.0000000 285.4563566 285.3019977 
349.0000000 285.2599380 285.1055791 
350.0000000 285.0635195 284.9091606 
351.0000000 284.8671009 284.7127420 
352.0000000 284.6706824 284.5163235 
353.0000000 284.4742638 284.3199049 
354.0000000 284.2778453 284.1234864 
355.0000000 284.0814267 283.9270678 
356.0000000 283.8850082 283.7306493 
357.0000000 283.6885896 283.5342307 
358.0000000 283.4921711 283.3378122 
359.0000000 283.2957525 283.1413936 
360.0000000 283.0993339 282.9449751 
361.0000000 282.9029154 282.7485565 
362.0000000 282.7064968 282.5521380 
363.0000000 282.5100783 282.3557194 
364.0000000 282.3136597 282.1593009 
365.0000000 282.1172412 281.9628823 
366.0000000 281.9208226 281.7664638 
367.0000000 281.7244041 281.5700452 
368.0000000 281.5279855 281.3736267 
369.0000000 281.3315670 281.1772081 
370.0000000 281.1351484 280.9807896 
371.0000000 280.9387299 280.7843710 
372.0000000 280.7423113 280.5879525 
373.0000000 280.5458928 280.3915339 
374.0000000 280.3494742 280.1951154 
375.0000000 280.1530557 279.9986968 
376.0000000 279.9566371 279.8022783 
377.0000000 279.7602186 279.6058597 
378.0000000 279.5638000 279.4094412 
379.0000000 279.3673815 279.2130226 
380.0000000 279.1709629 279.0166041 
381.0000000 278.9745444 278.8201855 
382.0000000 278.7781258 278.6237670 
383.0000000 278.5817073 278.4273484 
384.0000000 278.3852887 278.2309299 
385.0000000 278.1888702 278.0345113 
386.0000000 277.9924516 277.8380928 
387.0000000 277.7960331 277.6416742 
388.0000000 277.5996145 277.4452557 
389.0000000 277.4031960 277.2488371 
390.0000000 277.2067774 277.0524186 
391.0000000 277.0103589 276.8560000 
392.0000000 276.8139403 276.6595815 
393.0000000 276.6175218 276.4631629 
394.0000000 276.4211032 276.2667444 
395.0000000 276.2246847 276.0703258 
396.0000000 276.0282661 275.8739073 
397.0000000 275.8318476 275.6774887 
398.0000000 275.6354290 275.4810702 
399.0000000 275.4390105 275.2846516 
400.0000000 275.2425919 275.0882331 
401.0000000 275.0461734 274.8918145 
402.0000000 274.8497548 274.6953960 
403.0000000 274.6533363 274.4989774 
404.0000000 274.4569177 274.3025589 
405.0000000 274.2604992 274.1061403 
406.0000000 274.0640806 273.9097218 
407.0000000 273.8676621 273.7133032 
408.0000000 273.6712435 273.5168847 
409.0000000 273.4748250 273.3204661 
410.0000000 273.2784064 273.1240476 
411.0000000 273.0819879 272.9276290 
412.0000000 272.8855693 272.7312105 
413.0000000 272.6891508 272.5347919 
414.0000000 272.4927322 272.3383734 
415.0000000 272.2963137 272.1419548 
416.0000000 272.0998951 271.9455363 
417.0000000 271.9034766 271.7491177 
418.0000000 271.7070580 271.5526992 
419.0000000 271.5106395 271.3562806 
420.0000000 271.3142209 271.1598621 
421.0000000 271.1178024 270.9634435 
422.0000000 270.9213838 270.7670250 
423.0000000 270.7249653 270.5706064 
424.0000000 270.5285467 270.3741879 
425.0000000 270.3321282 270.1777693 
426.0000000 270.1357096 269.9813508 
427.0000000 269.9392911 269.7849322 
428.0000000 269.7428725 269.5885137 
429.0000000 269.5464540 269.3920951 
430.0000000 269.3500354 269.1956766 
431.0000000 269.1536169 268.9992580 
432.0000000 268.9571983 268.8028395 
433.0000000 268.7607798 268.6064209 
434.0000000 268.5643612 268.4100024 
435.0000000 268.3679427 268.2135838 
436.0000000 268.1715241 268.0171653 
437.0000000 267.9751056 267.8207467 
438.0000000 267.7786870 267.6243282 
439.0000000 267.5822685 267.4279096 
440.0000000 267.3858499 267.2314911 
441.0000000 267.1894314 267.0350725 
442.0000000 266.9930128 266.8386540 
443.0000000 266.7965943 266.6422354 
444.0000000 266.6001757 266.4458169 
445.0000000 266.4037572 266.2493983 
446.0000000 266.2073386 266.0529798 
447.0000000 266.0109201 265.8565612 
448.0000000 265.8145015 265.6601427 
449.0000000 265.6180830 265.4637241 
450.0000000 265.4216644 265.2673056 
451.0000000 265.2252459 265.0708870 
452.0000000 265.0288273 264.8744685 
453.0000000 264.8324088 264.6780499 
454.0000000 264.6359902 264.4816313 
455.0000000 264.4395717 264.2852128 
456.0000000 264.2431531 264.0887942 
457.0000000 264.0467346 263.8923757 
458.0000000 263.8503160 263.6959571 
459.0000000 263.6538975 263.4995386 
460.0000000 263.4574789 263.3031200 
461.0000000 263.2610604 263.1067015 
462.0000000 263.0646418 262.9102829 
463.0000000 262.8682233 262.7138644 
464.0000000 262.6718047 262.5174458 
465.0000000 262.4753862 262.3210273 
466.0000000 262.2789676 262.1246087 
467.0000000 262.0825491 261.9281902 
468.0000000 261.8861305 261.7317716 
469.0000000 261.6897120 261.5353531 
470.0000000 261.4932934 261.3389345 
471.0000000 261.2968749 261.1425160 
472.0000000 261.1004563 260.9460974 
473.0000000 260.9040378 260.7496789 
474.0000000 260.7076192 260.5532603 
475.0000000 260.5112007 260.3568418 
476.0000000 260.3147821 260.1604232 
477.0000000 260.1183636 259.9640047 
478.0000000 259.9219450 259.7675861 
479.0000000 259.7255265 259.5711676 
480.0000000 259.5291079 259.3747490 
481.0000000 259.3326894 259.1783305 
482.0000000 259.1362708 258.9819119 
483.0000000 258.9398523 258.7854934 
484.0000000 258.7434337 258.5890748 
485.0000000 258.5470152 258.3926563 
486.0000000 258.3505966 258.1962377 
487.0000000 258.1541781 257.9998192 
488.0000000 257.9577595 257.8034006 
489.0000000 257.7613410 257.6069821 
490.0000000 257.5649224 257.4105635 
491.0000000 257.3685039 257.2141450 
492.0000000 257.1720853 257.0177264 
493.0000000 256.9756668 256.8213079 
494.0000000 256.7792482 256.6248893 
495.0000000 256.5828297 256.4284708 
496.0000000 256.3864111 256.2320522 
497.0000000 256.1899926 256.0356337 
498.0000000 255.9935740 255.8392151 
499.0000000 255.7971555 255.6427966 
500.0000000 255.6007369 255.4463780 
501.0000000 255.4043184 255.2499595 
502.0000000 255.2078998 255.0535409 
503.0000000 255.0114813 254.8571224 
504.0000000 254.8150627 254.6607038 
505.0000000 254.6186442 254.4642853 
506.0000000 254.4222256 254.2678667 
507.0000000 254.2258071 254.0714482 
508.0000000 254.0293885 253.8750296 
509.0000000 253.8329700 253.6786111 
510.0000000 253.6365514 253.4821925 
511.0000000 253.4401328 253.2857740 
512.0000000 253.2437143 253.0893554 
513.0000000 253.0472957 252.8929369 
514.0000000 252.8508772 252.6965183 
515.0000000 252.6544586 252.5000998 
516.0000000 252.4580401 252.3036812 
517.0000000 252.2616215 252.1072627 
518.0000000 252.0652030 251.9108441 
519.0000000 251.8687844 251.7144256 
520.0000000 251.6723659 251.5180070 
521.0000000 251.4759473 251.3215885 
522.0000000 251.2795288 251.1251699 
523.0000000 251.0831102 250.9287514 
524.0000000 250.8866917 250.7323328 
525.0000000 250.6902731 250.5359143 
526.0000000 250.4938546 250.3394957 
527.0000000 250.2974360 250.1430772 
528.0000000 250.1010175 249.9466586 
529.0000000 249.9045989 249.7502401 
530.0000000 249.7081804 249.5538215 
531.0000000 249.5117618 249.3574030 
532.0000000 249.3153433 249.1609844 
533.0000000 249.1189247 248.9645659 
534.0000000 248.9225062 248.7681473 
535.0000000 248.7260876 248.5717288 
536.0000000 248.5296691 248.3753102 
537.0000000 248.3332505 248.1788917 
538.0000000 248.1368320 247.9824731 
539.0000000 247.9404134 247.7860546 
540.0000000 247.7439949 247.5896360 
541.0000000 247.5475763 247.3932175 
542.0000000 247.3511578 247.1967989 
543.0000000 247.1547392 247.0003804 
544.0000000 246.9583207 246.8039618 
545.0000000 246.7619021 246.6075433 
546.0000000 246.5654836 246.4111247 
547.0000000 246.3690650 246.2147062 
548.0000000 246.1726465 246.0182876 
549.0000000 245.9762279 245.8218691 
550.0000000 245.7798094 245.6254505 
551.0000000 245.5833908 245.4290320 
552.0000000 245.3869723 245.2326134 
553.0000000 245.1905537 245.0361949 
554.0000000 244.9941352 244.8397763 
555.0000000 244.7977166 244.6433578 
556.0000000 244.6012981 244.4469392 
557.0000000 244.4048795 244.2505207 
558.0000000 244.2084610 244.0541021 
559.0000000 244.0120424 243.8576836 
560.0000000 243.8156239 243.6612650 
561.0000000 243.6192053 243.4648465 
562.0000000 243.4227868 243.2684279 
563.0000000 243.2263682 243.0720094 
564.0000000 243.0299497 242.8755908 
565.0000000 242.8335311 242.6791723 
566.0000000 242.6371126 242.4827537 
567.0000000 242.4406940 242.2863352 
568.0000000 242.2442755 242.0899166 
569.0000000 242.0478569 241.8934981 
570.0000000 241.8514384 241.6970795 
571.0000000 241.6550198 241.5006610 
572.0000000 241.4586013 241.3042424 
573.0000000 241.2621827 241.1078239 
574.0000000 241.0657642 240.9114053 
575.0000000 240.8693456 240.7149868 
576.0000000 240.6729271 240.5185682 
577.0000000 240.4765085 240.3221497 
578.0000000 240.2800900 240.1257311 
579.0000000 240.0836714 239.9293126 
580.0000000 239.8872529 239.7328940 
581.0000000 239.6908343 239.5364755 
582.0000000 239.4944158 239.3400569 
583.0000000 239.2979972 239.1436384 
584.0000000 239.1015787 238.9472198 
585.0000000 238.9051601 238.7508013 
586.0000000 238.7087416 238.5543827 
587.0000000 238.5123230 238.3579642 
588.0000000 238.3159045 238.1615456 
589.0000000 238.1194859 237.9651271 
590.0000000 237.9230674 237.7687085 
591.0000000 237.7266488 237.5722900 
592.0000000 237.5302303 237.3758714 
593.0000000 237.3338117 237.1794529 
594.0000000 237.1373932 236.9830343 
595.0000000 236.9409746 236.7866158 
596.0000000 236.7445561 236.5901972 
597.0000000 236.5481375 236.3937787 
598.0000000 236.3517190 236.1973601 
599.0000000 236.1553004 236.0009416 
600.0000000 235.9588819 235.8045230 
601.0000000 235.7624633 235.6081045 
602.0000000 235.5660448 235.4116859 
603.0000000 235.3696262 235.2152674 
604.0000000 235.1732077 235.0188488 
605.0000000 234.9767891 234.8224302 
606.0000000 234.7803706 234.6260117 
607.0000000 234.5839520 234.4295931 
608.0000000 234.3875335 234.2331746 
609.0000000 234.1911149 234.0367560 
610.0000000 233.9946964 233.8403375 
611.0000000 233.7982778 233.6439189 
612.0000000 233.6018593 233.4475004 
613.0000000 233.4054407 233.2510818 
614.0000000 233.2090222 233.0546633 
615.0000000 233.0126036 232.8582447 
616.0000000 232.8161851 232.6618262 
617.0000000 232.6197665 232.4654076 
618.0000000 232.4233480 232.2689891 
619.0000000 232.2269294 232.0725705 
620.0000000 232.0305109 231.8761520 
621.0000000 231.8340923 231.6797334 
622.0000000 231.6376738 231.4833149 
623.0000000 231.4412552 231.2868963 
624.0000000 231.2448367 231.0904778 
625.0000000 231.0484181 230.8940592 
626.0000000 230.8519996 230.6976407 
627.0000000 230.6555810 230.5012221 
628.0000000 230.4591625 230.3048036 
629.0000000 230.2627439 230.1083850 
630.0000000 230.0663254 229.9119665 
631.0000000 229.8699068 229.7155479 
632.0000000 229.6734883 229.5191294 
633.0000000 229.4770697 229.3227108 
634.0000000 229.2806512 229.1262923 
635.0000000 229.0842326 228.9298737 
636.0000000 228.8878141 228.7334552 
637.0000000 228.6913955 228.5370366 
638.0000000 228.4949770 228.3406181 
639.0000000 228.2985584 228.1441995 
640.0000000 228.1021399 227.9477810 
641.0000000 227.9057213 227.7513624 
642.0000000 227.7093028 227.5549439 
643.0000000 227.5128842 227.3585253 
644.0000000 227.3164657 227.1621068 
645.0000000 227.1200471 226.9656882 
646.0000000 226.9236286 226.7692697 
647.0000000 226.7272100 226.5728511 
648.0000000 226.5307915 226.3764326 
649.0000000 226.3343729 226.1800140 
650.0000000 226.1379544 225.9835955 
651.0000000 225.9415358 225.7871769 
652.0000000 225.7451173 225.5907584 
653.0000000 225.5486987 225.3943398 
654.0000000 225.3522802 225.1979213 
655.0000000 225.1558616 225.0015027 
656.0000000 224.9594431 224.8050842 
657.0000000 224.7630245 224.6086656 
658.0000000 224.5666060 224.4122471 
659.0000000 224.3701874 224.2158285 
660.0000000 224.1737689 224.0194100 
661.0000000 223.9773503 223.8229914 
662.0000000 223.7809317 223.6265729 
663.0000000 223.5845132 223.4301543 
664.0000000 223.3880946 223.2337358 
665.0000000 223.1916761 223.0373172 
666.0000000 222.9952575 222.8408987 
667.0000000 222.7988390 222.6444801 
668.0000000 222.6024204 222.4480616 
669.0000000 222.4060019 222.2516430 
670.0000000 222.2095833 222.0552245 
671.0000000 222.0131648 221.8588059 
672.0000000 221.8167462 221.6623874 
673.0000000 221.6203277 221.4659688 
674.0000000 221.4239091 221.2695503 
675.0000000 221.2274906 221.0731317 
676.0000000 221.0310720 220.8767132 
677.0000000 220.8346535 220.6802946 
678.0000000 220.6382349 220.4838761 
679.0000000 220.4418164 220.2874575 
680.0000000 220.2453978 220.0910390 
681.0000000 220.0489793 219.8946204 
682.0000000 219.8525607 219.6982019 
683.0000000 219.6561422 219.5017833 
684.0000000 219.4597236 219.3053648 
685.0000000 219.2633051 219.1089462 
686.0000000 219.0668865 218.9125277 
687.0000000 218.8704680 218.7161091 
688.0000000 218.6740494 218.5196906 
689.0000000 218.4776309 218.3232720 
690.0000000 218.2812123 218.1268535 
691.0000000 218.0847938 217.9304349 
692.0000000 217.8883752 217.7340164 
693.0000000 217.6919567 217.5375978 
694.0000000 217.4955381 217.3411793 
695.0000000 217.2991196 217.1447607 
696.0000000 217.1027010 216.9483422 
697.0000000 216.9062825 216.7519236 
698.0000000 216.7098639 216.5555051 
699.0000000 216.5134454 216.3590865 
700.0000000 216.3170268 216.1626680 
701.0000000 216.1206083 215.9662494 
702.0000000 215.9241897 215.7698309 
703.0000000 215.7277712 215.5734123 
704.0000000 215.5313526 215.3769938 
705.0000000 215.3349341 215.1805752 
706.0000000 215.1385155 214.9841567 
707.0000000 214.9420970 214.7877381 
708.0000000 214.7456784 214.5913196 
709.0000000 214.5492599 214.3949010 
710.0000000 214.3528413 214.1984825 
711.0000000 214.1564228 214.0020639 
712.0000000 213.9600042 213.8056454 
713.0000000 213.7635857 213.6092268 
714.0000000 213.5671671 213.4128083 
715.0000000 213.3707486 213.2163897 
716.0000000 213.1743300 213.0199712 
717.0000000 212.9779115 212.8235526 
718.0000000 212.7814929 212.6271341 
719.0000000 212.5850744 212.4307155 
720.0000000 212.3886558 212.2342970 
721.0000000 212.1922373 212.0378784 
722.0000000 211.9958187 211.8414599 
723.0000000 211.7994002 211.6450413 
724.0000000 211.6029816 211.4486228 
725.0000000 211.4065631 211.2522042 
726.0000000 211.2101445 211.0557857 
727.0000000 211.0137260 210.8593671 
728.0000000 210.8173074 210.6629486 
729.0000000 210.6208889 210.4665300 
730.0000000 210.4244703 210.2701115 
731.0000000 210.2280518 210.0736929 
732.0000000 210.0316332 209.8772744 
733.0000000 209.8352147 209.6808558 
734.0000000 209.6387961 209.4844373 
735.0000000 209.4423776 209.2880187 
736.0000000 209.2459590 209.0916002 
737.0000000 209.0495405 208.8951816 
738.0000000 208.8531219 208.6987631 
739.0000000 208.6567034 208.5023445 
740.0000000 208.4602848 208.3059260 
741.0000000 208.2638663 208.1095074 
742.0000000 208.0674477 207.9130889 
743.0000000 207.8710292 207.7166703 
744.0000000 207.6746106 207.5202518 
745.0000000 207.4781921 207.3238332 
746.0000000 207.2817735 207.1274147 
747.0000000 207.0853550 206.9309961 
748.0000000 206.8889364 206.7345776 
749.0000000 206.6925179 206.5381590 
750.0000000 206.4960993 206.3417405 
751.0000000 206.2996808 206.1453219 
752.0000000 206.1032622 205.9489034 
753.0000000 205.9068437 205.7524848 
754.0000000 205.7104251 205.5560663 
755.0000000 205.5140066 205.3596477 
756.0000000 205.3175880 205.1632291 
757.0000000 205.1211695 204.9668106 
758.0000000 204.9247509 204.7703920 
759.0000000 204.7283324 204.5739735 
760.0000000 204.5319138 204.3775549 
761.0000000 204.3354953 204.1811364 
762.0000000 204.1390767 203.9847178 
763.0000000 203.9426582 203.7882993 
764.0000000 203.7462396 203.5918807 
765.0000000 203.5498211 203.3954622 
766.0000000 203.3534025 203.1990436 
767.0000000 203.1569840 203.0026251 
768.0000000 202.9605654 202.8062065 
769.0000000 202.7641469 202.6097880 
770.0000000 202.5677283 202.4133694 
771.0000000 202.3713098 202.2169509 
772.0000000 202.1748912 202.0205323 
773.0000000 201.9784727 201.8241138 
774.0000000 201.7820541 201.6276952 
775.0000000 201.5856356 201.4312767 
776.0000000 201.3892170 201.2348581 
777.0000000 201.1927985 201.0384396 
778.0000000 200.9963799 200.8420210 
779.0000000 200.7999614 200.6456025 
780.0000000 200.6035428 200.4491839 
781.0000000 200.4071243 200.2527654 
782.0000000 200.2107057 200.0563468 
783.0000000 200.0142872 199.8599283 
784.0000000 199.8178686 199.6635097 
785.0000000 199.6214501 199.4670912 
786.0000000 199.4250315 199.2706726 
787.0000000 199.2286130 199.0742541 
788.0000000 199.0321944 198.8778355 
789.0000000 198.8357759 198.6814170 
790.0000000 198.6393573 198.4849984 
791.0000000 198.4429388 198.2885799 
792.0000000 198.2465202 198.0921613 
793.0000000 198.0501017 197.8957428 
794.0000000 197.8536831 197.6993242 
795.0000000 197.6572646 197.5029057 
796.0000000 197.4608460 197.3064871 
797.0000000 197.2644275 197.1100686 
798.0000000 197.0680089 196.9136500 
799.0000000 196.8715904 196.7172315 
800.0000000 196.6751718 196.5208129 
801.0000000 196.4787533 196.3243944 
802.0000000 196.2823347 196.1279758 
803.0000000 196.0859162 195.9315573 
804.0000000 195.8894976 195.7351387 
805.0000000 195.6930791 195.5387202 
806.0000000 195.4966605 195.3423016 
807.0000000 195.3002420 195.1458831 
808.0000000 195.1038234 194.9494645 
809.0000000 194.9074049 194.7530460 
810.0000000 194.7109863 194.5566274 
811.0000000 194.5145678 194.3602089 
812.0000000 194.3181492 194.1637903 
813.0000000 194.1217307 193.9673718 
814.0000000 193.9253121 193.7709532 
815.0000000 193.7288935 193.5745347 
816.0000000 193.5324750 193.3781161 
817.0000000 193.3360564 193.1816976 
818.0000000 193.1396379 192.9852790 
819.0000000 192.9432193 192.7888605 
820.0000000 192.7468008 192.5924419 
821.0000000 192.5503822 192.3960234 
822.0000000 192.3539637 192.1996048 
823.0000000 192.1575451 192.0031863 
824.0000000 191.9611266 191.8067677 
825.0000000 191.7647080 191.6103492 
826.0000000 191.5682895 191.4139306 
827.0000000 191.3718709 191.2175121 
828.0000000 191.1754524 191.0210935 
829.0000000 190.9790338 190.8246750 
830.0000000 190.7826153 190.6282564 
831.0000000 190.5861967 190.4318379 
832.0000000 190.3897782 190.2354193 
833.0000000 190.1933596 190.0390008 
834.0000000 189.9969411 189.8425822 
835.0000000 189.8005225 189.6461637 
836.0000000 189.6041040 189.4497451 
837.0000000 189.4076854 189.2533266 
838.0000000 189.2112669 189.0569080 
839.0000000 189.0148483 188.8604895 
840.0000000 188.8184298 188.6640709 
841.0000000 188.6220112 188.4676524 
842.0000000 188.4255927 188.2712338 
843.0000000 188.2291741 188.0748153 
844.0000000 188.0327556 187.8783967 
845.0000000 187.8363370 187.6819782 
846.0000000 187.6399185 187.4855596 
847.0000000 187.4434999 187.2891411 
848.0000000 187.2470814 187.0927225 
849.0000000 187.0506628 186.8963040 
850.0000000 186.8542443 186.6998854 
851.0000000 186.6578257 186.5034669 
852.0000000 186.4614072 186.3070483 
853.0000000 186.2649886 186.1106298 
854.0000000 186.0685701 185.9142112 
855.0000000 185.8721515 185.7177927 
856.0000000 185.6757330 185.5213741 
857.0000000 185.4793144 185.3249556 
858.0000000 185.2828959 185.1285370 
859.0000000 185.0864773 184.9321185 
860.0000000 184.8900588 184.7356999 
861.0000000 184.6936402 184.5392814 
862.0000000 184.4972217 184.3428628 
863.0000000 184.3008031 184.1464443 
864.0000000 184.1043846 183.9500257 
865.0000000 183.9079660 183.7536072 
866.0000000 183.7115475 183.5571886 
867.0000000 183.5151289 183.3607701 
868.0000000 183.3187104 183.1643515 
869.0000000 183.1222918 182.9679330 
870.0000000 182.9258733 182.7715144 
871.0000000 182.7294547 182.5750959 
872.0000000 182.5330362 182.3786773 
873.0000000 182.3366176 182.1822588 
874.0000000 182.1401991 181.9858402 
875.0000000 181.9437805 181.7894217 
876.0000000 181.7473620 181.5930031 
877.0000000 181.5509434 181.3965846 
878.0000000 181.3545249 181.2001660 
879.0000000 181.1581063 181.0037475 
880.0000000 180.9616878 180.8073289 
881.0000000 180.7652692 180.6109104 
882.0000000 180.5688507 180.4144918 
883.0000000 180.3724321 180.2180733 
884.0000000 180.1760136 180.0216547 
885.0000000 179.9795950 179.8252362 
886.0000000 179.7831765 179.6288176 
887.0000000 179.5867579 179.4323991 
888.0000000 179.3903394 179.2359805 
889.0000000 179.1939208 179.0395620 
890.0000000 178.9975023 178.8431434 
891.0000000 178.8010837 178.6467249 
892.0000000 178.6046652 178.4503063 
893.0000000 178.4082466 178.2538878 
894.0000000 178.2118281 178.0574692 
895.0000000 178.0154095 177.8610507 
896.0000000 177.8189910 177.6646321 
897.0000000 177.6225724 177.4682136 
898.0000000 177.4261539 177.2717950 
899.0000000 177.2297353 177.0753765 
900.0000000 177.0333168 176.8789579 
901.0000000 176.8368982 176.6825394 
902.0000000 176.6404797 176.4861208 
903.0000000 176.4440611 176.2897023 
904.0000000 176.2476426 176.0932837 
905.0000000 176.0512240 175.8968652 
906.0000000 175.8548055 175.7004466 
907.0000000 175.6583869 175.5040281 
908.0000000 175.4619684 175.3076095 
909.0000000 175.2655498 175.1111909 
910.0000000 175.0691313 174.9147724 
911.0000000 174.8727127 174.7183538 
912.0000000 174.6762942 174.5219353 
913.0000000 174.4798756 174.3255167 
914.0000000 174.2834571 174.1290982 
915.0000000 174.0870385 173.9326796 
916.0000000 173.8906200 173.7362611 
917.0000000 173.6942014 173.5398425 
918.0000000 173.4977829 173.3434240 
919.0000000 173.3013643 173.1470054 
920.0000000 173.1049458 172.9505869 
921.0000000 172.9085272 172.7541683 
922.0000000 172.7121087 172.5577498 
923.0000000 172.5156901 172.3613312 
924.0000000 172.3192716 172.1649127 
925.0000000 172.1228530 171.9684941 
926.0000000 171.9264345 171.7720756 
927.0000000 171.7300159 171.5756570 
928.0000000 171.5335974 171.3792385 
929.0000000 171.3371788 171.1828199 
930.0000000 171.1407603 170.9864014 
931.0000000 170.9443417 170.7899828 
932.0000000 170.7479232 170.5935643 
933.0000000 170.5515046 170.3971457 
934.0000000 170.3550861 170.2007272 
935.0000000 170.1586675 170.0043086 
936.0000000 169.9622490 169.8078901 
937.0000000 169.7658304 169.6114715 
938.0000000 169.5694119 169.4150530 
939.0000000 169.3729933 169.2186344 
940.0000000 169.1765748 169.0222159 
941.0000000 168.9801562 168.8257973 
942.0000000 168.7837377 168.6293788 
943.0000000 168.5873191 168.4329602 
944.0000000 168.3909006 168.2365417 
945.0000000 168.1944820 168.0401231 
946.0000000 167.9980635 167.8437046 
947.0000000 167.8016449 167.6472860 
948.0000000 167.6052264 167.4508675 
949.0000000 167.4088078 167.2544489 
950.0000000 167.2123893 167.0580304 
951.0000000 167.0159707 166.8616118 
952.0000000 166.8195522 166.6651933 
953.0000000 166.6231336 166.4687747 
954.0000000 166.4267151 166.2723562 
955.0000000 166.2302965 166.0759376 
956.0000000 166.0338780 165.8795191 
957.0000000 165.8374594 165.6831005 
958.0000000 165.6410409 165.4866820 
959.0000000 165.4446223 165.2902634 
960.0000000 165.2482038 165.0938449 
961.0000000 165.0517852 164.8974263 
962.0000000 164.8553667 164.7010078 
963.0000000 164.6589481 164.5045892 
964.0000000 164.4625296 164.3081707 
965.0000000 164.2661110 164.1117521 
966.0000000 164.0696924 163.9153336 
967.0000000 163.8732739 163.7189150 
968.0000000 163.6768553 163.5224965 
969.0000000 163.4804368 163.3260779 
970.0000000 163.2840182 163.1296594 
971.0000000 163.0875997 162.9332408 
972.0000000 162.8911811 162.7368223 
973.0000000 162.6947626 162.5404037 
974.0000000 162.4983440 162.3439852 
975.0000000 162.3019255 162.1475666 
976.0000000 162.1055069 161.9511481 
977.0000000 161.9090884 161.7547295 
978.0000000 161.7126698 161.5583110 
979.0000000 161.5162513 161.3618924 
980.0000000 161.3198327 161.1654739 
981.0000000 161.1234142 160.9690553 
982.0000000 160.9269956 160.7726368 
983.0000000 160.7305771 160.5762182 
984.0000000 160.5341585 160.3797997 
985.0000000 160.3377400 160.1833811 
986.0000000 160.1413214 159.9869626 
987.0000000 159.9449029 159.7905440 
988.0000000 159.7484843 159.5941255 
989.0000000 159.5520658 159.3977069 
990.0000000 159.3556472 159.2012884 
991.0000000 159.1592287 159.0048698 
992.0000000 158.9628101 158.8084513 
993.0000000 158.7663916 158.6120327 
994.0000000 158.5699730 158.4156142 
995.0000000 158.3735545 158.2191956 
996.0000000 158.1771359 158.0227771 
997.0000000 157.9807174 157.8263585 
998.0000000 157.7842988 157.6299400 
999.0000000 157.5878803 157.4335214 
1000.0000000 157.3914617 157.2371029 
1001.0000000 157.1950432 157.0406843 
1002.0000000 156.9986246 156.8442658 
1003.0000000 156.8022061 156.6478472 
1004.0000000 156.6057875 156.4514287 
1005.0000000 156.4093690 156.2550101 
1006.0000000 156.2129504 156.0585916 
1007.0000000 156.0165319 155.8621730 
1008.0000000 155.8201133 155.6657545 
1009.0000000 155.6236948 155.4693359 
1010.0000000 155.4272762 155.2729174 
1011.0000000 155.2308577 155.0764988 
1012.0000000 155.0344391 154.8800803 
1013.0000000 154.8380206 154.6836617 
1014.0000000 154.6416020 154.4872432 
1015.0000000 154.4451835 154.2908246 
1016.0000000 154.2487649 154.0944061 
1017.0000000 154.0523464 153.8979875 
1018.0000000 153.8559278 153.7015690 
1019.0000000 153.6595093 153.5051504 
1020.0000000 153.4630907 153.3087319 
1021.0000000 153.2666722 153.1123133 
1022.0000000 153.0702536 152.9158948 
1023.0000000 152.8738351 152.7194762 
1024.0000000 152.6774165 152.5230577 
1025.0000000 152.4809980 152.3266391 
1026.0000000 152.2845794 152.1302206 
1027.0000000 152.0881609 151.9338020 
1028.0000000 151.8917423 151.7373835 
1029.0000000 151.6953238 151.5409649 
1030.0000000 151.4989052 151.3445464 
1031.0000000 151.3024867 151.1481278 
1032.0000000 151.1060681 150.9517093 
1033.0000000 150.9096496 150.7552907 
1034.0000000 150.7132310 150.5588722 
1035.0000000 150.5168125 150.3624536 
1036.0000000 150.3203939 150.1660351 
1037.0000000 150.1239754 149.9696165 
1038.0000000 149.9275568 149.7731980 
1039.0000000 149.7311383 149.5767794 
1040.0000000 149.5347197 149.3803609 
1041.0000000 149.3383012 149.1839423 
1042.0000000 149.1418826 148.9875238 
1043.0000000 148.9454641 148.7911052 
1044.0000000 148.7490455 148.5946867 
1045.0000000 148.5526270 148.3982681 
1046.0000000 148.3562084 148.2018496 
1047.0000000 148.1597899 148.0054310 
1048.0000000 147.9633713 147.8090125 
1049.0000000 147.7669528 147.6125939 
1050.0000000 147.5705342 147.4161754 
1051.0000000 147.3741157 147.2197568 
1052.0000000 147.1776971 147.0233383 
1053.0000000 146.9812786 146.8269197 
1054.0000000 146.7848600 146.6305012 
1055.0000000 146.5884415 146.4340826 
1056.0000000 146.3920229 146.2376641 
1057.0000000 146.1956044 146.0412455 
1058.0000000 145.9991858 145.8448270 
1059.0000000 145.8027673 145.6484084 
1060.0000000 145.6063487 145.4519898 
1061.0000000 145.4099302 145.2555713 
1062.0000000 145.2135116 145.0591527 
1063.0000000 145.0170931 144.8627342 
1064.0000000 144.8206745 144.6663156 
1065.0000000 144.6242560 144.4698971 
1066.0000000 144.4278374 144.2734785 
1067.0000000 144.2314189 144.0770600 
1068.0000000 144.0350003 143.8806414 
1069.0000000 143.8385818 143.6842229 
1070.0000000 143.6421632 143.4878043 
1071.0000000 143.4457447 143.2913858 
1072.0000000 143.2493261 143.0949672 
1073.0000000 143.0529076 142.8985487 
1074.0000000 142.8564890 142.7021301 
1075.0000000 142.6600705 142.5057116 
1076.0000000 142.4636519 142.3092930 
1077.0000000 142.2672334 142.1128745 
1078.0000000 142.0708148 141.9164559 
1079.0000000 141.8743963 141.7200374 
1080.0000000 141.6779777 141.5236188 
1081.0000000 141.4815592 141.3272003 
1082.0000000 141.2851406 141.1307817 
1083.0000000 141.0887221 140.9343632 
1084.0000000 140.8923035 140.7379446 
1085.0000000 140.6958850 140.5415261 
1086.0000000 140.4994664 140.3451075 
1087.0000000 140.3030479 140.1486890 
1088.0000000 140.1066293 139.9522704 
1089.0000000 139.9102108 139.7558519 
1090.0000000 139.7137922 139.5594333 
1091.0000000 139.5173737 139.3630148 
1092.0000000 139.3209551 139.1665962 
1093.0000000 139.1245366 138.9701777 
1094.0000000 138.9281180 138.7737591 
1095.0000000 138.7316995 138.5773406 
1096.0000000 138.5352809 138.3809220 
1097.0000000 138.3388624 138.1845035 
1098.0000000 138.1424438 137.9880849 
1099.0000000 137.9460253 137.7916664 
1100.0000000 137.7496067 137.5952478 
1101.0000000 137.5531882 137.3988293 
1102.0000000 137.3567696 137.2024107 
1103.0000000 137.1603511 137.0059922 
1104.0000000 136.9639325 136.8095736 
1105.0000000 136.7675140 136.6131551 
1106.0000000 136.5710954 136.4167365 
1107.0000000 136.3746769 136.2203180 
1108.0000000 136.1782583 136.0238994 
1109.0000000 135.9818398 135.8274809 
1110.0000000 135.7854212 135.6310623 
1111.0000000 135.5890027 135.4346438 
1112.0000000 135.3925841 135.2382252 
1113.0000000 135.1961656 135.0418067 
1114.0000000 134.9997470 134.8453881 
1115.0000000 134.8033285 134.6489696 
1116.0000000 134.6069099 134.4525510 
1117.0000000 134.4104913 134.2561325 
1118.0000000 134.2140728 134.0597139 
1119.0000000 134.0176542 133.8632954 
1120.0000000 133.8212357 133.6668768 
1121.0000000 133.6248171 133.4704583 
1122.0000000 133.4283986 133.2740397 
1123.0000000 133.2319800 133.0776212 
1124.0000000 133.0355615 132.8812026 
1125.0000000 132.8391429 132.6847841 
1126.0000000 132.6427244 132.4883655 
1127.0000000 132.4463058 132.2919470 
1128.0000000 132.2498873 132.0955284 
1129.0000000 132.0534687 131.8991099 
1130.0000000 131.8570502 131.7026913 
1131.0000000 131.6606316 131.5062728 
1132.0000000 131.4642131 131.3098542 
1133.0000000 131.2677945 131.1134357 
1134.0000000 131.0713760 130.9170171 
1135.0000000 130.8749574 130.7205986 
1136.0000000 130.6785389 130.5241800 
1137.0000000 130.4821203 130.3277615 
1138.0000000 130.2857018 130.1313429 
1139.0000000 130.0892832 129.9349244 
1140.0000000 129.8928647 129.7385058 
1141.0000000 129.6964461 129.5420873 
1142.0000000 129.5000276 129.3456687 
1143.0000000 129.3036090 129.1492502 
1144.0000000 129.1071905 128.9528316 
1145.0000000 128.9107719 128.7564131 
1146.0000000 128.7143534 128.5599945 
1147.0000000 128.5179348 128.3635760 
1148.0000000 128.3215163 128.1671574 
1149.0000000 128.1250977 127.9707389 
1150.0000000 127.9286792 127.7743203 
1151.0000000 127.7322606 127.5779018 
1152.0000000 127.5358421 127.3814832 
1153.0000000 127.3394235 127.1850647 
1154.0000000 127.1430050 126.9886461 
1155.0000000 126.9465864 126.7922276 
1156.0000000 126.7501679 126.5958090 
1157.0000000 126.5537493 126.3993905 
1158.0000000 126.3573308 126.2029719 
1159.0000000 126.1609122 126.0065534 
1160.0000000 125.9644937 125.8101348 
1161.0000000 125.7680751 125.6137163 
1162.0000000 125.5716566 125.4172977 
1163.0000000 125.3752380 125.2208792 
1164.0000000 125.1788195 125.0244606 
1165.0000000 124.9824009 124.8280421 
1166.0000000 124.7859824 124.6316235 
1167.0000000 124.5895638 124.4352050 
1168.0000000 124.3931453 124.2387864 
1169.0000000 124.1967267 124.0423679 
1170.0000000 124.0003082 123.8459493 
1171.0000000 123.8038896 123.6495308 
1172.0000000 123.6074711 123.4531122 
1173.0000000 123.4110525 123.2566937 
1174.0000000 123.2146340 123.0602751 
1175.0000000 123.0182154 122.8638566 
1176.0000000 122.8217969 122.6674380 
1177.0000000 122.6253783 122.4710195 
1178.0000000 122.4289598 122.2746009 
1179.0000000 122.2325412 122.0781824 
1180.0000000 122.0361227 121.8817638 
1181.0000000 121.8397041 121.6853453 
1182.0000000 121.6432856 121.4889267 
1183.0000000 121.4468670 121.2925082 
1184.0000000 121.2504485 121.0960896 
1185.0000000 121.0540299 120.8996711 
1186.0000000 120.8576114 120.7032525 
1187.0000000 120.6611928 120.5068340 
1188.0000000 120.4647743 120.3104154 
1189.0000000 120.2683557 120.1139969 
1190.0000000 120.0719372 119.9175783 
1191.0000000 119.8755186 119.7211598 
1192.0000000 119.6791001 119.5247412 
1193.0000000 119.4826815 119.3283227 
1194.0000000 119.2862630 119.1319041 
1195.0000000 119.0898444 118.9354856 
1196.0000000 118.8934259 118.7390670 
1197.0000000 118.6970073 118.5426485 
1198.0000000 118.5005888 118.3462299 
1199.0000000 118.3041702 118.1498114 
1200.0000000 118.1077517 117.9533928 
1201.0000000 117.9113331 117.7569743 
1202.0000000 117.7149146 117.5605557 
1203.0000000 117.5184960 117.3641372 
1204.0000000 117.3220775 117.1677186 
1205.0000000 117.1256589 116.9713001 
1206.0000000 116.9292404 116.7748815 
1207.0000000 116.7328218 116.5784630 
1208.0000000 116.5364033 116.3820444 
1209.0000000 116.3399847 116.1856259 
1210.0000000 116.1435662 115.9892073 
1211.0000000 115.9471476 115.7927887 
1212.0000000 115.7507291 115.5963702 
1213.0000000 115.5543105 115.3999516 
1214.0000000 115.3578920 115.2035331 
1215.0000000 115.1614734 115.0071145 
1216.0000000 114.9650549 114.8106960 
1217.0000000 114.7686363 114.6142774 
1218.0000000 114.5722178 114.4178589 
1219.0000000 114.3757992 114.2214403 
1220.0000000 114.1793807 114.0250218 
1221.0000000 113.9829621 113.8286032 
1222.0000000 113.7865436 113.6321847 
1223.0000000 113.5901250 113.4357661 
1224.0000000 113.3937065 113.2393476 
1225.0000000 113.1972879 113.0429290 
1226.0000000 113.0008694 112.8465105 
1227.0000000 112.8044508 112.6500919 
1228.0000000 112.6080323 112.4536734 
1229.0000000 112.4116137 112.2572548 
1230.0000000 112.2151952 112.0608363 
1231.0000000 112.0187766 111.8644177 
1232.0000000 111.8223581 111.6679992 
1233.0000000 111.6259395 111.4715806 
1234.0000000 111.4295210 111.2751621 
1235.0000000 111.2331024 111.0787435 
1236.0000000 111.0366839 110.8823250 
1237.0000000 110.8402653 110.6859064 
1238.0000000 110.6438468 110.4894879 
1239.0000000 110.4474282 110.2930693 
1240.0000000 110.2510097 110.0966508 
1241.0000000 110.0545911 109.9002322 
1242.0000000 109.8581726 109.7038137 
1243.0000000 109.6617540 109.5073951 
1244.0000000 109.4653355 109.3109766 
1245.0000000 109.2689169 109.1145580 
1246.0000000 109.0724984 108.9181395 
1247.0000000 108.8760798 108.7217209 
1248.0000000 108.6796613 108.5253024 
1249.0000000 108.4832427 108.3288838 
1250.0000000 108.2868242 108.1324653 
1251.0000000 108.0904056 107.9360467 
1252.0000000 107.8939871 107.7396282 
1253.0000000 107.6975685 107.5432096 
1254.0000000 107.5011500 107.3467911 
1255.0000000 107.3047314 107.1503725 
1256.0000000 107.1083129 106.9539540 
1257.0000000 106.9118943 106.7575354 
1258.0000000 106.7154758 106.5611169 
1259.0000000 106.5190572 106.3646983 
1260.0000000 106.3226387 106.1682798 
1261.0000000 106.1262201 105.9718612 
1262.0000000 105.9298016 105.7754427 
1263.0000000 105.7333830 105.5790241 
1264.0000000 105.5369645 105.3826056 
1265.0000000 105.3405459 105.1861870 
1266.0000000 105.1441274 104.9897685 
1267.0000000 104.9477088 104.7933499 
1268.0000000 104.7512903 104.5969314 
1269.0000000 104.5548717 104.4005128 
1270.0000000 104.3584531 104.2040943 
1271.0000000 104.1620346 104.0076757 
1272.0000000 103.9656160 103.8112572 
1273.0000000 103.7691975 103.6148386 
1274.0000000 103.5727789 103.4184201 
1275.0000000 103.3763604 103.2220015 
1276.0000000 103.1799418 103.0255830 
1277.0000000 102.9835233 102.8291644 
1278.0000000 102.7871047 102.6327459 
1279.0000000 102.5906862 102.4363273 
1280.0000000 102.3942676 102.2399088 
1281.0000000 102.1978491 102.0434902 
1282.0000000 102.0014305 101.8470717 
1283.0000000 101.8050120 101.6506531 
1284.0000000 101.6085934 101.4542346 
1285.0000000 101.4121749 101.2578160 
1286.0000000 101.2157563 101.0613975 
1287.0000000 101.0193378 100.8649789 
1288.0000000 100.8229192 100.6685604 
1289.0000000 100.6265007 100.4721418 
1290.0000000 100.4300821 100.2757233 
1291.0000000 100.2336636 100.0793047 
1292.0000000 100.0372450 99.8828862 
1293.0000000 99.8408265 99.6864676 
1294.0000000 99.6444079 99.4900491 
1295.0000000 99.4479894 99.2936305 
1296.0000000 99.2515708 99.0972120 
1297.0000000 99.0551523 98.9007934 
1298.0000000 98.8587337 98.7043749 
1299.0000000 98.6623152 98.5079563 
1300.0000000 98.4658966 98.3115378 
1301.0000000 98.2694781 98.1151192 
1302.0000000 98.0730595 97.9187007 
1303.0000000 97.8766410 97.7222821 
1304.0000000 97.6802224 97.5258636 
1305.0000000 97.4838039 97.3294450 
1306.0000000 97.2873853 97.1330265 
1307.0000000 97.0909668 96.9366079 
1308.0000000 96.8945482 96.7401894 
1309.0000000 96.6981297 96.5437708 
1310.0000000 96.5017111 96.3473523 
1311.0000000 96.3052926 96.1509337 
1312.0000000 96.1088740 95.9545152 
1313.0000000 95.9124555 95.7580966 
1314.0000000 95.7160369 95.5616781 
1315.0000000 95.5196184 95.3652595 
1316.0000000 95.3231998 95.1688410 
1317.0000000 95.1267813 94.9724224 
1318.0000000 94.9303627 94.7760039 
1319.0000000 94.7339442 94.5795853 
1320.0000000 94.5375256 94.3831668 
1321.0000000 94.3411071 94.1867482 
1322.0000000 94.1446885 93.9903297 
1323.0000000 93.9482700 93.7939111 
1324.0000000 93.7518514 93.5974926 
1325.0000000 93.5554329 93.4010740 
1326.0000000 93.3590143 93.2046555 
1327.0000000 93.1625958 93.0082369 
1328.0000000 92.9661772 92.8118184 
1329.0000000 92.7697587 92.6153998 
1330.0000000 92.5733401 92.4189813 
1331.0000000 92.3769216 92.2225627 
1332.0000000 92.1805030 92.0261442 
1333.0000000 91.9840845 91.8297256 
1334.0000000 91.7876659 91.6333071 
1335.0000000 91.5912474 91.4368885 
1336.0000000 91.3948288 91.2404700 
1337.0000000 91.1984103 91.0440514 
1338.0000000 91.0019917 90.8476329 
1339.0000000 90.8055732 90.6512143 
1340.0000000 90.6091546 90.4547958 
1341.0000000 90.4127361 90.2583772 
1342.0000000 90.2163175 90.0619587 
1343.0000000 90.0198990 89.8655401 
1344.0000000 89.8234804 89.6691216 
1345.0000000 89.6270619 89.4727030 
1346.0000000 89.4306433 89.2762845 
1347.0000000 89.2342248 89.0798659 
1348.0000000 89.0378062 88.8834474 
1349.0000000 88.8413877 88.6870288 
1350.0000000 88.6449691 88.4906103 
1351.0000000 88.4485506 88.2941917 
1352.0000000 88.2521320 88.0977732 
1353.0000000 88.0557135 87.9013546 
1354.0000000 87.8592949 87.7049361 
1355.0000000 87.6628764 87.5085175 
1356.0000000 87.4664578 87.3120990 
1357.0000000 87.2700393 87.1156804 
1358.0000000 87.0736207 86.9192619 
1359.0000000 86.8772022 86.7228433 
1360.0000000 86.6807836 86.5264248 
1361.0000000 86.4843651 86.3300062 
1362.0000000 86.2879465 86.1335877 
1363.0000000 86.0915280 85.9371691 
1364.0000000 85.8951094 85.7407505 
1365.0000000 85.6986909 85.5443320 
1366.0000000 85.5022723 85.3479134 
1367.0000000 85.3058538 85.1514949 
1368.0000000 85.1094352 84.9550763 
1369.0000000 84.9130167 84.7586578 
1370.0000000 84.7165981 84.5622392 
1371.0000000 84.5201796 84.3658207 
1372.0000000 84.3237610 84.1694021 
1373.0000000 84.1273425 83.9729836 
1374.0000000 83.9309239 83.7765650 
1375.0000000 83.7345054 83.5801465 
1376.0000000 83.5380868 83.3837279 
1377.0000000 83.3416683 83.1873094 
1378.0000000 83.1452497 82.9908908 
1379.0000000 82.9488312 82.7944723 
1380.0000000 82.7524126 82.5980537 
1381.0000000 82.5559941 82.4016352 
1382.0000000 82.3595755 82.2052166 
1383.0000000 82.1631570 82.0087981 
1384.0000000 81.9667384 81.8123795 
1385.0000000 81.7703199 81.6159610 
1386.0000000 81.5739013 81.4195424 
1387.0000000 81.3774828 81.2231239 
1388.0000000 81.1810642 81.0267053 
1389.0000000 80.9846457 80.8302868 
1390.0000000 80.7882271 80.6338682 
1391.0000000 80.5918086 80.4374497 
1392.0000000 80.3953900 80.2410311 
1393.0000000 80.1989715 80.0446126 
1394.0000000 80.0025529 79.8481940 
1395.0000000 79.8061344 79.6517755 
1396.0000000 79.6097158 79.4553569 
1397.0000000 79.4132973 79.2589384 
1398.0000000 79.2168787 79.0625198 
1399.0000000 79.0204602 78.8661013 
1400.0000000 78.8240416 78.6696827 
1401.0000000 78.6276231 78.4732642 
1402.0000000 78.4312045 78.2768456 
1403.0000000 78.2347860 78.0804271 
1404.0000000 78.0383674 77.8840085 
1405.0000000 77.8419489 77.6875900 
1406.0000000 77.6455303 77.4911714 
1407.0000000 77.4491118 77.2947529 
1408.0000000 77.2526932 77.0983343 
1409.0000000 77.0562747 76.9019158 
1410.0000000 76.8598561 76.7054972 
1411.0000000 76.6634376 76.5090787 
1412.0000000 76.4670190 76.3126601 
1413.0000000 76.2706005 76.1162416 
1414.0000000 76.0741819 75.9198230 
1415.0000000 75.8777634 75.7234045 
1416.0000000 75.6813448 75.5269859 
1417.0000000 75.4849263 75.3305674 
1418.0000000 75.2885077 75.1341488 
1419.0000000 75.0920892 74.9377303 
1420.0000000 74.8956706 74.7413117 
1421.0000000 74.6992520 74.5448932 
1422.0000000 74.5028335 74.3484746 
1423.0000000 74.3064149 74.1520561 
1424.0000000 74.1099964 73.9556375 
1425.0000000 73.9135778 73.7592190 
1426.0000000 73.7171593 73.5628004 
1427.0000000 73.5207407 73.3663819 
1428.0000000 73.3243222 73.1699633 
1429.0000000 73.1279036 72.9735448 
1430.0000000 72.9314851 72.7771262 
1431.0000000 72.7350665 72.5807077 
1432.0000000 72.5386480 72.3842891 
1433.0000000 72.3422294 72.1878706 
1434.0000000 72.1458109 71.9914520 
1435.0000000 71.9493923 71.7950335 
1436.0000000 71.7529738 71.5986149 
1437.0000000 71.5565552 71.4021964 
1438.0000000 71.3601367 71.2057778 
1439.0000000 71.1637181 71.0093593 
1440.0000000 70.9672996 70.8129407 
1441.0000000 70.7708810 70.6165222 
1442.0000000 70.5744625 70.4201036 
1443.0000000 70.3780439 70.2236851 
1444.0000000 70.1816254 70.0272665 
1445.0000000 69.9852068 69.8308480 
1446.0000000 69.7887883 69.6344294 
1447.0000000 69.5923697 69.4380109 
1448.0000000 69.3959512 69.2415923 
1449.0000000 69.1995326 69.0451738 
1450.0000000 69.0031141 68.8487552 
1451.0000000 68.8066955 68.6523367 
1452.0000000 68.6102770 68.4559181 
1453.0000000 68.4138584 68.2594996 
1454.0000000 68.2174399 68.0630810 
1455.0000000 68.0210213 67.8666625 
1456.0000000 67.8246028 67.6702439 
1457.0000000 67.6281842 67.4738254 
1458.0000000 67.4317657 67.2774068 
1459.0000000 67.2353471 67.0809883 
1460.0000000 67.0389286 66.8845697 
1461.0000000 66.8425100 66.6881512 
1462.0000000 66.6460915 66.4917326 
1463.0000000 66.4496729 66.2953141 
1464.0000000 66.2532544 66.0988955 
1465.0000000 66.0568358 65.9024770 
1466.0000000 65.8604173 65.7060584 
1467.0000000 65.6639987 65.5096399 
1468.0000000 65.4675802 65.3132213 
1469.0000000 65.2711616 65.1168028 
1470.0000000 65.0747431 64.9203842 
1471.0000000 64.8783245 64.7239657 
1472.0000000 64.6819060 64.5275471 
1473.0000000 64.4854874 64.3311286 
1474.0000000 64.2890689 64.1347100 
1475.0000000 64.0926503 63.9382915 
1476.0000000 63.8962318 63.7418729 
1477.0000000 63.6998132 63.5454544 
1478.0000000 63.5033947 63.3490358 
1479.0000000 63.3069761 63.1526173 
1480.0000000 63.1105576 62.9561987 
1481.0000000 62.9141390 62.7597802 
1482.0000000 62.7177205 62.5633616 
1483.0000000 62.5213019 62.3669431 
1484.0000000 62.3248834 62.1705245 
1485.0000000 62.1284648 61.9741060 
1486.0000000 61.9320463 61.7776874 
1487.0000000 61.7356277 61.5812689 
1488.0000000 61.5392092 61.3848503 
1489.0000000 61.3427906 61.1884318 
1490.0000000 61.1463721 60.9920132 
1491.0000000 60.9499535 60.7955947 
1492.0000000 60.7535350 60.5991761 
1493.0000000 60.5571164 60.4027576 
1494.0000000 60.3606979 60.2063390 
1495.0000000 60.1642793 60.0099205 
1496.0000000 59.9678608 59.8135019 
1497.0000000 59.7714422 59.6170834 
1498.0000000 59.5750237 59.4206648 
1499.0000000 59.3786051 59.2242463 
1500.0000000 59.1821866 59.0278277 
1501.0000000 58.9857680 58.8314092 
1502.0000000 58.7893495 58.6349906 
1503.0000000 58.5929309 58.4385721 
1504.0000000 58.3965124 58.2421535 
1505.0000000 58.2000938 58.0457350 
1506.0000000 58.0036753 57.8493164 
1507.0000000 57.8072567 57.6528979 
1508.0000000 57.6108382 57.4564793 
1509.0000000 57.4144196 57.2600608 
1510.0000000 57.2180011 57.0636422 
1511.0000000 57.0215825 56.8672237 
1512.0000000 56.8251640 56.6708051 
1513.0000000 56.6287454 56.4743866 
1514.0000000 56.4323269 56.2779680 
1515.0000000 56.2359083 56.0815494 
1516.0000000 56.0394898 55.8851309 
1517.0000000 55.8430712 55.6887123 
1518.0000000 55.6466527 55.4922938 
1519.0000000 55.4502341 55.2958752 
1520.0000000 55.2538156 55.0994567 
1521.0000000 55.0573970 54.9030381 
1522.0000000 54.8609785 54.7066196 
1523.0000000 54.6645599 54.5102010 
1524.0000000 54.4681414 54.3137825 
1525.0000000 54.2717228 54.1173639 
1526.0000000 54.0753043 53.9209454 
1527.0000000 53.8788857 53.7245268 
1528.0000000 53.6824672 53.5281083 
1529.0000000 53.4860486 53.3316897 
1530.0000000 53.2896301 53.1352712 
1531.0000000 53.0932115 52.9388526 
1532.0000000 52.8967930 52.7424341 
1533.0000000 52.7003744 52.5460155 
1534.0000000 52.5039559 52.3495970 
1535.0000000 52.3075373 52.1531784 
1536.0000000 52.1111188 51.9567599 
1537.0000000 51.9147002 51.7603413 
1538.0000000 51.7182817 51.5639228 
1539.0000000 51.5218631 51.3675042 
1540.0000000 51.3254446 51.1710857 
1541.0000000 51.1290260 50.9746671 
1542.0000000 50.9326075 50.7782486 
1543.0000000 50.7361889 50.5818300 
1544.0000000 50.5397704 50.3854115 
1545.0000000 50.3433518 50.1889929 
1546.0000000 50.1469333 49.9925744 
1547.0000000 49.9505147 49.7961558 
1548.0000000 49.7540962 49.5997373 
1549.0000000 49.5576776 49.4033187 
1550.0000000 49.3612591 49.2069002 
1551.0000000 49.1648405 49.0104816 
1552.0000000 48.9684220 48.8140631 
1553.0000000 48.7720034 48.6176445 
1554.0000000 48.5755849 48.4212260 
1555.0000000 48.3791663 48.2248074 
1556.0000000 48.1827478 48.0283889 
1557.0000000 47.9863292 47.8319703 
1558.0000000 47.7899107 47.6355518 
1559.0000000 47.5934921 47.4391332 
1560.0000000 47.3970736 47.2427147 
1561.0000000 47.2006550 47.0462961 
1562.0000000 47.0042365 46.8498776 
1563.0000000 46.8078179 46.6534590 
1564.0000000 46.6113994 46.4570405 
1565.0000000 46.4149808 46.2606219 
1566.0000000 46.2185623 46.0642034 
1567.0000000 46.0221437 45.8677848 
1568.0000000 45.8257252 45.6713663 
1569.0000000 45.6293066 45.4749477 
1570.0000000 45.4328881 45.2785292 
1571.0000000 45.2364695 45.0821106 
1572.0000000 45.0400510 44.8856921 
1573.0000000 44.8436324 44.6892735 
1574.0000000 44.6472138 44.4928550 
1575.0000000 44.4507953 44.2964364 
1576.0000000 44.2543767 44.1000179 
1577.0000000 44.0579582 43.9035993 
1578.0000000 43.8615396 43.7071808 
1579.0000000 43.6651211 43.5107622 
1580.0000000 43.4687025 43.3143437 
1581.0000000 43.2722840 43.1179251 
1582.0000000 43.0758654 42.9215066 
1583.0000000 42.8794469 42.7250880 
1584.0000000 42.6830283 42.5286695 
1585.0000000 42.4866098 42.3322509 
1586.0000000 42.2901912 42.1358324 
1587.0000000 42.0937727 41.9394138 
1588.0000000 41.8973541 41.7429953 
1589.0000000 41.7009356 41.5465767 
1590.0000000 41.5045170 41.3501582 
1591.0000000 41.3080985 41.1537396 
1592.0000000 41.1116799 40.9573211 
1593.0000000 40.9152614 40.7609025 
1594.0000000 40.7188428 40.5644840 
1595.0000000 40.5224243 40.3680654 
1596.0000000 40.3260057 40.1716469 
1597.0000000 40.1295872 39.9752283 
1598.0000000 39.9331686 39.7788098 
1599.0000000 39.7367501 39.5823912 
1600.0000000 39.5403315 39.3859727 
1601.0000000 39.3439130 39.1895541 
1602.0000000 39.1474944 38.9931356 
1603.0000000 38.9510759 38.7967170 
1604.0000000 38.7546573 38.6002985 
1605.0000000 38.5582388 38.4038799 
1606.0000000 38.3618202 38.2074614 
1607.0000000 38.1654017 38.0110428 
1608.0000000 37.9689831 37.8146243 
1609.0000000 37.7725646 37.6182057 
1610.0000000 37.5761460 37.4217872 
1611.0000000 37.3797275 37.2253686 
1612.0000000 37.1833089 37.0289501 
1613.0000000 36.9868904 36.8325315 
1614.0000000 36.7904718 36.6361130 
1615.0000000 36.5940533 36.4396944 
1616.0000000 36.3976347 36.2432759 
1617.0000000 36.2012162 36.0468573 
1618.0000000 36.0047976 35.8504388 
1619.0000000 35.8083791 35.6540202 
1620.0000000 35.6119605 35.4576017 
1621.0000000 35.4155420 35.2611831 
1622.0000000 35.2191234 35.0647646 
1623.0000000 35.0227049 34.8683460 
1624.0000000 34.8262863 34.6719275 
1625.0000000 34.6298678 34.4755089 
1626.0000000 34.4334492 34.2790904 
1627.0000000 34.2370307 34.0826718 
1628.0000000 34.0406121 33.8862533 
1629.0000000 33.8441936 33.6898347 
1630.0000000 33.6477750 33.4934162 
1631.0000000 33.4513565 33.2969976 
1632.0000000 33.2549379 33.1005791 
1633.0000000 33.0585194 32.9041605 
1634.0000000 32.8621008 32.7077420 
1635.0000000 32.6656823 32.5113234 
1636.0000000 32.4692637 32.3149049 
1637.0000000 32.2728452 32.1184863 
1638.0000000 32.0764266 31.9220678 
1639.0000000 31.8800081 31.7256492 
1640.0000000 31.6835895 31.5292307 
1641.0000000 31.4871710 31.3328121 
1642.0000000 31.2907524 31.1363936 
1643.0000000 31.0943339 30.9399750 
1644.0000000 30.8979153 30.7435565 
1645.0000000 30.7014968 30.5471379 
1646.0000000 30.5050782 30.3507194 
1647.0000000 30.3086597 30.1543008 
1648.0000000 30.1122411 29.9578823 
1649.0000000 29.9158226 29.7614637 
1650.0000000 29.7194040 29.5650452 
1651.0000000 29.5229855 29.3686266 
1652.0000000 29.3265669 29.1722081 
1653.0000000 29.1301484 28.9757895 
1654.0000000 28.9337298 28.7793710 
1655.0000000 28.7373113 28.5829524 
1656.0000000 28.5408927 28.3865339 
1657.0000000 28.3444742 28.1901153 
1658.0000000 28.1480556 27.9936968 
1659.0000000 27.9516371 27.7972782 
1660.0000000 27.7552185 27.6008597 
1661.0000000 27.5588000 27.4044411 
1662.0000000 27.3623814 27.2080226 
1663.0000000 27.1659629 27.0116040 
1664.0000000 26.9695443 26.8151855 
1665.0000000 26.7731258 26.6187669 
1666.0000000 26.5767072 26.4223483 
1667.0000000 26.3802887 26.2259298 
1668.0000000 26.1838701 26.0295112 
1669.0000000 25.9874516 25.8330927 
1670.0000000 25.7910330 25.6366741 
1671.0000000 25.5946145 25.4402556 
1672.0000000 25.3981959 25.2438370 
1673.0000000 25.2017774 25.0474185 
1674.0000000 25.0053588 24.8509999 
1675.0000000 24.8089403 24.6545814 
1676.0000000 24.6125217 24.4581628 
1677.0000000 24.4161032 24.2617443 
1678.0000000 24.2196846 24.0653257 
1679.0000000 24.0232661 23.8689072 
1680.0000000 23.8268475 23.6724886 
1681.0000000 23.6304290 23.4760701 
1682.0000000 23.4340104 23.2796515 
1683.0000000 23.2375919 23.0832330 
1684.0000000 23.0411733 22.8868144 
1685.0000000 22.8447548 22.6903959 
1686.0000000 22.6483362 22.4939773 
1687.0000000 22.4519177 22.2975588 
1688.0000000 22.2554991 22.1011402 
1689.0000000 22.0590806 21.9047217 
1690.0000000 21.8626620 21.7083031 
1691.0000000 21.6662435 21.5118846 
1692.0000000 21.4698249 21.3154660 
1693.0000000 21.2734064 21.1190475 
1694.0000000 21.0769878 20.9226289 
1695.0000000 20.8805693 20.7262104 
1696.0000000 20.6841507 20.5297918 
1697.0000000 20.4877322 20.3333733 
1698.0000000 20.2913136 20.1369547 
1699.0000000 20.0948951 19.9405362 
1700.0000000 19.8984765 19.7441176 
1701.0000000 19.7020580 19.5476991 
1702.0000000 19.5056394 19.3512805 
1703.0000000 19.3092209 19.1548620 
1704.0000000 19.1128023 18.9584434 
1705.0000000 18.9163838 18.7620249 
1706.0000000 18.7199652 18.5656063 
1707.0000000 18.5235467 18.3691878 
1708.0000000 18.3271281 18.1727692 
1709.0000000 18.1307096 17.9763507 
1710.0000000 17.9342910 17.7799321 
1711.0000000 17.7378725 17.5835136 
1712.0000000 17.5414539 17.3870950 
1713.0000000 17.3450354 17.1906765 
1714.0000000 17.1486168 16.9942579 
1715.0000000 16.9521983 16.7978394 
1716.0000000 16.7557797 16.6014208 
1717.0000000 16.5593612 16.4050023 
1718.0000000 16.3629426 16.2085837 
1719.0000000 16.1665241 16.0121652 
1720.0000000 15.9701055 15.8157466 
1721.0000000 15.7736870 15.6193281 
1722.0000000 15.5772684 15.4229095 
1723.0000000 15.3808499 15.2264910 
1724.0000000 15.1844313 15.0300724 
1725.0000000 14.9880127 14.8336539 
1726.0000000 14.7915942 14.6372353 
1727.0000000 14.5951756 14.4408168 
1728.0000000 14.3987571 14.2443982 
1729.0000000 14.2023385 14.0479797 
1730.0000000 14.0059200 13.8515611 
1731.0000000 13.8095014 13.6551426 
1732.0000000 13.6130829 13.4587240 
1733.0000000 13.4166643 13.2623055 
1734.0000000 13.2202458 13.0658869 
1735.0000000 13.0238272 12.8694684 
1736.0000000 12.8274087 12.6730498 
1737.0000000 12.6309901 12.4766313 
1738.0000000 12.4345716 12.2802127 
1739.0000000 12.2381530 12.0837942 
1740.0000000 12.0417345 11.8873756 
1741.0000000 11.8453159 11.6909571 
1742.0000000 11.6488974 11.4945385 
1743.0000000 11.4524788 11.2981200 
1744.0000000 11.2560603 11.1017014 
1745.0000000 11.0596417 10.9052829 
1746.0000000 10.8632232 10.7088643 
1747.0000000 10.6668046 10.5124458 
1748.0000000 10.4703861 10.3160272 
1749.0000000 10.2739675 10.1196087 
1750.0000000 10.0775490 9.9231901 
1751.0000000 9.8811304 9.7267716 
1752.0000000 9.6847119 9.5303530 
1753.0000000 9.4882933 9.3339345 
1754.0000000 9.2918748 9.1375159 
1755.0000000 9.0954562 8.9410974 
1756.0000000 8.8990377 8.7446788 
1757.0000000 8.7026191 8.5482603 
1758.0000000 8.5062006 8.3518417 
1759.0000000 8.3097820 8.1554232 
1760.0000000 8.1133635 7.9590046 
1761.0000000 7.9169449 7.7625861 
1762.0000000 7.7205264 7.5661675 
1763.0000000 7.5241078 7.3697490 
1764.0000000 7.3276893 7.1733304 
1765.0000000 7.1312707 6.9769119 
1766.0000000 6.9348522 6.7804933 
1767.0000000 6.7384336 6.5840748 
1768.0000000 6.5420151 6.3876562 
1769.0000000 6.3455965 6.1912377 
1770.0000000 6.1491780 5.9948191 
1771.0000000 5.9527594 5.7984006 
1772.0000000 5.7563409 5.6019820 
1773.0000000 5.5599223 5.4055635 
1774.0000000 5.3635038 5.2091449 
1775.0000000 5.1670852 5.0127264 
1776.0000000 4.9706667 4.8163078 
1777.0000000 4.7742481 4.6198893 
1778.0000000 4.5778296 4.4234707 
1779.0000000 4.3814110 4.2270522 
1780.0000000 4.1849925 4.0306336 
1781.0000000 3.9885739 3.8342151 
1782.0000000 3.7921554 3.6377965 
1783.0000000 3.5957368 3.4413780 
1784.0000000 3.3993183 3.2449594 
1785.0000000 3.2028997 3.0485409 
1786.0000000 3.0064812 2.8521223 
1787.0000000 2.8100626 2.6557038 
1788.0000000 2.6136441 2.4592852 
1789.0000000 2.4172255 2.2628667 
1790.0000000 2.2208070 2.0664481 
1791.0000000 2.0243884 1.8700296 
1792.0000000 1.8279699 1.6736110 
1793.0000000 1.6315513 1.4771925 
1794.0000000 1.4351328 1.2807739 
1795.0000000 1.2387142 1.0843554 
1796.0000000 1.0422957 0.8879368 
1797.0000000 0.8458771 0.6915183 
1798.0000000 0.6494586 0.4950997 
1799.0000000 0.4530400 0.2986812 
1800.0000000 0.2566215 0.1022626 

