1.0000000 353.4747211 353.6457702 
2.0000000 353.2783026 353.4493517 
3.0000000 353.0818840 353.2529331 
4.0000000 352.8854655 353.0565146 
5.0000000 352.6890469 352.8600960 
6.0000000 352.4926284 352.6636775 
7.0000000 352.2962098 352.4672589 
8.0000000 352.0997913 352.2708404 
9.0000000 351.9033727 352.0744218 
10.0000000 351.7069542 351.8780033 
11.0000000 351.5105356 351.6815847 
12.0000000 351.3141171 351.4851662 
13.0000000 351.1176985 351.2887476 
14.0000000 350.9212800 351.0923291 
15.0000000 350.7248614 350.8959105 
16.0000000 350.5284429 350.6994920 
17.0000000 350.3320243 350.5030734 
18.0000000 350.1356058 350.3066549 
19.0000000 349.9391872 350.1102363 
20.0000000 349.7427687 349.9138178 
21.0000000 349.5463501 349.7173992 
22.0000000 349.3499316 349.5209807 
23.0000000 349.1535130 349.3245621 
24.0000000 348.9570945 349.1281436 
25.0000000 348.7606759 348.9317250 
26.0000000 348.5642574 348.7353065 
27.0000000 348.3678388 348.5388879 
28.0000000 348.1714203 348.3424694 
29.0000000 347.9750017 348.1460508 
30.0000000 347.7785832 347.9496322 
31.0000000 347.5821646 347.7532137 
32.0000000 347.3857461 347.5567951 
33.0000000 347.1893275 347.3603766 
34.0000000 346.9929090 347.1639580 
35.0000000 346.7964904 346.9675395 
36.0000000 346.6000719 346.7711209 
37.0000000 346.4036533 346.5747024 
38.0000000 346.2072348 346.3782838 
39.0000000 346.0108162 346.1818653 
40.0000000 345.8143977 345.9854467 
41.0000000 345.6179791 345.7890282 
42.0000000 345.4215606 345.5926096 
43.0000000 345.2251420 345.3961911 
44.0000000 345.0287235 345.1997725 
45.0000000 344.8323049 345.0033540 
46.0000000 344.6358864 344.8069354 
47.0000000 344.4394678 344.6105169 
48.0000000 344.2430493 344.4140983 
49.0000000 344.0466307 344.2176798 
50.0000000 343.8502122 344.0212612 
51.0000000 343.6537936 343.8248427 
52.0000000 343.4573751 343.6284241 
53.0000000 343.2609565 343.4320056 
54.0000000 343.0645380 343.2355870 
55.0000000 342.8681194 343.0391685 
56.0000000 342.6717009 342.8427499 
57.0000000 342.4752823 342.6463314 
58.0000000 342.2788638 342.4499128 
59.0000000 342.0824452 342.2534943 
60.0000000 341.8860267 342.0570757 
61.0000000 341.6896081 341.8606572 
62.0000000 341.4931896 341.6642386 
63.0000000 341.2967710 341.4678201 
64.0000000 341.1003525 341.2714015 
65.0000000 340.9039339 341.0749830 
66.0000000 340.7075154 340.8785644 
67.0000000 340.5110968 340.6821459 
68.0000000 340.3146783 340.4857273 
69.0000000 340.1182597 340.2893088 
70.0000000 339.9218412 340.0928902 
71.0000000 339.7254226 339.8964717 
72.0000000 339.5290041 339.7000531 
73.0000000 339.3325855 339.5036346 
74.0000000 339.1361670 339.3072160 
75.0000000 338.9397484 339.1107975 
76.0000000 338.7433299 338.9143789 
77.0000000 338.5469113 338.7179604 
78.0000000 338.3504928 338.5215418 
79.0000000 338.1540742 338.3251233 
80.0000000 337.9576557 338.1287047 
81.0000000 337.7612371 337.9322862 
82.0000000 337.5648186 337.7358676 
83.0000000 337.3684000 337.5394491 
84.0000000 337.1719815 337.3430305 
85.0000000 336.9755629 337.1466120 
86.0000000 336.7791444 336.9501934 
87.0000000 336.5827258 336.7537749 
88.0000000 336.3863073 336.5573563 
89.0000000 336.1898887 336.3609378 
90.0000000 335.9934702 336.1645192 
91.0000000 335.7970516 335.9681007 
92.0000000 335.6006331 335.7716821 
93.0000000 335.4042145 335.5752636 
94.0000000 335.2077960 335.3788450 
95.0000000 335.0113774 335.1824265 
96.0000000 334.8149589 334.9860079 
97.0000000 334.6185403 334.7895894 
98.0000000 334.4221218 334.5931708 
99.0000000 334.2257032 334.3967523 
100.0000000 334.0292847 334.2003337 
101.0000000 333.8328661 334.0039152 
102.0000000 333.6364476 333.8074966 
103.0000000 333.4400290 333.6110781 
104.0000000 333.2436105 333.4146595 
105.0000000 333.0471919 333.2182410 
106.0000000 332.8507734 333.0218224 
107.0000000 332.6543548 332.8254039 
108.0000000 332.4579363 332.6289853 
109.0000000 332.2615177 332.4325668 
110.0000000 332.0650992 332.2361482 
111.0000000 331.8686806 332.0397297 
112.0000000 331.6722621 331.8433111 
113.0000000 331.4758435 331.6468926 
114.0000000 331.2794250 331.4504740 
115.0000000 331.0830064 331.2540555 
116.0000000 330.8865879 331.0576369 
117.0000000 330.6901693 330.8612184 
118.0000000 330.4937508 330.6647998 
119.0000000 330.2973322 330.4683813 
120.0000000 330.1009137 330.2719627 
121.0000000 329.9044951 330.0755442 
122.0000000 329.7080766 329.8791256 
123.0000000 329.5116580 329.6827071 
124.0000000 329.3152395 329.4862885 
125.0000000 329.1188209 329.2898700 
126.0000000 328.9224024 329.0934514 
127.0000000 328.7259838 328.8970329 
128.0000000 328.5295653 328.7006143 
129.0000000 328.3331467 328.5041958 
130.0000000 328.1367282 328.3077772 
131.0000000 327.9403096 328.1113587 
132.0000000 327.7438911 327.9149401 
133.0000000 327.5474725 327.7185216 
134.0000000 327.3510540 327.5221030 
135.0000000 327.1546354 327.3256845 
136.0000000 326.9582169 327.1292659 
137.0000000 326.7617983 326.9328474 
138.0000000 326.5653798 326.7364288 
139.0000000 326.3689612 326.5400103 
140.0000000 326.1725427 326.3435917 
141.0000000 325.9761241 326.1471732 
142.0000000 325.7797056 325.9507546 
143.0000000 325.5832870 325.7543361 
144.0000000 325.3868685 325.5579175 
145.0000000 325.1904499 325.3614990 
146.0000000 324.9940313 325.1650804 
147.0000000 324.7976128 324.9686619 
148.0000000 324.6011942 324.7722433 
149.0000000 324.4047757 324.5758248 
150.0000000 324.2083571 324.3794062 
151.0000000 324.0119386 324.1829877 
152.0000000 323.8155200 323.9865691 
153.0000000 323.6191015 323.7901506 
154.0000000 323.4226829 323.5937320 
155.0000000 323.2262644 323.3973135 
156.0000000 323.0298458 323.2008949 
157.0000000 322.8334273 323.0044764 
158.0000000 322.6370087 322.8080578 
159.0000000 322.4405902 322.6116393 
160.0000000 322.2441716 322.4152207 
161.0000000 322.0477531 322.2188022 
162.0000000 321.8513345 322.0223836 
163.0000000 321.6549160 321.8259651 
164.0000000 321.4584974 321.6295465 
165.0000000 321.2620789 321.4331280 
166.0000000 321.0656603 321.2367094 
167.0000000 320.8692418 321.0402909 
168.0000000 320.6728232 320.8438723 
169.0000000 320.4764047 320.6474538 
170.0000000 320.2799861 320.4510352 
171.0000000 320.0835676 320.2546167 
172.0000000 319.8871490 320.0581981 
173.0000000 319.6907305 319.8617796 
174.0000000 319.4943119 319.6653610 
175.0000000 319.2978934 319.4689425 
176.0000000 319.1014748 319.2725239 
177.0000000 318.9050563 319.0761054 
178.0000000 318.7086377 318.8796868 
179.0000000 318.5122192 318.6832683 
180.0000000 318.3158006 318.4868497 
181.0000000 318.1193821 318.2904312 
182.0000000 317.9229635 318.0940126 
183.0000000 317.7265450 317.8975940 
184.0000000 317.5301264 317.7011755 
185.0000000 317.3337079 317.5047569 
186.0000000 317.1372893 317.3083384 
187.0000000 316.9408708 317.1119198 
188.0000000 316.7444522 316.9155013 
189.0000000 316.5480337 316.7190827 
190.0000000 316.3516151 316.5226642 
191.0000000 316.1551966 316.3262456 
192.0000000 315.9587780 316.1298271 
193.0000000 315.7623595 315.9334085 
194.0000000 315.5659409 315.7369900 
195.0000000 315.3695224 315.5405714 
196.0000000 315.1731038 315.3441529 
197.0000000 314.9766853 315.1477343 
198.0000000 314.7802667 314.9513158 
199.0000000 314.5838482 314.7548972 
200.0000000 314.3874296 314.5584787 
201.0000000 314.1910111 314.3620601 
202.0000000 313.9945925 314.1656416 
203.0000000 313.7981740 313.9692230 
204.0000000 313.6017554 313.7728045 
205.0000000 313.4053369 313.5763859 
206.0000000 313.2089183 313.3799674 
207.0000000 313.0124998 313.1835488 
208.0000000 312.8160812 312.9871303 
209.0000000 312.6196627 312.7907117 
210.0000000 312.4232441 312.5942932 
211.0000000 312.2268256 312.3978746 
212.0000000 312.0304070 312.2014561 
213.0000000 311.8339885 312.0050375 
214.0000000 311.6375699 311.8086190 
215.0000000 311.4411514 311.6122004 
216.0000000 311.2447328 311.4157819 
217.0000000 311.0483143 311.2193633 
218.0000000 310.8518957 311.0229448 
219.0000000 310.6554772 310.8265262 
220.0000000 310.4590586 310.6301077 
221.0000000 310.2626401 310.4336891 
222.0000000 310.0662215 310.2372706 
223.0000000 309.8698030 310.0408520 
224.0000000 309.6733844 309.8444335 
225.0000000 309.4769659 309.6480149 
226.0000000 309.2805473 309.4515964 
227.0000000 309.0841288 309.2551778 
228.0000000 308.8877102 309.0587593 
229.0000000 308.6912917 308.8623407 
230.0000000 308.4948731 308.6659222 
231.0000000 308.2984546 308.4695036 
232.0000000 308.1020360 308.2730851 
233.0000000 307.9056175 308.0766665 
234.0000000 307.7091989 307.8802480 
235.0000000 307.5127804 307.6838294 
236.0000000 307.3163618 307.4874109 
237.0000000 307.1199433 307.2909923 
238.0000000 306.9235247 307.0945738 
239.0000000 306.7271062 306.8981552 
240.0000000 306.5306876 306.7017367 
241.0000000 306.3342691 306.5053181 
242.0000000 306.1378505 306.3088996 
243.0000000 305.9414320 306.1124810 
244.0000000 305.7450134 305.9160625 
245.0000000 305.5485949 305.7196439 
246.0000000 305.3521763 305.5232254 
247.0000000 305.1557578 305.3268068 
248.0000000 304.9593392 305.1303883 
249.0000000 304.7629207 304.9339697 
250.0000000 304.5665021 304.7375512 
251.0000000 304.3700836 304.5411326 
252.0000000 304.1736650 304.3447141 
253.0000000 303.9772465 304.1482955 
254.0000000 303.7808279 303.9518770 
255.0000000 303.5844094 303.7554584 
256.0000000 303.3879908 303.5590399 
257.0000000 303.1915723 303.3626213 
258.0000000 302.9951537 303.1662028 
259.0000000 302.7987352 302.9697842 
260.0000000 302.6023166 302.7733657 
261.0000000 302.4058981 302.5769471 
262.0000000 302.2094795 302.3805286 
263.0000000 302.0130610 302.1841100 
264.0000000 301.8166424 301.9876915 
265.0000000 301.6202239 301.7912729 
266.0000000 301.4238053 301.5948544 
267.0000000 301.2273868 301.3984358 
268.0000000 301.0309682 301.2020173 
269.0000000 300.8345497 301.0055987 
270.0000000 300.6381311 300.8091802 
271.0000000 300.4417126 300.6127616 
272.0000000 300.2452940 300.4163431 
273.0000000 300.0488755 300.2199245 
274.0000000 299.8524569 300.0235060 
275.0000000 299.6560384 299.8270874 
276.0000000 299.4596198 299.6306689 
277.0000000 299.2632013 299.4342503 
278.0000000 299.0667827 299.2378318 
279.0000000 298.8703642 299.0414132 
280.0000000 298.6739456 298.8449947 
281.0000000 298.4775271 298.6485761 
282.0000000 298.2811085 298.4521576 
283.0000000 298.0846900 298.2557390 
284.0000000 297.8882714 298.0593205 
285.0000000 297.6918529 297.8629019 
286.0000000 297.4954343 297.6664834 
287.0000000 297.2990158 297.4700648 
288.0000000 297.1025972 297.2736463 
289.0000000 296.9061787 297.0772277 
290.0000000 296.7097601 296.8808092 
291.0000000 296.5133416 296.6843906 
292.0000000 296.3169230 296.4879721 
293.0000000 296.1205045 296.2915535 
294.0000000 295.9240859 296.0951350 
295.0000000 295.7276674 295.8987164 
296.0000000 295.5312488 295.7022979 
297.0000000 295.3348302 295.5058793 
298.0000000 295.1384117 295.3094608 
299.0000000 294.9419931 295.1130422 
300.0000000 294.7455746 294.9166237 
301.0000000 294.5491560 294.7202051 
302.0000000 294.3527375 294.5237866 
303.0000000 294.1563189 294.3273680 
304.0000000 293.9599004 294.1309495 
305.0000000 293.7634818 293.9345309 
306.0000000 293.5670633 293.7381124 
307.0000000 293.3706447 293.5416938 
308.0000000 293.1742262 293.3452753 
309.0000000 292.9778076 293.1488567 
310.0000000 292.7813891 292.9524382 
311.0000000 292.5849705 292.7560196 
312.0000000 292.3885520 292.5596011 
313.0000000 292.1921334 292.3631825 
314.0000000 291.9957149 292.1667640 
315.0000000 291.7992963 291.9703454 
316.0000000 291.6028778 291.7739269 
317.0000000 291.4064592 291.5775083 
318.0000000 291.2100407 291.3810898 
319.0000000 291.0136221 291.1846712 
320.0000000 290.8172036 290.9882527 
321.0000000 290.6207850 290.7918341 
322.0000000 290.4243665 290.5954156 
323.0000000 290.2279479 290.3989970 
324.0000000 290.0315294 290.2025785 
325.0000000 289.8351108 290.0061599 
326.0000000 289.6386923 289.8097414 
327.0000000 289.4422737 289.6133228 
328.0000000 289.2458552 289.4169043 
329.0000000 289.0494366 289.2204857 
330.0000000 288.8530181 289.0240672 
331.0000000 288.6565995 288.8276486 
332.0000000 288.4601810 288.6312301 
333.0000000 288.2637624 288.4348115 
334.0000000 288.0673439 288.2383929 
335.0000000 287.8709253 288.0419744 
336.0000000 287.6745068 287.8455558 
337.0000000 287.4780882 287.6491373 
338.0000000 287.2816697 287.4527187 
339.0000000 287.0852511 287.2563002 
340.0000000 286.8888326 287.0598816 
341.0000000 286.6924140 286.8634631 
342.0000000 286.4959955 286.6670445 
343.0000000 286.2995769 286.4706260 
344.0000000 286.1031584 286.2742074 
345.0000000 285.9067398 286.0777889 
346.0000000 285.7103213 285.8813703 
347.0000000 285.5139027 285.6849518 
348.0000000 285.3174842 285.4885332 
349.0000000 285.1210656 285.2921147 
350.0000000 284.9246471 285.0956961 
351.0000000 284.7282285 284.8992776 
352.0000000 284.5318100 284.7028590 
353.0000000 284.3353914 284.5064405 
354.0000000 284.1389729 284.3100219 
355.0000000 283.9425543 284.1136034 
356.0000000 283.7461358 283.9171848 
357.0000000 283.5497172 283.7207663 
358.0000000 283.3532987 283.5243477 
359.0000000 283.1568801 283.3279292 
360.0000000 282.9604616 283.1315106 
361.0000000 282.7640430 282.9350921 
362.0000000 282.5676245 282.7386735 
363.0000000 282.3712059 282.5422550 
364.0000000 282.1747874 282.3458364 
365.0000000 281.9783688 282.1494179 
366.0000000 281.7819503 281.9529993 
367.0000000 281.5855317 281.7565808 
368.0000000 281.3891132 281.5601622 
369.0000000 281.1926946 281.3637437 
370.0000000 280.9962761 281.1673251 
371.0000000 280.7998575 280.9709066 
372.0000000 280.6034390 280.7744880 
373.0000000 280.4070204 280.5780695 
374.0000000 280.2106019 280.3816509 
375.0000000 280.0141833 280.1852324 
376.0000000 279.8177648 279.9888138 
377.0000000 279.6213462 279.7923953 
378.0000000 279.4249277 279.5959767 
379.0000000 279.2285091 279.3995582 
380.0000000 279.0320906 279.2031396 
381.0000000 278.8356720 279.0067211 
382.0000000 278.6392535 278.8103025 
383.0000000 278.4428349 278.6138840 
384.0000000 278.2464164 278.4174654 
385.0000000 278.0499978 278.2210469 
386.0000000 277.8535793 278.0246283 
387.0000000 277.6571607 277.8282098 
388.0000000 277.4607422 277.6317912 
389.0000000 277.2643236 277.4353727 
390.0000000 277.0679051 277.2389541 
391.0000000 276.8714865 277.0425356 
392.0000000 276.6750680 276.8461170 
393.0000000 276.4786494 276.6496985 
394.0000000 276.2822309 276.4532799 
395.0000000 276.0858123 276.2568614 
396.0000000 275.8893938 276.0604428 
397.0000000 275.6929752 275.8640243 
398.0000000 275.4965567 275.6676057 
399.0000000 275.3001381 275.4711872 
400.0000000 275.1037196 275.2747686 
401.0000000 274.9073010 275.0783501 
402.0000000 274.7108825 274.8819315 
403.0000000 274.5144639 274.6855130 
404.0000000 274.3180454 274.4890944 
405.0000000 274.1216268 274.2926759 
406.0000000 273.9252083 274.0962573 
407.0000000 273.7287897 273.8998388 
408.0000000 273.5323712 273.7034202 
409.0000000 273.3359526 273.5070017 
410.0000000 273.1395341 273.3105831 
411.0000000 272.9431155 273.1141646 
412.0000000 272.7466970 272.9177460 
413.0000000 272.5502784 272.7213275 
414.0000000 272.3538599 272.5249089 
415.0000000 272.1574413 272.3284904 
416.0000000 271.9610228 272.1320718 
417.0000000 271.7646042 271.9356533 
418.0000000 271.5681857 271.7392347 
419.0000000 271.3717671 271.5428162 
420.0000000 271.1753486 271.3463976 
421.0000000 270.9789300 271.1499791 
422.0000000 270.7825115 270.9535605 
423.0000000 270.5860929 270.7571420 
424.0000000 270.3896744 270.5607234 
425.0000000 270.1932558 270.3643049 
426.0000000 269.9968373 270.1678863 
427.0000000 269.8004187 269.9714678 
428.0000000 269.6040002 269.7750492 
429.0000000 269.4075816 269.5786307 
430.0000000 269.2111631 269.3822121 
431.0000000 269.0147445 269.1857936 
432.0000000 268.8183260 268.9893750 
433.0000000 268.6219074 268.7929565 
434.0000000 268.4254889 268.5965379 
435.0000000 268.2290703 268.4001194 
436.0000000 268.0326518 268.2037008 
437.0000000 267.8362332 268.0072823 
438.0000000 267.6398147 267.8108637 
439.0000000 267.4433961 267.6144452 
440.0000000 267.2469776 267.4180266 
441.0000000 267.0505590 267.2216081 
442.0000000 266.8541405 267.0251895 
443.0000000 266.6577219 266.8287710 
444.0000000 266.4613034 266.6323524 
445.0000000 266.2648848 266.4359339 
446.0000000 266.0684663 266.2395153 
447.0000000 265.8720477 266.0430968 
448.0000000 265.6756291 265.8466782 
449.0000000 265.4792106 265.6502597 
450.0000000 265.2827920 265.4538411 
451.0000000 265.0863735 265.2574226 
452.0000000 264.8899549 265.0610040 
453.0000000 264.6935364 264.8645855 
454.0000000 264.4971178 264.6681669 
455.0000000 264.3006993 264.4717484 
456.0000000 264.1042807 264.2753298 
457.0000000 263.9078622 264.0789113 
458.0000000 263.7114436 263.8824927 
459.0000000 263.5150251 263.6860742 
460.0000000 263.3186065 263.4896556 
461.0000000 263.1221880 263.2932371 
462.0000000 262.9257694 263.0968185 
463.0000000 262.7293509 262.9004000 
464.0000000 262.5329323 262.7039814 
465.0000000 262.3365138 262.5075629 
466.0000000 262.1400952 262.3111443 
467.0000000 261.9436767 262.1147258 
468.0000000 261.7472581 261.9183072 
469.0000000 261.5508396 261.7218887 
470.0000000 261.3544210 261.5254701 
471.0000000 261.1580025 261.3290516 
472.0000000 260.9615839 261.1326330 
473.0000000 260.7651654 260.9362145 
474.0000000 260.5687468 260.7397959 
475.0000000 260.3723283 260.5433774 
476.0000000 260.1759097 260.3469588 
477.0000000 259.9794912 260.1505403 
478.0000000 259.7830726 259.9541217 
479.0000000 259.5866541 259.7577032 
480.0000000 259.3902355 259.5612846 
481.0000000 259.1938170 259.3648661 
482.0000000 258.9973984 259.1684475 
483.0000000 258.8009799 258.9720290 
484.0000000 258.6045613 258.7756104 
485.0000000 258.4081428 258.5791918 
486.0000000 258.2117242 258.3827733 
487.0000000 258.0153057 258.1863547 
488.0000000 257.8188871 257.9899362 
489.0000000 257.6224686 257.7935176 
490.0000000 257.4260500 257.5970991 
491.0000000 257.2296315 257.4006805 
492.0000000 257.0332129 257.2042620 
493.0000000 256.8367944 257.0078434 
494.0000000 256.6403758 256.8114249 
495.0000000 256.4439573 256.6150063 
496.0000000 256.2475387 256.4185878 
497.0000000 256.0511202 256.2221692 
498.0000000 255.8547016 256.0257507 
499.0000000 255.6582831 255.8293321 
500.0000000 255.4618645 255.6329136 
501.0000000 255.2654460 255.4364950 
502.0000000 255.0690274 255.2400765 
503.0000000 254.8726089 255.0436579 
504.0000000 254.6761903 254.8472394 
505.0000000 254.4797718 254.6508208 
506.0000000 254.2833532 254.4544023 
507.0000000 254.0869347 254.2579837 
508.0000000 253.8905161 254.0615652 
509.0000000 253.6940976 253.8651466 
510.0000000 253.4976790 253.6687281 
511.0000000 253.3012605 253.4723095 
512.0000000 253.1048419 253.2758910 
513.0000000 252.9084234 253.0794724 
514.0000000 252.7120048 252.8830539 
515.0000000 252.5155863 252.6866353 
516.0000000 252.3191677 252.4902168 
517.0000000 252.1227492 252.2937982 
518.0000000 251.9263306 252.0973797 
519.0000000 251.7299121 251.9009611 
520.0000000 251.5334935 251.7045426 
521.0000000 251.3370750 251.5081240 
522.0000000 251.1406564 251.3117055 
523.0000000 250.9442379 251.1152869 
524.0000000 250.7478193 250.9188684 
525.0000000 250.5514008 250.7224498 
526.0000000 250.3549822 250.5260313 
527.0000000 250.1585637 250.3296127 
528.0000000 249.9621451 250.1331942 
529.0000000 249.7657266 249.9367756 
530.0000000 249.5693080 249.7403571 
531.0000000 249.3728895 249.5439385 
532.0000000 249.1764709 249.3475200 
533.0000000 248.9800524 249.1511014 
534.0000000 248.7836338 248.9546829 
535.0000000 248.5872153 248.7582643 
536.0000000 248.3907967 248.5618458 
537.0000000 248.1943782 248.3654272 
538.0000000 247.9979596 248.1690087 
539.0000000 247.8015411 247.9725901 
540.0000000 247.6051225 247.7761716 
541.0000000 247.4087040 247.5797530 
542.0000000 247.2122854 247.3833345 
543.0000000 247.0158669 247.1869159 
544.0000000 246.8194483 246.9904974 
545.0000000 246.6230298 246.7940788 
546.0000000 246.4266112 246.5976603 
547.0000000 246.2301927 246.4012417 
548.0000000 246.0337741 246.2048232 
549.0000000 245.8373556 246.0084046 
550.0000000 245.6409370 245.8119861 
551.0000000 245.4445185 245.6155675 
552.0000000 245.2480999 245.4191490 
553.0000000 245.0516814 245.2227304 
554.0000000 244.8552628 245.0263119 
555.0000000 244.6588443 244.8298933 
556.0000000 244.4624257 244.6334748 
557.0000000 244.2660072 244.4370562 
558.0000000 244.0695886 244.2406377 
559.0000000 243.8731701 244.0442191 
560.0000000 243.6767515 243.8478006 
561.0000000 243.4803330 243.6513820 
562.0000000 243.2839144 243.4549635 
563.0000000 243.0874959 243.2585449 
564.0000000 242.8910773 243.0621264 
565.0000000 242.6946588 242.8657078 
566.0000000 242.4982402 242.6692893 
567.0000000 242.3018217 242.4728707 
568.0000000 242.1054031 242.2764522 
569.0000000 241.9089846 242.0800336 
570.0000000 241.7125660 241.8836151 
571.0000000 241.5161475 241.6871965 
572.0000000 241.3197289 241.4907780 
573.0000000 241.1233104 241.2943594 
574.0000000 240.9268918 241.0979409 
575.0000000 240.7304733 240.9015223 
576.0000000 240.5340547 240.7051038 
577.0000000 240.3376362 240.5086852 
578.0000000 240.1412176 240.3122667 
579.0000000 239.9447991 240.1158481 
580.0000000 239.7483805 239.9194296 
581.0000000 239.5519620 239.7230110 
582.0000000 239.3555434 239.5265925 
583.0000000 239.1591249 239.3301739 
584.0000000 238.9627063 239.1337554 
585.0000000 238.7662878 238.9373368 
586.0000000 238.5698692 238.7409183 
587.0000000 238.3734507 238.5444997 
588.0000000 238.1770321 238.3480812 
589.0000000 237.9806136 238.1516626 
590.0000000 237.7841950 237.9552441 
591.0000000 237.5877765 237.7588255 
592.0000000 237.3913579 237.5624070 
593.0000000 237.1949394 237.3659884 
594.0000000 236.9985208 237.1695699 
595.0000000 236.8021023 236.9731513 
596.0000000 236.6056837 236.7767328 
597.0000000 236.4092652 236.5803142 
598.0000000 236.2128466 236.3838957 
599.0000000 236.0164281 236.1874771 
600.0000000 235.8200095 235.9910586 
601.0000000 235.6235909 235.7946400 
602.0000000 235.4271724 235.5982215 
603.0000000 235.2307538 235.4018029 
604.0000000 235.0343353 235.2053844 
605.0000000 234.8379167 235.0089658 
606.0000000 234.6414982 234.8125473 
607.0000000 234.4450796 234.6161287 
608.0000000 234.2486611 234.4197102 
609.0000000 234.0522425 234.2232916 
610.0000000 233.8558240 234.0268731 
611.0000000 233.6594054 233.8304545 
612.0000000 233.4629869 233.6340360 
613.0000000 233.2665683 233.4376174 
614.0000000 233.0701498 233.2411989 
615.0000000 232.8737312 233.0447803 
616.0000000 232.6773127 232.8483618 
617.0000000 232.4808941 232.6519432 
618.0000000 232.2844756 232.4555247 
619.0000000 232.0880570 232.2591061 
620.0000000 231.8916385 232.0626876 
621.0000000 231.6952199 231.8662690 
622.0000000 231.4988014 231.6698505 
623.0000000 231.3023828 231.4734319 
624.0000000 231.1059643 231.2770134 
625.0000000 230.9095457 231.0805948 
626.0000000 230.7131272 230.8841763 
627.0000000 230.5167086 230.6877577 
628.0000000 230.3202901 230.4913392 
629.0000000 230.1238715 230.2949206 
630.0000000 229.9274530 230.0985021 
631.0000000 229.7310344 229.9020835 
632.0000000 229.5346159 229.7056650 
633.0000000 229.3381973 229.5092464 
634.0000000 229.1417788 229.3128279 
635.0000000 228.9453602 229.1164093 
636.0000000 228.7489417 228.9199908 
637.0000000 228.5525231 228.7235722 
638.0000000 228.3561046 228.5271536 
639.0000000 228.1596860 228.3307351 
640.0000000 227.9632675 228.1343165 
641.0000000 227.7668489 227.9378980 
642.0000000 227.5704304 227.7414794 
643.0000000 227.3740118 227.5450609 
644.0000000 227.1775933 227.3486423 
645.0000000 226.9811747 227.1522238 
646.0000000 226.7847562 226.9558052 
647.0000000 226.5883376 226.7593867 
648.0000000 226.3919191 226.5629681 
649.0000000 226.1955005 226.3665496 
650.0000000 225.9990820 226.1701310 
651.0000000 225.8026634 225.9737125 
652.0000000 225.6062449 225.7772939 
653.0000000 225.4098263 225.5808754 
654.0000000 225.2134078 225.3844568 
655.0000000 225.0169892 225.1880383 
656.0000000 224.8205707 224.9916197 
657.0000000 224.6241521 224.7952012 
658.0000000 224.4277336 224.5987826 
659.0000000 224.2313150 224.4023641 
660.0000000 224.0348965 224.2059455 
661.0000000 223.8384779 224.0095270 
662.0000000 223.6420594 223.8131084 
663.0000000 223.4456408 223.6166899 
664.0000000 223.2492223 223.4202713 
665.0000000 223.0528037 223.2238528 
666.0000000 222.8563852 223.0274342 
667.0000000 222.6599666 222.8310157 
668.0000000 222.4635481 222.6345971 
669.0000000 222.2671295 222.4381786 
670.0000000 222.0707110 222.2417600 
671.0000000 221.8742924 222.0453415 
672.0000000 221.6778739 221.8489229 
673.0000000 221.4814553 221.6525044 
674.0000000 221.2850368 221.4560858 
675.0000000 221.0886182 221.2596673 
676.0000000 220.8921997 221.0632487 
677.0000000 220.6957811 220.8668302 
678.0000000 220.4993626 220.6704116 
679.0000000 220.3029440 220.4739931 
680.0000000 220.1065255 220.2775745 
681.0000000 219.9101069 220.0811560 
682.0000000 219.7136884 219.8847374 
683.0000000 219.5172698 219.6883189 
684.0000000 219.3208513 219.4919003 
685.0000000 219.1244327 219.2954818 
686.0000000 218.9280142 219.0990632 
687.0000000 218.7315956 218.9026447 
688.0000000 218.5351771 218.7062261 
689.0000000 218.3387585 218.5098076 
690.0000000 218.1423400 218.3133890 
691.0000000 217.9459214 218.1169705 
692.0000000 217.7495029 217.9205519 
693.0000000 217.5530843 217.7241334 
694.0000000 217.3566658 217.5277148 
695.0000000 217.1602472 217.3312963 
696.0000000 216.9638287 217.1348777 
697.0000000 216.7674101 216.9384592 
698.0000000 216.5709916 216.7420406 
699.0000000 216.3745730 216.5456221 
700.0000000 216.1781545 216.3492035 
701.0000000 215.9817359 216.1527850 
702.0000000 215.7853174 215.9563664 
703.0000000 215.5888988 215.7599479 
704.0000000 215.3924803 215.5635293 
705.0000000 215.1960617 215.3671108 
706.0000000 214.9996432 215.1706922 
707.0000000 214.8032246 214.9742737 
708.0000000 214.6068061 214.7778551 
709.0000000 214.4103875 214.5814366 
710.0000000 214.2139690 214.3850180 
711.0000000 214.0175504 214.1885995 
712.0000000 213.8211319 213.9921809 
713.0000000 213.6247133 213.7957624 
714.0000000 213.4282948 213.5993438 
715.0000000 213.2318762 213.4029253 
716.0000000 213.0354577 213.2065067 
717.0000000 212.8390391 213.0100882 
718.0000000 212.6426206 212.8136696 
719.0000000 212.4462020 212.6172511 
720.0000000 212.2497835 212.4208325 
721.0000000 212.0533649 212.2244140 
722.0000000 211.8569464 212.0279954 
723.0000000 211.6605278 211.8315769 
724.0000000 211.4641093 211.6351583 
725.0000000 211.2676907 211.4387398 
726.0000000 211.0712722 211.2423212 
727.0000000 210.8748536 211.0459027 
728.0000000 210.6784351 210.8494841 
729.0000000 210.4820165 210.6530656 
730.0000000 210.2855980 210.4566470 
731.0000000 210.0891794 210.2602285 
732.0000000 209.8927609 210.0638099 
733.0000000 209.6963423 209.8673914 
734.0000000 209.4999238 209.6709728 
735.0000000 209.3035052 209.4745543 
736.0000000 209.1070867 209.2781357 
737.0000000 208.9106681 209.0817172 
738.0000000 208.7142496 208.8852986 
739.0000000 208.5178310 208.6888801 
740.0000000 208.3214125 208.4924615 
741.0000000 208.1249939 208.2960430 
742.0000000 207.9285754 208.0996244 
743.0000000 207.7321568 207.9032059 
744.0000000 207.5357383 207.7067873 
745.0000000 207.3393197 207.5103688 
746.0000000 207.1429012 207.3139502 
747.0000000 206.9464826 207.1175317 
748.0000000 206.7500641 206.9211131 
749.0000000 206.5536455 206.7246946 
750.0000000 206.3572270 206.5282760 
751.0000000 206.1608084 206.3318575 
752.0000000 205.9643898 206.1354389 
753.0000000 205.7679713 205.9390204 
754.0000000 205.5715527 205.7426018 
755.0000000 205.3751342 205.5461833 
756.0000000 205.1787156 205.3497647 
757.0000000 204.9822971 205.1533462 
758.0000000 204.7858785 204.9569276 
759.0000000 204.5894600 204.7605091 
760.0000000 204.3930414 204.5640905 
761.0000000 204.1966229 204.3676720 
762.0000000 204.0002043 204.1712534 
763.0000000 203.8037858 203.9748349 
764.0000000 203.6073672 203.7784163 
765.0000000 203.4109487 203.5819978 
766.0000000 203.2145301 203.3855792 
767.0000000 203.0181116 203.1891607 
768.0000000 202.8216930 202.9927421 
769.0000000 202.6252745 202.7963236 
770.0000000 202.4288559 202.5999050 
771.0000000 202.2324374 202.4034865 
772.0000000 202.0360188 202.2070679 
773.0000000 201.8396003 202.0106494 
774.0000000 201.6431817 201.8142308 
775.0000000 201.4467632 201.6178123 
776.0000000 201.2503446 201.4213937 
777.0000000 201.0539261 201.2249752 
778.0000000 200.8575075 201.0285566 
779.0000000 200.6610890 200.8321381 
780.0000000 200.4646704 200.6357195 
781.0000000 200.2682519 200.4393010 
782.0000000 200.0718333 200.2428824 
783.0000000 199.8754148 200.0464639 
784.0000000 199.6789962 199.8500453 
785.0000000 199.4825777 199.6536268 
786.0000000 199.2861591 199.4572082 
787.0000000 199.0897406 199.2607897 
788.0000000 198.8933220 199.0643711 
789.0000000 198.6969035 198.8679525 
790.0000000 198.5004849 198.6715340 
791.0000000 198.3040664 198.4751154 
792.0000000 198.1076478 198.2786969 
793.0000000 197.9112293 198.0822783 
794.0000000 197.7148107 197.8858598 
795.0000000 197.5183922 197.6894412 
796.0000000 197.3219736 197.4930227 
797.0000000 197.1255551 197.2966041 
798.0000000 196.9291365 197.1001856 
799.0000000 196.7327180 196.9037670 
800.0000000 196.5362994 196.7073485 
801.0000000 196.3398809 196.5109299 
802.0000000 196.1434623 196.3145114 
803.0000000 195.9470438 196.1180928 
804.0000000 195.7506252 195.9216743 
805.0000000 195.5542067 195.7252557 
806.0000000 195.3577881 195.5288372 
807.0000000 195.1613696 195.3324186 
808.0000000 194.9649510 195.1360001 
809.0000000 194.7685325 194.9395815 
810.0000000 194.5721139 194.7431630 
811.0000000 194.3756954 194.5467444 
812.0000000 194.1792768 194.3503259 
813.0000000 193.9828583 194.1539073 
814.0000000 193.7864397 193.9574888 
815.0000000 193.5900212 193.7610702 
816.0000000 193.3936026 193.5646517 
817.0000000 193.1971841 193.3682331 
818.0000000 193.0007655 193.1718146 
819.0000000 192.8043470 192.9753960 
820.0000000 192.6079284 192.7789775 
821.0000000 192.4115099 192.5825589 
822.0000000 192.2150913 192.3861404 
823.0000000 192.0186728 192.1897218 
824.0000000 191.8222542 191.9933033 
825.0000000 191.6258357 191.7968847 
826.0000000 191.4294171 191.6004662 
827.0000000 191.2329986 191.4040476 
828.0000000 191.0365800 191.2076291 
829.0000000 190.8401615 191.0112105 
830.0000000 190.6437429 190.8147920 
831.0000000 190.4473244 190.6183734 
832.0000000 190.2509058 190.4219549 
833.0000000 190.0544873 190.2255363 
834.0000000 189.8580687 190.0291178 
835.0000000 189.6616502 189.8326992 
836.0000000 189.4652316 189.6362807 
837.0000000 189.2688131 189.4398621 
838.0000000 189.0723945 189.2434436 
839.0000000 188.8759760 189.0470250 
840.0000000 188.6795574 188.8506065 
841.0000000 188.4831389 188.6541879 
842.0000000 188.2867203 188.4577694 
843.0000000 188.0903018 188.2613508 
844.0000000 187.8938832 188.0649323 
845.0000000 187.6974647 187.8685137 
846.0000000 187.5010461 187.6720952 
847.0000000 187.3046276 187.4756766 
848.0000000 187.1082090 187.2792581 
849.0000000 186.9117905 187.0828395 
850.0000000 186.7153719 186.8864210 
851.0000000 186.5189534 186.6900024 
852.0000000 186.3225348 186.4935839 
853.0000000 186.1261163 186.2971653 
854.0000000 185.9296977 186.1007468 
855.0000000 185.7332792 185.9043282 
856.0000000 185.5368606 185.7079097 
857.0000000 185.3404421 185.5114911 
858.0000000 185.1440235 185.3150726 
859.0000000 184.9476050 185.1186540 
860.0000000 184.7511864 184.9222355 
861.0000000 184.5547679 184.7258169 
862.0000000 184.3583493 184.5293984 
863.0000000 184.1619308 184.3329798 
864.0000000 183.9655122 184.1365613 
865.0000000 183.7690937 183.9401427 
866.0000000 183.5726751 183.7437242 
867.0000000 183.3762566 183.5473056 
868.0000000 183.1798380 183.3508871 
869.0000000 182.9834195 183.1544685 
870.0000000 182.7870009 182.9580500 
871.0000000 182.5905824 182.7616314 
872.0000000 182.3941638 182.5652129 
873.0000000 182.1977453 182.3687943 
874.0000000 182.0013267 182.1723758 
875.0000000 181.8049082 181.9759572 
876.0000000 181.6084896 181.7795387 
877.0000000 181.4120711 181.5831201 
878.0000000 181.2156525 181.3867016 
879.0000000 181.0192340 181.1902830 
880.0000000 180.8228154 180.9938645 
881.0000000 180.6263969 180.7974459 
882.0000000 180.4299783 180.6010274 
883.0000000 180.2335598 180.4046088 
884.0000000 180.0371412 180.2081903 
885.0000000 179.8407227 180.0117717 
886.0000000 179.6443041 179.8153532 
887.0000000 179.4478856 179.6189346 
888.0000000 179.2514670 179.4225161 
889.0000000 179.0550485 179.2260975 
890.0000000 178.8586299 179.0296790 
891.0000000 178.6622114 178.8332604 
892.0000000 178.4657928 178.6368419 
893.0000000 178.2693743 178.4404233 
894.0000000 178.0729557 178.2440048 
895.0000000 177.8765372 178.0475862 
896.0000000 177.6801186 177.8511677 
897.0000000 177.4837001 177.6547491 
898.0000000 177.2872815 177.4583306 
899.0000000 177.0908630 177.2619120 
900.0000000 176.8944444 177.0654935 
901.0000000 176.6980259 176.8690749 
902.0000000 176.5016073 176.6726564 
903.0000000 176.3051888 176.4762378 
904.0000000 176.1087702 176.2798193 
905.0000000 175.9123516 176.0834007 
906.0000000 175.7159331 175.8869822 
907.0000000 175.5195145 175.6905636 
908.0000000 175.3230960 175.4941451 
909.0000000 175.1266774 175.2977265 
910.0000000 174.9302589 175.1013080 
911.0000000 174.7338403 174.9048894 
912.0000000 174.5374218 174.7084709 
913.0000000 174.3410032 174.5120523 
914.0000000 174.1445847 174.3156338 
915.0000000 173.9481661 174.1192152 
916.0000000 173.7517476 173.9227967 
917.0000000 173.5553290 173.7263781 
918.0000000 173.3589105 173.5299596 
919.0000000 173.1624919 173.3335410 
920.0000000 172.9660734 173.1371225 
921.0000000 172.7696548 172.9407039 
922.0000000 172.5732363 172.7442854 
923.0000000 172.3768177 172.5478668 
924.0000000 172.1803992 172.3514483 
925.0000000 171.9839806 172.1550297 
926.0000000 171.7875621 171.9586112 
927.0000000 171.5911435 171.7621926 
928.0000000 171.3947250 171.5657741 
929.0000000 171.1983064 171.3693555 
930.0000000 171.0018879 171.1729370 
931.0000000 170.8054693 170.9765184 
932.0000000 170.6090508 170.7800999 
933.0000000 170.4126322 170.5836813 
934.0000000 170.2162137 170.3872628 
935.0000000 170.0197951 170.1908442 
936.0000000 169.8233766 169.9944257 
937.0000000 169.6269580 169.7980071 
938.0000000 169.4305395 169.6015886 
939.0000000 169.2341209 169.4051700 
940.0000000 169.0377024 169.2087514 
941.0000000 168.8412838 169.0123329 
942.0000000 168.6448653 168.8159143 
943.0000000 168.4484467 168.6194958 
944.0000000 168.2520282 168.4230772 
945.0000000 168.0556096 168.2266587 
946.0000000 167.8591911 168.0302401 
947.0000000 167.6627725 167.8338216 
948.0000000 167.4663540 167.6374030 
949.0000000 167.2699354 167.4409845 
950.0000000 167.0735169 167.2445659 
951.0000000 166.8770983 167.0481474 
952.0000000 166.6806798 166.8517288 
953.0000000 166.4842612 166.6553103 
954.0000000 166.2878427 166.4588917 
955.0000000 166.0914241 166.2624732 
956.0000000 165.8950056 166.0660546 
957.0000000 165.6985870 165.8696361 
958.0000000 165.5021685 165.6732175 
959.0000000 165.3057499 165.4767990 
960.0000000 165.1093314 165.2803804 
961.0000000 164.9129128 165.0839619 
962.0000000 164.7164943 164.8875433 
963.0000000 164.5200757 164.6911248 
964.0000000 164.3236572 164.4947062 
965.0000000 164.1272386 164.2982877 
966.0000000 163.9308201 164.1018691 
967.0000000 163.7344015 163.9054506 
968.0000000 163.5379830 163.7090320 
969.0000000 163.3415644 163.5126135 
970.0000000 163.1451459 163.3161949 
971.0000000 162.9487273 163.1197764 
972.0000000 162.7523088 162.9233578 
973.0000000 162.5558902 162.7269393 
974.0000000 162.3594717 162.5305207 
975.0000000 162.1630531 162.3341022 
976.0000000 161.9666346 162.1376836 
977.0000000 161.7702160 161.9412651 
978.0000000 161.5737975 161.7448465 
979.0000000 161.3773789 161.5484280 
980.0000000 161.1809604 161.3520094 
981.0000000 160.9845418 161.1555909 
982.0000000 160.7881233 160.9591723 
983.0000000 160.5917047 160.7627538 
984.0000000 160.3952862 160.5663352 
985.0000000 160.1988676 160.3699167 
986.0000000 160.0024491 160.1734981 
987.0000000 159.8060305 159.9770796 
988.0000000 159.6096120 159.7806610 
989.0000000 159.4131934 159.5842425 
990.0000000 159.2167749 159.3878239 
991.0000000 159.0203563 159.1914054 
992.0000000 158.8239378 158.9949868 
993.0000000 158.6275192 158.7985683 
994.0000000 158.4311007 158.6021497 
995.0000000 158.2346821 158.4057312 
996.0000000 158.0382636 158.2093126 
997.0000000 157.8418450 158.0128941 
998.0000000 157.6454265 157.8164755 
999.0000000 157.4490079 157.6200570 
1000.0000000 157.2525894 157.4236384 
1001.0000000 157.0561708 157.2272199 
1002.0000000 156.8597523 157.0308013 
1003.0000000 156.6633337 156.8343828 
1004.0000000 156.4669152 156.6379642 
1005.0000000 156.2704966 156.4415457 
1006.0000000 156.0740781 156.2451271 
1007.0000000 155.8776595 156.0487086 
1008.0000000 155.6812410 155.8522900 
1009.0000000 155.4848224 155.6558715 
1010.0000000 155.2884039 155.4594529 
1011.0000000 155.0919853 155.2630344 
1012.0000000 154.8955668 155.0666158 
1013.0000000 154.6991482 154.8701973 
1014.0000000 154.5027297 154.6737787 
1015.0000000 154.3063111 154.4773602 
1016.0000000 154.1098926 154.2809416 
1017.0000000 153.9134740 154.0845231 
1018.0000000 153.7170555 153.8881045 
1019.0000000 153.5206369 153.6916860 
1020.0000000 153.3242184 153.4952674 
1021.0000000 153.1277998 153.2988489 
1022.0000000 152.9313813 153.1024303 
1023.0000000 152.7349627 152.9060118 
1024.0000000 152.5385442 152.7095932 
1025.0000000 152.3421256 152.5131747 
1026.0000000 152.1457071 152.3167561 
1027.0000000 151.9492885 152.1203376 
1028.0000000 151.7528700 151.9239190 
1029.0000000 151.5564514 151.7275005 
1030.0000000 151.3600329 151.5310819 
1031.0000000 151.1636143 151.3346634 
1032.0000000 150.9671958 151.1382448 
1033.0000000 150.7707772 150.9418263 
1034.0000000 150.5743587 150.7454077 
1035.0000000 150.3779401 150.5489892 
1036.0000000 150.1815216 150.3525706 
1037.0000000 149.9851030 150.1561521 
1038.0000000 149.7886845 149.9597335 
1039.0000000 149.5922659 149.7633150 
1040.0000000 149.3958474 149.5668964 
1041.0000000 149.1994288 149.3704779 
1042.0000000 149.0030103 149.1740593 
1043.0000000 148.8065917 148.9776408 
1044.0000000 148.6101732 148.7812222 
1045.0000000 148.4137546 148.5848037 
1046.0000000 148.2173361 148.3883851 
1047.0000000 148.0209175 148.1919666 
1048.0000000 147.8244990 147.9955480 
1049.0000000 147.6280804 147.7991295 
1050.0000000 147.4316619 147.6027109 
1051.0000000 147.2352433 147.4062924 
1052.0000000 147.0388248 147.2098738 
1053.0000000 146.8424062 147.0134553 
1054.0000000 146.6459877 146.8170367 
1055.0000000 146.4495691 146.6206182 
1056.0000000 146.2531505 146.4241996 
1057.0000000 146.0567320 146.2277811 
1058.0000000 145.8603134 146.0313625 
1059.0000000 145.6638949 145.8349440 
1060.0000000 145.4674763 145.6385254 
1061.0000000 145.2710578 145.4421069 
1062.0000000 145.0746392 145.2456883 
1063.0000000 144.8782207 145.0492698 
1064.0000000 144.6818021 144.8528512 
1065.0000000 144.4853836 144.6564327 
1066.0000000 144.2889650 144.4600141 
1067.0000000 144.0925465 144.2635956 
1068.0000000 143.8961279 144.0671770 
1069.0000000 143.6997094 143.8707585 
1070.0000000 143.5032908 143.6743399 
1071.0000000 143.3068723 143.4779214 
1072.0000000 143.1104537 143.2815028 
1073.0000000 142.9140352 143.0850843 
1074.0000000 142.7176166 142.8886657 
1075.0000000 142.5211981 142.6922472 
1076.0000000 142.3247795 142.4958286 
1077.0000000 142.1283610 142.2994101 
1078.0000000 141.9319424 142.1029915 
1079.0000000 141.7355239 141.9065730 
1080.0000000 141.5391053 141.7101544 
1081.0000000 141.3426868 141.5137359 
1082.0000000 141.1462682 141.3173173 
1083.0000000 140.9498497 141.1208988 
1084.0000000 140.7534311 140.9244802 
1085.0000000 140.5570126 140.7280617 
1086.0000000 140.3605940 140.5316431 
1087.0000000 140.1641755 140.3352246 
1088.0000000 139.9677569 140.1388060 
1089.0000000 139.7713384 139.9423875 
1090.0000000 139.5749198 139.7459689 
1091.0000000 139.3785013 139.5495504 
1092.0000000 139.1820827 139.3531318 
1093.0000000 138.9856642 139.1567132 
1094.0000000 138.7892456 138.9602947 
1095.0000000 138.5928271 138.7638761 
1096.0000000 138.3964085 138.5674576 
1097.0000000 138.1999900 138.3710390 
1098.0000000 138.0035714 138.1746205 
1099.0000000 137.8071529 137.9782019 
1100.0000000 137.6107343 137.7817834 
1101.0000000 137.4143158 137.5853648 
1102.0000000 137.2178972 137.3889463 
1103.0000000 137.0214787 137.1925277 
1104.0000000 136.8250601 136.9961092 
1105.0000000 136.6286416 136.7996906 
1106.0000000 136.4322230 136.6032721 
1107.0000000 136.2358045 136.4068535 
1108.0000000 136.0393859 136.2104350 
1109.0000000 135.8429674 136.0140164 
1110.0000000 135.6465488 135.8175979 
1111.0000000 135.4501303 135.6211793 
1112.0000000 135.2537117 135.4247608 
1113.0000000 135.0572932 135.2283422 
1114.0000000 134.8608746 135.0319237 
1115.0000000 134.6644561 134.8355051 
1116.0000000 134.4680375 134.6390866 
1117.0000000 134.2716190 134.4426680 
1118.0000000 134.0752004 134.2462495 
1119.0000000 133.8787819 134.0498309 
1120.0000000 133.6823633 133.8534124 
1121.0000000 133.4859448 133.6569938 
1122.0000000 133.2895262 133.4605753 
1123.0000000 133.0931077 133.2641567 
1124.0000000 132.8966891 133.0677382 
1125.0000000 132.7002706 132.8713196 
1126.0000000 132.5038520 132.6749011 
1127.0000000 132.3074335 132.4784825 
1128.0000000 132.1110149 132.2820640 
1129.0000000 131.9145964 132.0856454 
1130.0000000 131.7181778 131.8892269 
1131.0000000 131.5217593 131.6928083 
1132.0000000 131.3253407 131.4963898 
1133.0000000 131.1289222 131.2999712 
1134.0000000 130.9325036 131.1035527 
1135.0000000 130.7360851 130.9071341 
1136.0000000 130.5396665 130.7107156 
1137.0000000 130.3432480 130.5142970 
1138.0000000 130.1468294 130.3178785 
1139.0000000 129.9504109 130.1214599 
1140.0000000 129.7539923 129.9250414 
1141.0000000 129.5575738 129.7286228 
1142.0000000 129.3611552 129.5322043 
1143.0000000 129.1647367 129.3357857 
1144.0000000 128.9683181 129.1393672 
1145.0000000 128.7718996 128.9429486 
1146.0000000 128.5754810 128.7465301 
1147.0000000 128.3790625 128.5501115 
1148.0000000 128.1826439 128.3536930 
1149.0000000 127.9862254 128.1572744 
1150.0000000 127.7898068 127.9608559 
1151.0000000 127.5933883 127.7644373 
1152.0000000 127.3969697 127.5680188 
1153.0000000 127.2005512 127.3716002 
1154.0000000 127.0041326 127.1751817 
1155.0000000 126.8077141 126.9787631 
1156.0000000 126.6112955 126.7823446 
1157.0000000 126.4148770 126.5859260 
1158.0000000 126.2184584 126.3895075 
1159.0000000 126.0220399 126.1930889 
1160.0000000 125.8256213 125.9966704 
1161.0000000 125.6292028 125.8002518 
1162.0000000 125.4327842 125.6038333 
1163.0000000 125.2363657 125.4074147 
1164.0000000 125.0399471 125.2109962 
1165.0000000 124.8435286 125.0145776 
1166.0000000 124.6471100 124.8181591 
1167.0000000 124.4506915 124.6217405 
1168.0000000 124.2542729 124.4253220 
1169.0000000 124.0578544 124.2289034 
1170.0000000 123.8614358 124.0324849 
1171.0000000 123.6650173 123.8360663 
1172.0000000 123.4685987 123.6396478 
1173.0000000 123.2721802 123.4432292 
1174.0000000 123.0757616 123.2468107 
1175.0000000 122.8793431 123.0503921 
1176.0000000 122.6829245 122.8539736 
1177.0000000 122.4865060 122.6575550 
1178.0000000 122.2900874 122.4611365 
1179.0000000 122.0936689 122.2647179 
1180.0000000 121.8972503 122.0682994 
1181.0000000 121.7008318 121.8718808 
1182.0000000 121.5044132 121.6754623 
1183.0000000 121.3079947 121.4790437 
1184.0000000 121.1115761 121.2826252 
1185.0000000 120.9151576 121.0862066 
1186.0000000 120.7187390 120.8897881 
1187.0000000 120.5223205 120.6933695 
1188.0000000 120.3259019 120.4969510 
1189.0000000 120.1294834 120.3005324 
1190.0000000 119.9330648 120.1041139 
1191.0000000 119.7366463 119.9076953 
1192.0000000 119.5402277 119.7112768 
1193.0000000 119.3438092 119.5148582 
1194.0000000 119.1473906 119.3184397 
1195.0000000 118.9509721 119.1220211 
1196.0000000 118.7545535 118.9256026 
1197.0000000 118.5581350 118.7291840 
1198.0000000 118.3617164 118.5327655 
1199.0000000 118.1652979 118.3363469 
1200.0000000 117.9688793 118.1399284 
1201.0000000 117.7724608 117.9435098 
1202.0000000 117.5760422 117.7470913 
1203.0000000 117.3796237 117.5506727 
1204.0000000 117.1832051 117.3542542 
1205.0000000 116.9867866 117.1578356 
1206.0000000 116.7903680 116.9614171 
1207.0000000 116.5939494 116.7649985 
1208.0000000 116.3975309 116.5685800 
1209.0000000 116.2011123 116.3721614 
1210.0000000 116.0046938 116.1757429 
1211.0000000 115.8082752 115.9793243 
1212.0000000 115.6118567 115.7829058 
1213.0000000 115.4154381 115.5864872 
1214.0000000 115.2190196 115.3900687 
1215.0000000 115.0226010 115.1936501 
1216.0000000 114.8261825 114.9972316 
1217.0000000 114.6297639 114.8008130 
1218.0000000 114.4333454 114.6043945 
1219.0000000 114.2369268 114.4079759 
1220.0000000 114.0405083 114.2115574 
1221.0000000 113.8440897 114.0151388 
1222.0000000 113.6476712 113.8187203 
1223.0000000 113.4512526 113.6223017 
1224.0000000 113.2548341 113.4258832 
1225.0000000 113.0584155 113.2294646 
1226.0000000 112.8619970 113.0330461 
1227.0000000 112.6655784 112.8366275 
1228.0000000 112.4691599 112.6402090 
1229.0000000 112.2727413 112.4437904 
1230.0000000 112.0763228 112.2473719 
1231.0000000 111.8799042 112.0509533 
1232.0000000 111.6834857 111.8545348 
1233.0000000 111.4870671 111.6581162 
1234.0000000 111.2906486 111.4616977 
1235.0000000 111.0942300 111.2652791 
1236.0000000 110.8978115 111.0688606 
1237.0000000 110.7013929 110.8724420 
1238.0000000 110.5049744 110.6760235 
1239.0000000 110.3085558 110.4796049 
1240.0000000 110.1121373 110.2831864 
1241.0000000 109.9157187 110.0867678 
1242.0000000 109.7193002 109.8903493 
1243.0000000 109.5228816 109.6939307 
1244.0000000 109.3264631 109.4975121 
1245.0000000 109.1300445 109.3010936 
1246.0000000 108.9336260 109.1046750 
1247.0000000 108.7372074 108.9082565 
1248.0000000 108.5407889 108.7118379 
1249.0000000 108.3443703 108.5154194 
1250.0000000 108.1479518 108.3190008 
1251.0000000 107.9515332 108.1225823 
1252.0000000 107.7551147 107.9261637 
1253.0000000 107.5586961 107.7297452 
1254.0000000 107.3622776 107.5333266 
1255.0000000 107.1658590 107.3369081 
1256.0000000 106.9694405 107.1404895 
1257.0000000 106.7730219 106.9440710 
1258.0000000 106.5766034 106.7476524 
1259.0000000 106.3801848 106.5512339 
1260.0000000 106.1837663 106.3548153 
1261.0000000 105.9873477 106.1583968 
1262.0000000 105.7909292 105.9619782 
1263.0000000 105.5945106 105.7655597 
1264.0000000 105.3980921 105.5691411 
1265.0000000 105.2016735 105.3727226 
1266.0000000 105.0052550 105.1763040 
1267.0000000 104.8088364 104.9798855 
1268.0000000 104.6124179 104.7834669 
1269.0000000 104.4159993 104.5870484 
1270.0000000 104.2195808 104.3906298 
1271.0000000 104.0231622 104.1942113 
1272.0000000 103.8267437 103.9977927 
1273.0000000 103.6303251 103.8013742 
1274.0000000 103.4339066 103.6049556 
1275.0000000 103.2374880 103.4085371 
1276.0000000 103.0410695 103.2121185 
1277.0000000 102.8446509 103.0157000 
1278.0000000 102.6482324 102.8192814 
1279.0000000 102.4518138 102.6228629 
1280.0000000 102.2553953 102.4264443 
1281.0000000 102.0589767 102.2300258 
1282.0000000 101.8625582 102.0336072 
1283.0000000 101.6661396 101.8371887 
1284.0000000 101.4697211 101.6407701 
1285.0000000 101.2733025 101.4443516 
1286.0000000 101.0768840 101.2479330 
1287.0000000 100.8804654 101.0515145 
1288.0000000 100.6840469 100.8550959 
1289.0000000 100.4876283 100.6586774 
1290.0000000 100.2912098 100.4622588 
1291.0000000 100.0947912 100.2658403 
1292.0000000 99.8983727 100.0694217 
1293.0000000 99.7019541 99.8730032 
1294.0000000 99.5055356 99.6765846 
1295.0000000 99.3091170 99.4801661 
1296.0000000 99.1126985 99.2837475 
1297.0000000 98.9162799 99.0873290 
1298.0000000 98.7198614 98.8909104 
1299.0000000 98.5234428 98.6944919 
1300.0000000 98.3270243 98.4980733 
1301.0000000 98.1306057 98.3016548 
1302.0000000 97.9341872 98.1052362 
1303.0000000 97.7377686 97.9088177 
1304.0000000 97.5413501 97.7123991 
1305.0000000 97.3449315 97.5159806 
1306.0000000 97.1485130 97.3195620 
1307.0000000 96.9520944 97.1231435 
1308.0000000 96.7556759 96.9267249 
1309.0000000 96.5592573 96.7303064 
1310.0000000 96.3628388 96.5338878 
1311.0000000 96.1664202 96.3374693 
1312.0000000 95.9700017 96.1410507 
1313.0000000 95.7735831 95.9446322 
1314.0000000 95.5771646 95.7482136 
1315.0000000 95.3807460 95.5517951 
1316.0000000 95.1843275 95.3553765 
1317.0000000 94.9879089 95.1589580 
1318.0000000 94.7914904 94.9625394 
1319.0000000 94.5950718 94.7661209 
1320.0000000 94.3986533 94.5697023 
1321.0000000 94.2022347 94.3732838 
1322.0000000 94.0058162 94.1768652 
1323.0000000 93.8093976 93.9804467 
1324.0000000 93.6129791 93.7840281 
1325.0000000 93.4165605 93.5876096 
1326.0000000 93.2201420 93.3911910 
1327.0000000 93.0237234 93.1947725 
1328.0000000 92.8273049 92.9983539 
1329.0000000 92.6308863 92.8019354 
1330.0000000 92.4344678 92.6055168 
1331.0000000 92.2380492 92.4090983 
1332.0000000 92.0416307 92.2126797 
1333.0000000 91.8452121 92.0162612 
1334.0000000 91.6487936 91.8198426 
1335.0000000 91.4523750 91.6234241 
1336.0000000 91.2559565 91.4270055 
1337.0000000 91.0595379 91.2305870 
1338.0000000 90.8631194 91.0341684 
1339.0000000 90.6667008 90.8377499 
1340.0000000 90.4702823 90.6413313 
1341.0000000 90.2738637 90.4449128 
1342.0000000 90.0774452 90.2484942 
1343.0000000 89.8810266 90.0520757 
1344.0000000 89.6846081 89.8556571 
1345.0000000 89.4881895 89.6592386 
1346.0000000 89.2917710 89.4628200 
1347.0000000 89.0953524 89.2664015 
1348.0000000 88.8989339 89.0699829 
1349.0000000 88.7025153 88.8735644 
1350.0000000 88.5060968 88.6771458 
1351.0000000 88.3096782 88.4807273 
1352.0000000 88.1132597 88.2843087 
1353.0000000 87.9168411 88.0878902 
1354.0000000 87.7204226 87.8914716 
1355.0000000 87.5240040 87.6950531 
1356.0000000 87.3275855 87.4986345 
1357.0000000 87.1311669 87.3022160 
1358.0000000 86.9347484 87.1057974 
1359.0000000 86.7383298 86.9093789 
1360.0000000 86.5419112 86.7129603 
1361.0000000 86.3454927 86.5165418 
1362.0000000 86.1490741 86.3201232 
1363.0000000 85.9526556 86.1237047 
1364.0000000 85.7562370 85.9272861 
1365.0000000 85.5598185 85.7308676 
1366.0000000 85.3633999 85.5344490 
1367.0000000 85.1669814 85.3380305 
1368.0000000 84.9705628 85.1416119 
1369.0000000 84.7741443 84.9451934 
1370.0000000 84.5777257 84.7487748 
1371.0000000 84.3813072 84.5523563 
1372.0000000 84.1848886 84.3559377 
1373.0000000 83.9884701 84.1595192 
1374.0000000 83.7920515 83.9631006 
1375.0000000 83.5956330 83.7666821 
1376.0000000 83.3992144 83.5702635 
1377.0000000 83.2027959 83.3738450 
1378.0000000 83.0063773 83.1774264 
1379.0000000 82.8099588 82.9810079 
1380.0000000 82.6135402 82.7845893 
1381.0000000 82.4171217 82.5881708 
1382.0000000 82.2207031 82.3917522 
1383.0000000 82.0242846 82.1953337 
1384.0000000 81.8278660 81.9989151 
1385.0000000 81.6314475 81.8024966 
1386.0000000 81.4350289 81.6060780 
1387.0000000 81.2386104 81.4096595 
1388.0000000 81.0421918 81.2132409 
1389.0000000 80.8457733 81.0168224 
1390.0000000 80.6493547 80.8204038 
1391.0000000 80.4529362 80.6239853 
1392.0000000 80.2565176 80.4275667 
1393.0000000 80.0600991 80.2311482 
1394.0000000 79.8636805 80.0347296 
1395.0000000 79.6672620 79.8383110 
1396.0000000 79.4708434 79.6418925 
1397.0000000 79.2744249 79.4454739 
1398.0000000 79.0780063 79.2490554 
1399.0000000 78.8815878 79.0526368 
1400.0000000 78.6851692 78.8562183 
1401.0000000 78.4887507 78.6597997 
1402.0000000 78.2923321 78.4633812 
1403.0000000 78.0959136 78.2669626 
1404.0000000 77.8994950 78.0705441 
1405.0000000 77.7030765 77.8741255 
1406.0000000 77.5066579 77.6777070 
1407.0000000 77.3102394 77.4812884 
1408.0000000 77.1138208 77.2848699 
1409.0000000 76.9174023 77.0884513 
1410.0000000 76.7209837 76.8920328 
1411.0000000 76.5245652 76.6956142 
1412.0000000 76.3281466 76.4991957 
1413.0000000 76.1317281 76.3027771 
1414.0000000 75.9353095 76.1063586 
1415.0000000 75.7388910 75.9099400 
1416.0000000 75.5424724 75.7135215 
1417.0000000 75.3460539 75.5171029 
1418.0000000 75.1496353 75.3206844 
1419.0000000 74.9532168 75.1242658 
1420.0000000 74.7567982 74.9278473 
1421.0000000 74.5603797 74.7314287 
1422.0000000 74.3639611 74.5350102 
1423.0000000 74.1675426 74.3385916 
1424.0000000 73.9711240 74.1421731 
1425.0000000 73.7747055 73.9457545 
1426.0000000 73.5782869 73.7493360 
1427.0000000 73.3818684 73.5529174 
1428.0000000 73.1854498 73.3564989 
1429.0000000 72.9890313 73.1600803 
1430.0000000 72.7926127 72.9636618 
1431.0000000 72.5961942 72.7672432 
1432.0000000 72.3997756 72.5708247 
1433.0000000 72.2033571 72.3744061 
1434.0000000 72.0069385 72.1779876 
1435.0000000 71.8105200 71.9815690 
1436.0000000 71.6141014 71.7851505 
1437.0000000 71.4176829 71.5887319 
1438.0000000 71.2212643 71.3923134 
1439.0000000 71.0248458 71.1958948 
1440.0000000 70.8284272 70.9994763 
1441.0000000 70.6320087 70.8030577 
1442.0000000 70.4355901 70.6066392 
1443.0000000 70.2391716 70.4102206 
1444.0000000 70.0427530 70.2138021 
1445.0000000 69.8463345 70.0173835 
1446.0000000 69.6499159 69.8209650 
1447.0000000 69.4534974 69.6245464 
1448.0000000 69.2570788 69.4281279 
1449.0000000 69.0606603 69.2317093 
1450.0000000 68.8642417 69.0352908 
1451.0000000 68.6678232 68.8388722 
1452.0000000 68.4714046 68.6424537 
1453.0000000 68.2749861 68.4460351 
1454.0000000 68.0785675 68.2496166 
1455.0000000 67.8821490 68.0531980 
1456.0000000 67.6857304 67.8567795 
1457.0000000 67.4893119 67.6603609 
1458.0000000 67.2928933 67.4639424 
1459.0000000 67.0964748 67.2675238 
1460.0000000 66.9000562 67.0711053 
1461.0000000 66.7036377 66.8746867 
1462.0000000 66.5072191 66.6782682 
1463.0000000 66.3108006 66.4818496 
1464.0000000 66.1143820 66.2854311 
1465.0000000 65.9179635 66.0890125 
1466.0000000 65.7215449 65.8925940 
1467.0000000 65.5251264 65.6961754 
1468.0000000 65.3287078 65.4997569 
1469.0000000 65.1322893 65.3033383 
1470.0000000 64.9358707 65.1069198 
1471.0000000 64.7394522 64.9105012 
1472.0000000 64.5430336 64.7140827 
1473.0000000 64.3466151 64.5176641 
1474.0000000 64.1501965 64.3212456 
1475.0000000 63.9537780 64.1248270 
1476.0000000 63.7573594 63.9284085 
1477.0000000 63.5609409 63.7319899 
1478.0000000 63.3645223 63.5355714 
1479.0000000 63.1681038 63.3391528 
1480.0000000 62.9716852 63.1427343 
1481.0000000 62.7752667 62.9463157 
1482.0000000 62.5788481 62.7498972 
1483.0000000 62.3824296 62.5534786 
1484.0000000 62.1860110 62.3570601 
1485.0000000 61.9895925 62.1606415 
1486.0000000 61.7931739 61.9642230 
1487.0000000 61.5967554 61.7678044 
1488.0000000 61.4003368 61.5713859 
1489.0000000 61.2039183 61.3749673 
1490.0000000 61.0074997 61.1785488 
1491.0000000 60.8110812 60.9821302 
1492.0000000 60.6146626 60.7857117 
1493.0000000 60.4182441 60.5892931 
1494.0000000 60.2218255 60.3928746 
1495.0000000 60.0254070 60.1964560 
1496.0000000 59.8289884 60.0000375 
1497.0000000 59.6325699 59.8036189 
1498.0000000 59.4361513 59.6072004 
1499.0000000 59.2397328 59.4107818 
1500.0000000 59.0433142 59.2143633 
1501.0000000 58.8468957 59.0179447 
1502.0000000 58.6504771 58.8215262 
1503.0000000 58.4540586 58.6251076 
1504.0000000 58.2576400 58.4286891 
1505.0000000 58.0612215 58.2322705 
1506.0000000 57.8648029 58.0358520 
1507.0000000 57.6683844 57.8394334 
1508.0000000 57.4719658 57.6430149 
1509.0000000 57.2755473 57.4465963 
1510.0000000 57.0791287 57.2501778 
1511.0000000 56.8827101 57.0537592 
1512.0000000 56.6862916 56.8573407 
1513.0000000 56.4898730 56.6609221 
1514.0000000 56.2934545 56.4645036 
1515.0000000 56.0970359 56.2680850 
1516.0000000 55.9006174 56.0716665 
1517.0000000 55.7041988 55.8752479 
1518.0000000 55.5077803 55.6788294 
1519.0000000 55.3113617 55.4824108 
1520.0000000 55.1149432 55.2859923 
1521.0000000 54.9185246 55.0895737 
1522.0000000 54.7221061 54.8931552 
1523.0000000 54.5256875 54.6967366 
1524.0000000 54.3292690 54.5003181 
1525.0000000 54.1328504 54.3038995 
1526.0000000 53.9364319 54.1074810 
1527.0000000 53.7400133 53.9110624 
1528.0000000 53.5435948 53.7146439 
1529.0000000 53.3471762 53.5182253 
1530.0000000 53.1507577 53.3218068 
1531.0000000 52.9543391 53.1253882 
1532.0000000 52.7579206 52.9289697 
1533.0000000 52.5615020 52.7325511 
1534.0000000 52.3650835 52.5361326 
1535.0000000 52.1686649 52.3397140 
1536.0000000 51.9722464 52.1432955 
1537.0000000 51.7758278 51.9468769 
1538.0000000 51.5794093 51.7504584 
1539.0000000 51.3829907 51.5540398 
1540.0000000 51.1865722 51.3576213 
1541.0000000 50.9901536 51.1612027 
1542.0000000 50.7937351 50.9647842 
1543.0000000 50.5973165 50.7683656 
1544.0000000 50.4008980 50.5719471 
1545.0000000 50.2044794 50.3755285 
1546.0000000 50.0080609 50.1791100 
1547.0000000 49.8116423 49.9826914 
1548.0000000 49.6152238 49.7862728 
1549.0000000 49.4188052 49.5898543 
1550.0000000 49.2223867 49.3934357 
1551.0000000 49.0259681 49.1970172 
1552.0000000 48.8295496 49.0005986 
1553.0000000 48.6331310 48.8041801 
1554.0000000 48.4367125 48.6077615 
1555.0000000 48.2402939 48.4113430 
1556.0000000 48.0438754 48.2149244 
1557.0000000 47.8474568 48.0185059 
1558.0000000 47.6510383 47.8220873 
1559.0000000 47.4546197 47.6256688 
1560.0000000 47.2582012 47.4292502 
1561.0000000 47.0617826 47.2328317 
1562.0000000 46.8653641 47.0364131 
1563.0000000 46.6689455 46.8399946 
1564.0000000 46.4725270 46.6435760 
1565.0000000 46.2761084 46.4471575 
1566.0000000 46.0796899 46.2507389 
1567.0000000 45.8832713 46.0543204 
1568.0000000 45.6868528 45.8579018 
1569.0000000 45.4904342 45.6614833 
1570.0000000 45.2940157 45.4650647 
1571.0000000 45.0975971 45.2686462 
1572.0000000 44.9011786 45.0722276 
1573.0000000 44.7047600 44.8758091 
1574.0000000 44.5083415 44.6793905 
1575.0000000 44.3119229 44.4829720 
1576.0000000 44.1155044 44.2865534 
1577.0000000 43.9190858 44.0901349 
1578.0000000 43.7226673 43.8937163 
1579.0000000 43.5262487 43.6972978 
1580.0000000 43.3298302 43.5008792 
1581.0000000 43.1334116 43.3044607 
1582.0000000 42.9369931 43.1080421 
1583.0000000 42.7405745 42.9116236 
1584.0000000 42.5441560 42.7152050 
1585.0000000 42.3477374 42.5187865 
1586.0000000 42.1513189 42.3223679 
1587.0000000 41.9549003 42.1259494 
1588.0000000 41.7584818 41.9295308 
1589.0000000 41.5620632 41.7331123 
1590.0000000 41.3656447 41.5366937 
1591.0000000 41.1692261 41.3402752 
1592.0000000 40.9728076 41.1438566 
1593.0000000 40.7763890 40.9474381 
1594.0000000 40.5799705 40.7510195 
1595.0000000 40.3835519 40.5546010 
1596.0000000 40.1871334 40.3581824 
1597.0000000 39.9907148 40.1617639 
1598.0000000 39.7942963 39.9653453 
1599.0000000 39.5978777 39.7689268 
1600.0000000 39.4014592 39.5725082 
1601.0000000 39.2050406 39.3760897 
1602.0000000 39.0086221 39.1796711 
1603.0000000 38.8122035 38.9832526 
1604.0000000 38.6157850 38.7868340 
1605.0000000 38.4193664 38.5904155 
1606.0000000 38.2229479 38.3939969 
1607.0000000 38.0265293 38.1975784 
1608.0000000 37.8301108 38.0011598 
1609.0000000 37.6336922 37.8047413 
1610.0000000 37.4372737 37.6083227 
1611.0000000 37.2408551 37.4119042 
1612.0000000 37.0444366 37.2154856 
1613.0000000 36.8480180 37.0190671 
1614.0000000 36.6515995 36.8226485 
1615.0000000 36.4551809 36.6262300 
1616.0000000 36.2587624 36.4298114 
1617.0000000 36.0623438 36.2333929 
1618.0000000 35.8659253 36.0369743 
1619.0000000 35.6695067 35.8405558 
1620.0000000 35.4730882 35.6441372 
1621.0000000 35.2766696 35.4477187 
1622.0000000 35.0802511 35.2513001 
1623.0000000 34.8838325 35.0548816 
1624.0000000 34.6874140 34.8584630 
1625.0000000 34.4909954 34.6620445 
1626.0000000 34.2945769 34.4656259 
1627.0000000 34.0981583 34.2692074 
1628.0000000 33.9017398 34.0727888 
1629.0000000 33.7053212 33.8763703 
1630.0000000 33.5089027 33.6799517 
1631.0000000 33.3124841 33.4835332 
1632.0000000 33.1160656 33.2871146 
1633.0000000 32.9196470 33.0906961 
1634.0000000 32.7232285 32.8942775 
1635.0000000 32.5268099 32.6978590 
1636.0000000 32.3303914 32.5014404 
1637.0000000 32.1339728 32.3050219 
1638.0000000 31.9375543 32.1086033 
1639.0000000 31.7411357 31.9121848 
1640.0000000 31.5447172 31.7157662 
1641.0000000 31.3482986 31.5193477 
1642.0000000 31.1518801 31.3229291 
1643.0000000 30.9554615 31.1265106 
1644.0000000 30.7590430 30.9300920 
1645.0000000 30.5626244 30.7336735 
1646.0000000 30.3662059 30.5372549 
1647.0000000 30.1697873 30.3408364 
1648.0000000 29.9733688 30.1444178 
1649.0000000 29.7769502 29.9479993 
1650.0000000 29.5805317 29.7515807 
1651.0000000 29.3841131 29.5551622 
1652.0000000 29.1876946 29.3587436 
1653.0000000 28.9912760 29.1623251 
1654.0000000 28.7948575 28.9659065 
1655.0000000 28.5984389 28.7694880 
1656.0000000 28.4020204 28.5730694 
1657.0000000 28.2056018 28.3766509 
1658.0000000 28.0091833 28.1802323 
1659.0000000 27.8127647 27.9838138 
1660.0000000 27.6163462 27.7873952 
1661.0000000 27.4199276 27.5909767 
1662.0000000 27.2235090 27.3945581 
1663.0000000 27.0270905 27.1981396 
1664.0000000 26.8306719 27.0017210 
1665.0000000 26.6342534 26.8053025 
1666.0000000 26.4378348 26.6088839 
1667.0000000 26.2414163 26.4124654 
1668.0000000 26.0449977 26.2160468 
1669.0000000 25.8485792 26.0196283 
1670.0000000 25.6521606 25.8232097 
1671.0000000 25.4557421 25.6267912 
1672.0000000 25.2593235 25.4303726 
1673.0000000 25.0629050 25.2339541 
1674.0000000 24.8664864 25.0375355 
1675.0000000 24.6700679 24.8411170 
1676.0000000 24.4736493 24.6446984 
1677.0000000 24.2772308 24.4482799 
1678.0000000 24.0808122 24.2518613 
1679.0000000 23.8843937 24.0554428 
1680.0000000 23.6879751 23.8590242 
1681.0000000 23.4915566 23.6626057 
1682.0000000 23.2951380 23.4661871 
1683.0000000 23.0987195 23.2697686 
1684.0000000 22.9023009 23.0733500 
1685.0000000 22.7058824 22.8769315 
1686.0000000 22.5094638 22.6805129 
1687.0000000 22.3130453 22.4840944 
1688.0000000 22.1166267 22.2876758 
1689.0000000 21.9202082 22.0912573 
1690.0000000 21.7237896 21.8948387 
1691.0000000 21.5273711 21.6984202 
1692.0000000 21.3309525 21.5020016 
1693.0000000 21.1345340 21.3055831 
1694.0000000 20.9381154 21.1091645 
1695.0000000 20.7416969 20.9127460 
1696.0000000 20.5452783 20.7163274 
1697.0000000 20.3488598 20.5199089 
1698.0000000 20.1524412 20.3234903 
1699.0000000 19.9560227 20.1270717 
1700.0000000 19.7596041 19.9306532 
1701.0000000 19.5631856 19.7342346 
1702.0000000 19.3667670 19.5378161 
1703.0000000 19.1703485 19.3413975 
1704.0000000 18.9739299 19.1449790 
1705.0000000 18.7775114 18.9485604 
1706.0000000 18.5810928 18.7521419 
1707.0000000 18.3846743 18.5557233 
1708.0000000 18.1882557 18.3593048 
1709.0000000 17.9918372 18.1628862 
1710.0000000 17.7954186 17.9664677 
1711.0000000 17.5990001 17.7700491 
1712.0000000 17.4025815 17.5736306 
1713.0000000 17.2061630 17.3772120 
1714.0000000 17.0097444 17.1807935 
1715.0000000 16.8133259 16.9843749 
1716.0000000 16.6169073 16.7879564 
1717.0000000 16.4204888 16.5915378 
1718.0000000 16.2240702 16.3951193 
1719.0000000 16.0276517 16.1987007 
1720.0000000 15.8312331 16.0022822 
1721.0000000 15.6348146 15.8058636 
1722.0000000 15.4383960 15.6094451 
1723.0000000 15.2419775 15.4130265 
1724.0000000 15.0455589 15.2166080 
1725.0000000 14.8491404 15.0201894 
1726.0000000 14.6527218 14.8237709 
1727.0000000 14.4563033 14.6273523 
1728.0000000 14.2598847 14.4309338 
1729.0000000 14.0634662 14.2345152 
1730.0000000 13.8670476 14.0380967 
1731.0000000 13.6706291 13.8416781 
1732.0000000 13.4742105 13.6452596 
1733.0000000 13.2777920 13.4488410 
1734.0000000 13.0813734 13.2524225 
1735.0000000 12.8849549 13.0560039 
1736.0000000 12.6885363 12.8595854 
1737.0000000 12.4921178 12.6631668 
1738.0000000 12.2956992 12.4667483 
1739.0000000 12.0992807 12.2703297 
1740.0000000 11.9028621 12.0739112 
1741.0000000 11.7064436 11.8774926 
1742.0000000 11.5100250 11.6810741 
1743.0000000 11.3136065 11.4846555 
1744.0000000 11.1171879 11.2882370 
1745.0000000 10.9207694 11.0918184 
1746.0000000 10.7243508 10.8953999 
1747.0000000 10.5279323 10.6989813 
1748.0000000 10.3315137 10.5025628 
1749.0000000 10.1350952 10.3061442 
1750.0000000 9.9386766 10.1097257 
1751.0000000 9.7422581 9.9133071 
1752.0000000 9.5458395 9.7168886 
1753.0000000 9.3494210 9.5204700 
1754.0000000 9.1530024 9.3240515 
1755.0000000 8.9565839 9.1276329 
1756.0000000 8.7601653 8.9312144 
1757.0000000 8.5637468 8.7347958 
1758.0000000 8.3673282 8.5383773 
1759.0000000 8.1709097 8.3419587 
1760.0000000 7.9744911 8.1455402 
1761.0000000 7.7780726 7.9491216 
1762.0000000 7.5816540 7.7527031 
1763.0000000 7.3852355 7.5562845 
1764.0000000 7.1888169 7.3598660 
1765.0000000 6.9923984 7.1634474 
1766.0000000 6.7959798 6.9670289 
1767.0000000 6.5995613 6.7706103 
1768.0000000 6.4031427 6.5741918 
1769.0000000 6.2067242 6.3777732 
1770.0000000 6.0103056 6.1813547 
1771.0000000 5.8138871 5.9849361 
1772.0000000 5.6174685 5.7885176 
1773.0000000 5.4210500 5.5920990 
1774.0000000 5.2246314 5.3956805 
1775.0000000 5.0282129 5.1992619 
1776.0000000 4.8317943 5.0028434 
1777.0000000 4.6353758 4.8064248 
1778.0000000 4.4389572 4.6100063 
1779.0000000 4.2425387 4.4135877 
1780.0000000 4.0461201 4.2171692 
1781.0000000 3.8497016 4.0207506 
1782.0000000 3.6532830 3.8243321 
1783.0000000 3.4568645 3.6279135 
1784.0000000 3.2604459 3.4314950 
1785.0000000 3.0640274 3.2350764 
1786.0000000 2.8676088 3.0386579 
1787.0000000 2.6711903 2.8422393 
1788.0000000 2.4747717 2.6458208 
1789.0000000 2.2783532 2.4494022 
1790.0000000 2.0819346 2.2529837 
1791.0000000 1.8855161 2.0565651 
1792.0000000 1.6890975 1.8601466 
1793.0000000 1.4926790 1.6637280 
1794.0000000 1.2962604 1.4673095 
1795.0000000 1.0998419 1.2708909 
1796.0000000 0.9034233 1.0744724 
1797.0000000 0.7070048 0.8780538 
1798.0000000 0.5105862 0.6816353 
1799.0000000 0.3141677 0.4852167 
1800.0000000 0.1177491 0.2887982 

