1.0000000 353.6168512 353.6271295 
2.0000000 353.4204327 353.4307110 
3.0000000 353.2240141 353.2342924 
4.0000000 353.0275956 353.0378739 
5.0000000 352.8311770 352.8414553 
6.0000000 352.6347585 352.6450368 
7.0000000 352.4383399 352.4486182 
8.0000000 352.2419214 352.2521997 
9.0000000 352.0455028 352.0557811 
10.0000000 351.8490843 351.8593626 
11.0000000 351.6526657 351.6629440 
12.0000000 351.4562472 351.4665255 
13.0000000 351.2598286 351.2701069 
14.0000000 351.0634101 351.0736884 
15.0000000 350.8669915 350.8772698 
16.0000000 350.6705730 350.6808513 
17.0000000 350.4741544 350.4844327 
18.0000000 350.2777359 350.2880142 
19.0000000 350.0813173 350.0915956 
20.0000000 349.8848988 349.8951771 
21.0000000 349.6884802 349.6987585 
22.0000000 349.4920617 349.5023400 
23.0000000 349.2956431 349.3059214 
24.0000000 349.0992246 349.1095029 
25.0000000 348.9028060 348.9130843 
26.0000000 348.7063875 348.7166658 
27.0000000 348.5099689 348.5202472 
28.0000000 348.3135504 348.3238287 
29.0000000 348.1171318 348.1274101 
30.0000000 347.9207133 347.9309916 
31.0000000 347.7242947 347.7345730 
32.0000000 347.5278762 347.5381545 
33.0000000 347.3314576 347.3417359 
34.0000000 347.1350391 347.1453174 
35.0000000 346.9386205 346.9488988 
36.0000000 346.7422020 346.7524803 
37.0000000 346.5457834 346.5560617 
38.0000000 346.3493649 346.3596432 
39.0000000 346.1529463 346.1632246 
40.0000000 345.9565278 345.9668061 
41.0000000 345.7601092 345.7703875 
42.0000000 345.5636907 345.5739690 
43.0000000 345.3672721 345.3775504 
44.0000000 345.1708536 345.1811319 
45.0000000 344.9744350 344.9847133 
46.0000000 344.7780165 344.7882948 
47.0000000 344.5815979 344.5918762 
48.0000000 344.3851794 344.3954577 
49.0000000 344.1887608 344.1990391 
50.0000000 343.9923423 344.0026206 
51.0000000 343.7959237 343.8062020 
52.0000000 343.5995052 343.6097835 
53.0000000 343.4030866 343.4133649 
54.0000000 343.2066681 343.2169464 
55.0000000 343.0102495 343.0205278 
56.0000000 342.8138310 342.8241093 
57.0000000 342.6174124 342.6276907 
58.0000000 342.4209939 342.4312722 
59.0000000 342.2245753 342.2348536 
60.0000000 342.0281568 342.0384351 
61.0000000 341.8317382 341.8420165 
62.0000000 341.6353197 341.6455980 
63.0000000 341.4389011 341.4491794 
64.0000000 341.2424826 341.2527609 
65.0000000 341.0460640 341.0563423 
66.0000000 340.8496455 340.8599238 
67.0000000 340.6532269 340.6635052 
68.0000000 340.4568084 340.4670867 
69.0000000 340.2603898 340.2706681 
70.0000000 340.0639713 340.0742496 
71.0000000 339.8675527 339.8778310 
72.0000000 339.6711342 339.6814125 
73.0000000 339.4747156 339.4849939 
74.0000000 339.2782971 339.2885754 
75.0000000 339.0818785 339.0921568 
76.0000000 338.8854600 338.8957383 
77.0000000 338.6890414 338.6993197 
78.0000000 338.4926229 338.5029012 
79.0000000 338.2962043 338.3064826 
80.0000000 338.0997858 338.1100641 
81.0000000 337.9033672 337.9136455 
82.0000000 337.7069487 337.7172270 
83.0000000 337.5105301 337.5208084 
84.0000000 337.3141116 337.3243899 
85.0000000 337.1176930 337.1279713 
86.0000000 336.9212745 336.9315528 
87.0000000 336.7248559 336.7351342 
88.0000000 336.5284374 336.5387157 
89.0000000 336.3320188 336.3422971 
90.0000000 336.1356003 336.1458786 
91.0000000 335.9391817 335.9494600 
92.0000000 335.7427632 335.7530415 
93.0000000 335.5463446 335.5566229 
94.0000000 335.3499261 335.3602044 
95.0000000 335.1535075 335.1637858 
96.0000000 334.9570890 334.9673673 
97.0000000 334.7606704 334.7709487 
98.0000000 334.5642519 334.5745302 
99.0000000 334.3678333 334.3781116 
100.0000000 334.1714148 334.1816931 
101.0000000 333.9749962 333.9852745 
102.0000000 333.7785777 333.7888560 
103.0000000 333.5821591 333.5924374 
104.0000000 333.3857406 333.3960189 
105.0000000 333.1893220 333.1996003 
106.0000000 332.9929035 333.0031817 
107.0000000 332.7964849 332.8067632 
108.0000000 332.6000664 332.6103446 
109.0000000 332.4036478 332.4139261 
110.0000000 332.2072293 332.2175075 
111.0000000 332.0108107 332.0210890 
112.0000000 331.8143922 331.8246704 
113.0000000 331.6179736 331.6282519 
114.0000000 331.4215551 331.4318333 
115.0000000 331.2251365 331.2354148 
116.0000000 331.0287179 331.0389962 
117.0000000 330.8322994 330.8425777 
118.0000000 330.6358808 330.6461591 
119.0000000 330.4394623 330.4497406 
120.0000000 330.2430437 330.2533220 
121.0000000 330.0466252 330.0569035 
122.0000000 329.8502066 329.8604849 
123.0000000 329.6537881 329.6640664 
124.0000000 329.4573695 329.4676478 
125.0000000 329.2609510 329.2712293 
126.0000000 329.0645324 329.0748107 
127.0000000 328.8681139 328.8783922 
128.0000000 328.6716953 328.6819736 
129.0000000 328.4752768 328.4855551 
130.0000000 328.2788582 328.2891365 
131.0000000 328.0824397 328.0927180 
132.0000000 327.8860211 327.8962994 
133.0000000 327.6896026 327.6998809 
134.0000000 327.4931840 327.5034623 
135.0000000 327.2967655 327.3070438 
136.0000000 327.1003469 327.1106252 
137.0000000 326.9039284 326.9142067 
138.0000000 326.7075098 326.7177881 
139.0000000 326.5110913 326.5213696 
140.0000000 326.3146727 326.3249510 
141.0000000 326.1182542 326.1285325 
142.0000000 325.9218356 325.9321139 
143.0000000 325.7254171 325.7356954 
144.0000000 325.5289985 325.5392768 
145.0000000 325.3325800 325.3428583 
146.0000000 325.1361614 325.1464397 
147.0000000 324.9397429 324.9500212 
148.0000000 324.7433243 324.7536026 
149.0000000 324.5469058 324.5571841 
150.0000000 324.3504872 324.3607655 
151.0000000 324.1540687 324.1643470 
152.0000000 323.9576501 323.9679284 
153.0000000 323.7612316 323.7715099 
154.0000000 323.5648130 323.5750913 
155.0000000 323.3683945 323.3786728 
156.0000000 323.1719759 323.1822542 
157.0000000 322.9755574 322.9858357 
158.0000000 322.7791388 322.7894171 
159.0000000 322.5827203 322.5929986 
160.0000000 322.3863017 322.3965800 
161.0000000 322.1898832 322.2001615 
162.0000000 321.9934646 322.0037429 
163.0000000 321.7970461 321.8073244 
164.0000000 321.6006275 321.6109058 
165.0000000 321.4042090 321.4144873 
166.0000000 321.2077904 321.2180687 
167.0000000 321.0113719 321.0216502 
168.0000000 320.8149533 320.8252316 
169.0000000 320.6185348 320.6288131 
170.0000000 320.4221162 320.4323945 
171.0000000 320.2256977 320.2359760 
172.0000000 320.0292791 320.0395574 
173.0000000 319.8328606 319.8431389 
174.0000000 319.6364420 319.6467203 
175.0000000 319.4400235 319.4503018 
176.0000000 319.2436049 319.2538832 
177.0000000 319.0471864 319.0574647 
178.0000000 318.8507678 318.8610461 
179.0000000 318.6543493 318.6646276 
180.0000000 318.4579307 318.4682090 
181.0000000 318.2615122 318.2717905 
182.0000000 318.0650936 318.0753719 
183.0000000 317.8686751 317.8789534 
184.0000000 317.6722565 317.6825348 
185.0000000 317.4758380 317.4861163 
186.0000000 317.2794194 317.2896977 
187.0000000 317.0830009 317.0932792 
188.0000000 316.8865823 316.8968606 
189.0000000 316.6901638 316.7004421 
190.0000000 316.4937452 316.5040235 
191.0000000 316.2973267 316.3076050 
192.0000000 316.1009081 316.1111864 
193.0000000 315.9044896 315.9147679 
194.0000000 315.7080710 315.7183493 
195.0000000 315.5116525 315.5219308 
196.0000000 315.3152339 315.3255122 
197.0000000 315.1188154 315.1290937 
198.0000000 314.9223968 314.9326751 
199.0000000 314.7259783 314.7362566 
200.0000000 314.5295597 314.5398380 
201.0000000 314.3331412 314.3434195 
202.0000000 314.1367226 314.1470009 
203.0000000 313.9403041 313.9505824 
204.0000000 313.7438855 313.7541638 
205.0000000 313.5474670 313.5577453 
206.0000000 313.3510484 313.3613267 
207.0000000 313.1546299 313.1649082 
208.0000000 312.9582113 312.9684896 
209.0000000 312.7617928 312.7720711 
210.0000000 312.5653742 312.5756525 
211.0000000 312.3689557 312.3792340 
212.0000000 312.1725371 312.1828154 
213.0000000 311.9761186 311.9863969 
214.0000000 311.7797000 311.7899783 
215.0000000 311.5832815 311.5935598 
216.0000000 311.3868629 311.3971412 
217.0000000 311.1904444 311.2007227 
218.0000000 310.9940258 311.0043041 
219.0000000 310.7976073 310.8078856 
220.0000000 310.6011887 310.6114670 
221.0000000 310.4047702 310.4150485 
222.0000000 310.2083516 310.2186299 
223.0000000 310.0119331 310.0222114 
224.0000000 309.8155145 309.8257928 
225.0000000 309.6190960 309.6293743 
226.0000000 309.4226774 309.4329557 
227.0000000 309.2262589 309.2365372 
228.0000000 309.0298403 309.0401186 
229.0000000 308.8334218 308.8437001 
230.0000000 308.6370032 308.6472815 
231.0000000 308.4405847 308.4508630 
232.0000000 308.2441661 308.2544444 
233.0000000 308.0477476 308.0580259 
234.0000000 307.8513290 307.8616073 
235.0000000 307.6549105 307.6651888 
236.0000000 307.4584919 307.4687702 
237.0000000 307.2620734 307.2723517 
238.0000000 307.0656548 307.0759331 
239.0000000 306.8692363 306.8795146 
240.0000000 306.6728177 306.6830960 
241.0000000 306.4763992 306.4866775 
242.0000000 306.2799806 306.2902589 
243.0000000 306.0835621 306.0938404 
244.0000000 305.8871435 305.8974218 
245.0000000 305.6907250 305.7010033 
246.0000000 305.4943064 305.5045847 
247.0000000 305.2978879 305.3081662 
248.0000000 305.1014693 305.1117476 
249.0000000 304.9050508 304.9153291 
250.0000000 304.7086322 304.7189105 
251.0000000 304.5122137 304.5224920 
252.0000000 304.3157951 304.3260734 
253.0000000 304.1193766 304.1296549 
254.0000000 303.9229580 303.9332363 
255.0000000 303.7265395 303.7368178 
256.0000000 303.5301209 303.5403992 
257.0000000 303.3337024 303.3439806 
258.0000000 303.1372838 303.1475621 
259.0000000 302.9408653 302.9511435 
260.0000000 302.7444467 302.7547250 
261.0000000 302.5480282 302.5583064 
262.0000000 302.3516096 302.3618879 
263.0000000 302.1551911 302.1654693 
264.0000000 301.9587725 301.9690508 
265.0000000 301.7623540 301.7726322 
266.0000000 301.5659354 301.5762137 
267.0000000 301.3695168 301.3797951 
268.0000000 301.1730983 301.1833766 
269.0000000 300.9766797 300.9869580 
270.0000000 300.7802612 300.7905395 
271.0000000 300.5838426 300.5941209 
272.0000000 300.3874241 300.3977024 
273.0000000 300.1910055 300.2012838 
274.0000000 299.9945870 300.0048653 
275.0000000 299.7981684 299.8084467 
276.0000000 299.6017499 299.6120282 
277.0000000 299.4053313 299.4156096 
278.0000000 299.2089128 299.2191911 
279.0000000 299.0124942 299.0227725 
280.0000000 298.8160757 298.8263540 
281.0000000 298.6196571 298.6299354 
282.0000000 298.4232386 298.4335169 
283.0000000 298.2268200 298.2370983 
284.0000000 298.0304015 298.0406798 
285.0000000 297.8339829 297.8442612 
286.0000000 297.6375644 297.6478427 
287.0000000 297.4411458 297.4514241 
288.0000000 297.2447273 297.2550056 
289.0000000 297.0483087 297.0585870 
290.0000000 296.8518902 296.8621685 
291.0000000 296.6554716 296.6657499 
292.0000000 296.4590531 296.4693314 
293.0000000 296.2626345 296.2729128 
294.0000000 296.0662160 296.0764943 
295.0000000 295.8697974 295.8800757 
296.0000000 295.6733789 295.6836572 
297.0000000 295.4769603 295.4872386 
298.0000000 295.2805418 295.2908201 
299.0000000 295.0841232 295.0944015 
300.0000000 294.8877047 294.8979830 
301.0000000 294.6912861 294.7015644 
302.0000000 294.4948676 294.5051459 
303.0000000 294.2984490 294.3087273 
304.0000000 294.1020305 294.1123088 
305.0000000 293.9056119 293.9158902 
306.0000000 293.7091934 293.7194717 
307.0000000 293.5127748 293.5230531 
308.0000000 293.3163563 293.3266346 
309.0000000 293.1199377 293.1302160 
310.0000000 292.9235192 292.9337975 
311.0000000 292.7271006 292.7373789 
312.0000000 292.5306821 292.5409604 
313.0000000 292.3342635 292.3445418 
314.0000000 292.1378450 292.1481233 
315.0000000 291.9414264 291.9517047 
316.0000000 291.7450079 291.7552862 
317.0000000 291.5485893 291.5588676 
318.0000000 291.3521708 291.3624491 
319.0000000 291.1557522 291.1660305 
320.0000000 290.9593337 290.9696120 
321.0000000 290.7629151 290.7731934 
322.0000000 290.5664966 290.5767749 
323.0000000 290.3700780 290.3803563 
324.0000000 290.1736595 290.1839378 
325.0000000 289.9772409 289.9875192 
326.0000000 289.7808224 289.7911007 
327.0000000 289.5844038 289.5946821 
328.0000000 289.3879853 289.3982636 
329.0000000 289.1915667 289.2018450 
330.0000000 288.9951482 289.0054265 
331.0000000 288.7987296 288.8090079 
332.0000000 288.6023111 288.6125894 
333.0000000 288.4058925 288.4161708 
334.0000000 288.2094740 288.2197523 
335.0000000 288.0130554 288.0233337 
336.0000000 287.8166369 287.8269152 
337.0000000 287.6202183 287.6304966 
338.0000000 287.4237998 287.4340781 
339.0000000 287.2273812 287.2376595 
340.0000000 287.0309627 287.0412410 
341.0000000 286.8345441 286.8448224 
342.0000000 286.6381256 286.6484039 
343.0000000 286.4417070 286.4519853 
344.0000000 286.2452885 286.2555668 
345.0000000 286.0488699 286.0591482 
346.0000000 285.8524514 285.8627297 
347.0000000 285.6560328 285.6663111 
348.0000000 285.4596143 285.4698926 
349.0000000 285.2631957 285.2734740 
350.0000000 285.0667772 285.0770555 
351.0000000 284.8703586 284.8806369 
352.0000000 284.6739401 284.6842184 
353.0000000 284.4775215 284.4877998 
354.0000000 284.2811030 284.2913813 
355.0000000 284.0846844 284.0949627 
356.0000000 283.8882659 283.8985442 
357.0000000 283.6918473 283.7021256 
358.0000000 283.4954288 283.5057071 
359.0000000 283.2990102 283.3092885 
360.0000000 283.1025917 283.1128700 
361.0000000 282.9061731 282.9164514 
362.0000000 282.7097546 282.7200329 
363.0000000 282.5133360 282.5236143 
364.0000000 282.3169175 282.3271958 
365.0000000 282.1204989 282.1307772 
366.0000000 281.9240804 281.9343587 
367.0000000 281.7276618 281.7379401 
368.0000000 281.5312433 281.5415216 
369.0000000 281.3348247 281.3451030 
370.0000000 281.1384062 281.1486845 
371.0000000 280.9419876 280.9522659 
372.0000000 280.7455691 280.7558474 
373.0000000 280.5491505 280.5594288 
374.0000000 280.3527320 280.3630103 
375.0000000 280.1563134 280.1665917 
376.0000000 279.9598949 279.9701732 
377.0000000 279.7634763 279.7737546 
378.0000000 279.5670578 279.5773361 
379.0000000 279.3706392 279.3809175 
380.0000000 279.1742207 279.1844990 
381.0000000 278.9778021 278.9880804 
382.0000000 278.7813836 278.7916619 
383.0000000 278.5849650 278.5952433 
384.0000000 278.3885465 278.3988248 
385.0000000 278.1921279 278.2024062 
386.0000000 277.9957094 278.0059877 
387.0000000 277.7992908 277.8095691 
388.0000000 277.6028723 277.6131506 
389.0000000 277.4064537 277.4167320 
390.0000000 277.2100352 277.2203135 
391.0000000 277.0136166 277.0238949 
392.0000000 276.8171981 276.8274764 
393.0000000 276.6207795 276.6310578 
394.0000000 276.4243610 276.4346393 
395.0000000 276.2279424 276.2382207 
396.0000000 276.0315239 276.0418022 
397.0000000 275.8351053 275.8453836 
398.0000000 275.6386868 275.6489651 
399.0000000 275.4422682 275.4525465 
400.0000000 275.2458497 275.2561280 
401.0000000 275.0494311 275.0597094 
402.0000000 274.8530126 274.8632909 
403.0000000 274.6565940 274.6668723 
404.0000000 274.4601755 274.4704538 
405.0000000 274.2637569 274.2740352 
406.0000000 274.0673384 274.0776167 
407.0000000 273.8709198 273.8811981 
408.0000000 273.6745013 273.6847796 
409.0000000 273.4780827 273.4883610 
410.0000000 273.2816642 273.2919424 
411.0000000 273.0852456 273.0955239 
412.0000000 272.8888271 272.8991053 
413.0000000 272.6924085 272.7026868 
414.0000000 272.4959900 272.5062682 
415.0000000 272.2995714 272.3098497 
416.0000000 272.1031529 272.1134311 
417.0000000 271.9067343 271.9170126 
418.0000000 271.7103157 271.7205940 
419.0000000 271.5138972 271.5241755 
420.0000000 271.3174786 271.3277569 
421.0000000 271.1210601 271.1313384 
422.0000000 270.9246415 270.9349198 
423.0000000 270.7282230 270.7385013 
424.0000000 270.5318044 270.5420827 
425.0000000 270.3353859 270.3456642 
426.0000000 270.1389673 270.1492456 
427.0000000 269.9425488 269.9528271 
428.0000000 269.7461302 269.7564085 
429.0000000 269.5497117 269.5599900 
430.0000000 269.3532931 269.3635714 
431.0000000 269.1568746 269.1671529 
432.0000000 268.9604560 268.9707343 
433.0000000 268.7640375 268.7743158 
434.0000000 268.5676189 268.5778972 
435.0000000 268.3712004 268.3814787 
436.0000000 268.1747818 268.1850601 
437.0000000 267.9783633 267.9886416 
438.0000000 267.7819447 267.7922230 
439.0000000 267.5855262 267.5958045 
440.0000000 267.3891076 267.3993859 
441.0000000 267.1926891 267.2029674 
442.0000000 266.9962705 267.0065488 
443.0000000 266.7998520 266.8101303 
444.0000000 266.6034334 266.6137117 
445.0000000 266.4070149 266.4172932 
446.0000000 266.2105963 266.2208746 
447.0000000 266.0141778 266.0244561 
448.0000000 265.8177592 265.8280375 
449.0000000 265.6213407 265.6316190 
450.0000000 265.4249221 265.4352004 
451.0000000 265.2285036 265.2387819 
452.0000000 265.0320850 265.0423633 
453.0000000 264.8356665 264.8459448 
454.0000000 264.6392479 264.6495262 
455.0000000 264.4428294 264.4531077 
456.0000000 264.2464108 264.2566891 
457.0000000 264.0499923 264.0602706 
458.0000000 263.8535737 263.8638520 
459.0000000 263.6571552 263.6674335 
460.0000000 263.4607366 263.4710149 
461.0000000 263.2643181 263.2745964 
462.0000000 263.0678995 263.0781778 
463.0000000 262.8714810 262.8817593 
464.0000000 262.6750624 262.6853407 
465.0000000 262.4786439 262.4889222 
466.0000000 262.2822253 262.2925036 
467.0000000 262.0858068 262.0960851 
468.0000000 261.8893882 261.8996665 
469.0000000 261.6929697 261.7032480 
470.0000000 261.4965511 261.5068294 
471.0000000 261.3001326 261.3104109 
472.0000000 261.1037140 261.1139923 
473.0000000 260.9072955 260.9175738 
474.0000000 260.7108769 260.7211552 
475.0000000 260.5144584 260.5247367 
476.0000000 260.3180398 260.3283181 
477.0000000 260.1216213 260.1318996 
478.0000000 259.9252027 259.9354810 
479.0000000 259.7287842 259.7390625 
480.0000000 259.5323656 259.5426439 
481.0000000 259.3359471 259.3462254 
482.0000000 259.1395285 259.1498068 
483.0000000 258.9431100 258.9533883 
484.0000000 258.7466914 258.7569697 
485.0000000 258.5502729 258.5605512 
486.0000000 258.3538543 258.3641326 
487.0000000 258.1574358 258.1677141 
488.0000000 257.9610172 257.9712955 
489.0000000 257.7645987 257.7748770 
490.0000000 257.5681801 257.5784584 
491.0000000 257.3717616 257.3820399 
492.0000000 257.1753430 257.1856213 
493.0000000 256.9789245 256.9892028 
494.0000000 256.7825059 256.7927842 
495.0000000 256.5860874 256.5963657 
496.0000000 256.3896688 256.3999471 
497.0000000 256.1932503 256.2035286 
498.0000000 255.9968317 256.0071100 
499.0000000 255.8004132 255.8106915 
500.0000000 255.6039946 255.6142729 
501.0000000 255.4075761 255.4178544 
502.0000000 255.2111575 255.2214358 
503.0000000 255.0147390 255.0250173 
504.0000000 254.8183204 254.8285987 
505.0000000 254.6219019 254.6321802 
506.0000000 254.4254833 254.4357616 
507.0000000 254.2290648 254.2393431 
508.0000000 254.0326462 254.0429245 
509.0000000 253.8362277 253.8465060 
510.0000000 253.6398091 253.6500874 
511.0000000 253.4433906 253.4536689 
512.0000000 253.2469720 253.2572503 
513.0000000 253.0505535 253.0608318 
514.0000000 252.8541349 252.8644132 
515.0000000 252.6577164 252.6679947 
516.0000000 252.4612978 252.4715761 
517.0000000 252.2648793 252.2751576 
518.0000000 252.0684607 252.0787390 
519.0000000 251.8720422 251.8823205 
520.0000000 251.6756236 251.6859019 
521.0000000 251.4792051 251.4894834 
522.0000000 251.2827865 251.2930648 
523.0000000 251.0863680 251.0966463 
524.0000000 250.8899494 250.9002277 
525.0000000 250.6935309 250.7038092 
526.0000000 250.4971123 250.5073906 
527.0000000 250.3006938 250.3109721 
528.0000000 250.1042752 250.1145535 
529.0000000 249.9078567 249.9181350 
530.0000000 249.7114381 249.7217164 
531.0000000 249.5150196 249.5252979 
532.0000000 249.3186010 249.3288793 
533.0000000 249.1221825 249.1324608 
534.0000000 248.9257639 248.9360422 
535.0000000 248.7293454 248.7396237 
536.0000000 248.5329268 248.5432051 
537.0000000 248.3365083 248.3467866 
538.0000000 248.1400897 248.1503680 
539.0000000 247.9436712 247.9539495 
540.0000000 247.7472526 247.7575309 
541.0000000 247.5508341 247.5611124 
542.0000000 247.3544155 247.3646938 
543.0000000 247.1579970 247.1682753 
544.0000000 246.9615784 246.9718567 
545.0000000 246.7651599 246.7754382 
546.0000000 246.5687413 246.5790196 
547.0000000 246.3723228 246.3826011 
548.0000000 246.1759042 246.1861825 
549.0000000 245.9794857 245.9897640 
550.0000000 245.7830671 245.7933454 
551.0000000 245.5866486 245.5969269 
552.0000000 245.3902300 245.4005083 
553.0000000 245.1938115 245.2040898 
554.0000000 244.9973929 245.0076712 
555.0000000 244.8009744 244.8112527 
556.0000000 244.6045558 244.6148341 
557.0000000 244.4081373 244.4184156 
558.0000000 244.2117187 244.2219970 
559.0000000 244.0153002 244.0255785 
560.0000000 243.8188816 243.8291599 
561.0000000 243.6224631 243.6327413 
562.0000000 243.4260445 243.4363228 
563.0000000 243.2296260 243.2399042 
564.0000000 243.0332074 243.0434857 
565.0000000 242.8367889 242.8470671 
566.0000000 242.6403703 242.6506486 
567.0000000 242.4439518 242.4542300 
568.0000000 242.2475332 242.2578115 
569.0000000 242.0511147 242.0613929 
570.0000000 241.8546961 241.8649744 
571.0000000 241.6582775 241.6685558 
572.0000000 241.4618590 241.4721373 
573.0000000 241.2654404 241.2757187 
574.0000000 241.0690219 241.0793002 
575.0000000 240.8726033 240.8828816 
576.0000000 240.6761848 240.6864631 
577.0000000 240.4797662 240.4900445 
578.0000000 240.2833477 240.2936260 
579.0000000 240.0869291 240.0972074 
580.0000000 239.8905106 239.9007889 
581.0000000 239.6940920 239.7043703 
582.0000000 239.4976735 239.5079518 
583.0000000 239.3012549 239.3115332 
584.0000000 239.1048364 239.1151147 
585.0000000 238.9084178 238.9186961 
586.0000000 238.7119993 238.7222776 
587.0000000 238.5155807 238.5258590 
588.0000000 238.3191622 238.3294405 
589.0000000 238.1227436 238.1330219 
590.0000000 237.9263251 237.9366034 
591.0000000 237.7299065 237.7401848 
592.0000000 237.5334880 237.5437663 
593.0000000 237.3370694 237.3473477 
594.0000000 237.1406509 237.1509292 
595.0000000 236.9442323 236.9545106 
596.0000000 236.7478138 236.7580921 
597.0000000 236.5513952 236.5616735 
598.0000000 236.3549767 236.3652550 
599.0000000 236.1585581 236.1688364 
600.0000000 235.9621396 235.9724179 
601.0000000 235.7657210 235.7759993 
602.0000000 235.5693025 235.5795808 
603.0000000 235.3728839 235.3831622 
604.0000000 235.1764654 235.1867437 
605.0000000 234.9800468 234.9903251 
606.0000000 234.7836283 234.7939066 
607.0000000 234.5872097 234.5974880 
608.0000000 234.3907912 234.4010695 
609.0000000 234.1943726 234.2046509 
610.0000000 233.9979541 234.0082324 
611.0000000 233.8015355 233.8118138 
612.0000000 233.6051170 233.6153953 
613.0000000 233.4086984 233.4189767 
614.0000000 233.2122799 233.2225582 
615.0000000 233.0158613 233.0261396 
616.0000000 232.8194428 232.8297211 
617.0000000 232.6230242 232.6333025 
618.0000000 232.4266057 232.4368840 
619.0000000 232.2301871 232.2404654 
620.0000000 232.0337686 232.0440469 
621.0000000 231.8373500 231.8476283 
622.0000000 231.6409315 231.6512098 
623.0000000 231.4445129 231.4547912 
624.0000000 231.2480944 231.2583727 
625.0000000 231.0516758 231.0619541 
626.0000000 230.8552573 230.8655356 
627.0000000 230.6588387 230.6691170 
628.0000000 230.4624202 230.4726985 
629.0000000 230.2660016 230.2762799 
630.0000000 230.0695831 230.0798614 
631.0000000 229.8731645 229.8834428 
632.0000000 229.6767460 229.6870243 
633.0000000 229.4803274 229.4906057 
634.0000000 229.2839089 229.2941872 
635.0000000 229.0874903 229.0977686 
636.0000000 228.8910718 228.9013501 
637.0000000 228.6946532 228.7049315 
638.0000000 228.4982347 228.5085130 
639.0000000 228.3018161 228.3120944 
640.0000000 228.1053976 228.1156759 
641.0000000 227.9089790 227.9192573 
642.0000000 227.7125605 227.7228388 
643.0000000 227.5161419 227.5264202 
644.0000000 227.3197234 227.3300017 
645.0000000 227.1233048 227.1335831 
646.0000000 226.9268863 226.9371646 
647.0000000 226.7304677 226.7407460 
648.0000000 226.5340492 226.5443275 
649.0000000 226.3376306 226.3479089 
650.0000000 226.1412121 226.1514904 
651.0000000 225.9447935 225.9550718 
652.0000000 225.7483750 225.7586533 
653.0000000 225.5519564 225.5622347 
654.0000000 225.3555379 225.3658162 
655.0000000 225.1591193 225.1693976 
656.0000000 224.9627008 224.9729791 
657.0000000 224.7662822 224.7765605 
658.0000000 224.5698637 224.5801420 
659.0000000 224.3734451 224.3837234 
660.0000000 224.1770266 224.1873049 
661.0000000 223.9806080 223.9908863 
662.0000000 223.7841895 223.7944678 
663.0000000 223.5877709 223.5980492 
664.0000000 223.3913524 223.4016307 
665.0000000 223.1949338 223.2052121 
666.0000000 222.9985153 223.0087936 
667.0000000 222.8020967 222.8123750 
668.0000000 222.6056782 222.6159565 
669.0000000 222.4092596 222.4195379 
670.0000000 222.2128411 222.2231194 
671.0000000 222.0164225 222.0267008 
672.0000000 221.8200040 221.8302823 
673.0000000 221.6235854 221.6338637 
674.0000000 221.4271669 221.4374452 
675.0000000 221.2307483 221.2410266 
676.0000000 221.0343298 221.0446081 
677.0000000 220.8379112 220.8481895 
678.0000000 220.6414927 220.6517710 
679.0000000 220.4450741 220.4553524 
680.0000000 220.2486556 220.2589339 
681.0000000 220.0522370 220.0625153 
682.0000000 219.8558185 219.8660968 
683.0000000 219.6593999 219.6696782 
684.0000000 219.4629814 219.4732597 
685.0000000 219.2665628 219.2768411 
686.0000000 219.0701443 219.0804226 
687.0000000 218.8737257 218.8840040 
688.0000000 218.6773072 218.6875855 
689.0000000 218.4808886 218.4911669 
690.0000000 218.2844701 218.2947484 
691.0000000 218.0880515 218.0983298 
692.0000000 217.8916330 217.9019113 
693.0000000 217.6952144 217.7054927 
694.0000000 217.4987959 217.5090742 
695.0000000 217.3023773 217.3126556 
696.0000000 217.1059588 217.1162371 
697.0000000 216.9095402 216.9198185 
698.0000000 216.7131217 216.7234000 
699.0000000 216.5167031 216.5269814 
700.0000000 216.3202846 216.3305629 
701.0000000 216.1238660 216.1341443 
702.0000000 215.9274475 215.9377258 
703.0000000 215.7310289 215.7413072 
704.0000000 215.5346104 215.5448887 
705.0000000 215.3381918 215.3484701 
706.0000000 215.1417733 215.1520516 
707.0000000 214.9453547 214.9556330 
708.0000000 214.7489362 214.7592145 
709.0000000 214.5525176 214.5627959 
710.0000000 214.3560991 214.3663774 
711.0000000 214.1596805 214.1699588 
712.0000000 213.9632620 213.9735402 
713.0000000 213.7668434 213.7771217 
714.0000000 213.5704249 213.5807031 
715.0000000 213.3740063 213.3842846 
716.0000000 213.1775878 213.1878660 
717.0000000 212.9811692 212.9914475 
718.0000000 212.7847507 212.7950289 
719.0000000 212.5883321 212.5986104 
720.0000000 212.3919136 212.4021918 
721.0000000 212.1954950 212.2057733 
722.0000000 211.9990764 212.0093547 
723.0000000 211.8026579 211.8129362 
724.0000000 211.6062393 211.6165176 
725.0000000 211.4098208 211.4200991 
726.0000000 211.2134022 211.2236805 
727.0000000 211.0169837 211.0272620 
728.0000000 210.8205651 210.8308434 
729.0000000 210.6241466 210.6344249 
730.0000000 210.4277280 210.4380063 
731.0000000 210.2313095 210.2415878 
732.0000000 210.0348909 210.0451692 
733.0000000 209.8384724 209.8487507 
734.0000000 209.6420538 209.6523321 
735.0000000 209.4456353 209.4559136 
736.0000000 209.2492167 209.2594950 
737.0000000 209.0527982 209.0630765 
738.0000000 208.8563796 208.8666579 
739.0000000 208.6599611 208.6702394 
740.0000000 208.4635425 208.4738208 
741.0000000 208.2671240 208.2774023 
742.0000000 208.0707054 208.0809837 
743.0000000 207.8742869 207.8845652 
744.0000000 207.6778683 207.6881466 
745.0000000 207.4814498 207.4917281 
746.0000000 207.2850312 207.2953095 
747.0000000 207.0886127 207.0988910 
748.0000000 206.8921941 206.9024724 
749.0000000 206.6957756 206.7060539 
750.0000000 206.4993570 206.5096353 
751.0000000 206.3029385 206.3132168 
752.0000000 206.1065199 206.1167982 
753.0000000 205.9101014 205.9203797 
754.0000000 205.7136828 205.7239611 
755.0000000 205.5172643 205.5275426 
756.0000000 205.3208457 205.3311240 
757.0000000 205.1244272 205.1347055 
758.0000000 204.9280086 204.9382869 
759.0000000 204.7315901 204.7418684 
760.0000000 204.5351715 204.5454498 
761.0000000 204.3387530 204.3490313 
762.0000000 204.1423344 204.1526127 
763.0000000 203.9459159 203.9561942 
764.0000000 203.7494973 203.7597756 
765.0000000 203.5530788 203.5633571 
766.0000000 203.3566602 203.3669385 
767.0000000 203.1602417 203.1705200 
768.0000000 202.9638231 202.9741014 
769.0000000 202.7674046 202.7776829 
770.0000000 202.5709860 202.5812643 
771.0000000 202.3745675 202.3848458 
772.0000000 202.1781489 202.1884272 
773.0000000 201.9817304 201.9920087 
774.0000000 201.7853118 201.7955901 
775.0000000 201.5888933 201.5991716 
776.0000000 201.3924747 201.4027530 
777.0000000 201.1960562 201.2063345 
778.0000000 200.9996376 201.0099159 
779.0000000 200.8032191 200.8134974 
780.0000000 200.6068005 200.6170788 
781.0000000 200.4103820 200.4206603 
782.0000000 200.2139634 200.2242417 
783.0000000 200.0175449 200.0278232 
784.0000000 199.8211263 199.8314046 
785.0000000 199.6247078 199.6349861 
786.0000000 199.4282892 199.4385675 
787.0000000 199.2318707 199.2421490 
788.0000000 199.0354521 199.0457304 
789.0000000 198.8390336 198.8493119 
790.0000000 198.6426150 198.6528933 
791.0000000 198.4461965 198.4564748 
792.0000000 198.2497779 198.2600562 
793.0000000 198.0533594 198.0636377 
794.0000000 197.8569408 197.8672191 
795.0000000 197.6605223 197.6708006 
796.0000000 197.4641037 197.4743820 
797.0000000 197.2676852 197.2779635 
798.0000000 197.0712666 197.0815449 
799.0000000 196.8748481 196.8851264 
800.0000000 196.6784295 196.6887078 
801.0000000 196.4820110 196.4922893 
802.0000000 196.2855924 196.2958707 
803.0000000 196.0891739 196.0994522 
804.0000000 195.8927553 195.9030336 
805.0000000 195.6963368 195.7066151 
806.0000000 195.4999182 195.5101965 
807.0000000 195.3034997 195.3137780 
808.0000000 195.1070811 195.1173594 
809.0000000 194.9106626 194.9209409 
810.0000000 194.7142440 194.7245223 
811.0000000 194.5178255 194.5281038 
812.0000000 194.3214069 194.3316852 
813.0000000 194.1249884 194.1352667 
814.0000000 193.9285698 193.9388481 
815.0000000 193.7321513 193.7424296 
816.0000000 193.5357327 193.5460110 
817.0000000 193.3393142 193.3495925 
818.0000000 193.1428956 193.1531739 
819.0000000 192.9464771 192.9567554 
820.0000000 192.7500585 192.7603368 
821.0000000 192.5536400 192.5639183 
822.0000000 192.3572214 192.3674997 
823.0000000 192.1608029 192.1710812 
824.0000000 191.9643843 191.9746626 
825.0000000 191.7679658 191.7782441 
826.0000000 191.5715472 191.5818255 
827.0000000 191.3751287 191.3854070 
828.0000000 191.1787101 191.1889884 
829.0000000 190.9822916 190.9925699 
830.0000000 190.7858730 190.7961513 
831.0000000 190.5894545 190.5997328 
832.0000000 190.3930359 190.4033142 
833.0000000 190.1966174 190.2068957 
834.0000000 190.0001988 190.0104771 
835.0000000 189.8037803 189.8140586 
836.0000000 189.6073617 189.6176400 
837.0000000 189.4109432 189.4212215 
838.0000000 189.2145246 189.2248029 
839.0000000 189.0181061 189.0283844 
840.0000000 188.8216875 188.8319658 
841.0000000 188.6252690 188.6355473 
842.0000000 188.4288504 188.4391287 
843.0000000 188.2324319 188.2427102 
844.0000000 188.0360133 188.0462916 
845.0000000 187.8395948 187.8498731 
846.0000000 187.6431762 187.6534545 
847.0000000 187.4467577 187.4570360 
848.0000000 187.2503391 187.2606174 
849.0000000 187.0539206 187.0641989 
850.0000000 186.8575020 186.8677803 
851.0000000 186.6610835 186.6713618 
852.0000000 186.4646649 186.4749432 
853.0000000 186.2682464 186.2785247 
854.0000000 186.0718278 186.0821061 
855.0000000 185.8754093 185.8856876 
856.0000000 185.6789907 185.6892690 
857.0000000 185.4825722 185.4928505 
858.0000000 185.2861536 185.2964319 
859.0000000 185.0897351 185.1000134 
860.0000000 184.8933165 184.9035948 
861.0000000 184.6968980 184.7071763 
862.0000000 184.5004794 184.5107577 
863.0000000 184.3040609 184.3143392 
864.0000000 184.1076423 184.1179206 
865.0000000 183.9112238 183.9215020 
866.0000000 183.7148052 183.7250835 
867.0000000 183.5183867 183.5286649 
868.0000000 183.3219681 183.3322464 
869.0000000 183.1255496 183.1358278 
870.0000000 182.9291310 182.9394093 
871.0000000 182.7327125 182.7429907 
872.0000000 182.5362939 182.5465722 
873.0000000 182.3398753 182.3501536 
874.0000000 182.1434568 182.1537351 
875.0000000 181.9470382 181.9573165 
876.0000000 181.7506197 181.7608980 
877.0000000 181.5542011 181.5644794 
878.0000000 181.3577826 181.3680609 
879.0000000 181.1613640 181.1716423 
880.0000000 180.9649455 180.9752238 
881.0000000 180.7685269 180.7788052 
882.0000000 180.5721084 180.5823867 
883.0000000 180.3756898 180.3859681 
884.0000000 180.1792713 180.1895496 
885.0000000 179.9828527 179.9931310 
886.0000000 179.7864342 179.7967125 
887.0000000 179.5900156 179.6002939 
888.0000000 179.3935971 179.4038754 
889.0000000 179.1971785 179.2074568 
890.0000000 179.0007600 179.0110383 
891.0000000 178.8043414 178.8146197 
892.0000000 178.6079229 178.6182012 
893.0000000 178.4115043 178.4217826 
894.0000000 178.2150858 178.2253641 
895.0000000 178.0186672 178.0289455 
896.0000000 177.8222487 177.8325270 
897.0000000 177.6258301 177.6361084 
898.0000000 177.4294116 177.4396899 
899.0000000 177.2329930 177.2432713 
900.0000000 177.0365745 177.0468528 
901.0000000 176.8401559 176.8504342 
902.0000000 176.6437374 176.6540157 
903.0000000 176.4473188 176.4575971 
904.0000000 176.2509003 176.2611786 
905.0000000 176.0544817 176.0647600 
906.0000000 175.8580632 175.8683415 
907.0000000 175.6616446 175.6719229 
908.0000000 175.4652261 175.4755044 
909.0000000 175.2688075 175.2790858 
910.0000000 175.0723890 175.0826673 
911.0000000 174.8759704 174.8862487 
912.0000000 174.6795519 174.6898302 
913.0000000 174.4831333 174.4934116 
914.0000000 174.2867148 174.2969931 
915.0000000 174.0902962 174.1005745 
916.0000000 173.8938777 173.9041560 
917.0000000 173.6974591 173.7077374 
918.0000000 173.5010406 173.5113189 
919.0000000 173.3046220 173.3149003 
920.0000000 173.1082035 173.1184818 
921.0000000 172.9117849 172.9220632 
922.0000000 172.7153664 172.7256447 
923.0000000 172.5189478 172.5292261 
924.0000000 172.3225293 172.3328076 
925.0000000 172.1261107 172.1363890 
926.0000000 171.9296922 171.9399705 
927.0000000 171.7332736 171.7435519 
928.0000000 171.5368551 171.5471334 
929.0000000 171.3404365 171.3507148 
930.0000000 171.1440180 171.1542963 
931.0000000 170.9475994 170.9578777 
932.0000000 170.7511809 170.7614592 
933.0000000 170.5547623 170.5650406 
934.0000000 170.3583438 170.3686221 
935.0000000 170.1619252 170.1722035 
936.0000000 169.9655067 169.9757850 
937.0000000 169.7690881 169.7793664 
938.0000000 169.5726696 169.5829479 
939.0000000 169.3762510 169.3865293 
940.0000000 169.1798325 169.1901108 
941.0000000 168.9834139 168.9936922 
942.0000000 168.7869954 168.7972737 
943.0000000 168.5905768 168.6008551 
944.0000000 168.3941583 168.4044366 
945.0000000 168.1977397 168.2080180 
946.0000000 168.0013212 168.0115995 
947.0000000 167.8049026 167.8151809 
948.0000000 167.6084841 167.6187624 
949.0000000 167.4120655 167.4223438 
950.0000000 167.2156470 167.2259253 
951.0000000 167.0192284 167.0295067 
952.0000000 166.8228099 166.8330882 
953.0000000 166.6263913 166.6366696 
954.0000000 166.4299728 166.4402511 
955.0000000 166.2335542 166.2438325 
956.0000000 166.0371357 166.0474140 
957.0000000 165.8407171 165.8509954 
958.0000000 165.6442986 165.6545769 
959.0000000 165.4478800 165.4581583 
960.0000000 165.2514615 165.2617398 
961.0000000 165.0550429 165.0653212 
962.0000000 164.8586244 164.8689027 
963.0000000 164.6622058 164.6724841 
964.0000000 164.4657873 164.4760656 
965.0000000 164.2693687 164.2796470 
966.0000000 164.0729502 164.0832285 
967.0000000 163.8765316 163.8868099 
968.0000000 163.6801131 163.6903914 
969.0000000 163.4836945 163.4939728 
970.0000000 163.2872760 163.2975543 
971.0000000 163.0908574 163.1011357 
972.0000000 162.8944389 162.9047172 
973.0000000 162.6980203 162.7082986 
974.0000000 162.5016018 162.5118801 
975.0000000 162.3051832 162.3154615 
976.0000000 162.1087647 162.1190430 
977.0000000 161.9123461 161.9226244 
978.0000000 161.7159276 161.7262059 
979.0000000 161.5195090 161.5297873 
980.0000000 161.3230905 161.3333688 
981.0000000 161.1266719 161.1369502 
982.0000000 160.9302534 160.9405317 
983.0000000 160.7338348 160.7441131 
984.0000000 160.5374163 160.5476946 
985.0000000 160.3409977 160.3512760 
986.0000000 160.1445792 160.1548575 
987.0000000 159.9481606 159.9584389 
988.0000000 159.7517421 159.7620204 
989.0000000 159.5553235 159.5656018 
990.0000000 159.3589050 159.3691833 
991.0000000 159.1624864 159.1727647 
992.0000000 158.9660679 158.9763462 
993.0000000 158.7696493 158.7799276 
994.0000000 158.5732308 158.5835091 
995.0000000 158.3768122 158.3870905 
996.0000000 158.1803937 158.1906720 
997.0000000 157.9839751 157.9942534 
998.0000000 157.7875566 157.7978349 
999.0000000 157.5911380 157.6014163 
1000.0000000 157.3947195 157.4049978 
1001.0000000 157.1983009 157.2085792 
1002.0000000 157.0018824 157.0121607 
1003.0000000 156.8054638 156.8157421 
1004.0000000 156.6090453 156.6193236 
1005.0000000 156.4126267 156.4229050 
1006.0000000 156.2162082 156.2264865 
1007.0000000 156.0197896 156.0300679 
1008.0000000 155.8233711 155.8336494 
1009.0000000 155.6269525 155.6372308 
1010.0000000 155.4305340 155.4408123 
1011.0000000 155.2341154 155.2443937 
1012.0000000 155.0376969 155.0479752 
1013.0000000 154.8412783 154.8515566 
1014.0000000 154.6448598 154.6551381 
1015.0000000 154.4484412 154.4587195 
1016.0000000 154.2520227 154.2623009 
1017.0000000 154.0556041 154.0658824 
1018.0000000 153.8591856 153.8694638 
1019.0000000 153.6627670 153.6730453 
1020.0000000 153.4663485 153.4766267 
1021.0000000 153.2699299 153.2802082 
1022.0000000 153.0735114 153.0837896 
1023.0000000 152.8770928 152.8873711 
1024.0000000 152.6806743 152.6909525 
1025.0000000 152.4842557 152.4945340 
1026.0000000 152.2878371 152.2981154 
1027.0000000 152.0914186 152.1016969 
1028.0000000 151.8950000 151.9052783 
1029.0000000 151.6985815 151.7088598 
1030.0000000 151.5021629 151.5124412 
1031.0000000 151.3057444 151.3160227 
1032.0000000 151.1093258 151.1196041 
1033.0000000 150.9129073 150.9231856 
1034.0000000 150.7164887 150.7267670 
1035.0000000 150.5200702 150.5303485 
1036.0000000 150.3236516 150.3339299 
1037.0000000 150.1272331 150.1375114 
1038.0000000 149.9308145 149.9410928 
1039.0000000 149.7343960 149.7446743 
1040.0000000 149.5379774 149.5482557 
1041.0000000 149.3415589 149.3518372 
1042.0000000 149.1451403 149.1554186 
1043.0000000 148.9487218 148.9590001 
1044.0000000 148.7523032 148.7625815 
1045.0000000 148.5558847 148.5661630 
1046.0000000 148.3594661 148.3697444 
1047.0000000 148.1630476 148.1733259 
1048.0000000 147.9666290 147.9769073 
1049.0000000 147.7702105 147.7804888 
1050.0000000 147.5737919 147.5840702 
1051.0000000 147.3773734 147.3876517 
1052.0000000 147.1809548 147.1912331 
1053.0000000 146.9845363 146.9948146 
1054.0000000 146.7881177 146.7983960 
1055.0000000 146.5916992 146.6019775 
1056.0000000 146.3952806 146.4055589 
1057.0000000 146.1988621 146.2091404 
1058.0000000 146.0024435 146.0127218 
1059.0000000 145.8060250 145.8163033 
1060.0000000 145.6096064 145.6198847 
1061.0000000 145.4131879 145.4234662 
1062.0000000 145.2167693 145.2270476 
1063.0000000 145.0203508 145.0306291 
1064.0000000 144.8239322 144.8342105 
1065.0000000 144.6275137 144.6377920 
1066.0000000 144.4310951 144.4413734 
1067.0000000 144.2346766 144.2449549 
1068.0000000 144.0382580 144.0485363 
1069.0000000 143.8418395 143.8521178 
1070.0000000 143.6454209 143.6556992 
1071.0000000 143.4490024 143.4592807 
1072.0000000 143.2525838 143.2628621 
1073.0000000 143.0561653 143.0664436 
1074.0000000 142.8597467 142.8700250 
1075.0000000 142.6633282 142.6736065 
1076.0000000 142.4669096 142.4771879 
1077.0000000 142.2704911 142.2807694 
1078.0000000 142.0740725 142.0843508 
1079.0000000 141.8776540 141.8879323 
1080.0000000 141.6812354 141.6915137 
1081.0000000 141.4848169 141.4950952 
1082.0000000 141.2883983 141.2986766 
1083.0000000 141.0919798 141.1022581 
1084.0000000 140.8955612 140.9058395 
1085.0000000 140.6991427 140.7094210 
1086.0000000 140.5027241 140.5130024 
1087.0000000 140.3063056 140.3165839 
1088.0000000 140.1098870 140.1201653 
1089.0000000 139.9134685 139.9237468 
1090.0000000 139.7170499 139.7273282 
1091.0000000 139.5206314 139.5309097 
1092.0000000 139.3242128 139.3344911 
1093.0000000 139.1277943 139.1380726 
1094.0000000 138.9313757 138.9416540 
1095.0000000 138.7349572 138.7452355 
1096.0000000 138.5385386 138.5488169 
1097.0000000 138.3421201 138.3523984 
1098.0000000 138.1457015 138.1559798 
1099.0000000 137.9492830 137.9595613 
1100.0000000 137.7528644 137.7631427 
1101.0000000 137.5564459 137.5667242 
1102.0000000 137.3600273 137.3703056 
1103.0000000 137.1636088 137.1738871 
1104.0000000 136.9671902 136.9774685 
1105.0000000 136.7707717 136.7810500 
1106.0000000 136.5743531 136.5846314 
1107.0000000 136.3779346 136.3882129 
1108.0000000 136.1815160 136.1917943 
1109.0000000 135.9850975 135.9953758 
1110.0000000 135.7886789 135.7989572 
1111.0000000 135.5922604 135.6025387 
1112.0000000 135.3958418 135.4061201 
1113.0000000 135.1994233 135.2097016 
1114.0000000 135.0030047 135.0132830 
1115.0000000 134.8065862 134.8168645 
1116.0000000 134.6101676 134.6204459 
1117.0000000 134.4137491 134.4240274 
1118.0000000 134.2173305 134.2276088 
1119.0000000 134.0209120 134.0311903 
1120.0000000 133.8244934 133.8347717 
1121.0000000 133.6280749 133.6383532 
1122.0000000 133.4316563 133.4419346 
1123.0000000 133.2352378 133.2455161 
1124.0000000 133.0388192 133.0490975 
1125.0000000 132.8424007 132.8526790 
1126.0000000 132.6459821 132.6562604 
1127.0000000 132.4495636 132.4598419 
1128.0000000 132.2531450 132.2634233 
1129.0000000 132.0567265 132.0670048 
1130.0000000 131.8603079 131.8705862 
1131.0000000 131.6638894 131.6741677 
1132.0000000 131.4674708 131.4777491 
1133.0000000 131.2710523 131.2813306 
1134.0000000 131.0746337 131.0849120 
1135.0000000 130.8782152 130.8884935 
1136.0000000 130.6817966 130.6920749 
1137.0000000 130.4853781 130.4956564 
1138.0000000 130.2889595 130.2992378 
1139.0000000 130.0925410 130.1028193 
1140.0000000 129.8961224 129.9064007 
1141.0000000 129.6997039 129.7099822 
1142.0000000 129.5032853 129.5135636 
1143.0000000 129.3068668 129.3171451 
1144.0000000 129.1104482 129.1207265 
1145.0000000 128.9140297 128.9243080 
1146.0000000 128.7176111 128.7278894 
1147.0000000 128.5211926 128.5314709 
1148.0000000 128.3247740 128.3350523 
1149.0000000 128.1283555 128.1386338 
1150.0000000 127.9319369 127.9422152 
1151.0000000 127.7355184 127.7457967 
1152.0000000 127.5390998 127.5493781 
1153.0000000 127.3426813 127.3529596 
1154.0000000 127.1462627 127.1565410 
1155.0000000 126.9498442 126.9601225 
1156.0000000 126.7534256 126.7637039 
1157.0000000 126.5570071 126.5672854 
1158.0000000 126.3605885 126.3708668 
1159.0000000 126.1641700 126.1744483 
1160.0000000 125.9677514 125.9780297 
1161.0000000 125.7713329 125.7816112 
1162.0000000 125.5749143 125.5851926 
1163.0000000 125.3784958 125.3887741 
1164.0000000 125.1820772 125.1923555 
1165.0000000 124.9856587 124.9959370 
1166.0000000 124.7892401 124.7995184 
1167.0000000 124.5928216 124.6030999 
1168.0000000 124.3964030 124.4066813 
1169.0000000 124.1999845 124.2102627 
1170.0000000 124.0035659 124.0138442 
1171.0000000 123.8071474 123.8174256 
1172.0000000 123.6107288 123.6210071 
1173.0000000 123.4143103 123.4245885 
1174.0000000 123.2178917 123.2281700 
1175.0000000 123.0214732 123.0317514 
1176.0000000 122.8250546 122.8353329 
1177.0000000 122.6286360 122.6389143 
1178.0000000 122.4322175 122.4424958 
1179.0000000 122.2357989 122.2460772 
1180.0000000 122.0393804 122.0496587 
1181.0000000 121.8429618 121.8532401 
1182.0000000 121.6465433 121.6568216 
1183.0000000 121.4501247 121.4604030 
1184.0000000 121.2537062 121.2639845 
1185.0000000 121.0572876 121.0675659 
1186.0000000 120.8608691 120.8711474 
1187.0000000 120.6644505 120.6747288 
1188.0000000 120.4680320 120.4783103 
1189.0000000 120.2716134 120.2818917 
1190.0000000 120.0751949 120.0854732 
1191.0000000 119.8787763 119.8890546 
1192.0000000 119.6823578 119.6926361 
1193.0000000 119.4859392 119.4962175 
1194.0000000 119.2895207 119.2997990 
1195.0000000 119.0931021 119.1033804 
1196.0000000 118.8966836 118.9069619 
1197.0000000 118.7002650 118.7105433 
1198.0000000 118.5038465 118.5141248 
1199.0000000 118.3074279 118.3177062 
1200.0000000 118.1110094 118.1212877 
1201.0000000 117.9145908 117.9248691 
1202.0000000 117.7181723 117.7284506 
1203.0000000 117.5217537 117.5320320 
1204.0000000 117.3253352 117.3356135 
1205.0000000 117.1289166 117.1391949 
1206.0000000 116.9324981 116.9427764 
1207.0000000 116.7360795 116.7463578 
1208.0000000 116.5396610 116.5499393 
1209.0000000 116.3432424 116.3535207 
1210.0000000 116.1468239 116.1571022 
1211.0000000 115.9504053 115.9606836 
1212.0000000 115.7539868 115.7642651 
1213.0000000 115.5575682 115.5678465 
1214.0000000 115.3611497 115.3714280 
1215.0000000 115.1647311 115.1750094 
1216.0000000 114.9683126 114.9785909 
1217.0000000 114.7718940 114.7821723 
1218.0000000 114.5754755 114.5857538 
1219.0000000 114.3790569 114.3893352 
1220.0000000 114.1826384 114.1929167 
1221.0000000 113.9862198 113.9964981 
1222.0000000 113.7898013 113.8000796 
1223.0000000 113.5933827 113.6036610 
1224.0000000 113.3969642 113.4072425 
1225.0000000 113.2005456 113.2108239 
1226.0000000 113.0041271 113.0144054 
1227.0000000 112.8077085 112.8179868 
1228.0000000 112.6112900 112.6215683 
1229.0000000 112.4148714 112.4251497 
1230.0000000 112.2184529 112.2287312 
1231.0000000 112.0220343 112.0323126 
1232.0000000 111.8256158 111.8358941 
1233.0000000 111.6291972 111.6394755 
1234.0000000 111.4327787 111.4430570 
1235.0000000 111.2363601 111.2466384 
1236.0000000 111.0399416 111.0502199 
1237.0000000 110.8435230 110.8538013 
1238.0000000 110.6471045 110.6573828 
1239.0000000 110.4506859 110.4609642 
1240.0000000 110.2542674 110.2645457 
1241.0000000 110.0578488 110.0681271 
1242.0000000 109.8614303 109.8717086 
1243.0000000 109.6650117 109.6752900 
1244.0000000 109.4685932 109.4788715 
1245.0000000 109.2721746 109.2824529 
1246.0000000 109.0757561 109.0860344 
1247.0000000 108.8793375 108.8896158 
1248.0000000 108.6829190 108.6931973 
1249.0000000 108.4865004 108.4967787 
1250.0000000 108.2900819 108.3003602 
1251.0000000 108.0936633 108.1039416 
1252.0000000 107.8972448 107.9075231 
1253.0000000 107.7008262 107.7111045 
1254.0000000 107.5044077 107.5146860 
1255.0000000 107.3079891 107.3182674 
1256.0000000 107.1115706 107.1218489 
1257.0000000 106.9151520 106.9254303 
1258.0000000 106.7187335 106.7290118 
1259.0000000 106.5223149 106.5325932 
1260.0000000 106.3258964 106.3361747 
1261.0000000 106.1294778 106.1397561 
1262.0000000 105.9330593 105.9433376 
1263.0000000 105.7366407 105.7469190 
1264.0000000 105.5402222 105.5505005 
1265.0000000 105.3438036 105.3540819 
1266.0000000 105.1473851 105.1576634 
1267.0000000 104.9509665 104.9612448 
1268.0000000 104.7545480 104.7648263 
1269.0000000 104.5581294 104.5684077 
1270.0000000 104.3617109 104.3719892 
1271.0000000 104.1652923 104.1755706 
1272.0000000 103.9688738 103.9791521 
1273.0000000 103.7724552 103.7827335 
1274.0000000 103.5760367 103.5863150 
1275.0000000 103.3796181 103.3898964 
1276.0000000 103.1831996 103.1934779 
1277.0000000 102.9867810 102.9970593 
1278.0000000 102.7903625 102.8006408 
1279.0000000 102.5939439 102.6042222 
1280.0000000 102.3975254 102.4078037 
1281.0000000 102.2011068 102.2113851 
1282.0000000 102.0046883 102.0149666 
1283.0000000 101.8082697 101.8185480 
1284.0000000 101.6118512 101.6221295 
1285.0000000 101.4154326 101.4257109 
1286.0000000 101.2190141 101.2292924 
1287.0000000 101.0225955 101.0328738 
1288.0000000 100.8261770 100.8364553 
1289.0000000 100.6297584 100.6400367 
1290.0000000 100.4333399 100.4436182 
1291.0000000 100.2369213 100.2471996 
1292.0000000 100.0405028 100.0507811 
1293.0000000 99.8440842 99.8543625 
1294.0000000 99.6476657 99.6579440 
1295.0000000 99.4512471 99.4615254 
1296.0000000 99.2548286 99.2651069 
1297.0000000 99.0584100 99.0686883 
1298.0000000 98.8619915 98.8722698 
1299.0000000 98.6655729 98.6758512 
1300.0000000 98.4691544 98.4794327 
1301.0000000 98.2727358 98.2830141 
1302.0000000 98.0763173 98.0865956 
1303.0000000 97.8798987 97.8901770 
1304.0000000 97.6834802 97.6937585 
1305.0000000 97.4870616 97.4973399 
1306.0000000 97.2906431 97.3009214 
1307.0000000 97.0942245 97.1045028 
1308.0000000 96.8978060 96.9080843 
1309.0000000 96.7013874 96.7116657 
1310.0000000 96.5049689 96.5152472 
1311.0000000 96.3085503 96.3188286 
1312.0000000 96.1121318 96.1224101 
1313.0000000 95.9157132 95.9259915 
1314.0000000 95.7192947 95.7295730 
1315.0000000 95.5228761 95.5331544 
1316.0000000 95.3264576 95.3367359 
1317.0000000 95.1300390 95.1403173 
1318.0000000 94.9336205 94.9438988 
1319.0000000 94.7372019 94.7474802 
1320.0000000 94.5407834 94.5510616 
1321.0000000 94.3443648 94.3546431 
1322.0000000 94.1479463 94.1582245 
1323.0000000 93.9515277 93.9618060 
1324.0000000 93.7551092 93.7653874 
1325.0000000 93.5586906 93.5689689 
1326.0000000 93.3622721 93.3725503 
1327.0000000 93.1658535 93.1761318 
1328.0000000 92.9694350 92.9797132 
1329.0000000 92.7730164 92.7832947 
1330.0000000 92.5765978 92.5868761 
1331.0000000 92.3801793 92.3904576 
1332.0000000 92.1837607 92.1940390 
1333.0000000 91.9873422 91.9976205 
1334.0000000 91.7909236 91.8012019 
1335.0000000 91.5945051 91.6047834 
1336.0000000 91.3980865 91.4083648 
1337.0000000 91.2016680 91.2119463 
1338.0000000 91.0052494 91.0155277 
1339.0000000 90.8088309 90.8191092 
1340.0000000 90.6124123 90.6226906 
1341.0000000 90.4159938 90.4262721 
1342.0000000 90.2195752 90.2298535 
1343.0000000 90.0231567 90.0334350 
1344.0000000 89.8267381 89.8370164 
1345.0000000 89.6303196 89.6405979 
1346.0000000 89.4339010 89.4441793 
1347.0000000 89.2374825 89.2477608 
1348.0000000 89.0410639 89.0513422 
1349.0000000 88.8446454 88.8549237 
1350.0000000 88.6482268 88.6585051 
1351.0000000 88.4518083 88.4620866 
1352.0000000 88.2553897 88.2656680 
1353.0000000 88.0589712 88.0692495 
1354.0000000 87.8625526 87.8728309 
1355.0000000 87.6661341 87.6764124 
1356.0000000 87.4697155 87.4799938 
1357.0000000 87.2732970 87.2835753 
1358.0000000 87.0768784 87.0871567 
1359.0000000 86.8804599 86.8907382 
1360.0000000 86.6840413 86.6943196 
1361.0000000 86.4876228 86.4979011 
1362.0000000 86.2912042 86.3014825 
1363.0000000 86.0947857 86.1050640 
1364.0000000 85.8983671 85.9086454 
1365.0000000 85.7019486 85.7122269 
1366.0000000 85.5055300 85.5158083 
1367.0000000 85.3091115 85.3193898 
1368.0000000 85.1126929 85.1229712 
1369.0000000 84.9162744 84.9265527 
1370.0000000 84.7198558 84.7301341 
1371.0000000 84.5234373 84.5337156 
1372.0000000 84.3270187 84.3372970 
1373.0000000 84.1306002 84.1408785 
1374.0000000 83.9341816 83.9444599 
1375.0000000 83.7377631 83.7480414 
1376.0000000 83.5413445 83.5516228 
1377.0000000 83.3449260 83.3552043 
1378.0000000 83.1485074 83.1587857 
1379.0000000 82.9520889 82.9623672 
1380.0000000 82.7556703 82.7659486 
1381.0000000 82.5592518 82.5695301 
1382.0000000 82.3628332 82.3731115 
1383.0000000 82.1664147 82.1766930 
1384.0000000 81.9699961 81.9802744 
1385.0000000 81.7735776 81.7838559 
1386.0000000 81.5771590 81.5874373 
1387.0000000 81.3807405 81.3910188 
1388.0000000 81.1843219 81.1946002 
1389.0000000 80.9879034 80.9981817 
1390.0000000 80.7914848 80.8017631 
1391.0000000 80.5950663 80.6053446 
1392.0000000 80.3986477 80.4089260 
1393.0000000 80.2022292 80.2125075 
1394.0000000 80.0058106 80.0160889 
1395.0000000 79.8093921 79.8196704 
1396.0000000 79.6129735 79.6232518 
1397.0000000 79.4165550 79.4268333 
1398.0000000 79.2201364 79.2304147 
1399.0000000 79.0237179 79.0339962 
1400.0000000 78.8272993 78.8375776 
1401.0000000 78.6308808 78.6411591 
1402.0000000 78.4344622 78.4447405 
1403.0000000 78.2380437 78.2483220 
1404.0000000 78.0416251 78.0519034 
1405.0000000 77.8452066 77.8554849 
1406.0000000 77.6487880 77.6590663 
1407.0000000 77.4523695 77.4626478 
1408.0000000 77.2559509 77.2662292 
1409.0000000 77.0595324 77.0698107 
1410.0000000 76.8631138 76.8733921 
1411.0000000 76.6666953 76.6769736 
1412.0000000 76.4702767 76.4805550 
1413.0000000 76.2738582 76.2841365 
1414.0000000 76.0774396 76.0877179 
1415.0000000 75.8810211 75.8912994 
1416.0000000 75.6846025 75.6948808 
1417.0000000 75.4881840 75.4984623 
1418.0000000 75.2917654 75.3020437 
1419.0000000 75.0953469 75.1056252 
1420.0000000 74.8989283 74.9092066 
1421.0000000 74.7025098 74.7127881 
1422.0000000 74.5060912 74.5163695 
1423.0000000 74.3096727 74.3199510 
1424.0000000 74.1132541 74.1235324 
1425.0000000 73.9168356 73.9271139 
1426.0000000 73.7204170 73.7306953 
1427.0000000 73.5239985 73.5342768 
1428.0000000 73.3275799 73.3378582 
1429.0000000 73.1311614 73.1414397 
1430.0000000 72.9347428 72.9450211 
1431.0000000 72.7383243 72.7486026 
1432.0000000 72.5419057 72.5521840 
1433.0000000 72.3454872 72.3557655 
1434.0000000 72.1490686 72.1593469 
1435.0000000 71.9526501 71.9629284 
1436.0000000 71.7562315 71.7665098 
1437.0000000 71.5598130 71.5700913 
1438.0000000 71.3633944 71.3736727 
1439.0000000 71.1669759 71.1772542 
1440.0000000 70.9705573 70.9808356 
1441.0000000 70.7741388 70.7844171 
1442.0000000 70.5777202 70.5879985 
1443.0000000 70.3813017 70.3915800 
1444.0000000 70.1848831 70.1951614 
1445.0000000 69.9884646 69.9987429 
1446.0000000 69.7920460 69.8023243 
1447.0000000 69.5956275 69.6059058 
1448.0000000 69.3992089 69.4094872 
1449.0000000 69.2027904 69.2130687 
1450.0000000 69.0063718 69.0166501 
1451.0000000 68.8099533 68.8202316 
1452.0000000 68.6135347 68.6238130 
1453.0000000 68.4171162 68.4273945 
1454.0000000 68.2206976 68.2309759 
1455.0000000 68.0242791 68.0345574 
1456.0000000 67.8278605 67.8381388 
1457.0000000 67.6314420 67.6417203 
1458.0000000 67.4350234 67.4453017 
1459.0000000 67.2386049 67.2488832 
1460.0000000 67.0421863 67.0524646 
1461.0000000 66.8457678 66.8560461 
1462.0000000 66.6493492 66.6596275 
1463.0000000 66.4529307 66.4632090 
1464.0000000 66.2565121 66.2667904 
1465.0000000 66.0600936 66.0703719 
1466.0000000 65.8636750 65.8739533 
1467.0000000 65.6672565 65.6775348 
1468.0000000 65.4708379 65.4811162 
1469.0000000 65.2744194 65.2846977 
1470.0000000 65.0780008 65.0882791 
1471.0000000 64.8815823 64.8918605 
1472.0000000 64.6851637 64.6954420 
1473.0000000 64.4887452 64.4990234 
1474.0000000 64.2923266 64.3026049 
1475.0000000 64.0959081 64.1061863 
1476.0000000 63.8994895 63.9097678 
1477.0000000 63.7030710 63.7133492 
1478.0000000 63.5066524 63.5169307 
1479.0000000 63.3102339 63.3205121 
1480.0000000 63.1138153 63.1240936 
1481.0000000 62.9173967 62.9276750 
1482.0000000 62.7209782 62.7312565 
1483.0000000 62.5245596 62.5348379 
1484.0000000 62.3281411 62.3384194 
1485.0000000 62.1317225 62.1420008 
1486.0000000 61.9353040 61.9455823 
1487.0000000 61.7388854 61.7491637 
1488.0000000 61.5424669 61.5527452 
1489.0000000 61.3460483 61.3563266 
1490.0000000 61.1496298 61.1599081 
1491.0000000 60.9532112 60.9634895 
1492.0000000 60.7567927 60.7670710 
1493.0000000 60.5603741 60.5706524 
1494.0000000 60.3639556 60.3742339 
1495.0000000 60.1675370 60.1778153 
1496.0000000 59.9711185 59.9813968 
1497.0000000 59.7746999 59.7849782 
1498.0000000 59.5782814 59.5885597 
1499.0000000 59.3818628 59.3921411 
1500.0000000 59.1854443 59.1957226 
1501.0000000 58.9890257 58.9993040 
1502.0000000 58.7926072 58.8028855 
1503.0000000 58.5961886 58.6064669 
1504.0000000 58.3997701 58.4100484 
1505.0000000 58.2033515 58.2136298 
1506.0000000 58.0069330 58.0172113 
1507.0000000 57.8105144 57.8207927 
1508.0000000 57.6140959 57.6243742 
1509.0000000 57.4176773 57.4279556 
1510.0000000 57.2212588 57.2315371 
1511.0000000 57.0248402 57.0351185 
1512.0000000 56.8284217 56.8387000 
1513.0000000 56.6320031 56.6422814 
1514.0000000 56.4355846 56.4458629 
1515.0000000 56.2391660 56.2494443 
1516.0000000 56.0427475 56.0530258 
1517.0000000 55.8463289 55.8566072 
1518.0000000 55.6499104 55.6601887 
1519.0000000 55.4534918 55.4637701 
1520.0000000 55.2570733 55.2673516 
1521.0000000 55.0606547 55.0709330 
1522.0000000 54.8642362 54.8745145 
1523.0000000 54.6678176 54.6780959 
1524.0000000 54.4713991 54.4816774 
1525.0000000 54.2749805 54.2852588 
1526.0000000 54.0785620 54.0888403 
1527.0000000 53.8821434 53.8924217 
1528.0000000 53.6857249 53.6960032 
1529.0000000 53.4893063 53.4995846 
1530.0000000 53.2928878 53.3031661 
1531.0000000 53.0964692 53.1067475 
1532.0000000 52.9000507 52.9103290 
1533.0000000 52.7036321 52.7139104 
1534.0000000 52.5072136 52.5174919 
1535.0000000 52.3107950 52.3210733 
1536.0000000 52.1143765 52.1246548 
1537.0000000 51.9179579 51.9282362 
1538.0000000 51.7215394 51.7318177 
1539.0000000 51.5251208 51.5353991 
1540.0000000 51.3287023 51.3389806 
1541.0000000 51.1322837 51.1425620 
1542.0000000 50.9358652 50.9461435 
1543.0000000 50.7394466 50.7497249 
1544.0000000 50.5430281 50.5533064 
1545.0000000 50.3466095 50.3568878 
1546.0000000 50.1501910 50.1604693 
1547.0000000 49.9537724 49.9640507 
1548.0000000 49.7573539 49.7676322 
1549.0000000 49.5609353 49.5712136 
1550.0000000 49.3645168 49.3747951 
1551.0000000 49.1680982 49.1783765 
1552.0000000 48.9716797 48.9819580 
1553.0000000 48.7752611 48.7855394 
1554.0000000 48.5788426 48.5891209 
1555.0000000 48.3824240 48.3927023 
1556.0000000 48.1860055 48.1962838 
1557.0000000 47.9895869 47.9998652 
1558.0000000 47.7931684 47.8034467 
1559.0000000 47.5967498 47.6070281 
1560.0000000 47.4003313 47.4106096 
1561.0000000 47.2039127 47.2141910 
1562.0000000 47.0074942 47.0177725 
1563.0000000 46.8110756 46.8213539 
1564.0000000 46.6146571 46.6249354 
1565.0000000 46.4182385 46.4285168 
1566.0000000 46.2218200 46.2320983 
1567.0000000 46.0254014 46.0356797 
1568.0000000 45.8289829 45.8392612 
1569.0000000 45.6325643 45.6428426 
1570.0000000 45.4361458 45.4464241 
1571.0000000 45.2397272 45.2500055 
1572.0000000 45.0433087 45.0535870 
1573.0000000 44.8468901 44.8571684 
1574.0000000 44.6504716 44.6607499 
1575.0000000 44.4540530 44.4643313 
1576.0000000 44.2576345 44.2679128 
1577.0000000 44.0612159 44.0714942 
1578.0000000 43.8647974 43.8750757 
1579.0000000 43.6683788 43.6786571 
1580.0000000 43.4719603 43.4822386 
1581.0000000 43.2755417 43.2858200 
1582.0000000 43.0791232 43.0894015 
1583.0000000 42.8827046 42.8929829 
1584.0000000 42.6862861 42.6965644 
1585.0000000 42.4898675 42.5001458 
1586.0000000 42.2934490 42.3037273 
1587.0000000 42.0970304 42.1073087 
1588.0000000 41.9006119 41.9108902 
1589.0000000 41.7041933 41.7144716 
1590.0000000 41.5077748 41.5180531 
1591.0000000 41.3113562 41.3216345 
1592.0000000 41.1149377 41.1252160 
1593.0000000 40.9185191 40.9287974 
1594.0000000 40.7221006 40.7323789 
1595.0000000 40.5256820 40.5359603 
1596.0000000 40.3292635 40.3395418 
1597.0000000 40.1328449 40.1431232 
1598.0000000 39.9364264 39.9467047 
1599.0000000 39.7400078 39.7502861 
1600.0000000 39.5435893 39.5538676 
1601.0000000 39.3471707 39.3574490 
1602.0000000 39.1507522 39.1610305 
1603.0000000 38.9543336 38.9646119 
1604.0000000 38.7579151 38.7681934 
1605.0000000 38.5614965 38.5717748 
1606.0000000 38.3650780 38.3753563 
1607.0000000 38.1686594 38.1789377 
1608.0000000 37.9722409 37.9825192 
1609.0000000 37.7758223 37.7861006 
1610.0000000 37.5794038 37.5896821 
1611.0000000 37.3829852 37.3932635 
1612.0000000 37.1865667 37.1968450 
1613.0000000 36.9901481 37.0004264 
1614.0000000 36.7937296 36.8040079 
1615.0000000 36.5973110 36.6075893 
1616.0000000 36.4008925 36.4111708 
1617.0000000 36.2044739 36.2147522 
1618.0000000 36.0080554 36.0183337 
1619.0000000 35.8116368 35.8219151 
1620.0000000 35.6152183 35.6254966 
1621.0000000 35.4187997 35.4290780 
1622.0000000 35.2223812 35.2326595 
1623.0000000 35.0259626 35.0362409 
1624.0000000 34.8295441 34.8398223 
1625.0000000 34.6331255 34.6434038 
1626.0000000 34.4367070 34.4469852 
1627.0000000 34.2402884 34.2505667 
1628.0000000 34.0438699 34.0541481 
1629.0000000 33.8474513 33.8577296 
1630.0000000 33.6510328 33.6613110 
1631.0000000 33.4546142 33.4648925 
1632.0000000 33.2581956 33.2684739 
1633.0000000 33.0617771 33.0720554 
1634.0000000 32.8653585 32.8756368 
1635.0000000 32.6689400 32.6792183 
1636.0000000 32.4725214 32.4827997 
1637.0000000 32.2761029 32.2863812 
1638.0000000 32.0796843 32.0899626 
1639.0000000 31.8832658 31.8935441 
1640.0000000 31.6868472 31.6971255 
1641.0000000 31.4904287 31.5007070 
1642.0000000 31.2940101 31.3042884 
1643.0000000 31.0975916 31.1078699 
1644.0000000 30.9011730 30.9114513 
1645.0000000 30.7047545 30.7150328 
1646.0000000 30.5083359 30.5186142 
1647.0000000 30.3119174 30.3221957 
1648.0000000 30.1154988 30.1257771 
1649.0000000 29.9190803 29.9293586 
1650.0000000 29.7226617 29.7329400 
1651.0000000 29.5262432 29.5365215 
1652.0000000 29.3298246 29.3401029 
1653.0000000 29.1334061 29.1436844 
1654.0000000 28.9369875 28.9472658 
1655.0000000 28.7405690 28.7508473 
1656.0000000 28.5441504 28.5544287 
1657.0000000 28.3477319 28.3580102 
1658.0000000 28.1513133 28.1615916 
1659.0000000 27.9548948 27.9651731 
1660.0000000 27.7584762 27.7687545 
1661.0000000 27.5620577 27.5723360 
1662.0000000 27.3656391 27.3759174 
1663.0000000 27.1692206 27.1794989 
1664.0000000 26.9728020 26.9830803 
1665.0000000 26.7763835 26.7866618 
1666.0000000 26.5799649 26.5902432 
1667.0000000 26.3835464 26.3938247 
1668.0000000 26.1871278 26.1974061 
1669.0000000 25.9907093 26.0009876 
1670.0000000 25.7942907 25.8045690 
1671.0000000 25.5978722 25.6081505 
1672.0000000 25.4014536 25.4117319 
1673.0000000 25.2050351 25.2153134 
1674.0000000 25.0086165 25.0188948 
1675.0000000 24.8121980 24.8224763 
1676.0000000 24.6157794 24.6260577 
1677.0000000 24.4193609 24.4296392 
1678.0000000 24.2229423 24.2332206 
1679.0000000 24.0265238 24.0368021 
1680.0000000 23.8301052 23.8403835 
1681.0000000 23.6336867 23.6439650 
1682.0000000 23.4372681 23.4475464 
1683.0000000 23.2408496 23.2511279 
1684.0000000 23.0444310 23.0547093 
1685.0000000 22.8480125 22.8582908 
1686.0000000 22.6515939 22.6618722 
1687.0000000 22.4551754 22.4654537 
1688.0000000 22.2587568 22.2690351 
1689.0000000 22.0623383 22.0726166 
1690.0000000 21.8659197 21.8761980 
1691.0000000 21.6695012 21.6797795 
1692.0000000 21.4730826 21.4833609 
1693.0000000 21.2766641 21.2869424 
1694.0000000 21.0802455 21.0905238 
1695.0000000 20.8838270 20.8941053 
1696.0000000 20.6874084 20.6976867 
1697.0000000 20.4909899 20.5012682 
1698.0000000 20.2945713 20.3048496 
1699.0000000 20.0981528 20.1084311 
1700.0000000 19.9017342 19.9120125 
1701.0000000 19.7053157 19.7155940 
1702.0000000 19.5088971 19.5191754 
1703.0000000 19.3124786 19.3227569 
1704.0000000 19.1160600 19.1263383 
1705.0000000 18.9196415 18.9299198 
1706.0000000 18.7232229 18.7335012 
1707.0000000 18.5268044 18.5370827 
1708.0000000 18.3303858 18.3406641 
1709.0000000 18.1339673 18.1442456 
1710.0000000 17.9375487 17.9478270 
1711.0000000 17.7411302 17.7514085 
1712.0000000 17.5447116 17.5549899 
1713.0000000 17.3482931 17.3585714 
1714.0000000 17.1518745 17.1621528 
1715.0000000 16.9554560 16.9657343 
1716.0000000 16.7590374 16.7693157 
1717.0000000 16.5626189 16.5728972 
1718.0000000 16.3662003 16.3764786 
1719.0000000 16.1697818 16.1800601 
1720.0000000 15.9733632 15.9836415 
1721.0000000 15.7769447 15.7872230 
1722.0000000 15.5805261 15.5908044 
1723.0000000 15.3841076 15.3943859 
1724.0000000 15.1876890 15.1979673 
1725.0000000 14.9912705 15.0015488 
1726.0000000 14.7948519 14.8051302 
1727.0000000 14.5984334 14.6087117 
1728.0000000 14.4020148 14.4122931 
1729.0000000 14.2055963 14.2158746 
1730.0000000 14.0091777 14.0194560 
1731.0000000 13.8127592 13.8230375 
1732.0000000 13.6163406 13.6266189 
1733.0000000 13.4199221 13.4302004 
1734.0000000 13.2235035 13.2337818 
1735.0000000 13.0270850 13.0373633 
1736.0000000 12.8306664 12.8409447 
1737.0000000 12.6342479 12.6445262 
1738.0000000 12.4378293 12.4481076 
1739.0000000 12.2414108 12.2516891 
1740.0000000 12.0449922 12.0552705 
1741.0000000 11.8485737 11.8588520 
1742.0000000 11.6521551 11.6624334 
1743.0000000 11.4557366 11.4660149 
1744.0000000 11.2593180 11.2695963 
1745.0000000 11.0628995 11.0731778 
1746.0000000 10.8664809 10.8767592 
1747.0000000 10.6700624 10.6803407 
1748.0000000 10.4736438 10.4839221 
1749.0000000 10.2772253 10.2875036 
1750.0000000 10.0808067 10.0910850 
1751.0000000 9.8843882 9.8946665 
1752.0000000 9.6879696 9.6982479 
1753.0000000 9.4915511 9.5018294 
1754.0000000 9.2951325 9.3054108 
1755.0000000 9.0987140 9.1089923 
1756.0000000 8.9022954 8.9125737 
1757.0000000 8.7058769 8.7161552 
1758.0000000 8.5094583 8.5197366 
1759.0000000 8.3130398 8.3233181 
1760.0000000 8.1166212 8.1268995 
1761.0000000 7.9202027 7.9304810 
1762.0000000 7.7237841 7.7340624 
1763.0000000 7.5273656 7.5376439 
1764.0000000 7.3309470 7.3412253 
1765.0000000 7.1345285 7.1448068 
1766.0000000 6.9381099 6.9483882 
1767.0000000 6.7416914 6.7519697 
1768.0000000 6.5452728 6.5555511 
1769.0000000 6.3488543 6.3591326 
1770.0000000 6.1524357 6.1627140 
1771.0000000 5.9560172 5.9662955 
1772.0000000 5.7595986 5.7698769 
1773.0000000 5.5631801 5.5734584 
1774.0000000 5.3667615 5.3770398 
1775.0000000 5.1703430 5.1806212 
1776.0000000 4.9739244 4.9842027 
1777.0000000 4.7775059 4.7877841 
1778.0000000 4.5810873 4.5913656 
1779.0000000 4.3846688 4.3949470 
1780.0000000 4.1882502 4.1985285 
1781.0000000 3.9918317 4.0021099 
1782.0000000 3.7954131 3.8056914 
1783.0000000 3.5989946 3.6092728 
1784.0000000 3.4025760 3.4128543 
1785.0000000 3.2061574 3.2164357 
1786.0000000 3.0097389 3.0200172 
1787.0000000 2.8133203 2.8235986 
1788.0000000 2.6169018 2.6271801 
1789.0000000 2.4204832 2.4307615 
1790.0000000 2.2240647 2.2343430 
1791.0000000 2.0276461 2.0379244 
1792.0000000 1.8312276 1.8415059 
1793.0000000 1.6348090 1.6450873 
1794.0000000 1.4383905 1.4486688 
1795.0000000 1.2419719 1.2522502 
1796.0000000 1.0455534 1.0558317 
1797.0000000 0.8491348 0.8594131 
1798.0000000 0.6527163 0.6629946 
1799.0000000 0.4562977 0.4665760 
1800.0000000 0.2598792 0.2701575 

