1.0000000 353.5156336 353.5590972 
2.0000000 353.3192151 353.3626787 
3.0000000 353.1227965 353.1662601 
4.0000000 352.9263780 352.9698416 
5.0000000 352.7299594 352.7734230 
6.0000000 352.5335409 352.5770045 
7.0000000 352.3371223 352.3805859 
8.0000000 352.1407037 352.1841674 
9.0000000 351.9442852 351.9877488 
10.0000000 351.7478666 351.7913303 
11.0000000 351.5514481 351.5949117 
12.0000000 351.3550295 351.3984932 
13.0000000 351.1586110 351.2020746 
14.0000000 350.9621924 351.0056561 
15.0000000 350.7657739 350.8092375 
16.0000000 350.5693553 350.6128190 
17.0000000 350.3729368 350.4164004 
18.0000000 350.1765182 350.2199819 
19.0000000 349.9800997 350.0235633 
20.0000000 349.7836811 349.8271448 
21.0000000 349.5872626 349.6307262 
22.0000000 349.3908440 349.4343077 
23.0000000 349.1944255 349.2378891 
24.0000000 348.9980069 349.0414706 
25.0000000 348.8015884 348.8450520 
26.0000000 348.6051698 348.6486335 
27.0000000 348.4087513 348.4522149 
28.0000000 348.2123327 348.2557964 
29.0000000 348.0159142 348.0593778 
30.0000000 347.8194956 347.8629593 
31.0000000 347.6230771 347.6665407 
32.0000000 347.4266585 347.4701222 
33.0000000 347.2302400 347.2737036 
34.0000000 347.0338214 347.0772851 
35.0000000 346.8374029 346.8808665 
36.0000000 346.6409843 346.6844480 
37.0000000 346.4445658 346.4880294 
38.0000000 346.2481472 346.2916109 
39.0000000 346.0517287 346.0951923 
40.0000000 345.8553101 345.8987738 
41.0000000 345.6588916 345.7023552 
42.0000000 345.4624730 345.5059367 
43.0000000 345.2660545 345.3095181 
44.0000000 345.0696359 345.1130996 
45.0000000 344.8732174 344.9166810 
46.0000000 344.6767988 344.7202625 
47.0000000 344.4803803 344.5238439 
48.0000000 344.2839617 344.3274254 
49.0000000 344.0875432 344.1310068 
50.0000000 343.8911246 343.9345883 
51.0000000 343.6947061 343.7381697 
52.0000000 343.4982875 343.5417512 
53.0000000 343.3018690 343.3453326 
54.0000000 343.1054504 343.1489141 
55.0000000 342.9090319 342.9524955 
56.0000000 342.7126133 342.7560770 
57.0000000 342.5161948 342.5596584 
58.0000000 342.3197762 342.3632399 
59.0000000 342.1233577 342.1668213 
60.0000000 341.9269391 341.9704028 
61.0000000 341.7305206 341.7739842 
62.0000000 341.5341020 341.5775657 
63.0000000 341.3376835 341.3811471 
64.0000000 341.1412649 341.1847285 
65.0000000 340.9448464 340.9883100 
66.0000000 340.7484278 340.7918914 
67.0000000 340.5520093 340.5954729 
68.0000000 340.3555907 340.3990543 
69.0000000 340.1591722 340.2026358 
70.0000000 339.9627536 340.0062172 
71.0000000 339.7663351 339.8097987 
72.0000000 339.5699165 339.6133801 
73.0000000 339.3734980 339.4169616 
74.0000000 339.1770794 339.2205430 
75.0000000 338.9806609 339.0241245 
76.0000000 338.7842423 338.8277059 
77.0000000 338.5878238 338.6312874 
78.0000000 338.3914052 338.4348688 
79.0000000 338.1949867 338.2384503 
80.0000000 337.9985681 338.0420317 
81.0000000 337.8021496 337.8456132 
82.0000000 337.6057310 337.6491946 
83.0000000 337.4093125 337.4527761 
84.0000000 337.2128939 337.2563575 
85.0000000 337.0164754 337.0599390 
86.0000000 336.8200568 336.8635204 
87.0000000 336.6236383 336.6671019 
88.0000000 336.4272197 336.4706833 
89.0000000 336.2308012 336.2742648 
90.0000000 336.0343826 336.0778462 
91.0000000 335.8379641 335.8814277 
92.0000000 335.6415455 335.6850091 
93.0000000 335.4451270 335.4885906 
94.0000000 335.2487084 335.2921720 
95.0000000 335.0522899 335.0957535 
96.0000000 334.8558713 334.8993349 
97.0000000 334.6594528 334.7029164 
98.0000000 334.4630342 334.5064978 
99.0000000 334.2666157 334.3100793 
100.0000000 334.0701971 334.1136607 
101.0000000 333.8737786 333.9172422 
102.0000000 333.6773600 333.7208236 
103.0000000 333.4809415 333.5244051 
104.0000000 333.2845229 333.3279865 
105.0000000 333.0881044 333.1315680 
106.0000000 332.8916858 332.9351494 
107.0000000 332.6952673 332.7387309 
108.0000000 332.4988487 332.5423123 
109.0000000 332.3024302 332.3458938 
110.0000000 332.1060116 332.1494752 
111.0000000 331.9095931 331.9530567 
112.0000000 331.7131745 331.7566381 
113.0000000 331.5167560 331.5602196 
114.0000000 331.3203374 331.3638010 
115.0000000 331.1239189 331.1673825 
116.0000000 330.9275003 330.9709639 
117.0000000 330.7310818 330.7745454 
118.0000000 330.5346632 330.5781268 
119.0000000 330.3382447 330.3817083 
120.0000000 330.1418261 330.1852897 
121.0000000 329.9454076 329.9888712 
122.0000000 329.7489890 329.7924526 
123.0000000 329.5525705 329.5960341 
124.0000000 329.3561519 329.3996155 
125.0000000 329.1597334 329.2031970 
126.0000000 328.9633148 329.0067784 
127.0000000 328.7668963 328.8103599 
128.0000000 328.5704777 328.6139413 
129.0000000 328.3740592 328.4175228 
130.0000000 328.1776406 328.2211042 
131.0000000 327.9812221 328.0246857 
132.0000000 327.7848035 327.8282671 
133.0000000 327.5883850 327.6318486 
134.0000000 327.3919664 327.4354300 
135.0000000 327.1955479 327.2390115 
136.0000000 326.9991293 327.0425929 
137.0000000 326.8027108 326.8461744 
138.0000000 326.6062922 326.6497558 
139.0000000 326.4098737 326.4533373 
140.0000000 326.2134551 326.2569187 
141.0000000 326.0170366 326.0605002 
142.0000000 325.8206180 325.8640816 
143.0000000 325.6241995 325.6676631 
144.0000000 325.4277809 325.4712445 
145.0000000 325.2313624 325.2748260 
146.0000000 325.0349438 325.0784074 
147.0000000 324.8385253 324.8819889 
148.0000000 324.6421067 324.6855703 
149.0000000 324.4456882 324.4891518 
150.0000000 324.2492696 324.2927332 
151.0000000 324.0528511 324.0963147 
152.0000000 323.8564325 323.8998961 
153.0000000 323.6600140 323.7034776 
154.0000000 323.4635954 323.5070590 
155.0000000 323.2671769 323.3106405 
156.0000000 323.0707583 323.1142219 
157.0000000 322.8743398 322.9178034 
158.0000000 322.6779212 322.7213848 
159.0000000 322.4815026 322.5249663 
160.0000000 322.2850841 322.3285477 
161.0000000 322.0886655 322.1321292 
162.0000000 321.8922470 321.9357106 
163.0000000 321.6958284 321.7392921 
164.0000000 321.4994099 321.5428735 
165.0000000 321.3029913 321.3464550 
166.0000000 321.1065728 321.1500364 
167.0000000 320.9101542 320.9536179 
168.0000000 320.7137357 320.7571993 
169.0000000 320.5173171 320.5607808 
170.0000000 320.3208986 320.3643622 
171.0000000 320.1244800 320.1679437 
172.0000000 319.9280615 319.9715251 
173.0000000 319.7316429 319.7751066 
174.0000000 319.5352244 319.5786880 
175.0000000 319.3388058 319.3822695 
176.0000000 319.1423873 319.1858509 
177.0000000 318.9459687 318.9894324 
178.0000000 318.7495502 318.7930138 
179.0000000 318.5531316 318.5965953 
180.0000000 318.3567131 318.4001767 
181.0000000 318.1602945 318.2037582 
182.0000000 317.9638760 318.0073396 
183.0000000 317.7674574 317.8109211 
184.0000000 317.5710389 317.6145025 
185.0000000 317.3746203 317.4180840 
186.0000000 317.1782018 317.2216654 
187.0000000 316.9817832 317.0252469 
188.0000000 316.7853647 316.8288283 
189.0000000 316.5889461 316.6324098 
190.0000000 316.3925276 316.4359912 
191.0000000 316.1961090 316.2395727 
192.0000000 315.9996905 316.0431541 
193.0000000 315.8032719 315.8467356 
194.0000000 315.6068534 315.6503170 
195.0000000 315.4104348 315.4538985 
196.0000000 315.2140163 315.2574799 
197.0000000 315.0175977 315.0610614 
198.0000000 314.8211792 314.8646428 
199.0000000 314.6247606 314.6682243 
200.0000000 314.4283421 314.4718057 
201.0000000 314.2319235 314.2753872 
202.0000000 314.0355050 314.0789686 
203.0000000 313.8390864 313.8825501 
204.0000000 313.6426679 313.6861315 
205.0000000 313.4462493 313.4897130 
206.0000000 313.2498308 313.2932944 
207.0000000 313.0534122 313.0968759 
208.0000000 312.8569937 312.9004573 
209.0000000 312.6605751 312.7040388 
210.0000000 312.4641566 312.5076202 
211.0000000 312.2677380 312.3112017 
212.0000000 312.0713195 312.1147831 
213.0000000 311.8749009 311.9183646 
214.0000000 311.6784824 311.7219460 
215.0000000 311.4820638 311.5255274 
216.0000000 311.2856453 311.3291089 
217.0000000 311.0892267 311.1326903 
218.0000000 310.8928082 310.9362718 
219.0000000 310.6963896 310.7398532 
220.0000000 310.4999711 310.5434347 
221.0000000 310.3035525 310.3470161 
222.0000000 310.1071340 310.1505976 
223.0000000 309.9107154 309.9541790 
224.0000000 309.7142969 309.7577605 
225.0000000 309.5178783 309.5613419 
226.0000000 309.3214598 309.3649234 
227.0000000 309.1250412 309.1685048 
228.0000000 308.9286227 308.9720863 
229.0000000 308.7322041 308.7756677 
230.0000000 308.5357856 308.5792492 
231.0000000 308.3393670 308.3828306 
232.0000000 308.1429485 308.1864121 
233.0000000 307.9465299 307.9899935 
234.0000000 307.7501114 307.7935750 
235.0000000 307.5536928 307.5971564 
236.0000000 307.3572743 307.4007379 
237.0000000 307.1608557 307.2043193 
238.0000000 306.9644372 307.0079008 
239.0000000 306.7680186 306.8114822 
240.0000000 306.5716001 306.6150637 
241.0000000 306.3751815 306.4186451 
242.0000000 306.1787630 306.2222266 
243.0000000 305.9823444 306.0258080 
244.0000000 305.7859259 305.8293895 
245.0000000 305.5895073 305.6329709 
246.0000000 305.3930888 305.4365524 
247.0000000 305.1966702 305.2401338 
248.0000000 305.0002517 305.0437153 
249.0000000 304.8038331 304.8472967 
250.0000000 304.6074146 304.6508782 
251.0000000 304.4109960 304.4544596 
252.0000000 304.2145775 304.2580411 
253.0000000 304.0181589 304.0616225 
254.0000000 303.8217404 303.8652040 
255.0000000 303.6253218 303.6687854 
256.0000000 303.4289033 303.4723669 
257.0000000 303.2324847 303.2759483 
258.0000000 303.0360662 303.0795298 
259.0000000 302.8396476 302.8831112 
260.0000000 302.6432291 302.6866927 
261.0000000 302.4468105 302.4902741 
262.0000000 302.2503920 302.2938556 
263.0000000 302.0539734 302.0974370 
264.0000000 301.8575549 301.9010185 
265.0000000 301.6611363 301.7045999 
266.0000000 301.4647178 301.5081814 
267.0000000 301.2682992 301.3117628 
268.0000000 301.0718807 301.1153443 
269.0000000 300.8754621 300.9189257 
270.0000000 300.6790436 300.7225072 
271.0000000 300.4826250 300.5260886 
272.0000000 300.2862065 300.3296701 
273.0000000 300.0897879 300.1332515 
274.0000000 299.8933694 299.9368330 
275.0000000 299.6969508 299.7404144 
276.0000000 299.5005323 299.5439959 
277.0000000 299.3041137 299.3475773 
278.0000000 299.1076952 299.1511588 
279.0000000 298.9112766 298.9547402 
280.0000000 298.7148581 298.7583217 
281.0000000 298.5184395 298.5619031 
282.0000000 298.3220210 298.3654846 
283.0000000 298.1256024 298.1690660 
284.0000000 297.9291839 297.9726475 
285.0000000 297.7327653 297.7762289 
286.0000000 297.5363468 297.5798104 
287.0000000 297.3399282 297.3833918 
288.0000000 297.1435097 297.1869733 
289.0000000 296.9470911 296.9905547 
290.0000000 296.7506726 296.7941362 
291.0000000 296.5542540 296.5977176 
292.0000000 296.3578355 296.4012991 
293.0000000 296.1614169 296.2048805 
294.0000000 295.9649984 296.0084620 
295.0000000 295.7685798 295.8120434 
296.0000000 295.5721613 295.6156249 
297.0000000 295.3757427 295.4192063 
298.0000000 295.1793242 295.2227878 
299.0000000 294.9829056 295.0263692 
300.0000000 294.7864871 294.8299507 
301.0000000 294.5900685 294.6335321 
302.0000000 294.3936500 294.4371136 
303.0000000 294.1972314 294.2406950 
304.0000000 294.0008129 294.0442765 
305.0000000 293.8043943 293.8478579 
306.0000000 293.6079758 293.6514394 
307.0000000 293.4115572 293.4550208 
308.0000000 293.2151387 293.2586023 
309.0000000 293.0187201 293.0621837 
310.0000000 292.8223015 292.8657652 
311.0000000 292.6258830 292.6693466 
312.0000000 292.4294644 292.4729281 
313.0000000 292.2330459 292.2765095 
314.0000000 292.0366273 292.0800910 
315.0000000 291.8402088 291.8836724 
316.0000000 291.6437902 291.6872539 
317.0000000 291.4473717 291.4908353 
318.0000000 291.2509531 291.2944168 
319.0000000 291.0545346 291.0979982 
320.0000000 290.8581160 290.9015797 
321.0000000 290.6616975 290.7051611 
322.0000000 290.4652789 290.5087426 
323.0000000 290.2688604 290.3123240 
324.0000000 290.0724418 290.1159055 
325.0000000 289.8760233 289.9194869 
326.0000000 289.6796047 289.7230684 
327.0000000 289.4831862 289.5266498 
328.0000000 289.2867676 289.3302313 
329.0000000 289.0903491 289.1338127 
330.0000000 288.8939305 288.9373942 
331.0000000 288.6975120 288.7409756 
332.0000000 288.5010934 288.5445571 
333.0000000 288.3046749 288.3481385 
334.0000000 288.1082563 288.1517200 
335.0000000 287.9118378 287.9553014 
336.0000000 287.7154192 287.7588829 
337.0000000 287.5190007 287.5624643 
338.0000000 287.3225821 287.3660458 
339.0000000 287.1261636 287.1696272 
340.0000000 286.9297450 286.9732087 
341.0000000 286.7333265 286.7767901 
342.0000000 286.5369079 286.5803716 
343.0000000 286.3404894 286.3839530 
344.0000000 286.1440708 286.1875345 
345.0000000 285.9476523 285.9911159 
346.0000000 285.7512337 285.7946974 
347.0000000 285.5548152 285.5982788 
348.0000000 285.3583966 285.4018603 
349.0000000 285.1619781 285.2054417 
350.0000000 284.9655595 285.0090232 
351.0000000 284.7691410 284.8126046 
352.0000000 284.5727224 284.6161861 
353.0000000 284.3763039 284.4197675 
354.0000000 284.1798853 284.2233490 
355.0000000 283.9834668 284.0269304 
356.0000000 283.7870482 283.8305119 
357.0000000 283.5906297 283.6340933 
358.0000000 283.3942111 283.4376748 
359.0000000 283.1977926 283.2412562 
360.0000000 283.0013740 283.0448377 
361.0000000 282.8049555 282.8484191 
362.0000000 282.6085369 282.6520006 
363.0000000 282.4121184 282.4555820 
364.0000000 282.2156998 282.2591635 
365.0000000 282.0192813 282.0627449 
366.0000000 281.8228627 281.8663264 
367.0000000 281.6264442 281.6699078 
368.0000000 281.4300256 281.4734892 
369.0000000 281.2336071 281.2770707 
370.0000000 281.0371885 281.0806521 
371.0000000 280.8407700 280.8842336 
372.0000000 280.6443514 280.6878150 
373.0000000 280.4479329 280.4913965 
374.0000000 280.2515143 280.2949779 
375.0000000 280.0550958 280.0985594 
376.0000000 279.8586772 279.9021408 
377.0000000 279.6622587 279.7057223 
378.0000000 279.4658401 279.5093037 
379.0000000 279.2694216 279.3128852 
380.0000000 279.0730030 279.1164666 
381.0000000 278.8765845 278.9200481 
382.0000000 278.6801659 278.7236295 
383.0000000 278.4837474 278.5272110 
384.0000000 278.2873288 278.3307924 
385.0000000 278.0909103 278.1343739 
386.0000000 277.8944917 277.9379553 
387.0000000 277.6980732 277.7415368 
388.0000000 277.5016546 277.5451182 
389.0000000 277.3052361 277.3486997 
390.0000000 277.1088175 277.1522811 
391.0000000 276.9123990 276.9558626 
392.0000000 276.7159804 276.7594440 
393.0000000 276.5195619 276.5630255 
394.0000000 276.3231433 276.3666069 
395.0000000 276.1267248 276.1701884 
396.0000000 275.9303062 275.9737698 
397.0000000 275.7338877 275.7773513 
398.0000000 275.5374691 275.5809327 
399.0000000 275.3410506 275.3845142 
400.0000000 275.1446320 275.1880956 
401.0000000 274.9482135 274.9916771 
402.0000000 274.7517949 274.7952585 
403.0000000 274.5553764 274.5988400 
404.0000000 274.3589578 274.4024214 
405.0000000 274.1625393 274.2060029 
406.0000000 273.9661207 274.0095843 
407.0000000 273.7697022 273.8131658 
408.0000000 273.5732836 273.6167472 
409.0000000 273.3768651 273.4203287 
410.0000000 273.1804465 273.2239101 
411.0000000 272.9840280 273.0274916 
412.0000000 272.7876094 272.8310730 
413.0000000 272.5911909 272.6346545 
414.0000000 272.3947723 272.4382359 
415.0000000 272.1983538 272.2418174 
416.0000000 272.0019352 272.0453988 
417.0000000 271.8055167 271.8489803 
418.0000000 271.6090981 271.6525617 
419.0000000 271.4126796 271.4561432 
420.0000000 271.2162610 271.2597246 
421.0000000 271.0198425 271.0633061 
422.0000000 270.8234239 270.8668875 
423.0000000 270.6270054 270.6704690 
424.0000000 270.4305868 270.4740504 
425.0000000 270.2341683 270.2776319 
426.0000000 270.0377497 270.0812133 
427.0000000 269.8413312 269.8847948 
428.0000000 269.6449126 269.6883762 
429.0000000 269.4484941 269.4919577 
430.0000000 269.2520755 269.2955391 
431.0000000 269.0556570 269.0991206 
432.0000000 268.8592384 268.9027020 
433.0000000 268.6628199 268.7062835 
434.0000000 268.4664013 268.5098649 
435.0000000 268.2699828 268.3134464 
436.0000000 268.0735642 268.1170278 
437.0000000 267.8771457 267.9206093 
438.0000000 267.6807271 267.7241907 
439.0000000 267.4843086 267.5277722 
440.0000000 267.2878900 267.3313536 
441.0000000 267.0914715 267.1349351 
442.0000000 266.8950529 266.9385165 
443.0000000 266.6986344 266.7420980 
444.0000000 266.5022158 266.5456794 
445.0000000 266.3057973 266.3492609 
446.0000000 266.1093787 266.1528423 
447.0000000 265.9129602 265.9564238 
448.0000000 265.7165416 265.7600052 
449.0000000 265.5201231 265.5635867 
450.0000000 265.3237045 265.3671681 
451.0000000 265.1272860 265.1707496 
452.0000000 264.9308674 264.9743310 
453.0000000 264.7344489 264.7779125 
454.0000000 264.5380303 264.5814939 
455.0000000 264.3416118 264.3850754 
456.0000000 264.1451932 264.1886568 
457.0000000 263.9487747 263.9922383 
458.0000000 263.7523561 263.7958197 
459.0000000 263.5559376 263.5994012 
460.0000000 263.3595190 263.4029826 
461.0000000 263.1631005 263.2065641 
462.0000000 262.9666819 263.0101455 
463.0000000 262.7702633 262.8137270 
464.0000000 262.5738448 262.6173084 
465.0000000 262.3774262 262.4208899 
466.0000000 262.1810077 262.2244713 
467.0000000 261.9845891 262.0280528 
468.0000000 261.7881706 261.8316342 
469.0000000 261.5917520 261.6352157 
470.0000000 261.3953335 261.4387971 
471.0000000 261.1989149 261.2423786 
472.0000000 261.0024964 261.0459600 
473.0000000 260.8060778 260.8495415 
474.0000000 260.6096593 260.6531229 
475.0000000 260.4132407 260.4567044 
476.0000000 260.2168222 260.2602858 
477.0000000 260.0204036 260.0638673 
478.0000000 259.8239851 259.8674487 
479.0000000 259.6275665 259.6710302 
480.0000000 259.4311480 259.4746116 
481.0000000 259.2347294 259.2781931 
482.0000000 259.0383109 259.0817745 
483.0000000 258.8418923 258.8853560 
484.0000000 258.6454738 258.6889374 
485.0000000 258.4490552 258.4925189 
486.0000000 258.2526367 258.2961003 
487.0000000 258.0562181 258.0996818 
488.0000000 257.8597996 257.9032632 
489.0000000 257.6633810 257.7068447 
490.0000000 257.4669625 257.5104261 
491.0000000 257.2705439 257.3140076 
492.0000000 257.0741254 257.1175890 
493.0000000 256.8777068 256.9211705 
494.0000000 256.6812883 256.7247519 
495.0000000 256.4848697 256.5283334 
496.0000000 256.2884512 256.3319148 
497.0000000 256.0920326 256.1354963 
498.0000000 255.8956141 255.9390777 
499.0000000 255.6991955 255.7426592 
500.0000000 255.5027770 255.5462406 
501.0000000 255.3063584 255.3498221 
502.0000000 255.1099399 255.1534035 
503.0000000 254.9135213 254.9569850 
504.0000000 254.7171028 254.7605664 
505.0000000 254.5206842 254.5641479 
506.0000000 254.3242657 254.3677293 
507.0000000 254.1278471 254.1713108 
508.0000000 253.9314286 253.9748922 
509.0000000 253.7350100 253.7784737 
510.0000000 253.5385915 253.5820551 
511.0000000 253.3421729 253.3856366 
512.0000000 253.1457544 253.1892180 
513.0000000 252.9493358 252.9927995 
514.0000000 252.7529173 252.7963809 
515.0000000 252.5564987 252.5999624 
516.0000000 252.3600802 252.4035438 
517.0000000 252.1636616 252.2071253 
518.0000000 251.9672431 252.0107067 
519.0000000 251.7708245 251.8142881 
520.0000000 251.5744060 251.6178696 
521.0000000 251.3779874 251.4214510 
522.0000000 251.1815689 251.2250325 
523.0000000 250.9851503 251.0286139 
524.0000000 250.7887318 250.8321954 
525.0000000 250.5923132 250.6357768 
526.0000000 250.3958947 250.4393583 
527.0000000 250.1994761 250.2429397 
528.0000000 250.0030576 250.0465212 
529.0000000 249.8066390 249.8501026 
530.0000000 249.6102205 249.6536841 
531.0000000 249.4138019 249.4572655 
532.0000000 249.2173834 249.2608470 
533.0000000 249.0209648 249.0644284 
534.0000000 248.8245463 248.8680099 
535.0000000 248.6281277 248.6715913 
536.0000000 248.4317092 248.4751728 
537.0000000 248.2352906 248.2787542 
538.0000000 248.0388721 248.0823357 
539.0000000 247.8424535 247.8859171 
540.0000000 247.6460350 247.6894986 
541.0000000 247.4496164 247.4930800 
542.0000000 247.2531979 247.2966615 
543.0000000 247.0567793 247.1002429 
544.0000000 246.8603608 246.9038244 
545.0000000 246.6639422 246.7074058 
546.0000000 246.4675237 246.5109873 
547.0000000 246.2711051 246.3145687 
548.0000000 246.0746866 246.1181502 
549.0000000 245.8782680 245.9217316 
550.0000000 245.6818495 245.7253131 
551.0000000 245.4854309 245.5288945 
552.0000000 245.2890124 245.3324760 
553.0000000 245.0925938 245.1360574 
554.0000000 244.8961753 244.9396389 
555.0000000 244.6997567 244.7432203 
556.0000000 244.5033382 244.5468018 
557.0000000 244.3069196 244.3503832 
558.0000000 244.1105011 244.1539647 
559.0000000 243.9140825 243.9575461 
560.0000000 243.7176640 243.7611276 
561.0000000 243.5212454 243.5647090 
562.0000000 243.3248269 243.3682905 
563.0000000 243.1284083 243.1718719 
564.0000000 242.9319898 242.9754534 
565.0000000 242.7355712 242.7790348 
566.0000000 242.5391527 242.5826163 
567.0000000 242.3427341 242.3861977 
568.0000000 242.1463156 242.1897792 
569.0000000 241.9498970 241.9933606 
570.0000000 241.7534785 241.7969421 
571.0000000 241.5570599 241.6005235 
572.0000000 241.3606414 241.4041050 
573.0000000 241.1642228 241.2076864 
574.0000000 240.9678043 241.0112679 
575.0000000 240.7713857 240.8148493 
576.0000000 240.5749672 240.6184308 
577.0000000 240.3785486 240.4220122 
578.0000000 240.1821301 240.2255937 
579.0000000 239.9857115 240.0291751 
580.0000000 239.7892930 239.8327566 
581.0000000 239.5928744 239.6363380 
582.0000000 239.3964559 239.4399195 
583.0000000 239.2000373 239.2435009 
584.0000000 239.0036188 239.0470824 
585.0000000 238.8072002 238.8506638 
586.0000000 238.6107817 238.6542453 
587.0000000 238.4143631 238.4578267 
588.0000000 238.2179446 238.2614082 
589.0000000 238.0215260 238.0649896 
590.0000000 237.8251075 237.8685711 
591.0000000 237.6286889 237.6721525 
592.0000000 237.4322704 237.4757340 
593.0000000 237.2358518 237.2793154 
594.0000000 237.0394333 237.0828969 
595.0000000 236.8430147 236.8864783 
596.0000000 236.6465962 236.6900598 
597.0000000 236.4501776 236.4936412 
598.0000000 236.2537591 236.2972227 
599.0000000 236.0573405 236.1008041 
600.0000000 235.8609220 235.9043856 
601.0000000 235.6645034 235.7079670 
602.0000000 235.4680849 235.5115485 
603.0000000 235.2716663 235.3151299 
604.0000000 235.0752478 235.1187114 
605.0000000 234.8788292 234.9222928 
606.0000000 234.6824107 234.7258743 
607.0000000 234.4859921 234.5294557 
608.0000000 234.2895736 234.3330372 
609.0000000 234.0931550 234.1366186 
610.0000000 233.8967365 233.9402001 
611.0000000 233.7003179 233.7437815 
612.0000000 233.5038994 233.5473630 
613.0000000 233.3074808 233.3509444 
614.0000000 233.1110622 233.1545259 
615.0000000 232.9146437 232.9581073 
616.0000000 232.7182251 232.7616888 
617.0000000 232.5218066 232.5652702 
618.0000000 232.3253880 232.3688517 
619.0000000 232.1289695 232.1724331 
620.0000000 231.9325509 231.9760146 
621.0000000 231.7361324 231.7795960 
622.0000000 231.5397138 231.5831775 
623.0000000 231.3432953 231.3867589 
624.0000000 231.1468767 231.1903404 
625.0000000 230.9504582 230.9939218 
626.0000000 230.7540396 230.7975033 
627.0000000 230.5576211 230.6010847 
628.0000000 230.3612025 230.4046662 
629.0000000 230.1647840 230.2082476 
630.0000000 229.9683654 230.0118291 
631.0000000 229.7719469 229.8154105 
632.0000000 229.5755283 229.6189920 
633.0000000 229.3791098 229.4225734 
634.0000000 229.1826912 229.2261549 
635.0000000 228.9862727 229.0297363 
636.0000000 228.7898541 228.8333178 
637.0000000 228.5934356 228.6368992 
638.0000000 228.3970170 228.4404807 
639.0000000 228.2005985 228.2440621 
640.0000000 228.0041799 228.0476436 
641.0000000 227.8077614 227.8512250 
642.0000000 227.6113428 227.6548065 
643.0000000 227.4149243 227.4583879 
644.0000000 227.2185057 227.2619694 
645.0000000 227.0220872 227.0655508 
646.0000000 226.8256686 226.8691323 
647.0000000 226.6292501 226.6727137 
648.0000000 226.4328315 226.4762952 
649.0000000 226.2364130 226.2798766 
650.0000000 226.0399944 226.0834581 
651.0000000 225.8435759 225.8870395 
652.0000000 225.6471573 225.6906210 
653.0000000 225.4507388 225.4942024 
654.0000000 225.2543202 225.2977839 
655.0000000 225.0579017 225.1013653 
656.0000000 224.8614831 224.9049468 
657.0000000 224.6650646 224.7085282 
658.0000000 224.4686460 224.5121097 
659.0000000 224.2722275 224.3156911 
660.0000000 224.0758089 224.1192726 
661.0000000 223.8793904 223.9228540 
662.0000000 223.6829718 223.7264355 
663.0000000 223.4865533 223.5300169 
664.0000000 223.2901347 223.3335984 
665.0000000 223.0937162 223.1371798 
666.0000000 222.8972976 222.9407613 
667.0000000 222.7008791 222.7443427 
668.0000000 222.5044605 222.5479242 
669.0000000 222.3080420 222.3515056 
670.0000000 222.1116234 222.1550870 
671.0000000 221.9152049 221.9586685 
672.0000000 221.7187863 221.7622499 
673.0000000 221.5223678 221.5658314 
674.0000000 221.3259492 221.3694128 
675.0000000 221.1295307 221.1729943 
676.0000000 220.9331121 220.9765757 
677.0000000 220.7366936 220.7801572 
678.0000000 220.5402750 220.5837386 
679.0000000 220.3438565 220.3873201 
680.0000000 220.1474379 220.1909015 
681.0000000 219.9510194 219.9944830 
682.0000000 219.7546008 219.7980644 
683.0000000 219.5581823 219.6016459 
684.0000000 219.3617637 219.4052273 
685.0000000 219.1653452 219.2088088 
686.0000000 218.9689266 219.0123902 
687.0000000 218.7725081 218.8159717 
688.0000000 218.5760895 218.6195531 
689.0000000 218.3796710 218.4231346 
690.0000000 218.1832524 218.2267160 
691.0000000 217.9868339 218.0302975 
692.0000000 217.7904153 217.8338789 
693.0000000 217.5939968 217.6374604 
694.0000000 217.3975782 217.4410418 
695.0000000 217.2011597 217.2446233 
696.0000000 217.0047411 217.0482047 
697.0000000 216.8083226 216.8517862 
698.0000000 216.6119040 216.6553676 
699.0000000 216.4154855 216.4589491 
700.0000000 216.2190669 216.2625305 
701.0000000 216.0226484 216.0661120 
702.0000000 215.8262298 215.8696934 
703.0000000 215.6298113 215.6732749 
704.0000000 215.4333927 215.4768563 
705.0000000 215.2369742 215.2804378 
706.0000000 215.0405556 215.0840192 
707.0000000 214.8441371 214.8876007 
708.0000000 214.6477185 214.6911821 
709.0000000 214.4513000 214.4947636 
710.0000000 214.2548814 214.2983450 
711.0000000 214.0584629 214.1019265 
712.0000000 213.8620443 213.9055079 
713.0000000 213.6656258 213.7090894 
714.0000000 213.4692072 213.5126708 
715.0000000 213.2727887 213.3162523 
716.0000000 213.0763701 213.1198337 
717.0000000 212.8799516 212.9234152 
718.0000000 212.6835330 212.7269966 
719.0000000 212.4871145 212.5305781 
720.0000000 212.2906959 212.3341595 
721.0000000 212.0942774 212.1377410 
722.0000000 211.8978588 211.9413224 
723.0000000 211.7014403 211.7449039 
724.0000000 211.5050217 211.5484853 
725.0000000 211.3086032 211.3520668 
726.0000000 211.1121846 211.1556482 
727.0000000 210.9157661 210.9592297 
728.0000000 210.7193475 210.7628111 
729.0000000 210.5229290 210.5663926 
730.0000000 210.3265104 210.3699740 
731.0000000 210.1300919 210.1735555 
732.0000000 209.9336733 209.9771369 
733.0000000 209.7372548 209.7807184 
734.0000000 209.5408362 209.5842998 
735.0000000 209.3444177 209.3878813 
736.0000000 209.1479991 209.1914627 
737.0000000 208.9515806 208.9950442 
738.0000000 208.7551620 208.7986256 
739.0000000 208.5587435 208.6022071 
740.0000000 208.3623249 208.4057885 
741.0000000 208.1659064 208.2093700 
742.0000000 207.9694878 208.0129514 
743.0000000 207.7730693 207.8165329 
744.0000000 207.5766507 207.6201143 
745.0000000 207.3802322 207.4236958 
746.0000000 207.1838136 207.2272772 
747.0000000 206.9873951 207.0308587 
748.0000000 206.7909765 206.8344401 
749.0000000 206.5945580 206.6380216 
750.0000000 206.3981394 206.4416030 
751.0000000 206.2017209 206.2451845 
752.0000000 206.0053023 206.0487659 
753.0000000 205.8088838 205.8523474 
754.0000000 205.6124652 205.6559288 
755.0000000 205.4160467 205.4595103 
756.0000000 205.2196281 205.2630917 
757.0000000 205.0232096 205.0666732 
758.0000000 204.8267910 204.8702546 
759.0000000 204.6303725 204.6738361 
760.0000000 204.4339539 204.4774175 
761.0000000 204.2375354 204.2809990 
762.0000000 204.0411168 204.0845804 
763.0000000 203.8446983 203.8881619 
764.0000000 203.6482797 203.6917433 
765.0000000 203.4518611 203.4953248 
766.0000000 203.2554426 203.2989062 
767.0000000 203.0590240 203.1024877 
768.0000000 202.8626055 202.9060691 
769.0000000 202.6661869 202.7096506 
770.0000000 202.4697684 202.5132320 
771.0000000 202.2733498 202.3168135 
772.0000000 202.0769313 202.1203949 
773.0000000 201.8805127 201.9239764 
774.0000000 201.6840942 201.7275578 
775.0000000 201.4876756 201.5311393 
776.0000000 201.2912571 201.3347207 
777.0000000 201.0948385 201.1383022 
778.0000000 200.8984200 200.9418836 
779.0000000 200.7020014 200.7454651 
780.0000000 200.5055829 200.5490465 
781.0000000 200.3091643 200.3526280 
782.0000000 200.1127458 200.1562094 
783.0000000 199.9163272 199.9597909 
784.0000000 199.7199087 199.7633723 
785.0000000 199.5234901 199.5669538 
786.0000000 199.3270716 199.3705352 
787.0000000 199.1306530 199.1741167 
788.0000000 198.9342345 198.9776981 
789.0000000 198.7378159 198.7812796 
790.0000000 198.5413974 198.5848610 
791.0000000 198.3449788 198.3884425 
792.0000000 198.1485603 198.1920239 
793.0000000 197.9521417 197.9956054 
794.0000000 197.7557232 197.7991868 
795.0000000 197.5593046 197.6027683 
796.0000000 197.3628861 197.4063497 
797.0000000 197.1664675 197.2099312 
798.0000000 196.9700490 197.0135126 
799.0000000 196.7736304 196.8170941 
800.0000000 196.5772119 196.6206755 
801.0000000 196.3807933 196.4242570 
802.0000000 196.1843748 196.2278384 
803.0000000 195.9879562 196.0314199 
804.0000000 195.7915377 195.8350013 
805.0000000 195.5951191 195.6385828 
806.0000000 195.3987006 195.4421642 
807.0000000 195.2022820 195.2457457 
808.0000000 195.0058635 195.0493271 
809.0000000 194.8094449 194.8529086 
810.0000000 194.6130264 194.6564900 
811.0000000 194.4166078 194.4600715 
812.0000000 194.2201893 194.2636529 
813.0000000 194.0237707 194.0672344 
814.0000000 193.8273522 193.8708158 
815.0000000 193.6309336 193.6743973 
816.0000000 193.4345151 193.4779787 
817.0000000 193.2380965 193.2815602 
818.0000000 193.0416780 193.0851416 
819.0000000 192.8452594 192.8887231 
820.0000000 192.6488409 192.6923045 
821.0000000 192.4524223 192.4958860 
822.0000000 192.2560038 192.2994674 
823.0000000 192.0595852 192.1030488 
824.0000000 191.8631667 191.9066303 
825.0000000 191.6667481 191.7102117 
826.0000000 191.4703296 191.5137932 
827.0000000 191.2739110 191.3173746 
828.0000000 191.0774925 191.1209561 
829.0000000 190.8810739 190.9245375 
830.0000000 190.6846554 190.7281190 
831.0000000 190.4882368 190.5317004 
832.0000000 190.2918183 190.3352819 
833.0000000 190.0953997 190.1388633 
834.0000000 189.8989812 189.9424448 
835.0000000 189.7025626 189.7460262 
836.0000000 189.5061441 189.5496077 
837.0000000 189.3097255 189.3531891 
838.0000000 189.1133070 189.1567706 
839.0000000 188.9168884 188.9603520 
840.0000000 188.7204699 188.7639335 
841.0000000 188.5240513 188.5675149 
842.0000000 188.3276328 188.3710964 
843.0000000 188.1312142 188.1746778 
844.0000000 187.9347957 187.9782593 
845.0000000 187.7383771 187.7818407 
846.0000000 187.5419586 187.5854222 
847.0000000 187.3455400 187.3890036 
848.0000000 187.1491215 187.1925851 
849.0000000 186.9527029 186.9961665 
850.0000000 186.7562844 186.7997480 
851.0000000 186.5598658 186.6033294 
852.0000000 186.3634473 186.4069109 
853.0000000 186.1670287 186.2104923 
854.0000000 185.9706102 186.0140738 
855.0000000 185.7741916 185.8176552 
856.0000000 185.5777731 185.6212367 
857.0000000 185.3813545 185.4248181 
858.0000000 185.1849360 185.2283996 
859.0000000 184.9885174 185.0319810 
860.0000000 184.7920989 184.8355625 
861.0000000 184.5956803 184.6391439 
862.0000000 184.3992618 184.4427254 
863.0000000 184.2028432 184.2463068 
864.0000000 184.0064247 184.0498883 
865.0000000 183.8100061 183.8534697 
866.0000000 183.6135876 183.6570512 
867.0000000 183.4171690 183.4606326 
868.0000000 183.2207505 183.2642141 
869.0000000 183.0243319 183.0677955 
870.0000000 182.8279134 182.8713770 
871.0000000 182.6314948 182.6749584 
872.0000000 182.4350763 182.4785399 
873.0000000 182.2386577 182.2821213 
874.0000000 182.0422392 182.0857028 
875.0000000 181.8458206 181.8892842 
876.0000000 181.6494021 181.6928657 
877.0000000 181.4529835 181.4964471 
878.0000000 181.2565650 181.3000286 
879.0000000 181.0601464 181.1036100 
880.0000000 180.8637279 180.9071915 
881.0000000 180.6673093 180.7107729 
882.0000000 180.4708908 180.5143544 
883.0000000 180.2744722 180.3179358 
884.0000000 180.0780537 180.1215173 
885.0000000 179.8816351 179.9250987 
886.0000000 179.6852166 179.7286802 
887.0000000 179.4887980 179.5322616 
888.0000000 179.2923795 179.3358431 
889.0000000 179.0959609 179.1394245 
890.0000000 178.8995424 178.9430060 
891.0000000 178.7031238 178.7465874 
892.0000000 178.5067053 178.5501689 
893.0000000 178.3102867 178.3537503 
894.0000000 178.1138682 178.1573318 
895.0000000 177.9174496 177.9609132 
896.0000000 177.7210311 177.7644947 
897.0000000 177.5246125 177.5680761 
898.0000000 177.3281940 177.3716576 
899.0000000 177.1317754 177.1752390 
900.0000000 176.9353569 176.9788205 
901.0000000 176.7389383 176.7824019 
902.0000000 176.5425198 176.5859834 
903.0000000 176.3461012 176.3895648 
904.0000000 176.1496827 176.1931463 
905.0000000 175.9532641 175.9967277 
906.0000000 175.7568456 175.8003092 
907.0000000 175.5604270 175.6038906 
908.0000000 175.3640085 175.4074721 
909.0000000 175.1675899 175.2110535 
910.0000000 174.9711714 175.0146350 
911.0000000 174.7747528 174.8182164 
912.0000000 174.5783343 174.6217979 
913.0000000 174.3819157 174.4253793 
914.0000000 174.1854972 174.2289608 
915.0000000 173.9890786 174.0325422 
916.0000000 173.7926601 173.8361237 
917.0000000 173.5962415 173.6397051 
918.0000000 173.3998229 173.4432866 
919.0000000 173.2034044 173.2468680 
920.0000000 173.0069858 173.0504495 
921.0000000 172.8105673 172.8540309 
922.0000000 172.6141487 172.6576124 
923.0000000 172.4177302 172.4611938 
924.0000000 172.2213116 172.2647753 
925.0000000 172.0248931 172.0683567 
926.0000000 171.8284745 171.8719382 
927.0000000 171.6320560 171.6755196 
928.0000000 171.4356374 171.4791011 
929.0000000 171.2392189 171.2826825 
930.0000000 171.0428003 171.0862640 
931.0000000 170.8463818 170.8898454 
932.0000000 170.6499632 170.6934269 
933.0000000 170.4535447 170.4970083 
934.0000000 170.2571261 170.3005898 
935.0000000 170.0607076 170.1041712 
936.0000000 169.8642890 169.9077527 
937.0000000 169.6678705 169.7113341 
938.0000000 169.4714519 169.5149156 
939.0000000 169.2750334 169.3184970 
940.0000000 169.0786148 169.1220785 
941.0000000 168.8821963 168.9256599 
942.0000000 168.6857777 168.7292414 
943.0000000 168.4893592 168.5328228 
944.0000000 168.2929406 168.3364043 
945.0000000 168.0965221 168.1399857 
946.0000000 167.9001035 167.9435672 
947.0000000 167.7036850 167.7471486 
948.0000000 167.5072664 167.5507301 
949.0000000 167.3108479 167.3543115 
950.0000000 167.1144293 167.1578930 
951.0000000 166.9180108 166.9614744 
952.0000000 166.7215922 166.7650559 
953.0000000 166.5251737 166.5686373 
954.0000000 166.3287551 166.3722188 
955.0000000 166.1323366 166.1758002 
956.0000000 165.9359180 165.9793817 
957.0000000 165.7394995 165.7829631 
958.0000000 165.5430809 165.5865446 
959.0000000 165.3466624 165.3901260 
960.0000000 165.1502438 165.1937075 
961.0000000 164.9538253 164.9972889 
962.0000000 164.7574067 164.8008704 
963.0000000 164.5609882 164.6044518 
964.0000000 164.3645696 164.4080333 
965.0000000 164.1681511 164.2116147 
966.0000000 163.9717325 164.0151962 
967.0000000 163.7753140 163.8187776 
968.0000000 163.5788954 163.6223591 
969.0000000 163.3824769 163.4259405 
970.0000000 163.1860583 163.2295220 
971.0000000 162.9896398 163.0331034 
972.0000000 162.7932212 162.8366849 
973.0000000 162.5968027 162.6402663 
974.0000000 162.4003841 162.4438477 
975.0000000 162.2039656 162.2474292 
976.0000000 162.0075470 162.0510106 
977.0000000 161.8111285 161.8545921 
978.0000000 161.6147099 161.6581735 
979.0000000 161.4182914 161.4617550 
980.0000000 161.2218728 161.2653364 
981.0000000 161.0254543 161.0689179 
982.0000000 160.8290357 160.8724993 
983.0000000 160.6326172 160.6760808 
984.0000000 160.4361986 160.4796622 
985.0000000 160.2397801 160.2832437 
986.0000000 160.0433615 160.0868251 
987.0000000 159.8469430 159.8904066 
988.0000000 159.6505244 159.6939880 
989.0000000 159.4541059 159.4975695 
990.0000000 159.2576873 159.3011509 
991.0000000 159.0612688 159.1047324 
992.0000000 158.8648502 158.9083138 
993.0000000 158.6684317 158.7118953 
994.0000000 158.4720131 158.5154767 
995.0000000 158.2755946 158.3190582 
996.0000000 158.0791760 158.1226396 
997.0000000 157.8827575 157.9262211 
998.0000000 157.6863389 157.7298025 
999.0000000 157.4899204 157.5333840 
1000.0000000 157.2935018 157.3369654 
1001.0000000 157.0970833 157.1405469 
1002.0000000 156.9006647 156.9441283 
1003.0000000 156.7042462 156.7477098 
1004.0000000 156.5078276 156.5512912 
1005.0000000 156.3114091 156.3548727 
1006.0000000 156.1149905 156.1584541 
1007.0000000 155.9185720 155.9620356 
1008.0000000 155.7221534 155.7656170 
1009.0000000 155.5257349 155.5691985 
1010.0000000 155.3293163 155.3727799 
1011.0000000 155.1328978 155.1763614 
1012.0000000 154.9364792 154.9799428 
1013.0000000 154.7400607 154.7835243 
1014.0000000 154.5436421 154.5871057 
1015.0000000 154.3472236 154.3906872 
1016.0000000 154.1508050 154.1942686 
1017.0000000 153.9543865 153.9978501 
1018.0000000 153.7579679 153.8014315 
1019.0000000 153.5615494 153.6050130 
1020.0000000 153.3651308 153.4085944 
1021.0000000 153.1687123 153.2121759 
1022.0000000 152.9722937 153.0157573 
1023.0000000 152.7758752 152.8193388 
1024.0000000 152.5794566 152.6229202 
1025.0000000 152.3830381 152.4265017 
1026.0000000 152.1866195 152.2300831 
1027.0000000 151.9902010 152.0336646 
1028.0000000 151.7937824 151.8372460 
1029.0000000 151.5973639 151.6408275 
1030.0000000 151.4009453 151.4444089 
1031.0000000 151.2045268 151.2479904 
1032.0000000 151.0081082 151.0515718 
1033.0000000 150.8116897 150.8551533 
1034.0000000 150.6152711 150.6587347 
1035.0000000 150.4188526 150.4623162 
1036.0000000 150.2224340 150.2658976 
1037.0000000 150.0260155 150.0694791 
1038.0000000 149.8295969 149.8730605 
1039.0000000 149.6331784 149.6766420 
1040.0000000 149.4367598 149.4802234 
1041.0000000 149.2403413 149.2838049 
1042.0000000 149.0439227 149.0873863 
1043.0000000 148.8475042 148.8909678 
1044.0000000 148.6510856 148.6945492 
1045.0000000 148.4546671 148.4981307 
1046.0000000 148.2582485 148.3017121 
1047.0000000 148.0618300 148.1052936 
1048.0000000 147.8654114 147.9088750 
1049.0000000 147.6689929 147.7124565 
1050.0000000 147.4725743 147.5160379 
1051.0000000 147.2761558 147.3196194 
1052.0000000 147.0797372 147.1232008 
1053.0000000 146.8833187 146.9267823 
1054.0000000 146.6869001 146.7303637 
1055.0000000 146.4904816 146.5339452 
1056.0000000 146.2940630 146.3375266 
1057.0000000 146.0976445 146.1411081 
1058.0000000 145.9012259 145.9446895 
1059.0000000 145.7048074 145.7482710 
1060.0000000 145.5083888 145.5518524 
1061.0000000 145.3119703 145.3554339 
1062.0000000 145.1155517 145.1590153 
1063.0000000 144.9191332 144.9625968 
1064.0000000 144.7227146 144.7661782 
1065.0000000 144.5262961 144.5697597 
1066.0000000 144.3298775 144.3733411 
1067.0000000 144.1334590 144.1769226 
1068.0000000 143.9370404 143.9805040 
1069.0000000 143.7406218 143.7840855 
1070.0000000 143.5442033 143.5876669 
1071.0000000 143.3477847 143.3912484 
1072.0000000 143.1513662 143.1948298 
1073.0000000 142.9549476 142.9984113 
1074.0000000 142.7585291 142.8019927 
1075.0000000 142.5621105 142.6055742 
1076.0000000 142.3656920 142.4091556 
1077.0000000 142.1692734 142.2127371 
1078.0000000 141.9728549 142.0163185 
1079.0000000 141.7764363 141.8199000 
1080.0000000 141.5800178 141.6234814 
1081.0000000 141.3835992 141.4270629 
1082.0000000 141.1871807 141.2306443 
1083.0000000 140.9907621 141.0342258 
1084.0000000 140.7943436 140.8378072 
1085.0000000 140.5979250 140.6413887 
1086.0000000 140.4015065 140.4449701 
1087.0000000 140.2050879 140.2485516 
1088.0000000 140.0086694 140.0521330 
1089.0000000 139.8122508 139.8557145 
1090.0000000 139.6158323 139.6592959 
1091.0000000 139.4194137 139.4628774 
1092.0000000 139.2229952 139.2664588 
1093.0000000 139.0265766 139.0700403 
1094.0000000 138.8301581 138.8736217 
1095.0000000 138.6337395 138.6772032 
1096.0000000 138.4373210 138.4807846 
1097.0000000 138.2409024 138.2843661 
1098.0000000 138.0444839 138.0879475 
1099.0000000 137.8480653 137.8915290 
1100.0000000 137.6516468 137.6951104 
1101.0000000 137.4552282 137.4986919 
1102.0000000 137.2588097 137.3022733 
1103.0000000 137.0623911 137.1058548 
1104.0000000 136.8659726 136.9094362 
1105.0000000 136.6695540 136.7130177 
1106.0000000 136.4731355 136.5165991 
1107.0000000 136.2767169 136.3201806 
1108.0000000 136.0802984 136.1237620 
1109.0000000 135.8838798 135.9273435 
1110.0000000 135.6874613 135.7309249 
1111.0000000 135.4910427 135.5345064 
1112.0000000 135.2946242 135.3380878 
1113.0000000 135.0982056 135.1416693 
1114.0000000 134.9017871 134.9452507 
1115.0000000 134.7053685 134.7488322 
1116.0000000 134.5089500 134.5524136 
1117.0000000 134.3125314 134.3559951 
1118.0000000 134.1161129 134.1595765 
1119.0000000 133.9196943 133.9631580 
1120.0000000 133.7232758 133.7667394 
1121.0000000 133.5268572 133.5703209 
1122.0000000 133.3304387 133.3739023 
1123.0000000 133.1340201 133.1774838 
1124.0000000 132.9376016 132.9810652 
1125.0000000 132.7411830 132.7846466 
1126.0000000 132.5447645 132.5882281 
1127.0000000 132.3483459 132.3918095 
1128.0000000 132.1519274 132.1953910 
1129.0000000 131.9555088 131.9989724 
1130.0000000 131.7590903 131.8025539 
1131.0000000 131.5626717 131.6061353 
1132.0000000 131.3662532 131.4097168 
1133.0000000 131.1698346 131.2132982 
1134.0000000 130.9734161 131.0168797 
1135.0000000 130.7769975 130.8204611 
1136.0000000 130.5805790 130.6240426 
1137.0000000 130.3841604 130.4276240 
1138.0000000 130.1877419 130.2312055 
1139.0000000 129.9913233 130.0347869 
1140.0000000 129.7949048 129.8383684 
1141.0000000 129.5984862 129.6419498 
1142.0000000 129.4020677 129.4455313 
1143.0000000 129.2056491 129.2491127 
1144.0000000 129.0092306 129.0526942 
1145.0000000 128.8128120 128.8562756 
1146.0000000 128.6163935 128.6598571 
1147.0000000 128.4199749 128.4634385 
1148.0000000 128.2235564 128.2670200 
1149.0000000 128.0271378 128.0706014 
1150.0000000 127.8307193 127.8741829 
1151.0000000 127.6343007 127.6777643 
1152.0000000 127.4378822 127.4813458 
1153.0000000 127.2414636 127.2849272 
1154.0000000 127.0450451 127.0885087 
1155.0000000 126.8486265 126.8920901 
1156.0000000 126.6522080 126.6956716 
1157.0000000 126.4557894 126.4992530 
1158.0000000 126.2593709 126.3028345 
1159.0000000 126.0629523 126.1064159 
1160.0000000 125.8665338 125.9099974 
1161.0000000 125.6701152 125.7135788 
1162.0000000 125.4736967 125.5171603 
1163.0000000 125.2772781 125.3207417 
1164.0000000 125.0808596 125.1243232 
1165.0000000 124.8844410 124.9279046 
1166.0000000 124.6880225 124.7314861 
1167.0000000 124.4916039 124.5350675 
1168.0000000 124.2951854 124.3386490 
1169.0000000 124.0987668 124.1422304 
1170.0000000 123.9023483 123.9458119 
1171.0000000 123.7059297 123.7493933 
1172.0000000 123.5095112 123.5529748 
1173.0000000 123.3130926 123.3565562 
1174.0000000 123.1166741 123.1601377 
1175.0000000 122.9202555 122.9637191 
1176.0000000 122.7238370 122.7673006 
1177.0000000 122.5274184 122.5708820 
1178.0000000 122.3309999 122.3744635 
1179.0000000 122.1345813 122.1780449 
1180.0000000 121.9381628 121.9816264 
1181.0000000 121.7417442 121.7852078 
1182.0000000 121.5453257 121.5887893 
1183.0000000 121.3489071 121.3923707 
1184.0000000 121.1524886 121.1959522 
1185.0000000 120.9560700 120.9995336 
1186.0000000 120.7596515 120.8031151 
1187.0000000 120.5632329 120.6066965 
1188.0000000 120.3668144 120.4102780 
1189.0000000 120.1703958 120.2138594 
1190.0000000 119.9739773 120.0174409 
1191.0000000 119.7775587 119.8210223 
1192.0000000 119.5811402 119.6246038 
1193.0000000 119.3847216 119.4281852 
1194.0000000 119.1883031 119.2317667 
1195.0000000 118.9918845 119.0353481 
1196.0000000 118.7954660 118.8389296 
1197.0000000 118.5990474 118.6425110 
1198.0000000 118.4026289 118.4460925 
1199.0000000 118.2062103 118.2496739 
1200.0000000 118.0097918 118.0532554 
1201.0000000 117.8133732 117.8568368 
1202.0000000 117.6169547 117.6604183 
1203.0000000 117.4205361 117.4639997 
1204.0000000 117.2241176 117.2675812 
1205.0000000 117.0276990 117.0711626 
1206.0000000 116.8312805 116.8747441 
1207.0000000 116.6348619 116.6783255 
1208.0000000 116.4384434 116.4819070 
1209.0000000 116.2420248 116.2854884 
1210.0000000 116.0456063 116.0890699 
1211.0000000 115.8491877 115.8926513 
1212.0000000 115.6527692 115.6962328 
1213.0000000 115.4563506 115.4998142 
1214.0000000 115.2599321 115.3033957 
1215.0000000 115.0635135 115.1069771 
1216.0000000 114.8670950 114.9105586 
1217.0000000 114.6706764 114.7141400 
1218.0000000 114.4742579 114.5177215 
1219.0000000 114.2778393 114.3213029 
1220.0000000 114.0814207 114.1248844 
1221.0000000 113.8850022 113.9284658 
1222.0000000 113.6885836 113.7320473 
1223.0000000 113.4921651 113.5356287 
1224.0000000 113.2957465 113.3392102 
1225.0000000 113.0993280 113.1427916 
1226.0000000 112.9029094 112.9463731 
1227.0000000 112.7064909 112.7499545 
1228.0000000 112.5100723 112.5535360 
1229.0000000 112.3136538 112.3571174 
1230.0000000 112.1172352 112.1606989 
1231.0000000 111.9208167 111.9642803 
1232.0000000 111.7243981 111.7678618 
1233.0000000 111.5279796 111.5714432 
1234.0000000 111.3315610 111.3750247 
1235.0000000 111.1351425 111.1786061 
1236.0000000 110.9387239 110.9821876 
1237.0000000 110.7423054 110.7857690 
1238.0000000 110.5458868 110.5893505 
1239.0000000 110.3494683 110.3929319 
1240.0000000 110.1530497 110.1965134 
1241.0000000 109.9566312 110.0000948 
1242.0000000 109.7602126 109.8036763 
1243.0000000 109.5637941 109.6072577 
1244.0000000 109.3673755 109.4108392 
1245.0000000 109.1709570 109.2144206 
1246.0000000 108.9745384 109.0180021 
1247.0000000 108.7781199 108.8215835 
1248.0000000 108.5817013 108.6251650 
1249.0000000 108.3852828 108.4287464 
1250.0000000 108.1888642 108.2323279 
1251.0000000 107.9924457 108.0359093 
1252.0000000 107.7960271 107.8394908 
1253.0000000 107.5996086 107.6430722 
1254.0000000 107.4031900 107.4466537 
1255.0000000 107.2067715 107.2502351 
1256.0000000 107.0103529 107.0538166 
1257.0000000 106.8139344 106.8573980 
1258.0000000 106.6175158 106.6609795 
1259.0000000 106.4210973 106.4645609 
1260.0000000 106.2246787 106.2681424 
1261.0000000 106.0282602 106.0717238 
1262.0000000 105.8318416 105.8753053 
1263.0000000 105.6354231 105.6788867 
1264.0000000 105.4390045 105.4824682 
1265.0000000 105.2425860 105.2860496 
1266.0000000 105.0461674 105.0896311 
1267.0000000 104.8497489 104.8932125 
1268.0000000 104.6533303 104.6967940 
1269.0000000 104.4569118 104.5003754 
1270.0000000 104.2604932 104.3039569 
1271.0000000 104.0640747 104.1075383 
1272.0000000 103.8676561 103.9111198 
1273.0000000 103.6712376 103.7147012 
1274.0000000 103.4748190 103.5182827 
1275.0000000 103.2784005 103.3218641 
1276.0000000 103.0819819 103.1254456 
1277.0000000 102.8855634 102.9290270 
1278.0000000 102.6891448 102.7326084 
1279.0000000 102.4927263 102.5361899 
1280.0000000 102.2963077 102.3397713 
1281.0000000 102.0998892 102.1433528 
1282.0000000 101.9034706 101.9469342 
1283.0000000 101.7070521 101.7505157 
1284.0000000 101.5106335 101.5540971 
1285.0000000 101.3142150 101.3576786 
1286.0000000 101.1177964 101.1612600 
1287.0000000 100.9213779 100.9648415 
1288.0000000 100.7249593 100.7684229 
1289.0000000 100.5285408 100.5720044 
1290.0000000 100.3321222 100.3755858 
1291.0000000 100.1357037 100.1791673 
1292.0000000 99.9392851 99.9827487 
1293.0000000 99.7428666 99.7863302 
1294.0000000 99.5464480 99.5899116 
1295.0000000 99.3500295 99.3934931 
1296.0000000 99.1536109 99.1970745 
1297.0000000 98.9571924 99.0006560 
1298.0000000 98.7607738 98.8042374 
1299.0000000 98.5643553 98.6078189 
1300.0000000 98.3679367 98.4114003 
1301.0000000 98.1715182 98.2149818 
1302.0000000 97.9750996 98.0185632 
1303.0000000 97.7786811 97.8221447 
1304.0000000 97.5822625 97.6257261 
1305.0000000 97.3858440 97.4293076 
1306.0000000 97.1894254 97.2328890 
1307.0000000 96.9930069 97.0364705 
1308.0000000 96.7965883 96.8400519 
1309.0000000 96.6001698 96.6436334 
1310.0000000 96.4037512 96.4472148 
1311.0000000 96.2073327 96.2507963 
1312.0000000 96.0109141 96.0543777 
1313.0000000 95.8144956 95.8579592 
1314.0000000 95.6180770 95.6615406 
1315.0000000 95.4216585 95.4651221 
1316.0000000 95.2252399 95.2687035 
1317.0000000 95.0288214 95.0722850 
1318.0000000 94.8324028 94.8758664 
1319.0000000 94.6359843 94.6794479 
1320.0000000 94.4395657 94.4830293 
1321.0000000 94.2431472 94.2866108 
1322.0000000 94.0467286 94.0901922 
1323.0000000 93.8503101 93.8937737 
1324.0000000 93.6538915 93.6973551 
1325.0000000 93.4574730 93.5009366 
1326.0000000 93.2610544 93.3045180 
1327.0000000 93.0646359 93.1080995 
1328.0000000 92.8682173 92.9116809 
1329.0000000 92.6717988 92.7152624 
1330.0000000 92.4753802 92.5188438 
1331.0000000 92.2789617 92.3224253 
1332.0000000 92.0825431 92.1260067 
1333.0000000 91.8861246 91.9295882 
1334.0000000 91.6897060 91.7331696 
1335.0000000 91.4932875 91.5367511 
1336.0000000 91.2968689 91.3403325 
1337.0000000 91.1004504 91.1439140 
1338.0000000 90.9040318 90.9474954 
1339.0000000 90.7076133 90.7510769 
1340.0000000 90.5111947 90.5546583 
1341.0000000 90.3147762 90.3582398 
1342.0000000 90.1183576 90.1618212 
1343.0000000 89.9219391 89.9654027 
1344.0000000 89.7255205 89.7689841 
1345.0000000 89.5291020 89.5725656 
1346.0000000 89.3326834 89.3761470 
1347.0000000 89.1362649 89.1797285 
1348.0000000 88.9398463 88.9833099 
1349.0000000 88.7434278 88.7868914 
1350.0000000 88.5470092 88.5904728 
1351.0000000 88.3505907 88.3940543 
1352.0000000 88.1541721 88.1976357 
1353.0000000 87.9577536 88.0012172 
1354.0000000 87.7613350 87.8047986 
1355.0000000 87.5649165 87.6083801 
1356.0000000 87.3684979 87.4119615 
1357.0000000 87.1720794 87.2155430 
1358.0000000 86.9756608 87.0191244 
1359.0000000 86.7792423 86.8227059 
1360.0000000 86.5828237 86.6262873 
1361.0000000 86.3864052 86.4298688 
1362.0000000 86.1899866 86.2334502 
1363.0000000 85.9935681 86.0370317 
1364.0000000 85.7971495 85.8406131 
1365.0000000 85.6007310 85.6441946 
1366.0000000 85.4043124 85.4477760 
1367.0000000 85.2078939 85.2513575 
1368.0000000 85.0114753 85.0549389 
1369.0000000 84.8150568 84.8585204 
1370.0000000 84.6186382 84.6621018 
1371.0000000 84.4222197 84.4656833 
1372.0000000 84.2258011 84.2692647 
1373.0000000 84.0293825 84.0728462 
1374.0000000 83.8329640 83.8764276 
1375.0000000 83.6365454 83.6800091 
1376.0000000 83.4401269 83.4835905 
1377.0000000 83.2437083 83.2871720 
1378.0000000 83.0472898 83.0907534 
1379.0000000 82.8508712 82.8943349 
1380.0000000 82.6544527 82.6979163 
1381.0000000 82.4580341 82.5014978 
1382.0000000 82.2616156 82.3050792 
1383.0000000 82.0651970 82.1086607 
1384.0000000 81.8687785 81.9122421 
1385.0000000 81.6723599 81.7158236 
1386.0000000 81.4759414 81.5194050 
1387.0000000 81.2795228 81.3229865 
1388.0000000 81.0831043 81.1265679 
1389.0000000 80.8866857 80.9301494 
1390.0000000 80.6902672 80.7337308 
1391.0000000 80.4938486 80.5373123 
1392.0000000 80.2974301 80.3408937 
1393.0000000 80.1010115 80.1444752 
1394.0000000 79.9045930 79.9480566 
1395.0000000 79.7081744 79.7516381 
1396.0000000 79.5117559 79.5552195 
1397.0000000 79.3153373 79.3588010 
1398.0000000 79.1189188 79.1623824 
1399.0000000 78.9225002 78.9659639 
1400.0000000 78.7260817 78.7695453 
1401.0000000 78.5296631 78.5731268 
1402.0000000 78.3332446 78.3767082 
1403.0000000 78.1368260 78.1802897 
1404.0000000 77.9404075 77.9838711 
1405.0000000 77.7439889 77.7874526 
1406.0000000 77.5475704 77.5910340 
1407.0000000 77.3511518 77.3946155 
1408.0000000 77.1547333 77.1981969 
1409.0000000 76.9583147 77.0017784 
1410.0000000 76.7618962 76.8053598 
1411.0000000 76.5654776 76.6089413 
1412.0000000 76.3690591 76.4125227 
1413.0000000 76.1726405 76.2161042 
1414.0000000 75.9762220 76.0196856 
1415.0000000 75.7798034 75.8232671 
1416.0000000 75.5833849 75.6268485 
1417.0000000 75.3869663 75.4304300 
1418.0000000 75.1905478 75.2340114 
1419.0000000 74.9941292 75.0375929 
1420.0000000 74.7977107 74.8411743 
1421.0000000 74.6012921 74.6447558 
1422.0000000 74.4048736 74.4483372 
1423.0000000 74.2084550 74.2519187 
1424.0000000 74.0120365 74.0555001 
1425.0000000 73.8156179 73.8590816 
1426.0000000 73.6191994 73.6626630 
1427.0000000 73.4227808 73.4662445 
1428.0000000 73.2263623 73.2698259 
1429.0000000 73.0299437 73.0734073 
1430.0000000 72.8335252 72.8769888 
1431.0000000 72.6371066 72.6805702 
1432.0000000 72.4406881 72.4841517 
1433.0000000 72.2442695 72.2877331 
1434.0000000 72.0478510 72.0913146 
1435.0000000 71.8514324 71.8948960 
1436.0000000 71.6550139 71.6984775 
1437.0000000 71.4585953 71.5020589 
1438.0000000 71.2621768 71.3056404 
1439.0000000 71.0657582 71.1092218 
1440.0000000 70.8693397 70.9128033 
1441.0000000 70.6729211 70.7163847 
1442.0000000 70.4765026 70.5199662 
1443.0000000 70.2800840 70.3235476 
1444.0000000 70.0836655 70.1271291 
1445.0000000 69.8872469 69.9307105 
1446.0000000 69.6908284 69.7342920 
1447.0000000 69.4944098 69.5378734 
1448.0000000 69.2979913 69.3414549 
1449.0000000 69.1015727 69.1450363 
1450.0000000 68.9051542 68.9486178 
1451.0000000 68.7087356 68.7521992 
1452.0000000 68.5123171 68.5557807 
1453.0000000 68.3158985 68.3593621 
1454.0000000 68.1194800 68.1629436 
1455.0000000 67.9230614 67.9665250 
1456.0000000 67.7266429 67.7701065 
1457.0000000 67.5302243 67.5736879 
1458.0000000 67.3338058 67.3772694 
1459.0000000 67.1373872 67.1808508 
1460.0000000 66.9409687 66.9844323 
1461.0000000 66.7445501 66.7880137 
1462.0000000 66.5481316 66.5915952 
1463.0000000 66.3517130 66.3951766 
1464.0000000 66.1552945 66.1987581 
1465.0000000 65.9588759 66.0023395 
1466.0000000 65.7624574 65.8059210 
1467.0000000 65.5660388 65.6095024 
1468.0000000 65.3696203 65.4130839 
1469.0000000 65.1732017 65.2166653 
1470.0000000 64.9767832 65.0202468 
1471.0000000 64.7803646 64.8238282 
1472.0000000 64.5839461 64.6274097 
1473.0000000 64.3875275 64.4309911 
1474.0000000 64.1911090 64.2345726 
1475.0000000 63.9946904 64.0381540 
1476.0000000 63.7982719 63.8417355 
1477.0000000 63.6018533 63.6453169 
1478.0000000 63.4054348 63.4488984 
1479.0000000 63.2090162 63.2524798 
1480.0000000 63.0125977 63.0560613 
1481.0000000 62.8161791 62.8596427 
1482.0000000 62.6197606 62.6632242 
1483.0000000 62.4233420 62.4668056 
1484.0000000 62.2269235 62.2703871 
1485.0000000 62.0305049 62.0739685 
1486.0000000 61.8340864 61.8775500 
1487.0000000 61.6376678 61.6811314 
1488.0000000 61.4412493 61.4847129 
1489.0000000 61.2448307 61.2882943 
1490.0000000 61.0484122 61.0918758 
1491.0000000 60.8519936 60.8954572 
1492.0000000 60.6555751 60.6990387 
1493.0000000 60.4591565 60.5026201 
1494.0000000 60.2627380 60.3062016 
1495.0000000 60.0663194 60.1097830 
1496.0000000 59.8699009 59.9133645 
1497.0000000 59.6734823 59.7169459 
1498.0000000 59.4770638 59.5205274 
1499.0000000 59.2806452 59.3241088 
1500.0000000 59.0842267 59.1276903 
1501.0000000 58.8878081 58.9312717 
1502.0000000 58.6913896 58.7348532 
1503.0000000 58.4949710 58.5384346 
1504.0000000 58.2985525 58.3420161 
1505.0000000 58.1021339 58.1455975 
1506.0000000 57.9057154 57.9491790 
1507.0000000 57.7092968 57.7527604 
1508.0000000 57.5128783 57.5563419 
1509.0000000 57.3164597 57.3599233 
1510.0000000 57.1200412 57.1635048 
1511.0000000 56.9236226 56.9670862 
1512.0000000 56.7272041 56.7706677 
1513.0000000 56.5307855 56.5742491 
1514.0000000 56.3343670 56.3778306 
1515.0000000 56.1379484 56.1814120 
1516.0000000 55.9415299 55.9849935 
1517.0000000 55.7451113 55.7885749 
1518.0000000 55.5486928 55.5921564 
1519.0000000 55.3522742 55.3957378 
1520.0000000 55.1558557 55.1993193 
1521.0000000 54.9594371 55.0029007 
1522.0000000 54.7630186 54.8064822 
1523.0000000 54.5666000 54.6100636 
1524.0000000 54.3701814 54.4136451 
1525.0000000 54.1737629 54.2172265 
1526.0000000 53.9773443 54.0208080 
1527.0000000 53.7809258 53.8243894 
1528.0000000 53.5845072 53.6279709 
1529.0000000 53.3880887 53.4315523 
1530.0000000 53.1916701 53.2351338 
1531.0000000 52.9952516 53.0387152 
1532.0000000 52.7988330 52.8422967 
1533.0000000 52.6024145 52.6458781 
1534.0000000 52.4059959 52.4494596 
1535.0000000 52.2095774 52.2530410 
1536.0000000 52.0131588 52.0566225 
1537.0000000 51.8167403 51.8602039 
1538.0000000 51.6203217 51.6637854 
1539.0000000 51.4239032 51.4673668 
1540.0000000 51.2274846 51.2709483 
1541.0000000 51.0310661 51.0745297 
1542.0000000 50.8346475 50.8781112 
1543.0000000 50.6382290 50.6816926 
1544.0000000 50.4418104 50.4852741 
1545.0000000 50.2453919 50.2888555 
1546.0000000 50.0489733 50.0924370 
1547.0000000 49.8525548 49.8960184 
1548.0000000 49.6561362 49.6995999 
1549.0000000 49.4597177 49.5031813 
1550.0000000 49.2632991 49.3067628 
1551.0000000 49.0668806 49.1103442 
1552.0000000 48.8704620 48.9139257 
1553.0000000 48.6740435 48.7175071 
1554.0000000 48.4776249 48.5210886 
1555.0000000 48.2812064 48.3246700 
1556.0000000 48.0847878 48.1282515 
1557.0000000 47.8883693 47.9318329 
1558.0000000 47.6919507 47.7354144 
1559.0000000 47.4955322 47.5389958 
1560.0000000 47.2991136 47.3425773 
1561.0000000 47.1026951 47.1461587 
1562.0000000 46.9062765 46.9497402 
1563.0000000 46.7098580 46.7533216 
1564.0000000 46.5134394 46.5569031 
1565.0000000 46.3170209 46.3604845 
1566.0000000 46.1206023 46.1640660 
1567.0000000 45.9241838 45.9676474 
1568.0000000 45.7277652 45.7712289 
1569.0000000 45.5313467 45.5748103 
1570.0000000 45.3349281 45.3783918 
1571.0000000 45.1385096 45.1819732 
1572.0000000 44.9420910 44.9855547 
1573.0000000 44.7456725 44.7891361 
1574.0000000 44.5492539 44.5927176 
1575.0000000 44.3528354 44.3962990 
1576.0000000 44.1564168 44.1998805 
1577.0000000 43.9599983 44.0034619 
1578.0000000 43.7635797 43.8070434 
1579.0000000 43.5671612 43.6106248 
1580.0000000 43.3707426 43.4142062 
1581.0000000 43.1743241 43.2177877 
1582.0000000 42.9779055 43.0213691 
1583.0000000 42.7814870 42.8249506 
1584.0000000 42.5850684 42.6285320 
1585.0000000 42.3886499 42.4321135 
1586.0000000 42.1922313 42.2356949 
1587.0000000 41.9958128 42.0392764 
1588.0000000 41.7993942 41.8428578 
1589.0000000 41.6029757 41.6464393 
1590.0000000 41.4065571 41.4500207 
1591.0000000 41.2101386 41.2536022 
1592.0000000 41.0137200 41.0571836 
1593.0000000 40.8173015 40.8607651 
1594.0000000 40.6208829 40.6643465 
1595.0000000 40.4244644 40.4679280 
1596.0000000 40.2280458 40.2715094 
1597.0000000 40.0316273 40.0750909 
1598.0000000 39.8352087 39.8786723 
1599.0000000 39.6387902 39.6822538 
1600.0000000 39.4423716 39.4858352 
1601.0000000 39.2459531 39.2894167 
1602.0000000 39.0495345 39.0929981 
1603.0000000 38.8531160 38.8965796 
1604.0000000 38.6566974 38.7001610 
1605.0000000 38.4602789 38.5037425 
1606.0000000 38.2638603 38.3073239 
1607.0000000 38.0674418 38.1109054 
1608.0000000 37.8710232 37.9144868 
1609.0000000 37.6746047 37.7180683 
1610.0000000 37.4781861 37.5216497 
1611.0000000 37.2817676 37.3252312 
1612.0000000 37.0853490 37.1288126 
1613.0000000 36.8889305 36.9323941 
1614.0000000 36.6925119 36.7359755 
1615.0000000 36.4960934 36.5395570 
1616.0000000 36.2996748 36.3431384 
1617.0000000 36.1032563 36.1467199 
1618.0000000 35.9068377 35.9503013 
1619.0000000 35.7104192 35.7538828 
1620.0000000 35.5140006 35.5574642 
1621.0000000 35.3175821 35.3610457 
1622.0000000 35.1211635 35.1646271 
1623.0000000 34.9247450 34.9682086 
1624.0000000 34.7283264 34.7717900 
1625.0000000 34.5319079 34.5753715 
1626.0000000 34.3354893 34.3789529 
1627.0000000 34.1390708 34.1825344 
1628.0000000 33.9426522 33.9861158 
1629.0000000 33.7462337 33.7896973 
1630.0000000 33.5498151 33.5932787 
1631.0000000 33.3533966 33.3968602 
1632.0000000 33.1569780 33.2004416 
1633.0000000 32.9605595 33.0040231 
1634.0000000 32.7641409 32.8076045 
1635.0000000 32.5677224 32.6111860 
1636.0000000 32.3713038 32.4147674 
1637.0000000 32.1748853 32.2183489 
1638.0000000 31.9784667 32.0219303 
1639.0000000 31.7820482 31.8255118 
1640.0000000 31.5856296 31.6290932 
1641.0000000 31.3892111 31.4326747 
1642.0000000 31.1927925 31.2362561 
1643.0000000 30.9963740 31.0398376 
1644.0000000 30.7999554 30.8434190 
1645.0000000 30.6035369 30.6470005 
1646.0000000 30.4071183 30.4505819 
1647.0000000 30.2106998 30.2541634 
1648.0000000 30.0142812 30.0577448 
1649.0000000 29.8178627 29.8613263 
1650.0000000 29.6214441 29.6649077 
1651.0000000 29.4250256 29.4684892 
1652.0000000 29.2286070 29.2720706 
1653.0000000 29.0321885 29.0756521 
1654.0000000 28.8357699 28.8792335 
1655.0000000 28.6393514 28.6828150 
1656.0000000 28.4429328 28.4863964 
1657.0000000 28.2465143 28.2899779 
1658.0000000 28.0500957 28.0935593 
1659.0000000 27.8536772 27.8971408 
1660.0000000 27.6572586 27.7007222 
1661.0000000 27.4608401 27.5043037 
1662.0000000 27.2644215 27.3078851 
1663.0000000 27.0680030 27.1114666 
1664.0000000 26.8715844 26.9150480 
1665.0000000 26.6751659 26.7186295 
1666.0000000 26.4787473 26.5222109 
1667.0000000 26.2823288 26.3257924 
1668.0000000 26.0859102 26.1293738 
1669.0000000 25.8894917 25.9329553 
1670.0000000 25.6930731 25.7365367 
1671.0000000 25.4966546 25.5401182 
1672.0000000 25.3002360 25.3436996 
1673.0000000 25.1038175 25.1472811 
1674.0000000 24.9073989 24.9508625 
1675.0000000 24.7109803 24.7544440 
1676.0000000 24.5145618 24.5580254 
1677.0000000 24.3181432 24.3616069 
1678.0000000 24.1217247 24.1651883 
1679.0000000 23.9253061 23.9687698 
1680.0000000 23.7288876 23.7723512 
1681.0000000 23.5324690 23.5759327 
1682.0000000 23.3360505 23.3795141 
1683.0000000 23.1396319 23.1830956 
1684.0000000 22.9432134 22.9866770 
1685.0000000 22.7467948 22.7902585 
1686.0000000 22.5503763 22.5938399 
1687.0000000 22.3539577 22.3974214 
1688.0000000 22.1575392 22.2010028 
1689.0000000 21.9611206 22.0045843 
1690.0000000 21.7647021 21.8081657 
1691.0000000 21.5682835 21.6117472 
1692.0000000 21.3718650 21.4153286 
1693.0000000 21.1754464 21.2189101 
1694.0000000 20.9790279 21.0224915 
1695.0000000 20.7826093 20.8260730 
1696.0000000 20.5861908 20.6296544 
1697.0000000 20.3897722 20.4332359 
1698.0000000 20.1933537 20.2368173 
1699.0000000 19.9969351 20.0403988 
1700.0000000 19.8005166 19.8439802 
1701.0000000 19.6040980 19.6475617 
1702.0000000 19.4076795 19.4511431 
1703.0000000 19.2112609 19.2547246 
1704.0000000 19.0148424 19.0583060 
1705.0000000 18.8184238 18.8618875 
1706.0000000 18.6220053 18.6654689 
1707.0000000 18.4255867 18.4690504 
1708.0000000 18.2291682 18.2726318 
1709.0000000 18.0327496 18.0762133 
1710.0000000 17.8363311 17.8797947 
1711.0000000 17.6399125 17.6833762 
1712.0000000 17.4434940 17.4869576 
1713.0000000 17.2470754 17.2905391 
1714.0000000 17.0506569 17.0941205 
1715.0000000 16.8542383 16.8977020 
1716.0000000 16.6578198 16.7012834 
1717.0000000 16.4614012 16.5048649 
1718.0000000 16.2649827 16.3084463 
1719.0000000 16.0685641 16.1120278 
1720.0000000 15.8721456 15.9156092 
1721.0000000 15.6757270 15.7191907 
1722.0000000 15.4793085 15.5227721 
1723.0000000 15.2828899 15.3263536 
1724.0000000 15.0864714 15.1299350 
1725.0000000 14.8900528 14.9335165 
1726.0000000 14.6936343 14.7370979 
1727.0000000 14.4972157 14.5406794 
1728.0000000 14.3007972 14.3442608 
1729.0000000 14.1043786 14.1478423 
1730.0000000 13.9079601 13.9514237 
1731.0000000 13.7115415 13.7550052 
1732.0000000 13.5151230 13.5585866 
1733.0000000 13.3187044 13.3621680 
1734.0000000 13.1222859 13.1657495 
1735.0000000 12.9258673 12.9693309 
1736.0000000 12.7294488 12.7729124 
1737.0000000 12.5330302 12.5764938 
1738.0000000 12.3366117 12.3800753 
1739.0000000 12.1401931 12.1836567 
1740.0000000 11.9437746 11.9872382 
1741.0000000 11.7473560 11.7908196 
1742.0000000 11.5509375 11.5944011 
1743.0000000 11.3545189 11.3979825 
1744.0000000 11.1581004 11.2015640 
1745.0000000 10.9616818 11.0051454 
1746.0000000 10.7652633 10.8087269 
1747.0000000 10.5688447 10.6123083 
1748.0000000 10.3724262 10.4158898 
1749.0000000 10.1760076 10.2194712 
1750.0000000 9.9795891 10.0230527 
1751.0000000 9.7831705 9.8266341 
1752.0000000 9.5867520 9.6302156 
1753.0000000 9.3903334 9.4337970 
1754.0000000 9.1939149 9.2373785 
1755.0000000 8.9974963 9.0409599 
1756.0000000 8.8010778 8.8445414 
1757.0000000 8.6046592 8.6481228 
1758.0000000 8.4082407 8.4517043 
1759.0000000 8.2118221 8.2552857 
1760.0000000 8.0154036 8.0588672 
1761.0000000 7.8189850 7.8624486 
1762.0000000 7.6225665 7.6660301 
1763.0000000 7.4261479 7.4696115 
1764.0000000 7.2297294 7.2731930 
1765.0000000 7.0333108 7.0767744 
1766.0000000 6.8368923 6.8803559 
1767.0000000 6.6404737 6.6839373 
1768.0000000 6.4440552 6.4875188 
1769.0000000 6.2476366 6.2911002 
1770.0000000 6.0512181 6.0946817 
1771.0000000 5.8547995 5.8982631 
1772.0000000 5.6583810 5.7018446 
1773.0000000 5.4619624 5.5054260 
1774.0000000 5.2655439 5.3090075 
1775.0000000 5.0691253 5.1125889 
1776.0000000 4.8727068 4.9161704 
1777.0000000 4.6762882 4.7197518 
1778.0000000 4.4798697 4.5233333 
1779.0000000 4.2834511 4.3269147 
1780.0000000 4.0870326 4.1304962 
1781.0000000 3.8906140 3.9340776 
1782.0000000 3.6941955 3.7376591 
1783.0000000 3.4977769 3.5412405 
1784.0000000 3.3013584 3.3448220 
1785.0000000 3.1049398 3.1484034 
1786.0000000 2.9085213 2.9519849 
1787.0000000 2.7121027 2.7555663 
1788.0000000 2.5156842 2.5591478 
1789.0000000 2.3192656 2.3627292 
1790.0000000 2.1228471 2.1663107 
1791.0000000 1.9264285 1.9698921 
1792.0000000 1.7300100 1.7734736 
1793.0000000 1.5335914 1.5770550 
1794.0000000 1.3371729 1.3806365 
1795.0000000 1.1407543 1.1842179 
1796.0000000 0.9443358 0.9877994 
1797.0000000 0.7479172 0.7913808 
1798.0000000 0.5514987 0.5949623 
1799.0000000 0.3550801 0.3985437 
1800.0000000 0.1586616 0.2021252 

