1.0000000 353.6169161 353.6123569 
2.0000000 353.4204976 353.4159383 
3.0000000 353.2240790 353.2195198 
4.0000000 353.0276605 353.0231012 
5.0000000 352.8312419 352.8266827 
6.0000000 352.6348234 352.6302641 
7.0000000 352.4384048 352.4338456 
8.0000000 352.2419863 352.2374270 
9.0000000 352.0455677 352.0410085 
10.0000000 351.8491492 351.8445899 
11.0000000 351.6527306 351.6481714 
12.0000000 351.4563121 351.4517528 
13.0000000 351.2598935 351.2553343 
14.0000000 351.0634750 351.0589157 
15.0000000 350.8670564 350.8624972 
16.0000000 350.6706379 350.6660786 
17.0000000 350.4742193 350.4696601 
18.0000000 350.2778008 350.2732415 
19.0000000 350.0813822 350.0768230 
20.0000000 349.8849637 349.8804044 
21.0000000 349.6885451 349.6839859 
22.0000000 349.4921266 349.4875673 
23.0000000 349.2957080 349.2911488 
24.0000000 349.0992895 349.0947302 
25.0000000 348.9028709 348.8983117 
26.0000000 348.7064524 348.7018931 
27.0000000 348.5100338 348.5054746 
28.0000000 348.3136153 348.3090560 
29.0000000 348.1171967 348.1126375 
30.0000000 347.9207782 347.9162189 
31.0000000 347.7243596 347.7198004 
32.0000000 347.5279411 347.5233818 
33.0000000 347.3315225 347.3269633 
34.0000000 347.1351040 347.1305447 
35.0000000 346.9386854 346.9341262 
36.0000000 346.7422669 346.7377076 
37.0000000 346.5458483 346.5412891 
38.0000000 346.3494298 346.3448705 
39.0000000 346.1530112 346.1484520 
40.0000000 345.9565927 345.9520334 
41.0000000 345.7601741 345.7556149 
42.0000000 345.5637556 345.5591963 
43.0000000 345.3673370 345.3627778 
44.0000000 345.1709185 345.1663592 
45.0000000 344.9744999 344.9699407 
46.0000000 344.7780814 344.7735221 
47.0000000 344.5816628 344.5771036 
48.0000000 344.3852443 344.3806850 
49.0000000 344.1888257 344.1842665 
50.0000000 343.9924072 343.9878479 
51.0000000 343.7959886 343.7914294 
52.0000000 343.5995701 343.5950108 
53.0000000 343.4031515 343.3985923 
54.0000000 343.2067330 343.2021737 
55.0000000 343.0103144 343.0057552 
56.0000000 342.8138959 342.8093366 
57.0000000 342.6174773 342.6129181 
58.0000000 342.4210588 342.4164995 
59.0000000 342.2246402 342.2200810 
60.0000000 342.0282217 342.0236624 
61.0000000 341.8318031 341.8272439 
62.0000000 341.6353846 341.6308253 
63.0000000 341.4389660 341.4344068 
64.0000000 341.2425475 341.2379882 
65.0000000 341.0461289 341.0415697 
66.0000000 340.8497104 340.8451511 
67.0000000 340.6532918 340.6487326 
68.0000000 340.4568733 340.4523140 
69.0000000 340.2604547 340.2558955 
70.0000000 340.0640362 340.0594769 
71.0000000 339.8676176 339.8630584 
72.0000000 339.6711991 339.6666398 
73.0000000 339.4747805 339.4702213 
74.0000000 339.2783620 339.2738027 
75.0000000 339.0819434 339.0773842 
76.0000000 338.8855249 338.8809656 
77.0000000 338.6891063 338.6845471 
78.0000000 338.4926878 338.4881285 
79.0000000 338.2962692 338.2917100 
80.0000000 338.0998507 338.0952914 
81.0000000 337.9034321 337.8988729 
82.0000000 337.7070136 337.7024543 
83.0000000 337.5105950 337.5060357 
84.0000000 337.3141765 337.3096172 
85.0000000 337.1177579 337.1131986 
86.0000000 336.9213394 336.9167801 
87.0000000 336.7249208 336.7203615 
88.0000000 336.5285023 336.5239430 
89.0000000 336.3320837 336.3275244 
90.0000000 336.1356652 336.1311059 
91.0000000 335.9392466 335.9346873 
92.0000000 335.7428281 335.7382688 
93.0000000 335.5464095 335.5418502 
94.0000000 335.3499910 335.3454317 
95.0000000 335.1535724 335.1490131 
96.0000000 334.9571539 334.9525946 
97.0000000 334.7607353 334.7561760 
98.0000000 334.5643168 334.5597575 
99.0000000 334.3678982 334.3633389 
100.0000000 334.1714797 334.1669204 
101.0000000 333.9750611 333.9705018 
102.0000000 333.7786426 333.7740833 
103.0000000 333.5822240 333.5776647 
104.0000000 333.3858055 333.3812462 
105.0000000 333.1893869 333.1848276 
106.0000000 332.9929684 332.9884091 
107.0000000 332.7965498 332.7919905 
108.0000000 332.6001312 332.5955720 
109.0000000 332.4037127 332.3991534 
110.0000000 332.2072941 332.2027349 
111.0000000 332.0108756 332.0063163 
112.0000000 331.8144570 331.8098978 
113.0000000 331.6180385 331.6134792 
114.0000000 331.4216199 331.4170607 
115.0000000 331.2252014 331.2206421 
116.0000000 331.0287828 331.0242236 
117.0000000 330.8323643 330.8278050 
118.0000000 330.6359457 330.6313865 
119.0000000 330.4395272 330.4349679 
120.0000000 330.2431086 330.2385494 
121.0000000 330.0466901 330.0421308 
122.0000000 329.8502715 329.8457123 
123.0000000 329.6538530 329.6492937 
124.0000000 329.4574344 329.4528752 
125.0000000 329.2610159 329.2564566 
126.0000000 329.0645973 329.0600381 
127.0000000 328.8681788 328.8636195 
128.0000000 328.6717602 328.6672010 
129.0000000 328.4753417 328.4707824 
130.0000000 328.2789231 328.2743639 
131.0000000 328.0825046 328.0779453 
132.0000000 327.8860860 327.8815268 
133.0000000 327.6896675 327.6851082 
134.0000000 327.4932489 327.4886897 
135.0000000 327.2968304 327.2922711 
136.0000000 327.1004118 327.0958526 
137.0000000 326.9039933 326.8994340 
138.0000000 326.7075747 326.7030155 
139.0000000 326.5111562 326.5065969 
140.0000000 326.3147376 326.3101784 
141.0000000 326.1183191 326.1137598 
142.0000000 325.9219005 325.9173413 
143.0000000 325.7254820 325.7209227 
144.0000000 325.5290634 325.5245042 
145.0000000 325.3326449 325.3280856 
146.0000000 325.1362263 325.1316671 
147.0000000 324.9398078 324.9352485 
148.0000000 324.7433892 324.7388300 
149.0000000 324.5469707 324.5424114 
150.0000000 324.3505521 324.3459929 
151.0000000 324.1541336 324.1495743 
152.0000000 323.9577150 323.9531558 
153.0000000 323.7612965 323.7567372 
154.0000000 323.5648779 323.5603187 
155.0000000 323.3684594 323.3639001 
156.0000000 323.1720408 323.1674816 
157.0000000 322.9756223 322.9710630 
158.0000000 322.7792037 322.7746445 
159.0000000 322.5827852 322.5782259 
160.0000000 322.3863666 322.3818074 
161.0000000 322.1899481 322.1853888 
162.0000000 321.9935295 321.9889703 
163.0000000 321.7971110 321.7925517 
164.0000000 321.6006924 321.5961332 
165.0000000 321.4042739 321.3997146 
166.0000000 321.2078553 321.2032961 
167.0000000 321.0114368 321.0068775 
168.0000000 320.8150182 320.8104590 
169.0000000 320.6185997 320.6140404 
170.0000000 320.4221811 320.4176219 
171.0000000 320.2257626 320.2212033 
172.0000000 320.0293440 320.0247848 
173.0000000 319.8329255 319.8283662 
174.0000000 319.6365069 319.6319477 
175.0000000 319.4400884 319.4355291 
176.0000000 319.2436698 319.2391106 
177.0000000 319.0472513 319.0426920 
178.0000000 318.8508327 318.8462735 
179.0000000 318.6544142 318.6498549 
180.0000000 318.4579956 318.4534364 
181.0000000 318.2615771 318.2570178 
182.0000000 318.0651585 318.0605993 
183.0000000 317.8687400 317.8641807 
184.0000000 317.6723214 317.6677622 
185.0000000 317.4759029 317.4713436 
186.0000000 317.2794843 317.2749251 
187.0000000 317.0830658 317.0785065 
188.0000000 316.8866472 316.8820880 
189.0000000 316.6902287 316.6856694 
190.0000000 316.4938101 316.4892509 
191.0000000 316.2973916 316.2928323 
192.0000000 316.1009730 316.0964138 
193.0000000 315.9045545 315.8999952 
194.0000000 315.7081359 315.7035767 
195.0000000 315.5117174 315.5071581 
196.0000000 315.3152988 315.3107396 
197.0000000 315.1188803 315.1143210 
198.0000000 314.9224617 314.9179025 
199.0000000 314.7260432 314.7214839 
200.0000000 314.5296246 314.5250654 
201.0000000 314.3332061 314.3286468 
202.0000000 314.1367875 314.1322283 
203.0000000 313.9403690 313.9358097 
204.0000000 313.7439504 313.7393912 
205.0000000 313.5475319 313.5429726 
206.0000000 313.3511133 313.3465541 
207.0000000 313.1546948 313.1501355 
208.0000000 312.9582762 312.9537170 
209.0000000 312.7618577 312.7572984 
210.0000000 312.5654391 312.5608799 
211.0000000 312.3690206 312.3644613 
212.0000000 312.1726020 312.1680428 
213.0000000 311.9761835 311.9716242 
214.0000000 311.7797649 311.7752057 
215.0000000 311.5833464 311.5787871 
216.0000000 311.3869278 311.3823686 
217.0000000 311.1905093 311.1859500 
218.0000000 310.9940907 310.9895315 
219.0000000 310.7976722 310.7931129 
220.0000000 310.6012536 310.5966944 
221.0000000 310.4048351 310.4002758 
222.0000000 310.2084165 310.2038573 
223.0000000 310.0119980 310.0074387 
224.0000000 309.8155794 309.8110202 
225.0000000 309.6191609 309.6146016 
226.0000000 309.4227423 309.4181831 
227.0000000 309.2263238 309.2217645 
228.0000000 309.0299052 309.0253460 
229.0000000 308.8334867 308.8289274 
230.0000000 308.6370681 308.6325089 
231.0000000 308.4406496 308.4360903 
232.0000000 308.2442310 308.2396718 
233.0000000 308.0478125 308.0432532 
234.0000000 307.8513939 307.8468346 
235.0000000 307.6549754 307.6504161 
236.0000000 307.4585568 307.4539975 
237.0000000 307.2621383 307.2575790 
238.0000000 307.0657197 307.0611604 
239.0000000 306.8693012 306.8647419 
240.0000000 306.6728826 306.6683233 
241.0000000 306.4764641 306.4719048 
242.0000000 306.2800455 306.2754862 
243.0000000 306.0836270 306.0790677 
244.0000000 305.8872084 305.8826491 
245.0000000 305.6907899 305.6862306 
246.0000000 305.4943713 305.4898120 
247.0000000 305.2979528 305.2933935 
248.0000000 305.1015342 305.0969749 
249.0000000 304.9051157 304.9005564 
250.0000000 304.7086971 304.7041378 
251.0000000 304.5122786 304.5077193 
252.0000000 304.3158600 304.3113007 
253.0000000 304.1194415 304.1148822 
254.0000000 303.9230229 303.9184636 
255.0000000 303.7266044 303.7220451 
256.0000000 303.5301858 303.5256265 
257.0000000 303.3337673 303.3292080 
258.0000000 303.1373487 303.1327894 
259.0000000 302.9409301 302.9363709 
260.0000000 302.7445116 302.7399523 
261.0000000 302.5480930 302.5435338 
262.0000000 302.3516745 302.3471152 
263.0000000 302.1552559 302.1506967 
264.0000000 301.9588374 301.9542781 
265.0000000 301.7624188 301.7578596 
266.0000000 301.5660003 301.5614410 
267.0000000 301.3695817 301.3650225 
268.0000000 301.1731632 301.1686039 
269.0000000 300.9767446 300.9721854 
270.0000000 300.7803261 300.7757668 
271.0000000 300.5839075 300.5793483 
272.0000000 300.3874890 300.3829297 
273.0000000 300.1910704 300.1865112 
274.0000000 299.9946519 299.9900926 
275.0000000 299.7982333 299.7936741 
276.0000000 299.6018148 299.5972555 
277.0000000 299.4053962 299.4008370 
278.0000000 299.2089777 299.2044184 
279.0000000 299.0125591 299.0079999 
280.0000000 298.8161406 298.8115813 
281.0000000 298.6197220 298.6151628 
282.0000000 298.4233035 298.4187442 
283.0000000 298.2268849 298.2223257 
284.0000000 298.0304664 298.0259071 
285.0000000 297.8340478 297.8294886 
286.0000000 297.6376293 297.6330700 
287.0000000 297.4412107 297.4366515 
288.0000000 297.2447922 297.2402329 
289.0000000 297.0483736 297.0438144 
290.0000000 296.8519551 296.8473958 
291.0000000 296.6555365 296.6509773 
292.0000000 296.4591180 296.4545587 
293.0000000 296.2626994 296.2581402 
294.0000000 296.0662809 296.0617216 
295.0000000 295.8698623 295.8653031 
296.0000000 295.6734438 295.6688845 
297.0000000 295.4770252 295.4724660 
298.0000000 295.2806067 295.2760474 
299.0000000 295.0841881 295.0796289 
300.0000000 294.8877696 294.8832103 
301.0000000 294.6913510 294.6867918 
302.0000000 294.4949325 294.4903732 
303.0000000 294.2985139 294.2939547 
304.0000000 294.1020954 294.0975361 
305.0000000 293.9056768 293.9011176 
306.0000000 293.7092583 293.7046990 
307.0000000 293.5128397 293.5082805 
308.0000000 293.3164212 293.3118619 
309.0000000 293.1200026 293.1154434 
310.0000000 292.9235841 292.9190248 
311.0000000 292.7271655 292.7226063 
312.0000000 292.5307470 292.5261877 
313.0000000 292.3343284 292.3297692 
314.0000000 292.1379099 292.1333506 
315.0000000 291.9414913 291.9369321 
316.0000000 291.7450728 291.7405135 
317.0000000 291.5486542 291.5440950 
318.0000000 291.3522357 291.3476764 
319.0000000 291.1558171 291.1512579 
320.0000000 290.9593986 290.9548393 
321.0000000 290.7629800 290.7584208 
322.0000000 290.5665615 290.5620022 
323.0000000 290.3701429 290.3655837 
324.0000000 290.1737244 290.1691651 
325.0000000 289.9773058 289.9727466 
326.0000000 289.7808873 289.7763280 
327.0000000 289.5844687 289.5799095 
328.0000000 289.3880502 289.3834909 
329.0000000 289.1916316 289.1870724 
330.0000000 288.9952131 288.9906538 
331.0000000 288.7987945 288.7942353 
332.0000000 288.6023760 288.5978167 
333.0000000 288.4059574 288.4013982 
334.0000000 288.2095389 288.2049796 
335.0000000 288.0131203 288.0085611 
336.0000000 287.8167018 287.8121425 
337.0000000 287.6202832 287.6157240 
338.0000000 287.4238647 287.4193054 
339.0000000 287.2274461 287.2228869 
340.0000000 287.0310276 287.0264683 
341.0000000 286.8346090 286.8300498 
342.0000000 286.6381905 286.6336312 
343.0000000 286.4417719 286.4372127 
344.0000000 286.2453534 286.2407941 
345.0000000 286.0489348 286.0443756 
346.0000000 285.8525163 285.8479570 
347.0000000 285.6560977 285.6515385 
348.0000000 285.4596792 285.4551199 
349.0000000 285.2632606 285.2587014 
350.0000000 285.0668421 285.0622828 
351.0000000 284.8704235 284.8658643 
352.0000000 284.6740050 284.6694457 
353.0000000 284.4775864 284.4730272 
354.0000000 284.2811679 284.2766086 
355.0000000 284.0847493 284.0801901 
356.0000000 283.8883308 283.8837715 
357.0000000 283.6919122 283.6873530 
358.0000000 283.4954937 283.4909344 
359.0000000 283.2990751 283.2945159 
360.0000000 283.1026566 283.0980973 
361.0000000 282.9062380 282.9016788 
362.0000000 282.7098195 282.7052602 
363.0000000 282.5134009 282.5088417 
364.0000000 282.3169824 282.3124231 
365.0000000 282.1205638 282.1160046 
366.0000000 281.9241453 281.9195860 
367.0000000 281.7277267 281.7231675 
368.0000000 281.5313082 281.5267489 
369.0000000 281.3348896 281.3303304 
370.0000000 281.1384711 281.1339118 
371.0000000 280.9420525 280.9374933 
372.0000000 280.7456340 280.7410747 
373.0000000 280.5492154 280.5446562 
374.0000000 280.3527969 280.3482376 
375.0000000 280.1563783 280.1518191 
376.0000000 279.9599598 279.9554005 
377.0000000 279.7635412 279.7589820 
378.0000000 279.5671227 279.5625634 
379.0000000 279.3707041 279.3661449 
380.0000000 279.1742856 279.1697263 
381.0000000 278.9778670 278.9733078 
382.0000000 278.7814485 278.7768892 
383.0000000 278.5850299 278.5804707 
384.0000000 278.3886114 278.3840521 
385.0000000 278.1921928 278.1876336 
386.0000000 277.9957743 277.9912150 
387.0000000 277.7993557 277.7947964 
388.0000000 277.6029372 277.5983779 
389.0000000 277.4065186 277.4019593 
390.0000000 277.2101001 277.2055408 
391.0000000 277.0136815 277.0091222 
392.0000000 276.8172630 276.8127037 
393.0000000 276.6208444 276.6162851 
394.0000000 276.4244259 276.4198666 
395.0000000 276.2280073 276.2234480 
396.0000000 276.0315888 276.0270295 
397.0000000 275.8351702 275.8306109 
398.0000000 275.6387517 275.6341924 
399.0000000 275.4423331 275.4377738 
400.0000000 275.2459146 275.2413553 
401.0000000 275.0494960 275.0449367 
402.0000000 274.8530775 274.8485182 
403.0000000 274.6566589 274.6520996 
404.0000000 274.4602404 274.4556811 
405.0000000 274.2638218 274.2592625 
406.0000000 274.0674033 274.0628440 
407.0000000 273.8709847 273.8664254 
408.0000000 273.6745662 273.6700069 
409.0000000 273.4781476 273.4735883 
410.0000000 273.2817291 273.2771698 
411.0000000 273.0853105 273.0807512 
412.0000000 272.8888919 272.8843327 
413.0000000 272.6924734 272.6879141 
414.0000000 272.4960548 272.4914956 
415.0000000 272.2996363 272.2950770 
416.0000000 272.1032177 272.0986585 
417.0000000 271.9067992 271.9022399 
418.0000000 271.7103806 271.7058214 
419.0000000 271.5139621 271.5094028 
420.0000000 271.3175435 271.3129843 
421.0000000 271.1211250 271.1165657 
422.0000000 270.9247064 270.9201472 
423.0000000 270.7282879 270.7237286 
424.0000000 270.5318693 270.5273101 
425.0000000 270.3354508 270.3308915 
426.0000000 270.1390322 270.1344730 
427.0000000 269.9426137 269.9380544 
428.0000000 269.7461951 269.7416359 
429.0000000 269.5497766 269.5452173 
430.0000000 269.3533580 269.3487988 
431.0000000 269.1569395 269.1523802 
432.0000000 268.9605209 268.9559617 
433.0000000 268.7641024 268.7595431 
434.0000000 268.5676838 268.5631246 
435.0000000 268.3712653 268.3667060 
436.0000000 268.1748467 268.1702875 
437.0000000 267.9784282 267.9738689 
438.0000000 267.7820096 267.7774504 
439.0000000 267.5855911 267.5810318 
440.0000000 267.3891725 267.3846133 
441.0000000 267.1927540 267.1881947 
442.0000000 266.9963354 266.9917762 
443.0000000 266.7999169 266.7953576 
444.0000000 266.6034983 266.5989391 
445.0000000 266.4070798 266.4025205 
446.0000000 266.2106612 266.2061020 
447.0000000 266.0142427 266.0096834 
448.0000000 265.8178241 265.8132649 
449.0000000 265.6214056 265.6168463 
450.0000000 265.4249870 265.4204278 
451.0000000 265.2285685 265.2240092 
452.0000000 265.0321499 265.0275907 
453.0000000 264.8357314 264.8311721 
454.0000000 264.6393128 264.6347536 
455.0000000 264.4428943 264.4383350 
456.0000000 264.2464757 264.2419165 
457.0000000 264.0500572 264.0454979 
458.0000000 263.8536386 263.8490794 
459.0000000 263.6572201 263.6526608 
460.0000000 263.4608015 263.4562423 
461.0000000 263.2643830 263.2598237 
462.0000000 263.0679644 263.0634052 
463.0000000 262.8715459 262.8669866 
464.0000000 262.6751273 262.6705681 
465.0000000 262.4787088 262.4741495 
466.0000000 262.2822902 262.2777310 
467.0000000 262.0858717 262.0813124 
468.0000000 261.8894531 261.8848939 
469.0000000 261.6930346 261.6884753 
470.0000000 261.4966160 261.4920568 
471.0000000 261.3001975 261.2956382 
472.0000000 261.1037789 261.0992197 
473.0000000 260.9073604 260.9028011 
474.0000000 260.7109418 260.7063826 
475.0000000 260.5145233 260.5099640 
476.0000000 260.3181047 260.3135455 
477.0000000 260.1216862 260.1171269 
478.0000000 259.9252676 259.9207084 
479.0000000 259.7288491 259.7242898 
480.0000000 259.5324305 259.5278713 
481.0000000 259.3360120 259.3314527 
482.0000000 259.1395934 259.1350342 
483.0000000 258.9431749 258.9386156 
484.0000000 258.7467563 258.7421971 
485.0000000 258.5503378 258.5457785 
486.0000000 258.3539192 258.3493600 
487.0000000 258.1575007 258.1529414 
488.0000000 257.9610821 257.9565229 
489.0000000 257.7646636 257.7601043 
490.0000000 257.5682450 257.5636858 
491.0000000 257.3718265 257.3672672 
492.0000000 257.1754079 257.1708487 
493.0000000 256.9789894 256.9744301 
494.0000000 256.7825708 256.7780116 
495.0000000 256.5861523 256.5815930 
496.0000000 256.3897337 256.3851745 
497.0000000 256.1933152 256.1887559 
498.0000000 255.9968966 255.9923374 
499.0000000 255.8004781 255.7959188 
500.0000000 255.6040595 255.5995003 
501.0000000 255.4076410 255.4030817 
502.0000000 255.2112224 255.2066632 
503.0000000 255.0148039 255.0102446 
504.0000000 254.8183853 254.8138261 
505.0000000 254.6219668 254.6174075 
506.0000000 254.4255482 254.4209890 
507.0000000 254.2291297 254.2245704 
508.0000000 254.0327111 254.0281519 
509.0000000 253.8362926 253.8317333 
510.0000000 253.6398740 253.6353148 
511.0000000 253.4434555 253.4388962 
512.0000000 253.2470369 253.2424777 
513.0000000 253.0506184 253.0460591 
514.0000000 252.8541998 252.8496406 
515.0000000 252.6577813 252.6532220 
516.0000000 252.4613627 252.4568035 
517.0000000 252.2649442 252.2603849 
518.0000000 252.0685256 252.0639664 
519.0000000 251.8721071 251.8675478 
520.0000000 251.6756885 251.6711293 
521.0000000 251.4792700 251.4747107 
522.0000000 251.2828514 251.2782922 
523.0000000 251.0864329 251.0818736 
524.0000000 250.8900143 250.8854551 
525.0000000 250.6935958 250.6890365 
526.0000000 250.4971772 250.4926180 
527.0000000 250.3007587 250.2961994 
528.0000000 250.1043401 250.0997809 
529.0000000 249.9079216 249.9033623 
530.0000000 249.7115030 249.7069438 
531.0000000 249.5150845 249.5105252 
532.0000000 249.3186659 249.3141067 
533.0000000 249.1222474 249.1176881 
534.0000000 248.9258288 248.9212696 
535.0000000 248.7294103 248.7248510 
536.0000000 248.5329917 248.5284325 
537.0000000 248.3365732 248.3320139 
538.0000000 248.1401546 248.1355953 
539.0000000 247.9437361 247.9391768 
540.0000000 247.7473175 247.7427582 
541.0000000 247.5508990 247.5463397 
542.0000000 247.3544804 247.3499211 
543.0000000 247.1580619 247.1535026 
544.0000000 246.9616433 246.9570840 
545.0000000 246.7652248 246.7606655 
546.0000000 246.5688062 246.5642469 
547.0000000 246.3723877 246.3678284 
548.0000000 246.1759691 246.1714098 
549.0000000 245.9795506 245.9749913 
550.0000000 245.7831320 245.7785727 
551.0000000 245.5867135 245.5821542 
552.0000000 245.3902949 245.3857356 
553.0000000 245.1938764 245.1893171 
554.0000000 244.9974578 244.9928985 
555.0000000 244.8010393 244.7964800 
556.0000000 244.6046207 244.6000614 
557.0000000 244.4082022 244.4036429 
558.0000000 244.2117836 244.2072243 
559.0000000 244.0153651 244.0108058 
560.0000000 243.8189465 243.8143872 
561.0000000 243.6225280 243.6179687 
562.0000000 243.4261094 243.4215501 
563.0000000 243.2296908 243.2251316 
564.0000000 243.0332723 243.0287130 
565.0000000 242.8368537 242.8322945 
566.0000000 242.6404352 242.6358759 
567.0000000 242.4440166 242.4394574 
568.0000000 242.2475981 242.2430388 
569.0000000 242.0511795 242.0466203 
570.0000000 241.8547610 241.8502017 
571.0000000 241.6583424 241.6537832 
572.0000000 241.4619239 241.4573646 
573.0000000 241.2655053 241.2609461 
574.0000000 241.0690868 241.0645275 
575.0000000 240.8726682 240.8681090 
576.0000000 240.6762497 240.6716904 
577.0000000 240.4798311 240.4752719 
578.0000000 240.2834126 240.2788533 
579.0000000 240.0869940 240.0824348 
580.0000000 239.8905755 239.8860162 
581.0000000 239.6941569 239.6895977 
582.0000000 239.4977384 239.4931791 
583.0000000 239.3013198 239.2967606 
584.0000000 239.1049013 239.1003420 
585.0000000 238.9084827 238.9039235 
586.0000000 238.7120642 238.7075049 
587.0000000 238.5156456 238.5110864 
588.0000000 238.3192271 238.3146678 
589.0000000 238.1228085 238.1182493 
590.0000000 237.9263900 237.9218307 
591.0000000 237.7299714 237.7254122 
592.0000000 237.5335529 237.5289936 
593.0000000 237.3371343 237.3325751 
594.0000000 237.1407158 237.1361565 
595.0000000 236.9442972 236.9397380 
596.0000000 236.7478787 236.7433194 
597.0000000 236.5514601 236.5469009 
598.0000000 236.3550416 236.3504823 
599.0000000 236.1586230 236.1540638 
600.0000000 235.9622045 235.9576452 
601.0000000 235.7657859 235.7612267 
602.0000000 235.5693674 235.5648081 
603.0000000 235.3729488 235.3683896 
604.0000000 235.1765303 235.1719710 
605.0000000 234.9801117 234.9755525 
606.0000000 234.7836932 234.7791339 
607.0000000 234.5872746 234.5827154 
608.0000000 234.3908561 234.3862968 
609.0000000 234.1944375 234.1898783 
610.0000000 233.9980190 233.9934597 
611.0000000 233.8016004 233.7970412 
612.0000000 233.6051819 233.6006226 
613.0000000 233.4087633 233.4042041 
614.0000000 233.2123448 233.2077855 
615.0000000 233.0159262 233.0113670 
616.0000000 232.8195077 232.8149484 
617.0000000 232.6230891 232.6185299 
618.0000000 232.4266706 232.4221113 
619.0000000 232.2302520 232.2256928 
620.0000000 232.0338335 232.0292742 
621.0000000 231.8374149 231.8328557 
622.0000000 231.6409964 231.6364371 
623.0000000 231.4445778 231.4400186 
624.0000000 231.2481593 231.2436000 
625.0000000 231.0517407 231.0471815 
626.0000000 230.8553222 230.8507629 
627.0000000 230.6589036 230.6543444 
628.0000000 230.4624851 230.4579258 
629.0000000 230.2660665 230.2615073 
630.0000000 230.0696480 230.0650887 
631.0000000 229.8732294 229.8686702 
632.0000000 229.6768109 229.6722516 
633.0000000 229.4803923 229.4758331 
634.0000000 229.2839738 229.2794145 
635.0000000 229.0875552 229.0829960 
636.0000000 228.8911367 228.8865774 
637.0000000 228.6947181 228.6901589 
638.0000000 228.4982996 228.4937403 
639.0000000 228.3018810 228.2973218 
640.0000000 228.1054625 228.1009032 
641.0000000 227.9090439 227.9044847 
642.0000000 227.7126254 227.7080661 
643.0000000 227.5162068 227.5116476 
644.0000000 227.3197883 227.3152290 
645.0000000 227.1233697 227.1188105 
646.0000000 226.9269512 226.9223919 
647.0000000 226.7305326 226.7259734 
648.0000000 226.5341141 226.5295548 
649.0000000 226.3376955 226.3331363 
650.0000000 226.1412770 226.1367177 
651.0000000 225.9448584 225.9402992 
652.0000000 225.7484399 225.7438806 
653.0000000 225.5520213 225.5474621 
654.0000000 225.3556028 225.3510435 
655.0000000 225.1591842 225.1546250 
656.0000000 224.9627657 224.9582064 
657.0000000 224.7663471 224.7617879 
658.0000000 224.5699286 224.5653693 
659.0000000 224.3735100 224.3689508 
660.0000000 224.1770915 224.1725322 
661.0000000 223.9806729 223.9761137 
662.0000000 223.7842544 223.7796951 
663.0000000 223.5878358 223.5832766 
664.0000000 223.3914173 223.3868580 
665.0000000 223.1949987 223.1904395 
666.0000000 222.9985802 222.9940209 
667.0000000 222.8021616 222.7976024 
668.0000000 222.6057431 222.6011838 
669.0000000 222.4093245 222.4047653 
670.0000000 222.2129060 222.2083467 
671.0000000 222.0164874 222.0119282 
672.0000000 221.8200689 221.8155096 
673.0000000 221.6236503 221.6190911 
674.0000000 221.4272318 221.4226725 
675.0000000 221.2308132 221.2262540 
676.0000000 221.0343947 221.0298354 
677.0000000 220.8379761 220.8334169 
678.0000000 220.6415576 220.6369983 
679.0000000 220.4451390 220.4405798 
680.0000000 220.2487205 220.2441612 
681.0000000 220.0523019 220.0477427 
682.0000000 219.8558834 219.8513241 
683.0000000 219.6594648 219.6549056 
684.0000000 219.4630463 219.4584870 
685.0000000 219.2666277 219.2620685 
686.0000000 219.0702092 219.0656499 
687.0000000 218.8737906 218.8692314 
688.0000000 218.6773721 218.6728128 
689.0000000 218.4809535 218.4763942 
690.0000000 218.2845350 218.2799757 
691.0000000 218.0881164 218.0835571 
692.0000000 217.8916979 217.8871386 
693.0000000 217.6952793 217.6907200 
694.0000000 217.4988608 217.4943015 
695.0000000 217.3024422 217.2978829 
696.0000000 217.1060237 217.1014644 
697.0000000 216.9096051 216.9050458 
698.0000000 216.7131866 216.7086273 
699.0000000 216.5167680 216.5122087 
700.0000000 216.3203495 216.3157902 
701.0000000 216.1239309 216.1193716 
702.0000000 215.9275124 215.9229531 
703.0000000 215.7310938 215.7265345 
704.0000000 215.5346753 215.5301160 
705.0000000 215.3382567 215.3336974 
706.0000000 215.1418382 215.1372789 
707.0000000 214.9454196 214.9408603 
708.0000000 214.7490011 214.7444418 
709.0000000 214.5525825 214.5480232 
710.0000000 214.3561640 214.3516047 
711.0000000 214.1597454 214.1551861 
712.0000000 213.9633269 213.9587676 
713.0000000 213.7669083 213.7623490 
714.0000000 213.5704897 213.5659305 
715.0000000 213.3740712 213.3695119 
716.0000000 213.1776526 213.1730934 
717.0000000 212.9812341 212.9766748 
718.0000000 212.7848155 212.7802563 
719.0000000 212.5883970 212.5838377 
720.0000000 212.3919784 212.3874192 
721.0000000 212.1955599 212.1910006 
722.0000000 211.9991413 211.9945821 
723.0000000 211.8027228 211.7981635 
724.0000000 211.6063042 211.6017450 
725.0000000 211.4098857 211.4053264 
726.0000000 211.2134671 211.2089079 
727.0000000 211.0170486 211.0124893 
728.0000000 210.8206300 210.8160708 
729.0000000 210.6242115 210.6196522 
730.0000000 210.4277929 210.4232337 
731.0000000 210.2313744 210.2268151 
732.0000000 210.0349558 210.0303966 
733.0000000 209.8385373 209.8339780 
734.0000000 209.6421187 209.6375595 
735.0000000 209.4457002 209.4411409 
736.0000000 209.2492816 209.2447224 
737.0000000 209.0528631 209.0483038 
738.0000000 208.8564445 208.8518853 
739.0000000 208.6600260 208.6554667 
740.0000000 208.4636074 208.4590482 
741.0000000 208.2671889 208.2626296 
742.0000000 208.0707703 208.0662111 
743.0000000 207.8743518 207.8697925 
744.0000000 207.6779332 207.6733740 
745.0000000 207.4815147 207.4769554 
746.0000000 207.2850961 207.2805369 
747.0000000 207.0886776 207.0841183 
748.0000000 206.8922590 206.8876998 
749.0000000 206.6958405 206.6912812 
750.0000000 206.4994219 206.4948627 
751.0000000 206.3030034 206.2984441 
752.0000000 206.1065848 206.1020256 
753.0000000 205.9101663 205.9056070 
754.0000000 205.7137477 205.7091885 
755.0000000 205.5173292 205.5127699 
756.0000000 205.3209106 205.3163514 
757.0000000 205.1244921 205.1199328 
758.0000000 204.9280735 204.9235143 
759.0000000 204.7316550 204.7270957 
760.0000000 204.5352364 204.5306772 
761.0000000 204.3388179 204.3342586 
762.0000000 204.1423993 204.1378401 
763.0000000 203.9459808 203.9414215 
764.0000000 203.7495622 203.7450030 
765.0000000 203.5531437 203.5485844 
766.0000000 203.3567251 203.3521659 
767.0000000 203.1603066 203.1557473 
768.0000000 202.9638880 202.9593288 
769.0000000 202.7674695 202.7629102 
770.0000000 202.5710509 202.5664917 
771.0000000 202.3746324 202.3700731 
772.0000000 202.1782138 202.1736546 
773.0000000 201.9817953 201.9772360 
774.0000000 201.7853767 201.7808175 
775.0000000 201.5889582 201.5843989 
776.0000000 201.3925396 201.3879804 
777.0000000 201.1961211 201.1915618 
778.0000000 200.9997025 200.9951433 
779.0000000 200.8032840 200.7987247 
780.0000000 200.6068654 200.6023062 
781.0000000 200.4104469 200.4058876 
782.0000000 200.2140283 200.2094691 
783.0000000 200.0176098 200.0130505 
784.0000000 199.8211912 199.8166320 
785.0000000 199.6247727 199.6202134 
786.0000000 199.4283541 199.4237949 
787.0000000 199.2319356 199.2273763 
788.0000000 199.0355170 199.0309578 
789.0000000 198.8390985 198.8345392 
790.0000000 198.6426799 198.6381207 
791.0000000 198.4462614 198.4417021 
792.0000000 198.2498428 198.2452836 
793.0000000 198.0534243 198.0488650 
794.0000000 197.8570057 197.8524465 
795.0000000 197.6605872 197.6560279 
796.0000000 197.4641686 197.4596094 
797.0000000 197.2677501 197.2631908 
798.0000000 197.0713315 197.0667723 
799.0000000 196.8749130 196.8703537 
800.0000000 196.6784944 196.6739352 
801.0000000 196.4820759 196.4775166 
802.0000000 196.2856573 196.2810981 
803.0000000 196.0892388 196.0846795 
804.0000000 195.8928202 195.8882610 
805.0000000 195.6964017 195.6918424 
806.0000000 195.4999831 195.4954239 
807.0000000 195.3035646 195.2990053 
808.0000000 195.1071460 195.1025868 
809.0000000 194.9107275 194.9061682 
810.0000000 194.7143089 194.7097497 
811.0000000 194.5178904 194.5133311 
812.0000000 194.3214718 194.3169126 
813.0000000 194.1250533 194.1204940 
814.0000000 193.9286347 193.9240755 
815.0000000 193.7322162 193.7276569 
816.0000000 193.5357976 193.5312384 
817.0000000 193.3393791 193.3348198 
818.0000000 193.1429605 193.1384013 
819.0000000 192.9465420 192.9419827 
820.0000000 192.7501234 192.7455642 
821.0000000 192.5537049 192.5491456 
822.0000000 192.3572863 192.3527271 
823.0000000 192.1608678 192.1563085 
824.0000000 191.9644492 191.9598900 
825.0000000 191.7680307 191.7634714 
826.0000000 191.5716121 191.5670529 
827.0000000 191.3751936 191.3706343 
828.0000000 191.1787750 191.1742158 
829.0000000 190.9823565 190.9777972 
830.0000000 190.7859379 190.7813787 
831.0000000 190.5895194 190.5849601 
832.0000000 190.3931008 190.3885416 
833.0000000 190.1966823 190.1921230 
834.0000000 190.0002637 189.9957045 
835.0000000 189.8038452 189.7992859 
836.0000000 189.6074266 189.6028674 
837.0000000 189.4110081 189.4064488 
838.0000000 189.2145895 189.2100303 
839.0000000 189.0181710 189.0136117 
840.0000000 188.8217524 188.8171932 
841.0000000 188.6253339 188.6207746 
842.0000000 188.4289153 188.4243560 
843.0000000 188.2324968 188.2279375 
844.0000000 188.0360782 188.0315189 
845.0000000 187.8396597 187.8351004 
846.0000000 187.6432411 187.6386818 
847.0000000 187.4468226 187.4422633 
848.0000000 187.2504040 187.2458447 
849.0000000 187.0539855 187.0494262 
850.0000000 186.8575669 186.8530076 
851.0000000 186.6611484 186.6565891 
852.0000000 186.4647298 186.4601705 
853.0000000 186.2683113 186.2637520 
854.0000000 186.0718927 186.0673334 
855.0000000 185.8754742 185.8709149 
856.0000000 185.6790556 185.6744963 
857.0000000 185.4826371 185.4780778 
858.0000000 185.2862185 185.2816592 
859.0000000 185.0898000 185.0852407 
860.0000000 184.8933814 184.8888221 
861.0000000 184.6969629 184.6924036 
862.0000000 184.5005443 184.4959850 
863.0000000 184.3041258 184.2995665 
864.0000000 184.1077072 184.1031479 
865.0000000 183.9112887 183.9067294 
866.0000000 183.7148701 183.7103108 
867.0000000 183.5184515 183.5138923 
868.0000000 183.3220330 183.3174737 
869.0000000 183.1256144 183.1210552 
870.0000000 182.9291959 182.9246366 
871.0000000 182.7327773 182.7282181 
872.0000000 182.5363588 182.5317995 
873.0000000 182.3399402 182.3353810 
874.0000000 182.1435217 182.1389624 
875.0000000 181.9471031 181.9425439 
876.0000000 181.7506846 181.7461253 
877.0000000 181.5542660 181.5497068 
878.0000000 181.3578475 181.3532882 
879.0000000 181.1614289 181.1568697 
880.0000000 180.9650104 180.9604511 
881.0000000 180.7685918 180.7640326 
882.0000000 180.5721733 180.5676140 
883.0000000 180.3757547 180.3711955 
884.0000000 180.1793362 180.1747769 
885.0000000 179.9829176 179.9783584 
886.0000000 179.7864991 179.7819398 
887.0000000 179.5900805 179.5855213 
888.0000000 179.3936620 179.3891027 
889.0000000 179.1972434 179.1926842 
890.0000000 179.0008249 178.9962656 
891.0000000 178.8044063 178.7998471 
892.0000000 178.6079878 178.6034285 
893.0000000 178.4115692 178.4070100 
894.0000000 178.2151507 178.2105914 
895.0000000 178.0187321 178.0141729 
896.0000000 177.8223136 177.8177543 
897.0000000 177.6258950 177.6213358 
898.0000000 177.4294765 177.4249172 
899.0000000 177.2330579 177.2284987 
900.0000000 177.0366394 177.0320801 
901.0000000 176.8402208 176.8356616 
902.0000000 176.6438023 176.6392430 
903.0000000 176.4473837 176.4428245 
904.0000000 176.2509652 176.2464059 
905.0000000 176.0545466 176.0499874 
906.0000000 175.8581281 175.8535688 
907.0000000 175.6617095 175.6571503 
908.0000000 175.4652910 175.4607317 
909.0000000 175.2688724 175.2643132 
910.0000000 175.0724539 175.0678946 
911.0000000 174.8760353 174.8714761 
912.0000000 174.6796168 174.6750575 
913.0000000 174.4831982 174.4786390 
914.0000000 174.2867797 174.2822204 
915.0000000 174.0903611 174.0858019 
916.0000000 173.8939426 173.8893833 
917.0000000 173.6975240 173.6929648 
918.0000000 173.5011055 173.4965462 
919.0000000 173.3046869 173.3001277 
920.0000000 173.1082684 173.1037091 
921.0000000 172.9118498 172.9072906 
922.0000000 172.7154313 172.7108720 
923.0000000 172.5190127 172.5144535 
924.0000000 172.3225942 172.3180349 
925.0000000 172.1261756 172.1216164 
926.0000000 171.9297571 171.9251978 
927.0000000 171.7333385 171.7287793 
928.0000000 171.5369200 171.5323607 
929.0000000 171.3405014 171.3359422 
930.0000000 171.1440829 171.1395236 
931.0000000 170.9476643 170.9431051 
932.0000000 170.7512458 170.7466865 
933.0000000 170.5548272 170.5502680 
934.0000000 170.3584087 170.3538494 
935.0000000 170.1619901 170.1574309 
936.0000000 169.9655716 169.9610123 
937.0000000 169.7691530 169.7645938 
938.0000000 169.5727345 169.5681752 
939.0000000 169.3763159 169.3717567 
940.0000000 169.1798974 169.1753381 
941.0000000 168.9834788 168.9789196 
942.0000000 168.7870603 168.7825010 
943.0000000 168.5906417 168.5860825 
944.0000000 168.3942232 168.3896639 
945.0000000 168.1978046 168.1932454 
946.0000000 168.0013861 167.9968268 
947.0000000 167.8049675 167.8004083 
948.0000000 167.6085490 167.6039897 
949.0000000 167.4121304 167.4075712 
950.0000000 167.2157119 167.2111526 
951.0000000 167.0192933 167.0147341 
952.0000000 166.8228748 166.8183155 
953.0000000 166.6264562 166.6218970 
954.0000000 166.4300377 166.4254784 
955.0000000 166.2336191 166.2290599 
956.0000000 166.0372006 166.0326413 
957.0000000 165.8407820 165.8362228 
958.0000000 165.6443635 165.6398042 
959.0000000 165.4479449 165.4433857 
960.0000000 165.2515264 165.2469671 
961.0000000 165.0551078 165.0505486 
962.0000000 164.8586893 164.8541300 
963.0000000 164.6622707 164.6577115 
964.0000000 164.4658522 164.4612929 
965.0000000 164.2694336 164.2648744 
966.0000000 164.0730151 164.0684558 
967.0000000 163.8765965 163.8720373 
968.0000000 163.6801780 163.6756187 
969.0000000 163.4837594 163.4792002 
970.0000000 163.2873409 163.2827816 
971.0000000 163.0909223 163.0863631 
972.0000000 162.8945038 162.8899445 
973.0000000 162.6980852 162.6935260 
974.0000000 162.5016667 162.4971074 
975.0000000 162.3052481 162.3006889 
976.0000000 162.1088296 162.1042703 
977.0000000 161.9124110 161.9078518 
978.0000000 161.7159925 161.7114332 
979.0000000 161.5195739 161.5150147 
980.0000000 161.3231554 161.3185961 
981.0000000 161.1267368 161.1221776 
982.0000000 160.9303183 160.9257590 
983.0000000 160.7338997 160.7293405 
984.0000000 160.5374812 160.5329219 
985.0000000 160.3410626 160.3365034 
986.0000000 160.1446441 160.1400848 
987.0000000 159.9482255 159.9436663 
988.0000000 159.7518070 159.7472477 
989.0000000 159.5553884 159.5508292 
990.0000000 159.3589699 159.3544106 
991.0000000 159.1625513 159.1579921 
992.0000000 158.9661328 158.9615735 
993.0000000 158.7697142 158.7651549 
994.0000000 158.5732957 158.5687364 
995.0000000 158.3768771 158.3723178 
996.0000000 158.1804586 158.1758993 
997.0000000 157.9840400 157.9794807 
998.0000000 157.7876215 157.7830622 
999.0000000 157.5912029 157.5866436 
1000.0000000 157.3947844 157.3902251 
1001.0000000 157.1983658 157.1938065 
1002.0000000 157.0019473 156.9973880 
1003.0000000 156.8055287 156.8009694 
1004.0000000 156.6091102 156.6045509 
1005.0000000 156.4126916 156.4081323 
1006.0000000 156.2162731 156.2117138 
1007.0000000 156.0198545 156.0152952 
1008.0000000 155.8234360 155.8188767 
1009.0000000 155.6270174 155.6224581 
1010.0000000 155.4305989 155.4260396 
1011.0000000 155.2341803 155.2296210 
1012.0000000 155.0377618 155.0332025 
1013.0000000 154.8413432 154.8367839 
1014.0000000 154.6449247 154.6403654 
1015.0000000 154.4485061 154.4439468 
1016.0000000 154.2520876 154.2475283 
1017.0000000 154.0556690 154.0511097 
1018.0000000 153.8592504 153.8546912 
1019.0000000 153.6628319 153.6582726 
1020.0000000 153.4664133 153.4618541 
1021.0000000 153.2699948 153.2654355 
1022.0000000 153.0735762 153.0690170 
1023.0000000 152.8771577 152.8725984 
1024.0000000 152.6807391 152.6761799 
1025.0000000 152.4843206 152.4797613 
1026.0000000 152.2879020 152.2833428 
1027.0000000 152.0914835 152.0869242 
1028.0000000 151.8950649 151.8905057 
1029.0000000 151.6986464 151.6940871 
1030.0000000 151.5022278 151.4976686 
1031.0000000 151.3058093 151.3012500 
1032.0000000 151.1093907 151.1048315 
1033.0000000 150.9129722 150.9084129 
1034.0000000 150.7165536 150.7119944 
1035.0000000 150.5201351 150.5155758 
1036.0000000 150.3237165 150.3191573 
1037.0000000 150.1272980 150.1227387 
1038.0000000 149.9308794 149.9263202 
1039.0000000 149.7344609 149.7299016 
1040.0000000 149.5380423 149.5334831 
1041.0000000 149.3416238 149.3370645 
1042.0000000 149.1452052 149.1406460 
1043.0000000 148.9487867 148.9442274 
1044.0000000 148.7523681 148.7478089 
1045.0000000 148.5559496 148.5513903 
1046.0000000 148.3595310 148.3549718 
1047.0000000 148.1631125 148.1585532 
1048.0000000 147.9666939 147.9621347 
1049.0000000 147.7702754 147.7657161 
1050.0000000 147.5738568 147.5692976 
1051.0000000 147.3774383 147.3728790 
1052.0000000 147.1810197 147.1764605 
1053.0000000 146.9846012 146.9800419 
1054.0000000 146.7881826 146.7836234 
1055.0000000 146.5917641 146.5872048 
1056.0000000 146.3953455 146.3907863 
1057.0000000 146.1989270 146.1943677 
1058.0000000 146.0025084 145.9979492 
1059.0000000 145.8060899 145.8015306 
1060.0000000 145.6096713 145.6051121 
1061.0000000 145.4132528 145.4086935 
1062.0000000 145.2168342 145.2122750 
1063.0000000 145.0204157 145.0158564 
1064.0000000 144.8239971 144.8194379 
1065.0000000 144.6275786 144.6230193 
1066.0000000 144.4311600 144.4266008 
1067.0000000 144.2347415 144.2301822 
1068.0000000 144.0383229 144.0337637 
1069.0000000 143.8419044 143.8373451 
1070.0000000 143.6454858 143.6409266 
1071.0000000 143.4490673 143.4445080 
1072.0000000 143.2526487 143.2480895 
1073.0000000 143.0562302 143.0516709 
1074.0000000 142.8598116 142.8552524 
1075.0000000 142.6633931 142.6588338 
1076.0000000 142.4669745 142.4624153 
1077.0000000 142.2705560 142.2659967 
1078.0000000 142.0741374 142.0695782 
1079.0000000 141.8777189 141.8731596 
1080.0000000 141.6813003 141.6767411 
1081.0000000 141.4848818 141.4803225 
1082.0000000 141.2884632 141.2839040 
1083.0000000 141.0920447 141.0874854 
1084.0000000 140.8956261 140.8910669 
1085.0000000 140.6992076 140.6946483 
1086.0000000 140.5027890 140.4982298 
1087.0000000 140.3063705 140.3018112 
1088.0000000 140.1099519 140.1053927 
1089.0000000 139.9135334 139.9089741 
1090.0000000 139.7171148 139.7125556 
1091.0000000 139.5206963 139.5161370 
1092.0000000 139.3242777 139.3197185 
1093.0000000 139.1278592 139.1232999 
1094.0000000 138.9314406 138.9268814 
1095.0000000 138.7350221 138.7304628 
1096.0000000 138.5386035 138.5340443 
1097.0000000 138.3421850 138.3376257 
1098.0000000 138.1457664 138.1412072 
1099.0000000 137.9493479 137.9447886 
1100.0000000 137.7529293 137.7483701 
1101.0000000 137.5565108 137.5519515 
1102.0000000 137.3600922 137.3555330 
1103.0000000 137.1636737 137.1591144 
1104.0000000 136.9672551 136.9626959 
1105.0000000 136.7708366 136.7662773 
1106.0000000 136.5744180 136.5698588 
1107.0000000 136.3779995 136.3734402 
1108.0000000 136.1815809 136.1770217 
1109.0000000 135.9851624 135.9806031 
1110.0000000 135.7887438 135.7841846 
1111.0000000 135.5923253 135.5877660 
1112.0000000 135.3959067 135.3913475 
1113.0000000 135.1994882 135.1949289 
1114.0000000 135.0030696 134.9985104 
1115.0000000 134.8066511 134.8020918 
1116.0000000 134.6102325 134.6056733 
1117.0000000 134.4138140 134.4092547 
1118.0000000 134.2173954 134.2128362 
1119.0000000 134.0209769 134.0164176 
1120.0000000 133.8245583 133.8199991 
1121.0000000 133.6281398 133.6235805 
1122.0000000 133.4317212 133.4271620 
1123.0000000 133.2353027 133.2307434 
1124.0000000 133.0388841 133.0343249 
1125.0000000 132.8424656 132.8379063 
1126.0000000 132.6460470 132.6414878 
1127.0000000 132.4496285 132.4450692 
1128.0000000 132.2532099 132.2486507 
1129.0000000 132.0567914 132.0522321 
1130.0000000 131.8603728 131.8558136 
1131.0000000 131.6639543 131.6593950 
1132.0000000 131.4675357 131.4629765 
1133.0000000 131.2711172 131.2665579 
1134.0000000 131.0746986 131.0701394 
1135.0000000 130.8782801 130.8737208 
1136.0000000 130.6818615 130.6773023 
1137.0000000 130.4854430 130.4808837 
1138.0000000 130.2890244 130.2844652 
1139.0000000 130.0926059 130.0880466 
1140.0000000 129.8961873 129.8916281 
1141.0000000 129.6997688 129.6952095 
1142.0000000 129.5033502 129.4987910 
1143.0000000 129.3069317 129.3023724 
1144.0000000 129.1105131 129.1059538 
1145.0000000 128.9140946 128.9095353 
1146.0000000 128.7176760 128.7131167 
1147.0000000 128.5212575 128.5166982 
1148.0000000 128.3248389 128.3202796 
1149.0000000 128.1284204 128.1238611 
1150.0000000 127.9320018 127.9274425 
1151.0000000 127.7355833 127.7310240 
1152.0000000 127.5391647 127.5346054 
1153.0000000 127.3427462 127.3381869 
1154.0000000 127.1463276 127.1417683 
1155.0000000 126.9499091 126.9453498 
1156.0000000 126.7534905 126.7489312 
1157.0000000 126.5570720 126.5525127 
1158.0000000 126.3606534 126.3560941 
1159.0000000 126.1642349 126.1596756 
1160.0000000 125.9678163 125.9632570 
1161.0000000 125.7713978 125.7668385 
1162.0000000 125.5749792 125.5704199 
1163.0000000 125.3785607 125.3740014 
1164.0000000 125.1821421 125.1775828 
1165.0000000 124.9857236 124.9811643 
1166.0000000 124.7893050 124.7847457 
1167.0000000 124.5928865 124.5883272 
1168.0000000 124.3964679 124.3919086 
1169.0000000 124.2000493 124.1954901 
1170.0000000 124.0036308 123.9990715 
1171.0000000 123.8072122 123.8026530 
1172.0000000 123.6107937 123.6062344 
1173.0000000 123.4143751 123.4098159 
1174.0000000 123.2179566 123.2133973 
1175.0000000 123.0215380 123.0169788 
1176.0000000 122.8251195 122.8205602 
1177.0000000 122.6287009 122.6241417 
1178.0000000 122.4322824 122.4277231 
1179.0000000 122.2358638 122.2313046 
1180.0000000 122.0394453 122.0348860 
1181.0000000 121.8430267 121.8384675 
1182.0000000 121.6466082 121.6420489 
1183.0000000 121.4501896 121.4456304 
1184.0000000 121.2537711 121.2492118 
1185.0000000 121.0573525 121.0527933 
1186.0000000 120.8609340 120.8563747 
1187.0000000 120.6645154 120.6599562 
1188.0000000 120.4680969 120.4635376 
1189.0000000 120.2716783 120.2671191 
1190.0000000 120.0752598 120.0707005 
1191.0000000 119.8788412 119.8742820 
1192.0000000 119.6824227 119.6778634 
1193.0000000 119.4860041 119.4814449 
1194.0000000 119.2895856 119.2850263 
1195.0000000 119.0931670 119.0886078 
1196.0000000 118.8967485 118.8921892 
1197.0000000 118.7003299 118.6957707 
1198.0000000 118.5039114 118.4993521 
1199.0000000 118.3074928 118.3029336 
1200.0000000 118.1110743 118.1065150 
1201.0000000 117.9146557 117.9100965 
1202.0000000 117.7182372 117.7136779 
1203.0000000 117.5218186 117.5172594 
1204.0000000 117.3254001 117.3208408 
1205.0000000 117.1289815 117.1244223 
1206.0000000 116.9325630 116.9280037 
1207.0000000 116.7361444 116.7315852 
1208.0000000 116.5397259 116.5351666 
1209.0000000 116.3433073 116.3387481 
1210.0000000 116.1468888 116.1423295 
1211.0000000 115.9504702 115.9459110 
1212.0000000 115.7540517 115.7494924 
1213.0000000 115.5576331 115.5530739 
1214.0000000 115.3612146 115.3566553 
1215.0000000 115.1647960 115.1602368 
1216.0000000 114.9683775 114.9638182 
1217.0000000 114.7719589 114.7673997 
1218.0000000 114.5755404 114.5709811 
1219.0000000 114.3791218 114.3745626 
1220.0000000 114.1827033 114.1781440 
1221.0000000 113.9862847 113.9817255 
1222.0000000 113.7898662 113.7853069 
1223.0000000 113.5934476 113.5888884 
1224.0000000 113.3970291 113.3924698 
1225.0000000 113.2006105 113.1960513 
1226.0000000 113.0041920 112.9996327 
1227.0000000 112.8077734 112.8032142 
1228.0000000 112.6113549 112.6067956 
1229.0000000 112.4149363 112.4103771 
1230.0000000 112.2185178 112.2139585 
1231.0000000 112.0220992 112.0175400 
1232.0000000 111.8256807 111.8211214 
1233.0000000 111.6292621 111.6247029 
1234.0000000 111.4328436 111.4282843 
1235.0000000 111.2364250 111.2318658 
1236.0000000 111.0400065 111.0354472 
1237.0000000 110.8435879 110.8390287 
1238.0000000 110.6471694 110.6426101 
1239.0000000 110.4507508 110.4461916 
1240.0000000 110.2543323 110.2497730 
1241.0000000 110.0579137 110.0533545 
1242.0000000 109.8614952 109.8569359 
1243.0000000 109.6650766 109.6605174 
1244.0000000 109.4686581 109.4640988 
1245.0000000 109.2722395 109.2676803 
1246.0000000 109.0758210 109.0712617 
1247.0000000 108.8794024 108.8748432 
1248.0000000 108.6829839 108.6784246 
1249.0000000 108.4865653 108.4820061 
1250.0000000 108.2901468 108.2855875 
1251.0000000 108.0937282 108.0891690 
1252.0000000 107.8973097 107.8927504 
1253.0000000 107.7008911 107.6963319 
1254.0000000 107.5044726 107.4999133 
1255.0000000 107.3080540 107.3034948 
1256.0000000 107.1116355 107.1070762 
1257.0000000 106.9152169 106.9106577 
1258.0000000 106.7187984 106.7142391 
1259.0000000 106.5223798 106.5178206 
1260.0000000 106.3259613 106.3214020 
1261.0000000 106.1295427 106.1249835 
1262.0000000 105.9331242 105.9285649 
1263.0000000 105.7367056 105.7321464 
1264.0000000 105.5402871 105.5357278 
1265.0000000 105.3438685 105.3393093 
1266.0000000 105.1474500 105.1428907 
1267.0000000 104.9510314 104.9464722 
1268.0000000 104.7546129 104.7500536 
1269.0000000 104.5581943 104.5536351 
1270.0000000 104.3617758 104.3572165 
1271.0000000 104.1653572 104.1607980 
1272.0000000 103.9689387 103.9643794 
1273.0000000 103.7725201 103.7679609 
1274.0000000 103.5761016 103.5715423 
1275.0000000 103.3796830 103.3751238 
1276.0000000 103.1832645 103.1787052 
1277.0000000 102.9868459 102.9822867 
1278.0000000 102.7904274 102.7858681 
1279.0000000 102.5940088 102.5894496 
1280.0000000 102.3975903 102.3930310 
1281.0000000 102.2011717 102.1966125 
1282.0000000 102.0047532 102.0001939 
1283.0000000 101.8083346 101.8037754 
1284.0000000 101.6119161 101.6073568 
1285.0000000 101.4154975 101.4109383 
1286.0000000 101.2190790 101.2145197 
1287.0000000 101.0226604 101.0181012 
1288.0000000 100.8262419 100.8216826 
1289.0000000 100.6298233 100.6252641 
1290.0000000 100.4334048 100.4288455 
1291.0000000 100.2369862 100.2324270 
1292.0000000 100.0405677 100.0360084 
1293.0000000 99.8441491 99.8395899 
1294.0000000 99.6477306 99.6431713 
1295.0000000 99.4513120 99.4467528 
1296.0000000 99.2548935 99.2503342 
1297.0000000 99.0584749 99.0539156 
1298.0000000 98.8620564 98.8574971 
1299.0000000 98.6656378 98.6610785 
1300.0000000 98.4692193 98.4646600 
1301.0000000 98.2728007 98.2682414 
1302.0000000 98.0763822 98.0718229 
1303.0000000 97.8799636 97.8754043 
1304.0000000 97.6835451 97.6789858 
1305.0000000 97.4871265 97.4825672 
1306.0000000 97.2907080 97.2861487 
1307.0000000 97.0942894 97.0897301 
1308.0000000 96.8978709 96.8933116 
1309.0000000 96.7014523 96.6968930 
1310.0000000 96.5050338 96.5004745 
1311.0000000 96.3086152 96.3040559 
1312.0000000 96.1121967 96.1076374 
1313.0000000 95.9157781 95.9112188 
1314.0000000 95.7193596 95.7148003 
1315.0000000 95.5229410 95.5183817 
1316.0000000 95.3265225 95.3219632 
1317.0000000 95.1301039 95.1255446 
1318.0000000 94.9336854 94.9291261 
1319.0000000 94.7372668 94.7327075 
1320.0000000 94.5408483 94.5362890 
1321.0000000 94.3444297 94.3398704 
1322.0000000 94.1480111 94.1434519 
1323.0000000 93.9515926 93.9470333 
1324.0000000 93.7551740 93.7506148 
1325.0000000 93.5587555 93.5541962 
1326.0000000 93.3623369 93.3577777 
1327.0000000 93.1659184 93.1613591 
1328.0000000 92.9694998 92.9649406 
1329.0000000 92.7730813 92.7685220 
1330.0000000 92.5766627 92.5721035 
1331.0000000 92.3802442 92.3756849 
1332.0000000 92.1838256 92.1792664 
1333.0000000 91.9874071 91.9828478 
1334.0000000 91.7909885 91.7864293 
1335.0000000 91.5945700 91.5900107 
1336.0000000 91.3981514 91.3935922 
1337.0000000 91.2017329 91.1971736 
1338.0000000 91.0053143 91.0007551 
1339.0000000 90.8088958 90.8043365 
1340.0000000 90.6124772 90.6079180 
1341.0000000 90.4160587 90.4114994 
1342.0000000 90.2196401 90.2150809 
1343.0000000 90.0232216 90.0186623 
1344.0000000 89.8268030 89.8222438 
1345.0000000 89.6303845 89.6258252 
1346.0000000 89.4339659 89.4294067 
1347.0000000 89.2375474 89.2329881 
1348.0000000 89.0411288 89.0365696 
1349.0000000 88.8447103 88.8401510 
1350.0000000 88.6482917 88.6437325 
1351.0000000 88.4518732 88.4473139 
1352.0000000 88.2554546 88.2508954 
1353.0000000 88.0590361 88.0544768 
1354.0000000 87.8626175 87.8580583 
1355.0000000 87.6661990 87.6616397 
1356.0000000 87.4697804 87.4652212 
1357.0000000 87.2733619 87.2688026 
1358.0000000 87.0769433 87.0723841 
1359.0000000 86.8805248 86.8759655 
1360.0000000 86.6841062 86.6795470 
1361.0000000 86.4876877 86.4831284 
1362.0000000 86.2912691 86.2867099 
1363.0000000 86.0948506 86.0902913 
1364.0000000 85.8984320 85.8938728 
1365.0000000 85.7020135 85.6974542 
1366.0000000 85.5055949 85.5010357 
1367.0000000 85.3091764 85.3046171 
1368.0000000 85.1127578 85.1081986 
1369.0000000 84.9163393 84.9117800 
1370.0000000 84.7199207 84.7153615 
1371.0000000 84.5235022 84.5189429 
1372.0000000 84.3270836 84.3225244 
1373.0000000 84.1306651 84.1261058 
1374.0000000 83.9342465 83.9296873 
1375.0000000 83.7378280 83.7332687 
1376.0000000 83.5414094 83.5368502 
1377.0000000 83.3449909 83.3404316 
1378.0000000 83.1485723 83.1440131 
1379.0000000 82.9521538 82.9475945 
1380.0000000 82.7557352 82.7511760 
1381.0000000 82.5593167 82.5547574 
1382.0000000 82.3628981 82.3583389 
1383.0000000 82.1664796 82.1619203 
1384.0000000 81.9700610 81.9655018 
1385.0000000 81.7736425 81.7690832 
1386.0000000 81.5772239 81.5726647 
1387.0000000 81.3808054 81.3762461 
1388.0000000 81.1843868 81.1798276 
1389.0000000 80.9879683 80.9834090 
1390.0000000 80.7915497 80.7869905 
1391.0000000 80.5951312 80.5905719 
1392.0000000 80.3987126 80.3941534 
1393.0000000 80.2022941 80.1977348 
1394.0000000 80.0058755 80.0013163 
1395.0000000 79.8094570 79.8048977 
1396.0000000 79.6130384 79.6084792 
1397.0000000 79.4166199 79.4120606 
1398.0000000 79.2202013 79.2156421 
1399.0000000 79.0237828 79.0192235 
1400.0000000 78.8273642 78.8228050 
1401.0000000 78.6309457 78.6263864 
1402.0000000 78.4345271 78.4299679 
1403.0000000 78.2381086 78.2335493 
1404.0000000 78.0416900 78.0371308 
1405.0000000 77.8452715 77.8407122 
1406.0000000 77.6488529 77.6442937 
1407.0000000 77.4524344 77.4478751 
1408.0000000 77.2560158 77.2514566 
1409.0000000 77.0595973 77.0550380 
1410.0000000 76.8631787 76.8586195 
1411.0000000 76.6667602 76.6622009 
1412.0000000 76.4703416 76.4657824 
1413.0000000 76.2739231 76.2693638 
1414.0000000 76.0775045 76.0729453 
1415.0000000 75.8810860 75.8765267 
1416.0000000 75.6846674 75.6801082 
1417.0000000 75.4882489 75.4836896 
1418.0000000 75.2918303 75.2872711 
1419.0000000 75.0954118 75.0908525 
1420.0000000 74.8989932 74.8944340 
1421.0000000 74.7025747 74.6980154 
1422.0000000 74.5061561 74.5015969 
1423.0000000 74.3097376 74.3051783 
1424.0000000 74.1133190 74.1087598 
1425.0000000 73.9169005 73.9123412 
1426.0000000 73.7204819 73.7159227 
1427.0000000 73.5240634 73.5195041 
1428.0000000 73.3276448 73.3230856 
1429.0000000 73.1312263 73.1266670 
1430.0000000 72.9348077 72.9302485 
1431.0000000 72.7383892 72.7338299 
1432.0000000 72.5419706 72.5374114 
1433.0000000 72.3455521 72.3409928 
1434.0000000 72.1491335 72.1445743 
1435.0000000 71.9527150 71.9481557 
1436.0000000 71.7562964 71.7517372 
1437.0000000 71.5598779 71.5553186 
1438.0000000 71.3634593 71.3589001 
1439.0000000 71.1670408 71.1624815 
1440.0000000 70.9706222 70.9660630 
1441.0000000 70.7742037 70.7696444 
1442.0000000 70.5777851 70.5732259 
1443.0000000 70.3813666 70.3768073 
1444.0000000 70.1849480 70.1803888 
1445.0000000 69.9885295 69.9839702 
1446.0000000 69.7921109 69.7875517 
1447.0000000 69.5956924 69.5911331 
1448.0000000 69.3992738 69.3947145 
1449.0000000 69.2028553 69.1982960 
1450.0000000 69.0064367 69.0018774 
1451.0000000 68.8100182 68.8054589 
1452.0000000 68.6135996 68.6090403 
1453.0000000 68.4171811 68.4126218 
1454.0000000 68.2207625 68.2162032 
1455.0000000 68.0243440 68.0197847 
1456.0000000 67.8279254 67.8233661 
1457.0000000 67.6315069 67.6269476 
1458.0000000 67.4350883 67.4305290 
1459.0000000 67.2386698 67.2341105 
1460.0000000 67.0422512 67.0376919 
1461.0000000 66.8458327 66.8412734 
1462.0000000 66.6494141 66.6448548 
1463.0000000 66.4529956 66.4484363 
1464.0000000 66.2565770 66.2520177 
1465.0000000 66.0601585 66.0555992 
1466.0000000 65.8637399 65.8591806 
1467.0000000 65.6673214 65.6627621 
1468.0000000 65.4709028 65.4663435 
1469.0000000 65.2744843 65.2699250 
1470.0000000 65.0780657 65.0735064 
1471.0000000 64.8816472 64.8770879 
1472.0000000 64.6852286 64.6806693 
1473.0000000 64.4888100 64.4842508 
1474.0000000 64.2923915 64.2878322 
1475.0000000 64.0959729 64.0914137 
1476.0000000 63.8995544 63.8949951 
1477.0000000 63.7031358 63.6985766 
1478.0000000 63.5067173 63.5021580 
1479.0000000 63.3102987 63.3057395 
1480.0000000 63.1138802 63.1093209 
1481.0000000 62.9174616 62.9129024 
1482.0000000 62.7210431 62.7164838 
1483.0000000 62.5246245 62.5200653 
1484.0000000 62.3282060 62.3236467 
1485.0000000 62.1317874 62.1272282 
1486.0000000 61.9353689 61.9308096 
1487.0000000 61.7389503 61.7343911 
1488.0000000 61.5425318 61.5379725 
1489.0000000 61.3461132 61.3415540 
1490.0000000 61.1496947 61.1451354 
1491.0000000 60.9532761 60.9487169 
1492.0000000 60.7568576 60.7522983 
1493.0000000 60.5604390 60.5558798 
1494.0000000 60.3640205 60.3594612 
1495.0000000 60.1676019 60.1630427 
1496.0000000 59.9711834 59.9666241 
1497.0000000 59.7747648 59.7702056 
1498.0000000 59.5783463 59.5737870 
1499.0000000 59.3819277 59.3773685 
1500.0000000 59.1855092 59.1809499 
1501.0000000 58.9890906 58.9845314 
1502.0000000 58.7926721 58.7881128 
1503.0000000 58.5962535 58.5916943 
1504.0000000 58.3998350 58.3952757 
1505.0000000 58.2034164 58.1988572 
1506.0000000 58.0069979 58.0024386 
1507.0000000 57.8105793 57.8060201 
1508.0000000 57.6141608 57.6096015 
1509.0000000 57.4177422 57.4131830 
1510.0000000 57.2213237 57.2167644 
1511.0000000 57.0249051 57.0203459 
1512.0000000 56.8284866 56.8239273 
1513.0000000 56.6320680 56.6275088 
1514.0000000 56.4356495 56.4310902 
1515.0000000 56.2392309 56.2346717 
1516.0000000 56.0428124 56.0382531 
1517.0000000 55.8463938 55.8418346 
1518.0000000 55.6499753 55.6454160 
1519.0000000 55.4535567 55.4489975 
1520.0000000 55.2571382 55.2525789 
1521.0000000 55.0607196 55.0561604 
1522.0000000 54.8643011 54.8597418 
1523.0000000 54.6678825 54.6633233 
1524.0000000 54.4714640 54.4669047 
1525.0000000 54.2750454 54.2704862 
1526.0000000 54.0786269 54.0740676 
1527.0000000 53.8822083 53.8776491 
1528.0000000 53.6857898 53.6812305 
1529.0000000 53.4893712 53.4848120 
1530.0000000 53.2929527 53.2883934 
1531.0000000 53.0965341 53.0919749 
1532.0000000 52.9001156 52.8955563 
1533.0000000 52.7036970 52.6991378 
1534.0000000 52.5072785 52.5027192 
1535.0000000 52.3108599 52.3063007 
1536.0000000 52.1144414 52.1098821 
1537.0000000 51.9180228 51.9134636 
1538.0000000 51.7216043 51.7170450 
1539.0000000 51.5251857 51.5206265 
1540.0000000 51.3287672 51.3242079 
1541.0000000 51.1323486 51.1277894 
1542.0000000 50.9359301 50.9313708 
1543.0000000 50.7395115 50.7349523 
1544.0000000 50.5430930 50.5385337 
1545.0000000 50.3466744 50.3421152 
1546.0000000 50.1502559 50.1456966 
1547.0000000 49.9538373 49.9492781 
1548.0000000 49.7574188 49.7528595 
1549.0000000 49.5610002 49.5564410 
1550.0000000 49.3645817 49.3600224 
1551.0000000 49.1681631 49.1636039 
1552.0000000 48.9717446 48.9671853 
1553.0000000 48.7753260 48.7707668 
1554.0000000 48.5789075 48.5743482 
1555.0000000 48.3824889 48.3779297 
1556.0000000 48.1860704 48.1815111 
1557.0000000 47.9896518 47.9850926 
1558.0000000 47.7932333 47.7886740 
1559.0000000 47.5968147 47.5922555 
1560.0000000 47.4003962 47.3958369 
1561.0000000 47.2039776 47.1994184 
1562.0000000 47.0075591 47.0029998 
1563.0000000 46.8111405 46.8065813 
1564.0000000 46.6147220 46.6101627 
1565.0000000 46.4183034 46.4137442 
1566.0000000 46.2218849 46.2173256 
1567.0000000 46.0254663 46.0209071 
1568.0000000 45.8290478 45.8244885 
1569.0000000 45.6326292 45.6280700 
1570.0000000 45.4362107 45.4316514 
1571.0000000 45.2397921 45.2352329 
1572.0000000 45.0433736 45.0388143 
1573.0000000 44.8469550 44.8423958 
1574.0000000 44.6505365 44.6459772 
1575.0000000 44.4541179 44.4495587 
1576.0000000 44.2576994 44.2531401 
1577.0000000 44.0612808 44.0567216 
1578.0000000 43.8648623 43.8603030 
1579.0000000 43.6684437 43.6638845 
1580.0000000 43.4720252 43.4674659 
1581.0000000 43.2756066 43.2710474 
1582.0000000 43.0791881 43.0746288 
1583.0000000 42.8827695 42.8782103 
1584.0000000 42.6863510 42.6817917 
1585.0000000 42.4899324 42.4853732 
1586.0000000 42.2935139 42.2889546 
1587.0000000 42.0970953 42.0925361 
1588.0000000 41.9006768 41.8961175 
1589.0000000 41.7042582 41.6996990 
1590.0000000 41.5078397 41.5032804 
1591.0000000 41.3114211 41.3068619 
1592.0000000 41.1150026 41.1104433 
1593.0000000 40.9185840 40.9140248 
1594.0000000 40.7221655 40.7176062 
1595.0000000 40.5257469 40.5211877 
1596.0000000 40.3293284 40.3247691 
1597.0000000 40.1329098 40.1283506 
1598.0000000 39.9364913 39.9319320 
1599.0000000 39.7400727 39.7355134 
1600.0000000 39.5436542 39.5390949 
1601.0000000 39.3472356 39.3426763 
1602.0000000 39.1508171 39.1462578 
1603.0000000 38.9543985 38.9498392 
1604.0000000 38.7579800 38.7534207 
1605.0000000 38.5615614 38.5570021 
1606.0000000 38.3651429 38.3605836 
1607.0000000 38.1687243 38.1641650 
1608.0000000 37.9723058 37.9677465 
1609.0000000 37.7758872 37.7713279 
1610.0000000 37.5794687 37.5749094 
1611.0000000 37.3830501 37.3784908 
1612.0000000 37.1866316 37.1820723 
1613.0000000 36.9902130 36.9856537 
1614.0000000 36.7937945 36.7892352 
1615.0000000 36.5973759 36.5928166 
1616.0000000 36.4009574 36.3963981 
1617.0000000 36.2045388 36.1999795 
1618.0000000 36.0081203 36.0035610 
1619.0000000 35.8117017 35.8071424 
1620.0000000 35.6152832 35.6107239 
1621.0000000 35.4188646 35.4143053 
1622.0000000 35.2224461 35.2178868 
1623.0000000 35.0260275 35.0214682 
1624.0000000 34.8296089 34.8250497 
1625.0000000 34.6331904 34.6286311 
1626.0000000 34.4367718 34.4322126 
1627.0000000 34.2403533 34.2357940 
1628.0000000 34.0439347 34.0393755 
1629.0000000 33.8475162 33.8429569 
1630.0000000 33.6510976 33.6465384 
1631.0000000 33.4546791 33.4501198 
1632.0000000 33.2582605 33.2537013 
1633.0000000 33.0618420 33.0572827 
1634.0000000 32.8654234 32.8608642 
1635.0000000 32.6690049 32.6644456 
1636.0000000 32.4725863 32.4680271 
1637.0000000 32.2761678 32.2716085 
1638.0000000 32.0797492 32.0751900 
1639.0000000 31.8833307 31.8787714 
1640.0000000 31.6869121 31.6823529 
1641.0000000 31.4904936 31.4859343 
1642.0000000 31.2940750 31.2895158 
1643.0000000 31.0976565 31.0930972 
1644.0000000 30.9012379 30.8966787 
1645.0000000 30.7048194 30.7002601 
1646.0000000 30.5084008 30.5038416 
1647.0000000 30.3119823 30.3074230 
1648.0000000 30.1155637 30.1110045 
1649.0000000 29.9191452 29.9145859 
1650.0000000 29.7227266 29.7181674 
1651.0000000 29.5263081 29.5217488 
1652.0000000 29.3298895 29.3253303 
1653.0000000 29.1334710 29.1289117 
1654.0000000 28.9370524 28.9324932 
1655.0000000 28.7406339 28.7360746 
1656.0000000 28.5442153 28.5396561 
1657.0000000 28.3477968 28.3432375 
1658.0000000 28.1513782 28.1468190 
1659.0000000 27.9549597 27.9504004 
1660.0000000 27.7585411 27.7539819 
1661.0000000 27.5621226 27.5575633 
1662.0000000 27.3657040 27.3611448 
1663.0000000 27.1692855 27.1647262 
1664.0000000 26.9728669 26.9683077 
1665.0000000 26.7764484 26.7718891 
1666.0000000 26.5800298 26.5754706 
1667.0000000 26.3836113 26.3790520 
1668.0000000 26.1871927 26.1826335 
1669.0000000 25.9907742 25.9862149 
1670.0000000 25.7943556 25.7897964 
1671.0000000 25.5979371 25.5933778 
1672.0000000 25.4015185 25.3969593 
1673.0000000 25.2051000 25.2005407 
1674.0000000 25.0086814 25.0041222 
1675.0000000 24.8122629 24.8077036 
1676.0000000 24.6158443 24.6112851 
1677.0000000 24.4194258 24.4148665 
1678.0000000 24.2230072 24.2184480 
1679.0000000 24.0265887 24.0220294 
1680.0000000 23.8301701 23.8256109 
1681.0000000 23.6337516 23.6291923 
1682.0000000 23.4373330 23.4327738 
1683.0000000 23.2409145 23.2363552 
1684.0000000 23.0444959 23.0399367 
1685.0000000 22.8480774 22.8435181 
1686.0000000 22.6516588 22.6470996 
1687.0000000 22.4552403 22.4506810 
1688.0000000 22.2588217 22.2542625 
1689.0000000 22.0624032 22.0578439 
1690.0000000 21.8659846 21.8614254 
1691.0000000 21.6695661 21.6650068 
1692.0000000 21.4731475 21.4685883 
1693.0000000 21.2767290 21.2721697 
1694.0000000 21.0803104 21.0757512 
1695.0000000 20.8838919 20.8793326 
1696.0000000 20.6874733 20.6829141 
1697.0000000 20.4910548 20.4864955 
1698.0000000 20.2946362 20.2900770 
1699.0000000 20.0982177 20.0936584 
1700.0000000 19.9017991 19.8972399 
1701.0000000 19.7053806 19.7008213 
1702.0000000 19.5089620 19.5044028 
1703.0000000 19.3125435 19.3079842 
1704.0000000 19.1161249 19.1115657 
1705.0000000 18.9197064 18.9151471 
1706.0000000 18.7232878 18.7187286 
1707.0000000 18.5268693 18.5223100 
1708.0000000 18.3304507 18.3258915 
1709.0000000 18.1340322 18.1294729 
1710.0000000 17.9376136 17.9330544 
1711.0000000 17.7411951 17.7366358 
1712.0000000 17.5447765 17.5402173 
1713.0000000 17.3483580 17.3437987 
1714.0000000 17.1519394 17.1473802 
1715.0000000 16.9555209 16.9509616 
1716.0000000 16.7591023 16.7545431 
1717.0000000 16.5626838 16.5581245 
1718.0000000 16.3662652 16.3617060 
1719.0000000 16.1698467 16.1652874 
1720.0000000 15.9734281 15.9688689 
1721.0000000 15.7770096 15.7724503 
1722.0000000 15.5805910 15.5760318 
1723.0000000 15.3841725 15.3796132 
1724.0000000 15.1877539 15.1831947 
1725.0000000 14.9913354 14.9867761 
1726.0000000 14.7949168 14.7903576 
1727.0000000 14.5984983 14.5939390 
1728.0000000 14.4020797 14.3975205 
1729.0000000 14.2056612 14.2011019 
1730.0000000 14.0092426 14.0046834 
1731.0000000 13.8128241 13.8082648 
1732.0000000 13.6164055 13.6118463 
1733.0000000 13.4199870 13.4154277 
1734.0000000 13.2235684 13.2190092 
1735.0000000 13.0271499 13.0225906 
1736.0000000 12.8307313 12.8261721 
1737.0000000 12.6343128 12.6297535 
1738.0000000 12.4378942 12.4333350 
1739.0000000 12.2414757 12.2369164 
1740.0000000 12.0450571 12.0404979 
1741.0000000 11.8486386 11.8440793 
1742.0000000 11.6522200 11.6476608 
1743.0000000 11.4558015 11.4512422 
1744.0000000 11.2593829 11.2548237 
1745.0000000 11.0629644 11.0584051 
1746.0000000 10.8665458 10.8619866 
1747.0000000 10.6701273 10.6655680 
1748.0000000 10.4737087 10.4691495 
1749.0000000 10.2772902 10.2727309 
1750.0000000 10.0808716 10.0763124 
1751.0000000 9.8844531 9.8798938 
1752.0000000 9.6880345 9.6834752 
1753.0000000 9.4916160 9.4870567 
1754.0000000 9.2951974 9.2906381 
1755.0000000 9.0987789 9.0942196 
1756.0000000 8.9023603 8.8978010 
1757.0000000 8.7059418 8.7013825 
1758.0000000 8.5095232 8.5049639 
1759.0000000 8.3131047 8.3085454 
1760.0000000 8.1166861 8.1121268 
1761.0000000 7.9202676 7.9157083 
1762.0000000 7.7238490 7.7192897 
1763.0000000 7.5274305 7.5228712 
1764.0000000 7.3310119 7.3264526 
1765.0000000 7.1345934 7.1300341 
1766.0000000 6.9381748 6.9336155 
1767.0000000 6.7417563 6.7371970 
1768.0000000 6.5453377 6.5407784 
1769.0000000 6.3489192 6.3443599 
1770.0000000 6.1525006 6.1479413 
1771.0000000 5.9560821 5.9515228 
1772.0000000 5.7596635 5.7551042 
1773.0000000 5.5632450 5.5586857 
1774.0000000 5.3668264 5.3622671 
1775.0000000 5.1704079 5.1658486 
1776.0000000 4.9739893 4.9694300 
1777.0000000 4.7775707 4.7730115 
1778.0000000 4.5811522 4.5765929 
1779.0000000 4.3847336 4.3801744 
1780.0000000 4.1883151 4.1837558 
1781.0000000 3.9918965 3.9873373 
1782.0000000 3.7954780 3.7909187 
1783.0000000 3.5990594 3.5945002 
1784.0000000 3.4026409 3.3980816 
1785.0000000 3.2062223 3.2016631 
1786.0000000 3.0098038 3.0052445 
1787.0000000 2.8133852 2.8088260 
1788.0000000 2.6169667 2.6124074 
1789.0000000 2.4205481 2.4159889 
1790.0000000 2.2241296 2.2195703 
1791.0000000 2.0277110 2.0231518 
1792.0000000 1.8312925 1.8267332 
1793.0000000 1.6348739 1.6303147 
1794.0000000 1.4384554 1.4338961 
1795.0000000 1.2420368 1.2374776 
1796.0000000 1.0456183 1.0410590 
1797.0000000 0.8491997 0.8446405 
1798.0000000 0.6527812 0.6482219 
1799.0000000 0.4563626 0.4518034 
1800.0000000 0.2599441 0.2553848 

