1.0000000 353.5822542 353.5291125 
2.0000000 353.3858357 353.3326939 
3.0000000 353.1894171 353.1362754 
4.0000000 352.9929986 352.9398568 
5.0000000 352.7965800 352.7434383 
6.0000000 352.6001615 352.5470197 
7.0000000 352.4037429 352.3506012 
8.0000000 352.2073244 352.1541826 
9.0000000 352.0109058 351.9577641 
10.0000000 351.8144873 351.7613455 
11.0000000 351.6180687 351.5649270 
12.0000000 351.4216502 351.3685084 
13.0000000 351.2252316 351.1720899 
14.0000000 351.0288131 350.9756713 
15.0000000 350.8323945 350.7792528 
16.0000000 350.6359760 350.5828342 
17.0000000 350.4395574 350.3864157 
18.0000000 350.2431389 350.1899971 
19.0000000 350.0467203 349.9935786 
20.0000000 349.8503018 349.7971600 
21.0000000 349.6538832 349.6007415 
22.0000000 349.4574647 349.4043229 
23.0000000 349.2610461 349.2079044 
24.0000000 349.0646276 349.0114858 
25.0000000 348.8682090 348.8150673 
26.0000000 348.6717905 348.6186487 
27.0000000 348.4753719 348.4222302 
28.0000000 348.2789534 348.2258116 
29.0000000 348.0825348 348.0293931 
30.0000000 347.8861163 347.8329745 
31.0000000 347.6896977 347.6365560 
32.0000000 347.4932792 347.4401374 
33.0000000 347.2968606 347.2437189 
34.0000000 347.1004421 347.0473003 
35.0000000 346.9040235 346.8508818 
36.0000000 346.7076050 346.6544632 
37.0000000 346.5111864 346.4580447 
38.0000000 346.3147679 346.2616261 
39.0000000 346.1183493 346.0652076 
40.0000000 345.9219308 345.8687890 
41.0000000 345.7255122 345.6723705 
42.0000000 345.5290937 345.4759519 
43.0000000 345.3326751 345.2795334 
44.0000000 345.1362566 345.0831148 
45.0000000 344.9398380 344.8866963 
46.0000000 344.7434195 344.6902777 
47.0000000 344.5470009 344.4938592 
48.0000000 344.3505824 344.2974406 
49.0000000 344.1541638 344.1010221 
50.0000000 343.9577453 343.9046035 
51.0000000 343.7613267 343.7081850 
52.0000000 343.5649082 343.5117664 
53.0000000 343.3684896 343.3153479 
54.0000000 343.1720711 343.1189293 
55.0000000 342.9756525 342.9225108 
56.0000000 342.7792340 342.7260922 
57.0000000 342.5828154 342.5296737 
58.0000000 342.3863969 342.3332551 
59.0000000 342.1899783 342.1368366 
60.0000000 341.9935597 341.9404180 
61.0000000 341.7971412 341.7439995 
62.0000000 341.6007226 341.5475809 
63.0000000 341.4043041 341.3511623 
64.0000000 341.2078855 341.1547438 
65.0000000 341.0114670 340.9583252 
66.0000000 340.8150484 340.7619067 
67.0000000 340.6186299 340.5654881 
68.0000000 340.4222113 340.3690696 
69.0000000 340.2257928 340.1726510 
70.0000000 340.0293742 339.9762325 
71.0000000 339.8329557 339.7798139 
72.0000000 339.6365371 339.5833954 
73.0000000 339.4401186 339.3869768 
74.0000000 339.2437000 339.1905583 
75.0000000 339.0472815 338.9941397 
76.0000000 338.8508629 338.7977212 
77.0000000 338.6544444 338.6013026 
78.0000000 338.4580258 338.4048841 
79.0000000 338.2616073 338.2084655 
80.0000000 338.0651887 338.0120470 
81.0000000 337.8687702 337.8156284 
82.0000000 337.6723516 337.6192099 
83.0000000 337.4759331 337.4227913 
84.0000000 337.2795145 337.2263728 
85.0000000 337.0830960 337.0299542 
86.0000000 336.8866774 336.8335357 
87.0000000 336.6902589 336.6371171 
88.0000000 336.4938403 336.4406986 
89.0000000 336.2974218 336.2442800 
90.0000000 336.1010032 336.0478615 
91.0000000 335.9045847 335.8514429 
92.0000000 335.7081661 335.6550244 
93.0000000 335.5117476 335.4586058 
94.0000000 335.3153290 335.2621873 
95.0000000 335.1189105 335.0657687 
96.0000000 334.9224919 334.8693502 
97.0000000 334.7260734 334.6729316 
98.0000000 334.5296548 334.4765131 
99.0000000 334.3332363 334.2800945 
100.0000000 334.1368177 334.0836760 
101.0000000 333.9403992 333.8872574 
102.0000000 333.7439806 333.6908389 
103.0000000 333.5475621 333.4944203 
104.0000000 333.3511435 333.2980018 
105.0000000 333.1547250 333.1015832 
106.0000000 332.9583064 332.9051647 
107.0000000 332.7618879 332.7087461 
108.0000000 332.5654693 332.5123276 
109.0000000 332.3690508 332.3159090 
110.0000000 332.1726322 332.1194905 
111.0000000 331.9762137 331.9230719 
112.0000000 331.7797951 331.7266534 
113.0000000 331.5833766 331.5302348 
114.0000000 331.3869580 331.3338163 
115.0000000 331.1905395 331.1373977 
116.0000000 330.9941209 330.9409792 
117.0000000 330.7977024 330.7445606 
118.0000000 330.6012838 330.5481421 
119.0000000 330.4048653 330.3517235 
120.0000000 330.2084467 330.1553050 
121.0000000 330.0120282 329.9588864 
122.0000000 329.8156096 329.7624679 
123.0000000 329.6191911 329.5660493 
124.0000000 329.4227725 329.3696308 
125.0000000 329.2263540 329.1732122 
126.0000000 329.0299354 328.9767937 
127.0000000 328.8335169 328.7803751 
128.0000000 328.6370983 328.5839566 
129.0000000 328.4406798 328.3875380 
130.0000000 328.2442612 328.1911195 
131.0000000 328.0478427 327.9947009 
132.0000000 327.8514241 327.7982824 
133.0000000 327.6550056 327.6018638 
134.0000000 327.4585870 327.4054453 
135.0000000 327.2621685 327.2090267 
136.0000000 327.0657499 327.0126082 
137.0000000 326.8693314 326.8161896 
138.0000000 326.6729128 326.6197711 
139.0000000 326.4764943 326.4233525 
140.0000000 326.2800757 326.2269340 
141.0000000 326.0836572 326.0305154 
142.0000000 325.8872386 325.8340969 
143.0000000 325.6908201 325.6376783 
144.0000000 325.4944015 325.4412598 
145.0000000 325.2979830 325.2448412 
146.0000000 325.1015644 325.0484227 
147.0000000 324.9051459 324.8520041 
148.0000000 324.7087273 324.6555856 
149.0000000 324.5123088 324.4591670 
150.0000000 324.3158902 324.2627485 
151.0000000 324.1194717 324.0663299 
152.0000000 323.9230531 323.8699114 
153.0000000 323.7266346 323.6734928 
154.0000000 323.5302160 323.4770743 
155.0000000 323.3337975 323.2806557 
156.0000000 323.1373789 323.0842372 
157.0000000 322.9409604 322.8878186 
158.0000000 322.7445418 322.6914001 
159.0000000 322.5481233 322.4949815 
160.0000000 322.3517047 322.2985630 
161.0000000 322.1552862 322.1021444 
162.0000000 321.9588676 321.9057259 
163.0000000 321.7624491 321.7093073 
164.0000000 321.5660305 321.5128888 
165.0000000 321.3696120 321.3164702 
166.0000000 321.1731934 321.1200517 
167.0000000 320.9767749 320.9236331 
168.0000000 320.7803563 320.7272146 
169.0000000 320.5839378 320.5307960 
170.0000000 320.3875192 320.3343775 
171.0000000 320.1911007 320.1379589 
172.0000000 319.9946821 319.9415404 
173.0000000 319.7982636 319.7451218 
174.0000000 319.6018450 319.5487033 
175.0000000 319.4054265 319.3522847 
176.0000000 319.2090079 319.1558662 
177.0000000 319.0125894 318.9594476 
178.0000000 318.8161708 318.7630291 
179.0000000 318.6197523 318.5666105 
180.0000000 318.4233337 318.3701920 
181.0000000 318.2269152 318.1737734 
182.0000000 318.0304966 317.9773549 
183.0000000 317.8340781 317.7809363 
184.0000000 317.6376595 317.5845178 
185.0000000 317.4412410 317.3880992 
186.0000000 317.2448224 317.1916807 
187.0000000 317.0484039 316.9952621 
188.0000000 316.8519853 316.7988436 
189.0000000 316.6555668 316.6024250 
190.0000000 316.4591482 316.4060065 
191.0000000 316.2627297 316.2095879 
192.0000000 316.0663111 316.0131694 
193.0000000 315.8698926 315.8167508 
194.0000000 315.6734740 315.6203323 
195.0000000 315.4770555 315.4239137 
196.0000000 315.2806369 315.2274952 
197.0000000 315.0842184 315.0310766 
198.0000000 314.8877998 314.8346581 
199.0000000 314.6913813 314.6382395 
200.0000000 314.4949627 314.4418210 
201.0000000 314.2985442 314.2454024 
202.0000000 314.1021256 314.0489839 
203.0000000 313.9057071 313.8525653 
204.0000000 313.7092885 313.6561468 
205.0000000 313.5128700 313.4597282 
206.0000000 313.3164514 313.2633097 
207.0000000 313.1200329 313.0668911 
208.0000000 312.9236143 312.8704726 
209.0000000 312.7271958 312.6740540 
210.0000000 312.5307772 312.4776355 
211.0000000 312.3343587 312.2812169 
212.0000000 312.1379401 312.0847984 
213.0000000 311.9415215 311.8883798 
214.0000000 311.7451030 311.6919612 
215.0000000 311.5486844 311.4955427 
216.0000000 311.3522659 311.2991241 
217.0000000 311.1558473 311.1027056 
218.0000000 310.9594288 310.9062870 
219.0000000 310.7630102 310.7098685 
220.0000000 310.5665917 310.5134499 
221.0000000 310.3701731 310.3170314 
222.0000000 310.1737546 310.1206128 
223.0000000 309.9773360 309.9241943 
224.0000000 309.7809175 309.7277757 
225.0000000 309.5844989 309.5313572 
226.0000000 309.3880804 309.3349386 
227.0000000 309.1916618 309.1385201 
228.0000000 308.9952433 308.9421015 
229.0000000 308.7988247 308.7456830 
230.0000000 308.6024062 308.5492644 
231.0000000 308.4059876 308.3528459 
232.0000000 308.2095691 308.1564273 
233.0000000 308.0131505 307.9600088 
234.0000000 307.8167320 307.7635902 
235.0000000 307.6203134 307.5671717 
236.0000000 307.4238949 307.3707531 
237.0000000 307.2274763 307.1743346 
238.0000000 307.0310578 306.9779160 
239.0000000 306.8346392 306.7814975 
240.0000000 306.6382207 306.5850789 
241.0000000 306.4418021 306.3886604 
242.0000000 306.2453836 306.1922418 
243.0000000 306.0489650 305.9958233 
244.0000000 305.8525465 305.7994047 
245.0000000 305.6561279 305.6029862 
246.0000000 305.4597094 305.4065676 
247.0000000 305.2632908 305.2101491 
248.0000000 305.0668723 305.0137305 
249.0000000 304.8704537 304.8173120 
250.0000000 304.6740352 304.6208934 
251.0000000 304.4776166 304.4244749 
252.0000000 304.2811981 304.2280563 
253.0000000 304.0847795 304.0316378 
254.0000000 303.8883610 303.8352192 
255.0000000 303.6919424 303.6388007 
256.0000000 303.4955239 303.4423821 
257.0000000 303.2991053 303.2459636 
258.0000000 303.1026868 303.0495450 
259.0000000 302.9062682 302.8531265 
260.0000000 302.7098497 302.6567079 
261.0000000 302.5134311 302.4602894 
262.0000000 302.3170126 302.2638708 
263.0000000 302.1205940 302.0674523 
264.0000000 301.9241755 301.8710337 
265.0000000 301.7277569 301.6746152 
266.0000000 301.5313384 301.4781966 
267.0000000 301.3349198 301.2817781 
268.0000000 301.1385013 301.0853595 
269.0000000 300.9420827 300.8889410 
270.0000000 300.7456642 300.6925224 
271.0000000 300.5492456 300.4961039 
272.0000000 300.3528271 300.2996853 
273.0000000 300.1564085 300.1032668 
274.0000000 299.9599900 299.9068482 
275.0000000 299.7635714 299.7104297 
276.0000000 299.5671529 299.5140111 
277.0000000 299.3707343 299.3175926 
278.0000000 299.1743158 299.1211740 
279.0000000 298.9778972 298.9247555 
280.0000000 298.7814787 298.7283369 
281.0000000 298.5850601 298.5319184 
282.0000000 298.3886416 298.3354998 
283.0000000 298.1922230 298.1390813 
284.0000000 297.9958045 297.9426627 
285.0000000 297.7993859 297.7462442 
286.0000000 297.6029674 297.5498256 
287.0000000 297.4065488 297.3534071 
288.0000000 297.2101303 297.1569885 
289.0000000 297.0137117 296.9605700 
290.0000000 296.8172932 296.7641514 
291.0000000 296.6208746 296.5677329 
292.0000000 296.4244561 296.3713143 
293.0000000 296.2280375 296.1748958 
294.0000000 296.0316190 295.9784772 
295.0000000 295.8352004 295.7820587 
296.0000000 295.6387819 295.5856401 
297.0000000 295.4423633 295.3892216 
298.0000000 295.2459448 295.1928030 
299.0000000 295.0495262 294.9963845 
300.0000000 294.8531077 294.7999659 
301.0000000 294.6566891 294.6035474 
302.0000000 294.4602706 294.4071288 
303.0000000 294.2638520 294.2107103 
304.0000000 294.0674335 294.0142917 
305.0000000 293.8710149 293.8178732 
306.0000000 293.6745964 293.6214546 
307.0000000 293.4781778 293.4250361 
308.0000000 293.2817593 293.2286175 
309.0000000 293.0853407 293.0321990 
310.0000000 292.8889222 292.8357804 
311.0000000 292.6925036 292.6393619 
312.0000000 292.4960851 292.4429433 
313.0000000 292.2996665 292.2465248 
314.0000000 292.1032480 292.0501062 
315.0000000 291.9068294 291.8536877 
316.0000000 291.7104109 291.6572691 
317.0000000 291.5139923 291.4608506 
318.0000000 291.3175738 291.2644320 
319.0000000 291.1211552 291.0680135 
320.0000000 290.9247367 290.8715949 
321.0000000 290.7283181 290.6751764 
322.0000000 290.5318996 290.4787578 
323.0000000 290.3354810 290.2823393 
324.0000000 290.1390625 290.0859207 
325.0000000 289.9426439 289.8895022 
326.0000000 289.7462254 289.6930836 
327.0000000 289.5498068 289.4966651 
328.0000000 289.3533883 289.3002465 
329.0000000 289.1569697 289.1038280 
330.0000000 288.9605512 288.9074094 
331.0000000 288.7641326 288.7109909 
332.0000000 288.5677141 288.5145723 
333.0000000 288.3712955 288.3181538 
334.0000000 288.1748770 288.1217352 
335.0000000 287.9784584 287.9253167 
336.0000000 287.7820399 287.7288981 
337.0000000 287.5856213 287.5324796 
338.0000000 287.3892028 287.3360610 
339.0000000 287.1927842 287.1396425 
340.0000000 286.9963657 286.9432239 
341.0000000 286.7999471 286.7468054 
342.0000000 286.6035286 286.5503868 
343.0000000 286.4071100 286.3539683 
344.0000000 286.2106915 286.1575497 
345.0000000 286.0142729 285.9611312 
346.0000000 285.8178544 285.7647126 
347.0000000 285.6214358 285.5682941 
348.0000000 285.4250173 285.3718755 
349.0000000 285.2285987 285.1754570 
350.0000000 285.0321802 284.9790384 
351.0000000 284.8357616 284.7826199 
352.0000000 284.6393431 284.5862013 
353.0000000 284.4429245 284.3897828 
354.0000000 284.2465060 284.1933642 
355.0000000 284.0500874 283.9969457 
356.0000000 283.8536689 283.8005271 
357.0000000 283.6572503 283.6041086 
358.0000000 283.4608318 283.4076900 
359.0000000 283.2644132 283.2112715 
360.0000000 283.0679947 283.0148529 
361.0000000 282.8715761 282.8184344 
362.0000000 282.6751576 282.6220158 
363.0000000 282.4787390 282.4255973 
364.0000000 282.2823204 282.2291787 
365.0000000 282.0859019 282.0327601 
366.0000000 281.8894833 281.8363416 
367.0000000 281.6930648 281.6399230 
368.0000000 281.4966462 281.4435045 
369.0000000 281.3002277 281.2470859 
370.0000000 281.1038091 281.0506674 
371.0000000 280.9073906 280.8542488 
372.0000000 280.7109720 280.6578303 
373.0000000 280.5145535 280.4614117 
374.0000000 280.3181349 280.2649932 
375.0000000 280.1217164 280.0685746 
376.0000000 279.9252978 279.8721561 
377.0000000 279.7288793 279.6757375 
378.0000000 279.5324607 279.4793190 
379.0000000 279.3360422 279.2829004 
380.0000000 279.1396236 279.0864819 
381.0000000 278.9432051 278.8900633 
382.0000000 278.7467865 278.6936448 
383.0000000 278.5503680 278.4972262 
384.0000000 278.3539494 278.3008077 
385.0000000 278.1575309 278.1043891 
386.0000000 277.9611123 277.9079706 
387.0000000 277.7646938 277.7115520 
388.0000000 277.5682752 277.5151335 
389.0000000 277.3718567 277.3187149 
390.0000000 277.1754381 277.1222964 
391.0000000 276.9790196 276.9258778 
392.0000000 276.7826010 276.7294593 
393.0000000 276.5861825 276.5330407 
394.0000000 276.3897639 276.3366222 
395.0000000 276.1933454 276.1402036 
396.0000000 275.9969268 275.9437851 
397.0000000 275.8005083 275.7473665 
398.0000000 275.6040897 275.5509480 
399.0000000 275.4076712 275.3545294 
400.0000000 275.2112526 275.1581109 
401.0000000 275.0148341 274.9616923 
402.0000000 274.8184155 274.7652738 
403.0000000 274.6219970 274.5688552 
404.0000000 274.4255784 274.3724367 
405.0000000 274.2291599 274.1760181 
406.0000000 274.0327413 273.9795996 
407.0000000 273.8363228 273.7831810 
408.0000000 273.6399042 273.5867625 
409.0000000 273.4434857 273.3903439 
410.0000000 273.2470671 273.1939254 
411.0000000 273.0506486 272.9975068 
412.0000000 272.8542300 272.8010883 
413.0000000 272.6578115 272.6046697 
414.0000000 272.4613929 272.4082512 
415.0000000 272.2649744 272.2118326 
416.0000000 272.0685558 272.0154141 
417.0000000 271.8721373 271.8189955 
418.0000000 271.6757187 271.6225770 
419.0000000 271.4793002 271.4261584 
420.0000000 271.2828816 271.2297399 
421.0000000 271.0864631 271.0333213 
422.0000000 270.8900445 270.8369028 
423.0000000 270.6936260 270.6404842 
424.0000000 270.4972074 270.4440657 
425.0000000 270.3007889 270.2476471 
426.0000000 270.1043703 270.0512286 
427.0000000 269.9079518 269.8548100 
428.0000000 269.7115332 269.6583915 
429.0000000 269.5151147 269.4619729 
430.0000000 269.3186961 269.2655544 
431.0000000 269.1222776 269.0691358 
432.0000000 268.9258590 268.8727173 
433.0000000 268.7294405 268.6762987 
434.0000000 268.5330219 268.4798802 
435.0000000 268.3366034 268.2834616 
436.0000000 268.1401848 268.0870431 
437.0000000 267.9437663 267.8906245 
438.0000000 267.7473477 267.6942060 
439.0000000 267.5509292 267.4977874 
440.0000000 267.3545106 267.3013689 
441.0000000 267.1580921 267.1049503 
442.0000000 266.9616735 266.9085318 
443.0000000 266.7652550 266.7121132 
444.0000000 266.5688364 266.5156947 
445.0000000 266.3724179 266.3192761 
446.0000000 266.1759993 266.1228576 
447.0000000 265.9795808 265.9264390 
448.0000000 265.7831622 265.7300205 
449.0000000 265.5867437 265.5336019 
450.0000000 265.3903251 265.3371834 
451.0000000 265.1939066 265.1407648 
452.0000000 264.9974880 264.9443463 
453.0000000 264.8010695 264.7479277 
454.0000000 264.6046509 264.5515092 
455.0000000 264.4082324 264.3550906 
456.0000000 264.2118138 264.1586721 
457.0000000 264.0153953 263.9622535 
458.0000000 263.8189767 263.7658350 
459.0000000 263.6225582 263.5694164 
460.0000000 263.4261396 263.3729979 
461.0000000 263.2297211 263.1765793 
462.0000000 263.0333025 262.9801608 
463.0000000 262.8368840 262.7837422 
464.0000000 262.6404654 262.5873237 
465.0000000 262.4440469 262.3909051 
466.0000000 262.2476283 262.1944866 
467.0000000 262.0512098 261.9980680 
468.0000000 261.8547912 261.8016495 
469.0000000 261.6583727 261.6052309 
470.0000000 261.4619541 261.4088124 
471.0000000 261.2655356 261.2123938 
472.0000000 261.0691170 261.0159753 
473.0000000 260.8726985 260.8195567 
474.0000000 260.6762799 260.6231382 
475.0000000 260.4798614 260.4267196 
476.0000000 260.2834428 260.2303011 
477.0000000 260.0870243 260.0338825 
478.0000000 259.8906057 259.8374640 
479.0000000 259.6941872 259.6410454 
480.0000000 259.4977686 259.4446269 
481.0000000 259.3013501 259.2482083 
482.0000000 259.1049315 259.0517898 
483.0000000 258.9085130 258.8553712 
484.0000000 258.7120944 258.6589527 
485.0000000 258.5156759 258.4625341 
486.0000000 258.3192573 258.2661156 
487.0000000 258.1228388 258.0696970 
488.0000000 257.9264202 257.8732785 
489.0000000 257.7300017 257.6768599 
490.0000000 257.5335831 257.4804414 
491.0000000 257.3371646 257.2840228 
492.0000000 257.1407460 257.0876043 
493.0000000 256.9443275 256.8911857 
494.0000000 256.7479089 256.6947672 
495.0000000 256.5514904 256.4983486 
496.0000000 256.3550718 256.3019301 
497.0000000 256.1586533 256.1055115 
498.0000000 255.9622347 255.9090930 
499.0000000 255.7658162 255.7126744 
500.0000000 255.5693976 255.5162559 
501.0000000 255.3729791 255.3198373 
502.0000000 255.1765605 255.1234188 
503.0000000 254.9801420 254.9270002 
504.0000000 254.7837234 254.7305817 
505.0000000 254.5873049 254.5341631 
506.0000000 254.3908863 254.3377446 
507.0000000 254.1944678 254.1413260 
508.0000000 253.9980492 253.9449075 
509.0000000 253.8016307 253.7484889 
510.0000000 253.6052121 253.5520704 
511.0000000 253.4087936 253.3556518 
512.0000000 253.2123750 253.1592333 
513.0000000 253.0159565 252.9628147 
514.0000000 252.8195379 252.7663962 
515.0000000 252.6231193 252.5699776 
516.0000000 252.4267008 252.3735591 
517.0000000 252.2302822 252.1771405 
518.0000000 252.0338637 251.9807219 
519.0000000 251.8374451 251.7843034 
520.0000000 251.6410266 251.5878848 
521.0000000 251.4446080 251.3914663 
522.0000000 251.2481895 251.1950477 
523.0000000 251.0517709 250.9986292 
524.0000000 250.8553524 250.8022106 
525.0000000 250.6589338 250.6057921 
526.0000000 250.4625153 250.4093735 
527.0000000 250.2660967 250.2129550 
528.0000000 250.0696782 250.0165364 
529.0000000 249.8732596 249.8201179 
530.0000000 249.6768411 249.6236993 
531.0000000 249.4804225 249.4272808 
532.0000000 249.2840040 249.2308622 
533.0000000 249.0875854 249.0344437 
534.0000000 248.8911669 248.8380251 
535.0000000 248.6947483 248.6416066 
536.0000000 248.4983298 248.4451880 
537.0000000 248.3019112 248.2487695 
538.0000000 248.1054927 248.0523509 
539.0000000 247.9090741 247.8559324 
540.0000000 247.7126556 247.6595138 
541.0000000 247.5162370 247.4630953 
542.0000000 247.3198185 247.2666767 
543.0000000 247.1233999 247.0702582 
544.0000000 246.9269814 246.8738396 
545.0000000 246.7305628 246.6774211 
546.0000000 246.5341443 246.4810025 
547.0000000 246.3377257 246.2845840 
548.0000000 246.1413072 246.0881654 
549.0000000 245.9448886 245.8917469 
550.0000000 245.7484701 245.6953283 
551.0000000 245.5520515 245.4989098 
552.0000000 245.3556330 245.3024912 
553.0000000 245.1592144 245.1060727 
554.0000000 244.9627959 244.9096541 
555.0000000 244.7663773 244.7132356 
556.0000000 244.5699588 244.5168170 
557.0000000 244.3735402 244.3203985 
558.0000000 244.1771217 244.1239799 
559.0000000 243.9807031 243.9275614 
560.0000000 243.7842846 243.7311428 
561.0000000 243.5878660 243.5347243 
562.0000000 243.3914475 243.3383057 
563.0000000 243.1950289 243.1418872 
564.0000000 242.9986104 242.9454686 
565.0000000 242.8021918 242.7490501 
566.0000000 242.6057733 242.5526315 
567.0000000 242.4093547 242.3562130 
568.0000000 242.2129362 242.1597944 
569.0000000 242.0165176 241.9633759 
570.0000000 241.8200991 241.7669573 
571.0000000 241.6236805 241.5705388 
572.0000000 241.4272620 241.3741202 
573.0000000 241.2308434 241.1777017 
574.0000000 241.0344249 240.9812831 
575.0000000 240.8380063 240.7848646 
576.0000000 240.6415878 240.5884460 
577.0000000 240.4451692 240.3920275 
578.0000000 240.2487507 240.1956089 
579.0000000 240.0523321 239.9991904 
580.0000000 239.8559136 239.8027718 
581.0000000 239.6594950 239.6063533 
582.0000000 239.4630765 239.4099347 
583.0000000 239.2666579 239.2135162 
584.0000000 239.0702394 239.0170976 
585.0000000 238.8738208 238.8206791 
586.0000000 238.6774023 238.6242605 
587.0000000 238.4809837 238.4278420 
588.0000000 238.2845652 238.2314234 
589.0000000 238.0881466 238.0350049 
590.0000000 237.8917281 237.8385863 
591.0000000 237.6953095 237.6421678 
592.0000000 237.4988910 237.4457492 
593.0000000 237.3024724 237.2493307 
594.0000000 237.1060539 237.0529121 
595.0000000 236.9096353 236.8564936 
596.0000000 236.7132168 236.6600750 
597.0000000 236.5167982 236.4636565 
598.0000000 236.3203797 236.2672379 
599.0000000 236.1239611 236.0708194 
600.0000000 235.9275426 235.8744008 
601.0000000 235.7311240 235.6779823 
602.0000000 235.5347055 235.4815637 
603.0000000 235.3382869 235.2851452 
604.0000000 235.1418684 235.0887266 
605.0000000 234.9454498 234.8923081 
606.0000000 234.7490313 234.6958895 
607.0000000 234.5526127 234.4994710 
608.0000000 234.3561942 234.3030524 
609.0000000 234.1597756 234.1066339 
610.0000000 233.9633571 233.9102153 
611.0000000 233.7669385 233.7137968 
612.0000000 233.5705200 233.5173782 
613.0000000 233.3741014 233.3209597 
614.0000000 233.1776829 233.1245411 
615.0000000 232.9812643 232.9281226 
616.0000000 232.7848458 232.7317040 
617.0000000 232.5884272 232.5352855 
618.0000000 232.3920087 232.3388669 
619.0000000 232.1955901 232.1424484 
620.0000000 231.9991716 231.9460298 
621.0000000 231.8027530 231.7496113 
622.0000000 231.6063345 231.5531927 
623.0000000 231.4099159 231.3567742 
624.0000000 231.2134974 231.1603556 
625.0000000 231.0170788 230.9639371 
626.0000000 230.8206603 230.7675185 
627.0000000 230.6242417 230.5711000 
628.0000000 230.4278232 230.3746814 
629.0000000 230.2314046 230.1782629 
630.0000000 230.0349861 229.9818443 
631.0000000 229.8385675 229.7854258 
632.0000000 229.6421490 229.5890072 
633.0000000 229.4457304 229.3925887 
634.0000000 229.2493119 229.1961701 
635.0000000 229.0528933 228.9997516 
636.0000000 228.8564748 228.8033330 
637.0000000 228.6600562 228.6069145 
638.0000000 228.4636377 228.4104959 
639.0000000 228.2672191 228.2140774 
640.0000000 228.0708006 228.0176588 
641.0000000 227.8743820 227.8212403 
642.0000000 227.6779635 227.6248217 
643.0000000 227.4815449 227.4284032 
644.0000000 227.2851264 227.2319846 
645.0000000 227.0887078 227.0355661 
646.0000000 226.8922893 226.8391475 
647.0000000 226.6958707 226.6427290 
648.0000000 226.4994522 226.4463104 
649.0000000 226.3030336 226.2498919 
650.0000000 226.1066151 226.0534733 
651.0000000 225.9101965 225.8570548 
652.0000000 225.7137780 225.6606362 
653.0000000 225.5173594 225.4642177 
654.0000000 225.3209409 225.2677991 
655.0000000 225.1245223 225.0713806 
656.0000000 224.9281038 224.8749620 
657.0000000 224.7316852 224.6785435 
658.0000000 224.5352667 224.4821249 
659.0000000 224.3388481 224.2857064 
660.0000000 224.1424296 224.0892878 
661.0000000 223.9460110 223.8928693 
662.0000000 223.7495925 223.6964507 
663.0000000 223.5531739 223.5000322 
664.0000000 223.3567554 223.3036136 
665.0000000 223.1603368 223.1071951 
666.0000000 222.9639183 222.9107765 
667.0000000 222.7674997 222.7143580 
668.0000000 222.5710811 222.5179394 
669.0000000 222.3746626 222.3215208 
670.0000000 222.1782440 222.1251023 
671.0000000 221.9818255 221.9286837 
672.0000000 221.7854069 221.7322652 
673.0000000 221.5889884 221.5358466 
674.0000000 221.3925698 221.3394281 
675.0000000 221.1961513 221.1430095 
676.0000000 220.9997327 220.9465910 
677.0000000 220.8033142 220.7501724 
678.0000000 220.6068956 220.5537539 
679.0000000 220.4104771 220.3573353 
680.0000000 220.2140585 220.1609168 
681.0000000 220.0176400 219.9644982 
682.0000000 219.8212214 219.7680797 
683.0000000 219.6248029 219.5716611 
684.0000000 219.4283843 219.3752426 
685.0000000 219.2319658 219.1788240 
686.0000000 219.0355472 218.9824055 
687.0000000 218.8391287 218.7859869 
688.0000000 218.6427101 218.5895684 
689.0000000 218.4462916 218.3931498 
690.0000000 218.2498730 218.1967313 
691.0000000 218.0534545 218.0003127 
692.0000000 217.8570359 217.8038942 
693.0000000 217.6606174 217.6074756 
694.0000000 217.4641988 217.4110571 
695.0000000 217.2677803 217.2146385 
696.0000000 217.0713617 217.0182200 
697.0000000 216.8749432 216.8218014 
698.0000000 216.6785246 216.6253829 
699.0000000 216.4821061 216.4289643 
700.0000000 216.2856875 216.2325458 
701.0000000 216.0892690 216.0361272 
702.0000000 215.8928504 215.8397087 
703.0000000 215.6964319 215.6432901 
704.0000000 215.5000133 215.4468716 
705.0000000 215.3035948 215.2504530 
706.0000000 215.1071762 215.0540345 
707.0000000 214.9107577 214.8576159 
708.0000000 214.7143391 214.6611974 
709.0000000 214.5179206 214.4647788 
710.0000000 214.3215020 214.2683603 
711.0000000 214.1250835 214.0719417 
712.0000000 213.9286649 213.8755232 
713.0000000 213.7322464 213.6791046 
714.0000000 213.5358278 213.4826861 
715.0000000 213.3394093 213.2862675 
716.0000000 213.1429907 213.0898490 
717.0000000 212.9465722 212.8934304 
718.0000000 212.7501536 212.6970119 
719.0000000 212.5537351 212.5005933 
720.0000000 212.3573165 212.3041748 
721.0000000 212.1608980 212.1077562 
722.0000000 211.9644794 211.9113377 
723.0000000 211.7680609 211.7149191 
724.0000000 211.5716423 211.5185006 
725.0000000 211.3752238 211.3220820 
726.0000000 211.1788052 211.1256635 
727.0000000 210.9823867 210.9292449 
728.0000000 210.7859681 210.7328264 
729.0000000 210.5895496 210.5364078 
730.0000000 210.3931310 210.3399893 
731.0000000 210.1967125 210.1435707 
732.0000000 210.0002939 209.9471522 
733.0000000 209.8038754 209.7507336 
734.0000000 209.6074568 209.5543151 
735.0000000 209.4110383 209.3578965 
736.0000000 209.2146197 209.1614780 
737.0000000 209.0182012 208.9650594 
738.0000000 208.8217826 208.7686409 
739.0000000 208.6253641 208.5722223 
740.0000000 208.4289455 208.3758038 
741.0000000 208.2325270 208.1793852 
742.0000000 208.0361084 207.9829667 
743.0000000 207.8396899 207.7865481 
744.0000000 207.6432713 207.5901296 
745.0000000 207.4468528 207.3937110 
746.0000000 207.2504342 207.1972925 
747.0000000 207.0540157 207.0008739 
748.0000000 206.8575971 206.8044554 
749.0000000 206.6611786 206.6080368 
750.0000000 206.4647600 206.4116183 
751.0000000 206.2683415 206.2151997 
752.0000000 206.0719229 206.0187812 
753.0000000 205.8755044 205.8223626 
754.0000000 205.6790858 205.6259441 
755.0000000 205.4826673 205.4295255 
756.0000000 205.2862487 205.2331070 
757.0000000 205.0898302 205.0366884 
758.0000000 204.8934116 204.8402699 
759.0000000 204.6969931 204.6438513 
760.0000000 204.5005745 204.4474328 
761.0000000 204.3041560 204.2510142 
762.0000000 204.1077374 204.0545957 
763.0000000 203.9113189 203.8581771 
764.0000000 203.7149003 203.6617586 
765.0000000 203.5184818 203.4653400 
766.0000000 203.3220632 203.2689215 
767.0000000 203.1256447 203.0725029 
768.0000000 202.9292261 202.8760844 
769.0000000 202.7328076 202.6796658 
770.0000000 202.5363890 202.4832473 
771.0000000 202.3399705 202.2868287 
772.0000000 202.1435519 202.0904102 
773.0000000 201.9471334 201.8939916 
774.0000000 201.7507148 201.6975731 
775.0000000 201.5542963 201.5011545 
776.0000000 201.3578777 201.3047360 
777.0000000 201.1614592 201.1083174 
778.0000000 200.9650406 200.9118989 
779.0000000 200.7686221 200.7154803 
780.0000000 200.5722035 200.5190618 
781.0000000 200.3757850 200.3226432 
782.0000000 200.1793664 200.1262247 
783.0000000 199.9829479 199.9298061 
784.0000000 199.7865293 199.7333876 
785.0000000 199.5901108 199.5369690 
786.0000000 199.3936922 199.3405505 
787.0000000 199.1972737 199.1441319 
788.0000000 199.0008551 198.9477134 
789.0000000 198.8044366 198.7512948 
790.0000000 198.6080180 198.5548763 
791.0000000 198.4115995 198.3584577 
792.0000000 198.2151809 198.1620392 
793.0000000 198.0187624 197.9656206 
794.0000000 197.8223438 197.7692021 
795.0000000 197.6259253 197.5727835 
796.0000000 197.4295067 197.3763650 
797.0000000 197.2330882 197.1799464 
798.0000000 197.0366696 196.9835279 
799.0000000 196.8402511 196.7871093 
800.0000000 196.6438325 196.5906908 
801.0000000 196.4474140 196.3942722 
802.0000000 196.2509954 196.1978537 
803.0000000 196.0545769 196.0014351 
804.0000000 195.8581583 195.8050166 
805.0000000 195.6617398 195.6085980 
806.0000000 195.4653212 195.4121795 
807.0000000 195.2689027 195.2157609 
808.0000000 195.0724841 195.0193424 
809.0000000 194.8760656 194.8229238 
810.0000000 194.6796470 194.6265053 
811.0000000 194.4832285 194.4300867 
812.0000000 194.2868099 194.2336682 
813.0000000 194.0903914 194.0372496 
814.0000000 193.8939728 193.8408311 
815.0000000 193.6975543 193.6444125 
816.0000000 193.5011357 193.4479940 
817.0000000 193.3047172 193.2515754 
818.0000000 193.1082986 193.0551569 
819.0000000 192.9118800 192.8587383 
820.0000000 192.7154615 192.6623197 
821.0000000 192.5190429 192.4659012 
822.0000000 192.3226244 192.2694826 
823.0000000 192.1262058 192.0730641 
824.0000000 191.9297873 191.8766455 
825.0000000 191.7333687 191.6802270 
826.0000000 191.5369502 191.4838084 
827.0000000 191.3405316 191.2873899 
828.0000000 191.1441131 191.0909713 
829.0000000 190.9476945 190.8945528 
830.0000000 190.7512760 190.6981342 
831.0000000 190.5548574 190.5017157 
832.0000000 190.3584389 190.3052971 
833.0000000 190.1620203 190.1088786 
834.0000000 189.9656018 189.9124600 
835.0000000 189.7691832 189.7160415 
836.0000000 189.5727647 189.5196229 
837.0000000 189.3763461 189.3232044 
838.0000000 189.1799276 189.1267858 
839.0000000 188.9835090 188.9303673 
840.0000000 188.7870905 188.7339487 
841.0000000 188.5906719 188.5375302 
842.0000000 188.3942534 188.3411116 
843.0000000 188.1978348 188.1446931 
844.0000000 188.0014163 187.9482745 
845.0000000 187.8049977 187.7518560 
846.0000000 187.6085792 187.5554374 
847.0000000 187.4121606 187.3590189 
848.0000000 187.2157421 187.1626003 
849.0000000 187.0193235 186.9661818 
850.0000000 186.8229050 186.7697632 
851.0000000 186.6264864 186.5733447 
852.0000000 186.4300679 186.3769261 
853.0000000 186.2336493 186.1805076 
854.0000000 186.0372308 185.9840890 
855.0000000 185.8408122 185.7876705 
856.0000000 185.6443937 185.5912519 
857.0000000 185.4479751 185.3948334 
858.0000000 185.2515566 185.1984148 
859.0000000 185.0551380 185.0019963 
860.0000000 184.8587195 184.8055777 
861.0000000 184.6623009 184.6091592 
862.0000000 184.4658824 184.4127406 
863.0000000 184.2694638 184.2163221 
864.0000000 184.0730453 184.0199035 
865.0000000 183.8766267 183.8234850 
866.0000000 183.6802082 183.6270664 
867.0000000 183.4837896 183.4306479 
868.0000000 183.2873711 183.2342293 
869.0000000 183.0909525 183.0378108 
870.0000000 182.8945340 182.8413922 
871.0000000 182.6981154 182.6449737 
872.0000000 182.5016969 182.4485551 
873.0000000 182.3052783 182.2521366 
874.0000000 182.1088598 182.0557180 
875.0000000 181.9124412 181.8592995 
876.0000000 181.7160227 181.6628809 
877.0000000 181.5196041 181.4664624 
878.0000000 181.3231856 181.2700438 
879.0000000 181.1267670 181.0736253 
880.0000000 180.9303485 180.8772067 
881.0000000 180.7339299 180.6807882 
882.0000000 180.5375114 180.4843696 
883.0000000 180.3410928 180.2879511 
884.0000000 180.1446743 180.0915325 
885.0000000 179.9482557 179.8951140 
886.0000000 179.7518372 179.6986954 
887.0000000 179.5554186 179.5022769 
888.0000000 179.3590001 179.3058583 
889.0000000 179.1625815 179.1094398 
890.0000000 178.9661630 178.9130212 
891.0000000 178.7697444 178.7166027 
892.0000000 178.5733259 178.5201841 
893.0000000 178.3769073 178.3237656 
894.0000000 178.1804888 178.1273470 
895.0000000 177.9840702 177.9309285 
896.0000000 177.7876517 177.7345099 
897.0000000 177.5912331 177.5380914 
898.0000000 177.3948146 177.3416728 
899.0000000 177.1983960 177.1452543 
900.0000000 177.0019775 176.9488357 
901.0000000 176.8055589 176.7524172 
902.0000000 176.6091404 176.5559986 
903.0000000 176.4127218 176.3595801 
904.0000000 176.2163033 176.1631615 
905.0000000 176.0198847 175.9667430 
906.0000000 175.8234662 175.7703244 
907.0000000 175.6270476 175.5739059 
908.0000000 175.4306291 175.3774873 
909.0000000 175.2342105 175.1810688 
910.0000000 175.0377920 174.9846502 
911.0000000 174.8413734 174.7882317 
912.0000000 174.6449549 174.5918131 
913.0000000 174.4485363 174.3953946 
914.0000000 174.2521178 174.1989760 
915.0000000 174.0556992 174.0025575 
916.0000000 173.8592807 173.8061389 
917.0000000 173.6628621 173.6097204 
918.0000000 173.4664436 173.4133018 
919.0000000 173.2700250 173.2168833 
920.0000000 173.0736065 173.0204647 
921.0000000 172.8771879 172.8240462 
922.0000000 172.6807694 172.6276276 
923.0000000 172.4843508 172.4312091 
924.0000000 172.2879323 172.2347905 
925.0000000 172.0915137 172.0383720 
926.0000000 171.8950952 171.8419534 
927.0000000 171.6986766 171.6455349 
928.0000000 171.5022581 171.4491163 
929.0000000 171.3058395 171.2526978 
930.0000000 171.1094210 171.0562792 
931.0000000 170.9130024 170.8598607 
932.0000000 170.7165839 170.6634421 
933.0000000 170.5201653 170.4670236 
934.0000000 170.3237468 170.2706050 
935.0000000 170.1273282 170.0741865 
936.0000000 169.9309097 169.8777679 
937.0000000 169.7344911 169.6813494 
938.0000000 169.5380726 169.4849308 
939.0000000 169.3416540 169.2885123 
940.0000000 169.1452355 169.0920937 
941.0000000 168.9488169 168.8956752 
942.0000000 168.7523984 168.6992566 
943.0000000 168.5559798 168.5028381 
944.0000000 168.3595613 168.3064195 
945.0000000 168.1631427 168.1100010 
946.0000000 167.9667242 167.9135824 
947.0000000 167.7703056 167.7171639 
948.0000000 167.5738871 167.5207453 
949.0000000 167.3774685 167.3243268 
950.0000000 167.1810500 167.1279082 
951.0000000 166.9846314 166.9314897 
952.0000000 166.7882129 166.7350711 
953.0000000 166.5917943 166.5386526 
954.0000000 166.3953758 166.3422340 
955.0000000 166.1989572 166.1458155 
956.0000000 166.0025387 165.9493969 
957.0000000 165.8061201 165.7529784 
958.0000000 165.6097016 165.5565598 
959.0000000 165.4132830 165.3601413 
960.0000000 165.2168645 165.1637227 
961.0000000 165.0204459 164.9673042 
962.0000000 164.8240274 164.7708856 
963.0000000 164.6276088 164.5744671 
964.0000000 164.4311903 164.3780485 
965.0000000 164.2347717 164.1816300 
966.0000000 164.0383532 163.9852114 
967.0000000 163.8419346 163.7887929 
968.0000000 163.6455161 163.5923743 
969.0000000 163.4490975 163.3959558 
970.0000000 163.2526789 163.1995372 
971.0000000 163.0562604 163.0031187 
972.0000000 162.8598418 162.8067001 
973.0000000 162.6634233 162.6102815 
974.0000000 162.4670047 162.4138630 
975.0000000 162.2705862 162.2174444 
976.0000000 162.0741676 162.0210259 
977.0000000 161.8777491 161.8246073 
978.0000000 161.6813305 161.6281888 
979.0000000 161.4849120 161.4317702 
980.0000000 161.2884934 161.2353517 
981.0000000 161.0920749 161.0389331 
982.0000000 160.8956563 160.8425146 
983.0000000 160.6992378 160.6460960 
984.0000000 160.5028192 160.4496775 
985.0000000 160.3064007 160.2532589 
986.0000000 160.1099821 160.0568404 
987.0000000 159.9135636 159.8604218 
988.0000000 159.7171450 159.6640033 
989.0000000 159.5207265 159.4675847 
990.0000000 159.3243079 159.2711662 
991.0000000 159.1278894 159.0747476 
992.0000000 158.9314708 158.8783291 
993.0000000 158.7350523 158.6819105 
994.0000000 158.5386337 158.4854920 
995.0000000 158.3422152 158.2890734 
996.0000000 158.1457966 158.0926549 
997.0000000 157.9493781 157.8962363 
998.0000000 157.7529595 157.6998178 
999.0000000 157.5565410 157.5033992 
1000.0000000 157.3601224 157.3069807 
1001.0000000 157.1637039 157.1105621 
1002.0000000 156.9672853 156.9141436 
1003.0000000 156.7708668 156.7177250 
1004.0000000 156.5744482 156.5213065 
1005.0000000 156.3780297 156.3248879 
1006.0000000 156.1816111 156.1284694 
1007.0000000 155.9851926 155.9320508 
1008.0000000 155.7887740 155.7356323 
1009.0000000 155.5923555 155.5392137 
1010.0000000 155.3959369 155.3427952 
1011.0000000 155.1995184 155.1463766 
1012.0000000 155.0030998 154.9499581 
1013.0000000 154.8066813 154.7535395 
1014.0000000 154.6102627 154.5571210 
1015.0000000 154.4138442 154.3607024 
1016.0000000 154.2174256 154.1642839 
1017.0000000 154.0210071 153.9678653 
1018.0000000 153.8245885 153.7714468 
1019.0000000 153.6281700 153.5750282 
1020.0000000 153.4317514 153.3786097 
1021.0000000 153.2353329 153.1821911 
1022.0000000 153.0389143 152.9857726 
1023.0000000 152.8424958 152.7893540 
1024.0000000 152.6460772 152.5929355 
1025.0000000 152.4496587 152.3965169 
1026.0000000 152.2532401 152.2000984 
1027.0000000 152.0568216 152.0036798 
1028.0000000 151.8604030 151.8072613 
1029.0000000 151.6639845 151.6108427 
1030.0000000 151.4675659 151.4144242 
1031.0000000 151.2711474 151.2180056 
1032.0000000 151.0747288 151.0215871 
1033.0000000 150.8783103 150.8251685 
1034.0000000 150.6818917 150.6287500 
1035.0000000 150.4854732 150.4323314 
1036.0000000 150.2890546 150.2359129 
1037.0000000 150.0926361 150.0394943 
1038.0000000 149.8962175 149.8430758 
1039.0000000 149.6997990 149.6466572 
1040.0000000 149.5033804 149.4502387 
1041.0000000 149.3069619 149.2538201 
1042.0000000 149.1105433 149.0574016 
1043.0000000 148.9141248 148.8609830 
1044.0000000 148.7177062 148.6645645 
1045.0000000 148.5212877 148.4681459 
1046.0000000 148.3248691 148.2717274 
1047.0000000 148.1284506 148.0753088 
1048.0000000 147.9320320 147.8788903 
1049.0000000 147.7356135 147.6824717 
1050.0000000 147.5391949 147.4860532 
1051.0000000 147.3427764 147.2896346 
1052.0000000 147.1463578 147.0932161 
1053.0000000 146.9499393 146.8967975 
1054.0000000 146.7535207 146.7003790 
1055.0000000 146.5571022 146.5039604 
1056.0000000 146.3606836 146.3075419 
1057.0000000 146.1642651 146.1111233 
1058.0000000 145.9678465 145.9147048 
1059.0000000 145.7714280 145.7182862 
1060.0000000 145.5750094 145.5218677 
1061.0000000 145.3785909 145.3254491 
1062.0000000 145.1821723 145.1290306 
1063.0000000 144.9857538 144.9326120 
1064.0000000 144.7893352 144.7361935 
1065.0000000 144.5929167 144.5397749 
1066.0000000 144.3964981 144.3433564 
1067.0000000 144.2000796 144.1469378 
1068.0000000 144.0036610 143.9505193 
1069.0000000 143.8072425 143.7541007 
1070.0000000 143.6108239 143.5576822 
1071.0000000 143.4144054 143.3612636 
1072.0000000 143.2179868 143.1648451 
1073.0000000 143.0215683 142.9684265 
1074.0000000 142.8251497 142.7720080 
1075.0000000 142.6287312 142.5755894 
1076.0000000 142.4323126 142.3791709 
1077.0000000 142.2358941 142.1827523 
1078.0000000 142.0394755 141.9863338 
1079.0000000 141.8430570 141.7899152 
1080.0000000 141.6466384 141.5934967 
1081.0000000 141.4502199 141.3970781 
1082.0000000 141.2538013 141.2006596 
1083.0000000 141.0573828 141.0042410 
1084.0000000 140.8609642 140.8078225 
1085.0000000 140.6645457 140.6114039 
1086.0000000 140.4681271 140.4149854 
1087.0000000 140.2717086 140.2185668 
1088.0000000 140.0752900 140.0221483 
1089.0000000 139.8788715 139.8257297 
1090.0000000 139.6824529 139.6293112 
1091.0000000 139.4860344 139.4328926 
1092.0000000 139.2896158 139.2364741 
1093.0000000 139.0931973 139.0400555 
1094.0000000 138.8967787 138.8436370 
1095.0000000 138.7003602 138.6472184 
1096.0000000 138.5039416 138.4507999 
1097.0000000 138.3075231 138.2543813 
1098.0000000 138.1111045 138.0579628 
1099.0000000 137.9146860 137.8615442 
1100.0000000 137.7182674 137.6651257 
1101.0000000 137.5218489 137.4687071 
1102.0000000 137.3254303 137.2722886 
1103.0000000 137.1290118 137.0758700 
1104.0000000 136.9325932 136.8794515 
1105.0000000 136.7361747 136.6830329 
1106.0000000 136.5397561 136.4866144 
1107.0000000 136.3433376 136.2901958 
1108.0000000 136.1469190 136.0937773 
1109.0000000 135.9505005 135.8973587 
1110.0000000 135.7540819 135.7009402 
1111.0000000 135.5576634 135.5045216 
1112.0000000 135.3612448 135.3081031 
1113.0000000 135.1648263 135.1116845 
1114.0000000 134.9684077 134.9152660 
1115.0000000 134.7719892 134.7188474 
1116.0000000 134.5755706 134.5224289 
1117.0000000 134.3791521 134.3260103 
1118.0000000 134.1827335 134.1295918 
1119.0000000 133.9863150 133.9331732 
1120.0000000 133.7898964 133.7367547 
1121.0000000 133.5934779 133.5403361 
1122.0000000 133.3970593 133.3439176 
1123.0000000 133.2006407 133.1474990 
1124.0000000 133.0042222 132.9510804 
1125.0000000 132.8078036 132.7546619 
1126.0000000 132.6113851 132.5582433 
1127.0000000 132.4149665 132.3618248 
1128.0000000 132.2185480 132.1654062 
1129.0000000 132.0221294 131.9689877 
1130.0000000 131.8257109 131.7725691 
1131.0000000 131.6292923 131.5761506 
1132.0000000 131.4328738 131.3797320 
1133.0000000 131.2364552 131.1833135 
1134.0000000 131.0400367 130.9868949 
1135.0000000 130.8436181 130.7904764 
1136.0000000 130.6471996 130.5940578 
1137.0000000 130.4507810 130.3976393 
1138.0000000 130.2543625 130.2012207 
1139.0000000 130.0579439 130.0048022 
1140.0000000 129.8615254 129.8083836 
1141.0000000 129.6651068 129.6119651 
1142.0000000 129.4686883 129.4155465 
1143.0000000 129.2722697 129.2191280 
1144.0000000 129.0758512 129.0227094 
1145.0000000 128.8794326 128.8262909 
1146.0000000 128.6830141 128.6298723 
1147.0000000 128.4865955 128.4334538 
1148.0000000 128.2901770 128.2370352 
1149.0000000 128.0937584 128.0406167 
1150.0000000 127.8973399 127.8441981 
1151.0000000 127.7009213 127.6477796 
1152.0000000 127.5045028 127.4513610 
1153.0000000 127.3080842 127.2549425 
1154.0000000 127.1116657 127.0585239 
1155.0000000 126.9152471 126.8621054 
1156.0000000 126.7188286 126.6656868 
1157.0000000 126.5224100 126.4692683 
1158.0000000 126.3259915 126.2728497 
1159.0000000 126.1295729 126.0764312 
1160.0000000 125.9331544 125.8800126 
1161.0000000 125.7367358 125.6835941 
1162.0000000 125.5403173 125.4871755 
1163.0000000 125.3438987 125.2907570 
1164.0000000 125.1474802 125.0943384 
1165.0000000 124.9510616 124.8979199 
1166.0000000 124.7546431 124.7015013 
1167.0000000 124.5582245 124.5050828 
1168.0000000 124.3618060 124.3086642 
1169.0000000 124.1653874 124.1122457 
1170.0000000 123.9689689 123.9158271 
1171.0000000 123.7725503 123.7194086 
1172.0000000 123.5761318 123.5229900 
1173.0000000 123.3797132 123.3265715 
1174.0000000 123.1832947 123.1301529 
1175.0000000 122.9868761 122.9337344 
1176.0000000 122.7904576 122.7373158 
1177.0000000 122.5940390 122.5408973 
1178.0000000 122.3976205 122.3444787 
1179.0000000 122.2012019 122.1480602 
1180.0000000 122.0047834 121.9516416 
1181.0000000 121.8083648 121.7552231 
1182.0000000 121.6119463 121.5588045 
1183.0000000 121.4155277 121.3623860 
1184.0000000 121.2191092 121.1659674 
1185.0000000 121.0226906 120.9695489 
1186.0000000 120.8262721 120.7731303 
1187.0000000 120.6298535 120.5767118 
1188.0000000 120.4334350 120.3802932 
1189.0000000 120.2370164 120.1838747 
1190.0000000 120.0405979 119.9874561 
1191.0000000 119.8441793 119.7910376 
1192.0000000 119.6477608 119.5946190 
1193.0000000 119.4513422 119.3982005 
1194.0000000 119.2549237 119.2017819 
1195.0000000 119.0585051 119.0053634 
1196.0000000 118.8620866 118.8089448 
1197.0000000 118.6656680 118.6125263 
1198.0000000 118.4692495 118.4161077 
1199.0000000 118.2728309 118.2196892 
1200.0000000 118.0764124 118.0232706 
1201.0000000 117.8799938 117.8268521 
1202.0000000 117.6835753 117.6304335 
1203.0000000 117.4871567 117.4340150 
1204.0000000 117.2907382 117.2375964 
1205.0000000 117.0943196 117.0411779 
1206.0000000 116.8979011 116.8447593 
1207.0000000 116.7014825 116.6483408 
1208.0000000 116.5050640 116.4519222 
1209.0000000 116.3086454 116.2555037 
1210.0000000 116.1122269 116.0590851 
1211.0000000 115.9158083 115.8626666 
1212.0000000 115.7193898 115.6662480 
1213.0000000 115.5229712 115.4698295 
1214.0000000 115.3265527 115.2734109 
1215.0000000 115.1301341 115.0769924 
1216.0000000 114.9337156 114.8805738 
1217.0000000 114.7372970 114.6841553 
1218.0000000 114.5408785 114.4877367 
1219.0000000 114.3444599 114.2913182 
1220.0000000 114.1480414 114.0948996 
1221.0000000 113.9516228 113.8984811 
1222.0000000 113.7552043 113.7020625 
1223.0000000 113.5587857 113.5056440 
1224.0000000 113.3623672 113.3092254 
1225.0000000 113.1659486 113.1128069 
1226.0000000 112.9695301 112.9163883 
1227.0000000 112.7731115 112.7199698 
1228.0000000 112.5766930 112.5235512 
1229.0000000 112.3802744 112.3271327 
1230.0000000 112.1838559 112.1307141 
1231.0000000 111.9874373 111.9342956 
1232.0000000 111.7910188 111.7378770 
1233.0000000 111.5946002 111.5414585 
1234.0000000 111.3981817 111.3450399 
1235.0000000 111.2017631 111.1486214 
1236.0000000 111.0053446 110.9522028 
1237.0000000 110.8089260 110.7557843 
1238.0000000 110.6125075 110.5593657 
1239.0000000 110.4160889 110.3629472 
1240.0000000 110.2196704 110.1665286 
1241.0000000 110.0232518 109.9701101 
1242.0000000 109.8268333 109.7736915 
1243.0000000 109.6304147 109.5772730 
1244.0000000 109.4339962 109.3808544 
1245.0000000 109.2375776 109.1844359 
1246.0000000 109.0411591 108.9880173 
1247.0000000 108.8447405 108.7915988 
1248.0000000 108.6483220 108.5951802 
1249.0000000 108.4519034 108.3987617 
1250.0000000 108.2554849 108.2023431 
1251.0000000 108.0590663 108.0059246 
1252.0000000 107.8626478 107.8095060 
1253.0000000 107.6662292 107.6130875 
1254.0000000 107.4698107 107.4166689 
1255.0000000 107.2733921 107.2202504 
1256.0000000 107.0769736 107.0238318 
1257.0000000 106.8805550 106.8274133 
1258.0000000 106.6841365 106.6309947 
1259.0000000 106.4877179 106.4345762 
1260.0000000 106.2912994 106.2381576 
1261.0000000 106.0948808 106.0417391 
1262.0000000 105.8984623 105.8453205 
1263.0000000 105.7020437 105.6489020 
1264.0000000 105.5056252 105.4524834 
1265.0000000 105.3092066 105.2560649 
1266.0000000 105.1127881 105.0596463 
1267.0000000 104.9163695 104.8632278 
1268.0000000 104.7199510 104.6668092 
1269.0000000 104.5235324 104.4703907 
1270.0000000 104.3271139 104.2739721 
1271.0000000 104.1306953 104.0775536 
1272.0000000 103.9342768 103.8811350 
1273.0000000 103.7378582 103.6847165 
1274.0000000 103.5414396 103.4882979 
1275.0000000 103.3450211 103.2918793 
1276.0000000 103.1486025 103.0954608 
1277.0000000 102.9521840 102.8990422 
1278.0000000 102.7557654 102.7026237 
1279.0000000 102.5593469 102.5062051 
1280.0000000 102.3629283 102.3097866 
1281.0000000 102.1665098 102.1133680 
1282.0000000 101.9700912 101.9169495 
1283.0000000 101.7736727 101.7205309 
1284.0000000 101.5772541 101.5241124 
1285.0000000 101.3808356 101.3276938 
1286.0000000 101.1844170 101.1312753 
1287.0000000 100.9879985 100.9348567 
1288.0000000 100.7915799 100.7384382 
1289.0000000 100.5951614 100.5420196 
1290.0000000 100.3987428 100.3456011 
1291.0000000 100.2023243 100.1491825 
1292.0000000 100.0059057 99.9527640 
1293.0000000 99.8094872 99.7563454 
1294.0000000 99.6130686 99.5599269 
1295.0000000 99.4166501 99.3635083 
1296.0000000 99.2202315 99.1670898 
1297.0000000 99.0238130 98.9706712 
1298.0000000 98.8273944 98.7742527 
1299.0000000 98.6309759 98.5778341 
1300.0000000 98.4345573 98.3814156 
1301.0000000 98.2381388 98.1849970 
1302.0000000 98.0417202 97.9885785 
1303.0000000 97.8453017 97.7921599 
1304.0000000 97.6488831 97.5957414 
1305.0000000 97.4524646 97.3993228 
1306.0000000 97.2560460 97.2029043 
1307.0000000 97.0596275 97.0064857 
1308.0000000 96.8632089 96.8100672 
1309.0000000 96.6667904 96.6136486 
1310.0000000 96.4703718 96.4172301 
1311.0000000 96.2739533 96.2208115 
1312.0000000 96.0775347 96.0243930 
1313.0000000 95.8811162 95.8279744 
1314.0000000 95.6846976 95.6315559 
1315.0000000 95.4882791 95.4351373 
1316.0000000 95.2918605 95.2387188 
1317.0000000 95.0954420 95.0423002 
1318.0000000 94.8990234 94.8458817 
1319.0000000 94.7026049 94.6494631 
1320.0000000 94.5061863 94.4530446 
1321.0000000 94.3097678 94.2566260 
1322.0000000 94.1133492 94.0602075 
1323.0000000 93.9169307 93.8637889 
1324.0000000 93.7205121 93.6673704 
1325.0000000 93.5240936 93.4709518 
1326.0000000 93.3276750 93.2745333 
1327.0000000 93.1312565 93.0781147 
1328.0000000 92.9348379 92.8816962 
1329.0000000 92.7384194 92.6852776 
1330.0000000 92.5420008 92.4888591 
1331.0000000 92.3455823 92.2924405 
1332.0000000 92.1491637 92.0960220 
1333.0000000 91.9527452 91.8996034 
1334.0000000 91.7563266 91.7031849 
1335.0000000 91.5599081 91.5067663 
1336.0000000 91.3634895 91.3103478 
1337.0000000 91.1670710 91.1139292 
1338.0000000 90.9706524 90.9175107 
1339.0000000 90.7742339 90.7210921 
1340.0000000 90.5778153 90.5246736 
1341.0000000 90.3813968 90.3282550 
1342.0000000 90.1849782 90.1318365 
1343.0000000 89.9885597 89.9354179 
1344.0000000 89.7921411 89.7389994 
1345.0000000 89.5957226 89.5425808 
1346.0000000 89.3993040 89.3461623 
1347.0000000 89.2028855 89.1497437 
1348.0000000 89.0064669 88.9533252 
1349.0000000 88.8100484 88.7569066 
1350.0000000 88.6136298 88.5604881 
1351.0000000 88.4172113 88.3640695 
1352.0000000 88.2207927 88.1676510 
1353.0000000 88.0243742 87.9712324 
1354.0000000 87.8279556 87.7748139 
1355.0000000 87.6315371 87.5783953 
1356.0000000 87.4351185 87.3819768 
1357.0000000 87.2387000 87.1855582 
1358.0000000 87.0422814 86.9891397 
1359.0000000 86.8458629 86.7927211 
1360.0000000 86.6494443 86.5963026 
1361.0000000 86.4530258 86.3998840 
1362.0000000 86.2566072 86.2034655 
1363.0000000 86.0601887 86.0070469 
1364.0000000 85.8637701 85.8106284 
1365.0000000 85.6673516 85.6142098 
1366.0000000 85.4709330 85.4177913 
1367.0000000 85.2745145 85.2213727 
1368.0000000 85.0780959 85.0249542 
1369.0000000 84.8816774 84.8285356 
1370.0000000 84.6852588 84.6321171 
1371.0000000 84.4888403 84.4356985 
1372.0000000 84.2924217 84.2392800 
1373.0000000 84.0960032 84.0428614 
1374.0000000 83.8995846 83.8464429 
1375.0000000 83.7031661 83.6500243 
1376.0000000 83.5067475 83.4536058 
1377.0000000 83.3103290 83.2571872 
1378.0000000 83.1139104 83.0607687 
1379.0000000 82.9174919 82.8643501 
1380.0000000 82.7210733 82.6679316 
1381.0000000 82.5246548 82.4715130 
1382.0000000 82.3282362 82.2750945 
1383.0000000 82.1318177 82.0786759 
1384.0000000 81.9353991 81.8822574 
1385.0000000 81.7389806 81.6858388 
1386.0000000 81.5425620 81.4894203 
1387.0000000 81.3461435 81.2930017 
1388.0000000 81.1497249 81.0965832 
1389.0000000 80.9533064 80.9001646 
1390.0000000 80.7568878 80.7037461 
1391.0000000 80.5604693 80.5073275 
1392.0000000 80.3640507 80.3109090 
1393.0000000 80.1676322 80.1144904 
1394.0000000 79.9712136 79.9180719 
1395.0000000 79.7747951 79.7216533 
1396.0000000 79.5783765 79.5252348 
1397.0000000 79.3819580 79.3288162 
1398.0000000 79.1855394 79.1323977 
1399.0000000 78.9891209 78.9359791 
1400.0000000 78.7927023 78.7395606 
1401.0000000 78.5962838 78.5431420 
1402.0000000 78.3998652 78.3467235 
1403.0000000 78.2034467 78.1503049 
1404.0000000 78.0070281 77.9538864 
1405.0000000 77.8106096 77.7574678 
1406.0000000 77.6141910 77.5610493 
1407.0000000 77.4177725 77.3646307 
1408.0000000 77.2213539 77.1682122 
1409.0000000 77.0249354 76.9717936 
1410.0000000 76.8285168 76.7753751 
1411.0000000 76.6320983 76.5789565 
1412.0000000 76.4356797 76.3825380 
1413.0000000 76.2392612 76.1861194 
1414.0000000 76.0428426 75.9897009 
1415.0000000 75.8464241 75.7932823 
1416.0000000 75.6500055 75.5968638 
1417.0000000 75.4535870 75.4004452 
1418.0000000 75.2571684 75.2040267 
1419.0000000 75.0607499 75.0076081 
1420.0000000 74.8643313 74.8111896 
1421.0000000 74.6679128 74.6147710 
1422.0000000 74.4714942 74.4183525 
1423.0000000 74.2750757 74.2219339 
1424.0000000 74.0786571 74.0255154 
1425.0000000 73.8822385 73.8290968 
1426.0000000 73.6858200 73.6326783 
1427.0000000 73.4894014 73.4362597 
1428.0000000 73.2929829 73.2398411 
1429.0000000 73.0965643 73.0434226 
1430.0000000 72.9001458 72.8470040 
1431.0000000 72.7037272 72.6505855 
1432.0000000 72.5073087 72.4541669 
1433.0000000 72.3108901 72.2577484 
1434.0000000 72.1144716 72.0613298 
1435.0000000 71.9180530 71.8649113 
1436.0000000 71.7216345 71.6684927 
1437.0000000 71.5252159 71.4720742 
1438.0000000 71.3287974 71.2756556 
1439.0000000 71.1323788 71.0792371 
1440.0000000 70.9359603 70.8828185 
1441.0000000 70.7395417 70.6864000 
1442.0000000 70.5431232 70.4899814 
1443.0000000 70.3467046 70.2935629 
1444.0000000 70.1502861 70.0971443 
1445.0000000 69.9538675 69.9007258 
1446.0000000 69.7574490 69.7043072 
1447.0000000 69.5610304 69.5078887 
1448.0000000 69.3646119 69.3114701 
1449.0000000 69.1681933 69.1150516 
1450.0000000 68.9717748 68.9186330 
1451.0000000 68.7753562 68.7222145 
1452.0000000 68.5789377 68.5257959 
1453.0000000 68.3825191 68.3293774 
1454.0000000 68.1861006 68.1329588 
1455.0000000 67.9896820 67.9365403 
1456.0000000 67.7932635 67.7401217 
1457.0000000 67.5968449 67.5437032 
1458.0000000 67.4004264 67.3472846 
1459.0000000 67.2040078 67.1508661 
1460.0000000 67.0075893 66.9544475 
1461.0000000 66.8111707 66.7580290 
1462.0000000 66.6147522 66.5616104 
1463.0000000 66.4183336 66.3651919 
1464.0000000 66.2219151 66.1687733 
1465.0000000 66.0254965 65.9723548 
1466.0000000 65.8290780 65.7759362 
1467.0000000 65.6326594 65.5795177 
1468.0000000 65.4362409 65.3830991 
1469.0000000 65.2398223 65.1866806 
1470.0000000 65.0434038 64.9902620 
1471.0000000 64.8469852 64.7938435 
1472.0000000 64.6505667 64.5974249 
1473.0000000 64.4541481 64.4010064 
1474.0000000 64.2577296 64.2045878 
1475.0000000 64.0613110 64.0081693 
1476.0000000 63.8648925 63.8117507 
1477.0000000 63.6684739 63.6153322 
1478.0000000 63.4720554 63.4189136 
1479.0000000 63.2756368 63.2224951 
1480.0000000 63.0792183 63.0260765 
1481.0000000 62.8827997 62.8296580 
1482.0000000 62.6863812 62.6332394 
1483.0000000 62.4899626 62.4368209 
1484.0000000 62.2935441 62.2404023 
1485.0000000 62.0971255 62.0439838 
1486.0000000 61.9007070 61.8475652 
1487.0000000 61.7042884 61.6511467 
1488.0000000 61.5078699 61.4547281 
1489.0000000 61.3114513 61.2583096 
1490.0000000 61.1150328 61.0618910 
1491.0000000 60.9186142 60.8654725 
1492.0000000 60.7221957 60.6690539 
1493.0000000 60.5257771 60.4726354 
1494.0000000 60.3293586 60.2762168 
1495.0000000 60.1329400 60.0797983 
1496.0000000 59.9365215 59.8833797 
1497.0000000 59.7401029 59.6869612 
1498.0000000 59.5436844 59.4905426 
1499.0000000 59.3472658 59.2941241 
1500.0000000 59.1508473 59.0977055 
1501.0000000 58.9544287 58.9012870 
1502.0000000 58.7580102 58.7048684 
1503.0000000 58.5615916 58.5084499 
1504.0000000 58.3651731 58.3120313 
1505.0000000 58.1687545 58.1156128 
1506.0000000 57.9723360 57.9191942 
1507.0000000 57.7759174 57.7227757 
1508.0000000 57.5794989 57.5263571 
1509.0000000 57.3830803 57.3299386 
1510.0000000 57.1866618 57.1335200 
1511.0000000 56.9902432 56.9371015 
1512.0000000 56.7938247 56.7406829 
1513.0000000 56.5974061 56.5442644 
1514.0000000 56.4009876 56.3478458 
1515.0000000 56.2045690 56.1514273 
1516.0000000 56.0081505 55.9550087 
1517.0000000 55.8117319 55.7585902 
1518.0000000 55.6153134 55.5621716 
1519.0000000 55.4188948 55.3657531 
1520.0000000 55.2224763 55.1693345 
1521.0000000 55.0260577 54.9729160 
1522.0000000 54.8296392 54.7764974 
1523.0000000 54.6332206 54.5800789 
1524.0000000 54.4368021 54.3836603 
1525.0000000 54.2403835 54.1872418 
1526.0000000 54.0439650 53.9908232 
1527.0000000 53.8475464 53.7944047 
1528.0000000 53.6511279 53.5979861 
1529.0000000 53.4547093 53.4015676 
1530.0000000 53.2582908 53.2051490 
1531.0000000 53.0618722 53.0087305 
1532.0000000 52.8654537 52.8123119 
1533.0000000 52.6690351 52.6158934 
1534.0000000 52.4726166 52.4194748 
1535.0000000 52.2761980 52.2230563 
1536.0000000 52.0797795 52.0266377 
1537.0000000 51.8833609 51.8302192 
1538.0000000 51.6869424 51.6338006 
1539.0000000 51.4905238 51.4373821 
1540.0000000 51.2941053 51.2409635 
1541.0000000 51.0976867 51.0445450 
1542.0000000 50.9012682 50.8481264 
1543.0000000 50.7048496 50.6517079 
1544.0000000 50.5084311 50.4552893 
1545.0000000 50.3120125 50.2588708 
1546.0000000 50.1155940 50.0624522 
1547.0000000 49.9191754 49.8660337 
1548.0000000 49.7227569 49.6696151 
1549.0000000 49.5263383 49.4731966 
1550.0000000 49.3299198 49.2767780 
1551.0000000 49.1335012 49.0803595 
1552.0000000 48.9370827 48.8839409 
1553.0000000 48.7406641 48.6875224 
1554.0000000 48.5442456 48.4911038 
1555.0000000 48.3478270 48.2946853 
1556.0000000 48.1514085 48.0982667 
1557.0000000 47.9549899 47.9018482 
1558.0000000 47.7585714 47.7054296 
1559.0000000 47.5621528 47.5090111 
1560.0000000 47.3657343 47.3125925 
1561.0000000 47.1693157 47.1161740 
1562.0000000 46.9728972 46.9197554 
1563.0000000 46.7764786 46.7233369 
1564.0000000 46.5800601 46.5269183 
1565.0000000 46.3836415 46.3304998 
1566.0000000 46.1872230 46.1340812 
1567.0000000 45.9908044 45.9376627 
1568.0000000 45.7943859 45.7412441 
1569.0000000 45.5979673 45.5448256 
1570.0000000 45.4015488 45.3484070 
1571.0000000 45.2051302 45.1519885 
1572.0000000 45.0087117 44.9555699 
1573.0000000 44.8122931 44.7591514 
1574.0000000 44.6158746 44.5627328 
1575.0000000 44.4194560 44.3663143 
1576.0000000 44.2230375 44.1698957 
1577.0000000 44.0266189 43.9734772 
1578.0000000 43.8302003 43.7770586 
1579.0000000 43.6337818 43.5806400 
1580.0000000 43.4373632 43.3842215 
1581.0000000 43.2409447 43.1878029 
1582.0000000 43.0445261 42.9913844 
1583.0000000 42.8481076 42.7949658 
1584.0000000 42.6516890 42.5985473 
1585.0000000 42.4552705 42.4021287 
1586.0000000 42.2588519 42.2057102 
1587.0000000 42.0624334 42.0092916 
1588.0000000 41.8660148 41.8128731 
1589.0000000 41.6695963 41.6164545 
1590.0000000 41.4731777 41.4200360 
1591.0000000 41.2767592 41.2236174 
1592.0000000 41.0803406 41.0271989 
1593.0000000 40.8839221 40.8307803 
1594.0000000 40.6875035 40.6343618 
1595.0000000 40.4910850 40.4379432 
1596.0000000 40.2946664 40.2415247 
1597.0000000 40.0982479 40.0451061 
1598.0000000 39.9018293 39.8486876 
1599.0000000 39.7054108 39.6522690 
1600.0000000 39.5089922 39.4558505 
1601.0000000 39.3125737 39.2594319 
1602.0000000 39.1161551 39.0630134 
1603.0000000 38.9197366 38.8665948 
1604.0000000 38.7233180 38.6701763 
1605.0000000 38.5268995 38.4737577 
1606.0000000 38.3304809 38.2773392 
1607.0000000 38.1340624 38.0809206 
1608.0000000 37.9376438 37.8845021 
1609.0000000 37.7412253 37.6880835 
1610.0000000 37.5448067 37.4916650 
1611.0000000 37.3483882 37.2952464 
1612.0000000 37.1519696 37.0988279 
1613.0000000 36.9555511 36.9024093 
1614.0000000 36.7591325 36.7059908 
1615.0000000 36.5627140 36.5095722 
1616.0000000 36.3662954 36.3131537 
1617.0000000 36.1698769 36.1167351 
1618.0000000 35.9734583 35.9203166 
1619.0000000 35.7770398 35.7238980 
1620.0000000 35.5806212 35.5274795 
1621.0000000 35.3842027 35.3310609 
1622.0000000 35.1877841 35.1346424 
1623.0000000 34.9913656 34.9382238 
1624.0000000 34.7949470 34.7418053 
1625.0000000 34.5985285 34.5453867 
1626.0000000 34.4021099 34.3489682 
1627.0000000 34.2056914 34.1525496 
1628.0000000 34.0092728 33.9561311 
1629.0000000 33.8128543 33.7597125 
1630.0000000 33.6164357 33.5632940 
1631.0000000 33.4200172 33.3668754 
1632.0000000 33.2235986 33.1704569 
1633.0000000 33.0271801 32.9740383 
1634.0000000 32.8307615 32.7776198 
1635.0000000 32.6343430 32.5812012 
1636.0000000 32.4379244 32.3847827 
1637.0000000 32.2415059 32.1883641 
1638.0000000 32.0450873 31.9919456 
1639.0000000 31.8486688 31.7955270 
1640.0000000 31.6522502 31.5991085 
1641.0000000 31.4558317 31.4026899 
1642.0000000 31.2594131 31.2062714 
1643.0000000 31.0629946 31.0098528 
1644.0000000 30.8665760 30.8134343 
1645.0000000 30.6701575 30.6170157 
1646.0000000 30.4737389 30.4205972 
1647.0000000 30.2773204 30.2241786 
1648.0000000 30.0809018 30.0277601 
1649.0000000 29.8844833 29.8313415 
1650.0000000 29.6880647 29.6349230 
1651.0000000 29.4916462 29.4385044 
1652.0000000 29.2952276 29.2420859 
1653.0000000 29.0988091 29.0456673 
1654.0000000 28.9023905 28.8492488 
1655.0000000 28.7059720 28.6528302 
1656.0000000 28.5095534 28.4564117 
1657.0000000 28.3131349 28.2599931 
1658.0000000 28.1167163 28.0635746 
1659.0000000 27.9202978 27.8671560 
1660.0000000 27.7238792 27.6707375 
1661.0000000 27.5274607 27.4743189 
1662.0000000 27.3310421 27.2779004 
1663.0000000 27.1346236 27.0814818 
1664.0000000 26.9382050 26.8850633 
1665.0000000 26.7417865 26.6886447 
1666.0000000 26.5453679 26.4922262 
1667.0000000 26.3489494 26.2958076 
1668.0000000 26.1525308 26.0993891 
1669.0000000 25.9561123 25.9029705 
1670.0000000 25.7596937 25.7065520 
1671.0000000 25.5632752 25.5101334 
1672.0000000 25.3668566 25.3137149 
1673.0000000 25.1704381 25.1172963 
1674.0000000 24.9740195 24.9208778 
1675.0000000 24.7776010 24.7244592 
1676.0000000 24.5811824 24.5280407 
1677.0000000 24.3847639 24.3316221 
1678.0000000 24.1883453 24.1352036 
1679.0000000 23.9919268 23.9387850 
1680.0000000 23.7955082 23.7423665 
1681.0000000 23.5990897 23.5459479 
1682.0000000 23.4026711 23.3495294 
1683.0000000 23.2062526 23.1531108 
1684.0000000 23.0098340 22.9566923 
1685.0000000 22.8134155 22.7602737 
1686.0000000 22.6169969 22.5638552 
1687.0000000 22.4205784 22.3674366 
1688.0000000 22.2241598 22.1710181 
1689.0000000 22.0277413 21.9745995 
1690.0000000 21.8313227 21.7781810 
1691.0000000 21.6349042 21.5817624 
1692.0000000 21.4384856 21.3853439 
1693.0000000 21.2420671 21.1889253 
1694.0000000 21.0456485 20.9925068 
1695.0000000 20.8492300 20.7960882 
1696.0000000 20.6528114 20.5996697 
1697.0000000 20.4563929 20.4032511 
1698.0000000 20.2599743 20.2068326 
1699.0000000 20.0635558 20.0104140 
1700.0000000 19.8671372 19.8139955 
1701.0000000 19.6707187 19.6175769 
1702.0000000 19.4743001 19.4211584 
1703.0000000 19.2778816 19.2247398 
1704.0000000 19.0814630 19.0283213 
1705.0000000 18.8850445 18.8319027 
1706.0000000 18.6886259 18.6354842 
1707.0000000 18.4922074 18.4390656 
1708.0000000 18.2957888 18.2426471 
1709.0000000 18.0993703 18.0462285 
1710.0000000 17.9029517 17.8498100 
1711.0000000 17.7065332 17.6533914 
1712.0000000 17.5101146 17.4569729 
1713.0000000 17.3136961 17.2605543 
1714.0000000 17.1172775 17.0641358 
1715.0000000 16.9208590 16.8677172 
1716.0000000 16.7244404 16.6712987 
1717.0000000 16.5280219 16.4748801 
1718.0000000 16.3316033 16.2784616 
1719.0000000 16.1351848 16.0820430 
1720.0000000 15.9387662 15.8856245 
1721.0000000 15.7423477 15.6892059 
1722.0000000 15.5459291 15.4927874 
1723.0000000 15.3495106 15.2963688 
1724.0000000 15.1530920 15.0999503 
1725.0000000 14.9566735 14.9035317 
1726.0000000 14.7602549 14.7071132 
1727.0000000 14.5638364 14.5106946 
1728.0000000 14.3674178 14.3142761 
1729.0000000 14.1709992 14.1178575 
1730.0000000 13.9745807 13.9214389 
1731.0000000 13.7781621 13.7250204 
1732.0000000 13.5817436 13.5286018 
1733.0000000 13.3853250 13.3321833 
1734.0000000 13.1889065 13.1357647 
1735.0000000 12.9924879 12.9393462 
1736.0000000 12.7960694 12.7429276 
1737.0000000 12.5996508 12.5465091 
1738.0000000 12.4032323 12.3500905 
1739.0000000 12.2068137 12.1536720 
1740.0000000 12.0103952 11.9572534 
1741.0000000 11.8139766 11.7608349 
1742.0000000 11.6175581 11.5644163 
1743.0000000 11.4211395 11.3679978 
1744.0000000 11.2247210 11.1715792 
1745.0000000 11.0283024 10.9751607 
1746.0000000 10.8318839 10.7787421 
1747.0000000 10.6354653 10.5823236 
1748.0000000 10.4390468 10.3859050 
1749.0000000 10.2426282 10.1894865 
1750.0000000 10.0462097 9.9930679 
1751.0000000 9.8497911 9.7966494 
1752.0000000 9.6533726 9.6002308 
1753.0000000 9.4569540 9.4038123 
1754.0000000 9.2605355 9.2073937 
1755.0000000 9.0641169 9.0109752 
1756.0000000 8.8676984 8.8145566 
1757.0000000 8.6712798 8.6181381 
1758.0000000 8.4748613 8.4217195 
1759.0000000 8.2784427 8.2253010 
1760.0000000 8.0820242 8.0288824 
1761.0000000 7.8856056 7.8324639 
1762.0000000 7.6891871 7.6360453 
1763.0000000 7.4927685 7.4396268 
1764.0000000 7.2963500 7.2432082 
1765.0000000 7.0999314 7.0467897 
1766.0000000 6.9035129 6.8503711 
1767.0000000 6.7070943 6.6539526 
1768.0000000 6.5106758 6.4575340 
1769.0000000 6.3142572 6.2611155 
1770.0000000 6.1178387 6.0646969 
1771.0000000 5.9214201 5.8682784 
1772.0000000 5.7250016 5.6718598 
1773.0000000 5.5285830 5.4754413 
1774.0000000 5.3321645 5.2790227 
1775.0000000 5.1357459 5.0826042 
1776.0000000 4.9393274 4.8861856 
1777.0000000 4.7429088 4.6897671 
1778.0000000 4.5464903 4.4933485 
1779.0000000 4.3500717 4.2969300 
1780.0000000 4.1536532 4.1005114 
1781.0000000 3.9572346 3.9040929 
1782.0000000 3.7608161 3.7076743 
1783.0000000 3.5643975 3.5112558 
1784.0000000 3.3679790 3.3148372 
1785.0000000 3.1715604 3.1184187 
1786.0000000 2.9751419 2.9220001 
1787.0000000 2.7787233 2.7255816 
1788.0000000 2.5823048 2.5291630 
1789.0000000 2.3858862 2.3327445 
1790.0000000 2.1894677 2.1363259 
1791.0000000 1.9930491 1.9399074 
1792.0000000 1.7966306 1.7434888 
1793.0000000 1.6002120 1.5470703 
1794.0000000 1.4037935 1.3506517 
1795.0000000 1.2073749 1.1542332 
1796.0000000 1.0109564 0.9578146 
1797.0000000 0.8145378 0.7613961 
1798.0000000 0.6181193 0.5649775 
1799.0000000 0.4217007 0.3685590 
1800.0000000 0.2252822 0.1721404 

