1.0000000 353.6285792 353.5634219 
2.0000000 353.4321606 353.3670033 
3.0000000 353.2357421 353.1705848 
4.0000000 353.0393235 352.9741662 
5.0000000 352.8429050 352.7777477 
6.0000000 352.6464864 352.5813291 
7.0000000 352.4500679 352.3849106 
8.0000000 352.2536493 352.1884920 
9.0000000 352.0572308 351.9920735 
10.0000000 351.8608122 351.7956549 
11.0000000 351.6643937 351.5992364 
12.0000000 351.4679751 351.4028178 
13.0000000 351.2715566 351.2063993 
14.0000000 351.0751380 351.0099807 
15.0000000 350.8787195 350.8135622 
16.0000000 350.6823009 350.6171436 
17.0000000 350.4858824 350.4207251 
18.0000000 350.2894638 350.2243065 
19.0000000 350.0930452 350.0278880 
20.0000000 349.8966267 349.8314694 
21.0000000 349.7002081 349.6350509 
22.0000000 349.5037896 349.4386323 
23.0000000 349.3073710 349.2422138 
24.0000000 349.1109525 349.0457952 
25.0000000 348.9145339 348.8493767 
26.0000000 348.7181154 348.6529581 
27.0000000 348.5216968 348.4565396 
28.0000000 348.3252783 348.2601210 
29.0000000 348.1288597 348.0637025 
30.0000000 347.9324412 347.8672839 
31.0000000 347.7360226 347.6708654 
32.0000000 347.5396041 347.4744468 
33.0000000 347.3431855 347.2780283 
34.0000000 347.1467670 347.0816097 
35.0000000 346.9503484 346.8851912 
36.0000000 346.7539299 346.6887726 
37.0000000 346.5575113 346.4923540 
38.0000000 346.3610928 346.2959355 
39.0000000 346.1646742 346.0995169 
40.0000000 345.9682557 345.9030984 
41.0000000 345.7718371 345.7066798 
42.0000000 345.5754186 345.5102613 
43.0000000 345.3790000 345.3138427 
44.0000000 345.1825815 345.1174242 
45.0000000 344.9861629 344.9210056 
46.0000000 344.7897444 344.7245871 
47.0000000 344.5933258 344.5281685 
48.0000000 344.3969073 344.3317500 
49.0000000 344.2004887 344.1353314 
50.0000000 344.0040702 343.9389129 
51.0000000 343.8076516 343.7424943 
52.0000000 343.6112331 343.5460758 
53.0000000 343.4148145 343.3496572 
54.0000000 343.2183960 343.1532387 
55.0000000 343.0219774 342.9568201 
56.0000000 342.8255589 342.7604016 
57.0000000 342.6291403 342.5639830 
58.0000000 342.4327218 342.3675645 
59.0000000 342.2363032 342.1711459 
60.0000000 342.0398847 341.9747274 
61.0000000 341.8434661 341.7783088 
62.0000000 341.6470476 341.5818903 
63.0000000 341.4506290 341.3854717 
64.0000000 341.2542105 341.1890532 
65.0000000 341.0577919 340.9926346 
66.0000000 340.8613734 340.7962161 
67.0000000 340.6649548 340.5997975 
68.0000000 340.4685363 340.4033790 
69.0000000 340.2721177 340.2069604 
70.0000000 340.0756992 340.0105419 
71.0000000 339.8792806 339.8141233 
72.0000000 339.6828621 339.6177048 
73.0000000 339.4864435 339.4212862 
74.0000000 339.2900250 339.2248677 
75.0000000 339.0936064 339.0284491 
76.0000000 338.8971879 338.8320306 
77.0000000 338.7007693 338.6356120 
78.0000000 338.5043508 338.4391935 
79.0000000 338.3079322 338.2427749 
80.0000000 338.1115137 338.0463564 
81.0000000 337.9150951 337.8499378 
82.0000000 337.7186766 337.6535193 
83.0000000 337.5222580 337.4571007 
84.0000000 337.3258395 337.2606822 
85.0000000 337.1294209 337.0642636 
86.0000000 336.9330024 336.8678451 
87.0000000 336.7365838 336.6714265 
88.0000000 336.5401653 336.4750080 
89.0000000 336.3437467 336.2785894 
90.0000000 336.1473282 336.0821709 
91.0000000 335.9509096 335.8857523 
92.0000000 335.7544911 335.6893338 
93.0000000 335.5580725 335.4929152 
94.0000000 335.3616540 335.2964967 
95.0000000 335.1652354 335.1000781 
96.0000000 334.9688169 334.9036596 
97.0000000 334.7723983 334.7072410 
98.0000000 334.5759798 334.5108225 
99.0000000 334.3795612 334.3144039 
100.0000000 334.1831427 334.1179854 
101.0000000 333.9867241 333.9215668 
102.0000000 333.7903056 333.7251483 
103.0000000 333.5938870 333.5287297 
104.0000000 333.3974685 333.3323112 
105.0000000 333.2010499 333.1358926 
106.0000000 333.0046314 332.9394741 
107.0000000 332.8082128 332.7430555 
108.0000000 332.6117943 332.5466370 
109.0000000 332.4153757 332.3502184 
110.0000000 332.2189572 332.1537999 
111.0000000 332.0225386 331.9573813 
112.0000000 331.8261201 331.7609628 
113.0000000 331.6297015 331.5645442 
114.0000000 331.4332830 331.3681257 
115.0000000 331.2368644 331.1717071 
116.0000000 331.0404459 330.9752886 
117.0000000 330.8440273 330.7788700 
118.0000000 330.6476088 330.5824515 
119.0000000 330.4511902 330.3860329 
120.0000000 330.2547717 330.1896144 
121.0000000 330.0583531 329.9931958 
122.0000000 329.8619346 329.7967773 
123.0000000 329.6655160 329.6003587 
124.0000000 329.4690975 329.4039402 
125.0000000 329.2726789 329.2075216 
126.0000000 329.0762604 329.0111031 
127.0000000 328.8798418 328.8146845 
128.0000000 328.6834233 328.6182660 
129.0000000 328.4870047 328.4218474 
130.0000000 328.2905862 328.2254289 
131.0000000 328.0941676 328.0290103 
132.0000000 327.8977491 327.8325918 
133.0000000 327.7013305 327.6361732 
134.0000000 327.5049120 327.4397547 
135.0000000 327.3084934 327.2433361 
136.0000000 327.1120749 327.0469176 
137.0000000 326.9156563 326.8504990 
138.0000000 326.7192378 326.6540805 
139.0000000 326.5228192 326.4576619 
140.0000000 326.3264007 326.2612434 
141.0000000 326.1299821 326.0648248 
142.0000000 325.9335636 325.8684063 
143.0000000 325.7371450 325.6719877 
144.0000000 325.5407265 325.4755692 
145.0000000 325.3443079 325.2791506 
146.0000000 325.1478894 325.0827321 
147.0000000 324.9514708 324.8863135 
148.0000000 324.7550523 324.6898950 
149.0000000 324.5586337 324.4934764 
150.0000000 324.3622152 324.2970579 
151.0000000 324.1657966 324.1006393 
152.0000000 323.9693781 323.9042208 
153.0000000 323.7729595 323.7078022 
154.0000000 323.5765410 323.5113837 
155.0000000 323.3801224 323.3149651 
156.0000000 323.1837039 323.1185466 
157.0000000 322.9872853 322.9221280 
158.0000000 322.7908668 322.7257095 
159.0000000 322.5944482 322.5292909 
160.0000000 322.3980297 322.3328724 
161.0000000 322.2016111 322.1364538 
162.0000000 322.0051926 321.9400353 
163.0000000 321.8087740 321.7436167 
164.0000000 321.6123555 321.5471982 
165.0000000 321.4159369 321.3507796 
166.0000000 321.2195184 321.1543611 
167.0000000 321.0230998 320.9579425 
168.0000000 320.8266813 320.7615240 
169.0000000 320.6302627 320.5651054 
170.0000000 320.4338441 320.3686869 
171.0000000 320.2374256 320.1722683 
172.0000000 320.0410070 319.9758498 
173.0000000 319.8445885 319.7794312 
174.0000000 319.6481699 319.5830127 
175.0000000 319.4517514 319.3865941 
176.0000000 319.2553328 319.1901756 
177.0000000 319.0589143 318.9937570 
178.0000000 318.8624957 318.7973385 
179.0000000 318.6660772 318.6009199 
180.0000000 318.4696586 318.4045014 
181.0000000 318.2732401 318.2080828 
182.0000000 318.0768215 318.0116643 
183.0000000 317.8804030 317.8152457 
184.0000000 317.6839844 317.6188272 
185.0000000 317.4875659 317.4224086 
186.0000000 317.2911473 317.2259901 
187.0000000 317.0947288 317.0295715 
188.0000000 316.8983102 316.8331530 
189.0000000 316.7018917 316.6367344 
190.0000000 316.5054731 316.4403158 
191.0000000 316.3090546 316.2438973 
192.0000000 316.1126360 316.0474787 
193.0000000 315.9162175 315.8510602 
194.0000000 315.7197989 315.6546416 
195.0000000 315.5233804 315.4582231 
196.0000000 315.3269618 315.2618045 
197.0000000 315.1305433 315.0653860 
198.0000000 314.9341247 314.8689674 
199.0000000 314.7377062 314.6725489 
200.0000000 314.5412876 314.4761303 
201.0000000 314.3448691 314.2797118 
202.0000000 314.1484505 314.0832932 
203.0000000 313.9520320 313.8868747 
204.0000000 313.7556134 313.6904561 
205.0000000 313.5591949 313.4940376 
206.0000000 313.3627763 313.2976190 
207.0000000 313.1663578 313.1012005 
208.0000000 312.9699392 312.9047819 
209.0000000 312.7735207 312.7083634 
210.0000000 312.5771021 312.5119448 
211.0000000 312.3806836 312.3155263 
212.0000000 312.1842650 312.1191077 
213.0000000 311.9878465 311.9226892 
214.0000000 311.7914279 311.7262706 
215.0000000 311.5950094 311.5298521 
216.0000000 311.3985908 311.3334335 
217.0000000 311.2021723 311.1370150 
218.0000000 311.0057537 310.9405964 
219.0000000 310.8093352 310.7441779 
220.0000000 310.6129166 310.5477593 
221.0000000 310.4164981 310.3513408 
222.0000000 310.2200795 310.1549222 
223.0000000 310.0236610 309.9585037 
224.0000000 309.8272424 309.7620851 
225.0000000 309.6308239 309.5656666 
226.0000000 309.4344053 309.3692480 
227.0000000 309.2379868 309.1728295 
228.0000000 309.0415682 308.9764109 
229.0000000 308.8451497 308.7799924 
230.0000000 308.6487311 308.5835738 
231.0000000 308.4523126 308.3871553 
232.0000000 308.2558940 308.1907367 
233.0000000 308.0594755 307.9943182 
234.0000000 307.8630569 307.7978996 
235.0000000 307.6666384 307.6014811 
236.0000000 307.4702198 307.4050625 
237.0000000 307.2738013 307.2086440 
238.0000000 307.0773827 307.0122254 
239.0000000 306.8809642 306.8158069 
240.0000000 306.6845456 306.6193883 
241.0000000 306.4881271 306.4229698 
242.0000000 306.2917085 306.2265512 
243.0000000 306.0952900 306.0301327 
244.0000000 305.8988714 305.8337141 
245.0000000 305.7024529 305.6372956 
246.0000000 305.5060343 305.4408770 
247.0000000 305.3096158 305.2444585 
248.0000000 305.1131972 305.0480399 
249.0000000 304.9167787 304.8516214 
250.0000000 304.7203601 304.6552028 
251.0000000 304.5239416 304.4587843 
252.0000000 304.3275230 304.2623657 
253.0000000 304.1311045 304.0659472 
254.0000000 303.9346859 303.8695286 
255.0000000 303.7382674 303.6731101 
256.0000000 303.5418488 303.4766915 
257.0000000 303.3454303 303.2802730 
258.0000000 303.1490117 303.0838544 
259.0000000 302.9525932 302.8874359 
260.0000000 302.7561746 302.6910173 
261.0000000 302.5597561 302.4945988 
262.0000000 302.3633375 302.2981802 
263.0000000 302.1669190 302.1017617 
264.0000000 301.9705004 301.9053431 
265.0000000 301.7740819 301.7089246 
266.0000000 301.5776633 301.5125060 
267.0000000 301.3812448 301.3160875 
268.0000000 301.1848262 301.1196689 
269.0000000 300.9884077 300.9232504 
270.0000000 300.7919891 300.7268318 
271.0000000 300.5955706 300.5304133 
272.0000000 300.3991520 300.3339947 
273.0000000 300.2027335 300.1375762 
274.0000000 300.0063149 299.9411576 
275.0000000 299.8098964 299.7447391 
276.0000000 299.6134778 299.5483205 
277.0000000 299.4170593 299.3519020 
278.0000000 299.2206407 299.1554834 
279.0000000 299.0242222 298.9590649 
280.0000000 298.8278036 298.7626463 
281.0000000 298.6313851 298.5662278 
282.0000000 298.4349665 298.3698092 
283.0000000 298.2385480 298.1733907 
284.0000000 298.0421294 297.9769721 
285.0000000 297.8457109 297.7805536 
286.0000000 297.6492923 297.5841350 
287.0000000 297.4528738 297.3877165 
288.0000000 297.2564552 297.1912979 
289.0000000 297.0600367 296.9948794 
290.0000000 296.8636181 296.7984608 
291.0000000 296.6671996 296.6020423 
292.0000000 296.4707810 296.4056237 
293.0000000 296.2743625 296.2092052 
294.0000000 296.0779439 296.0127866 
295.0000000 295.8815254 295.8163681 
296.0000000 295.6851068 295.6199495 
297.0000000 295.4886883 295.4235310 
298.0000000 295.2922697 295.2271124 
299.0000000 295.0958512 295.0306939 
300.0000000 294.8994326 294.8342753 
301.0000000 294.7030141 294.6378568 
302.0000000 294.5065955 294.4414382 
303.0000000 294.3101770 294.2450197 
304.0000000 294.1137584 294.0486011 
305.0000000 293.9173399 293.8521826 
306.0000000 293.7209213 293.6557640 
307.0000000 293.5245028 293.4593455 
308.0000000 293.3280842 293.2629269 
309.0000000 293.1316657 293.0665084 
310.0000000 292.9352471 292.8700898 
311.0000000 292.7388286 292.6736713 
312.0000000 292.5424100 292.4772527 
313.0000000 292.3459915 292.2808342 
314.0000000 292.1495729 292.0844156 
315.0000000 291.9531544 291.8879971 
316.0000000 291.7567358 291.6915785 
317.0000000 291.5603173 291.4951600 
318.0000000 291.3638987 291.2987414 
319.0000000 291.1674802 291.1023229 
320.0000000 290.9710616 290.9059043 
321.0000000 290.7746431 290.7094858 
322.0000000 290.5782245 290.5130672 
323.0000000 290.3818059 290.3166487 
324.0000000 290.1853874 290.1202301 
325.0000000 289.9889688 289.9238116 
326.0000000 289.7925503 289.7273930 
327.0000000 289.5961317 289.5309745 
328.0000000 289.3997132 289.3345559 
329.0000000 289.2032946 289.1381374 
330.0000000 289.0068761 288.9417188 
331.0000000 288.8104575 288.7453003 
332.0000000 288.6140390 288.5488817 
333.0000000 288.4176204 288.3524632 
334.0000000 288.2212019 288.1560446 
335.0000000 288.0247833 287.9596261 
336.0000000 287.8283648 287.7632075 
337.0000000 287.6319462 287.5667890 
338.0000000 287.4355277 287.3703704 
339.0000000 287.2391091 287.1739519 
340.0000000 287.0426906 286.9775333 
341.0000000 286.8462720 286.7811147 
342.0000000 286.6498535 286.5846962 
343.0000000 286.4534349 286.3882776 
344.0000000 286.2570164 286.1918591 
345.0000000 286.0605978 285.9954405 
346.0000000 285.8641793 285.7990220 
347.0000000 285.6677607 285.6026034 
348.0000000 285.4713422 285.4061849 
349.0000000 285.2749236 285.2097663 
350.0000000 285.0785051 285.0133478 
351.0000000 284.8820865 284.8169292 
352.0000000 284.6856680 284.6205107 
353.0000000 284.4892494 284.4240921 
354.0000000 284.2928309 284.2276736 
355.0000000 284.0964123 284.0312550 
356.0000000 283.8999938 283.8348365 
357.0000000 283.7035752 283.6384179 
358.0000000 283.5071567 283.4419994 
359.0000000 283.3107381 283.2455808 
360.0000000 283.1143196 283.0491623 
361.0000000 282.9179010 282.8527437 
362.0000000 282.7214825 282.6563252 
363.0000000 282.5250639 282.4599066 
364.0000000 282.3286454 282.2634881 
365.0000000 282.1322268 282.0670695 
366.0000000 281.9358083 281.8706510 
367.0000000 281.7393897 281.6742324 
368.0000000 281.5429712 281.4778139 
369.0000000 281.3465526 281.2813953 
370.0000000 281.1501341 281.0849768 
371.0000000 280.9537155 280.8885582 
372.0000000 280.7572970 280.6921397 
373.0000000 280.5608784 280.4957211 
374.0000000 280.3644599 280.2993026 
375.0000000 280.1680413 280.1028840 
376.0000000 279.9716228 279.9064655 
377.0000000 279.7752042 279.7100469 
378.0000000 279.5787857 279.5136284 
379.0000000 279.3823671 279.3172098 
380.0000000 279.1859486 279.1207913 
381.0000000 278.9895300 278.9243727 
382.0000000 278.7931115 278.7279542 
383.0000000 278.5966929 278.5315356 
384.0000000 278.4002744 278.3351171 
385.0000000 278.2038558 278.1386985 
386.0000000 278.0074373 277.9422800 
387.0000000 277.8110187 277.7458614 
388.0000000 277.6146002 277.5494429 
389.0000000 277.4181816 277.3530243 
390.0000000 277.2217631 277.1566058 
391.0000000 277.0253445 276.9601872 
392.0000000 276.8289260 276.7637687 
393.0000000 276.6325074 276.5673501 
394.0000000 276.4360889 276.3709316 
395.0000000 276.2396703 276.1745130 
396.0000000 276.0432518 275.9780945 
397.0000000 275.8468332 275.7816759 
398.0000000 275.6504147 275.5852574 
399.0000000 275.4539961 275.3888388 
400.0000000 275.2575776 275.1924203 
401.0000000 275.0611590 274.9960017 
402.0000000 274.8647405 274.7995832 
403.0000000 274.6683219 274.6031646 
404.0000000 274.4719034 274.4067461 
405.0000000 274.2754848 274.2103275 
406.0000000 274.0790663 274.0139090 
407.0000000 273.8826477 273.8174904 
408.0000000 273.6862292 273.6210719 
409.0000000 273.4898106 273.4246533 
410.0000000 273.2933921 273.2282348 
411.0000000 273.0969735 273.0318162 
412.0000000 272.9005550 272.8353977 
413.0000000 272.7041364 272.6389791 
414.0000000 272.5077179 272.4425606 
415.0000000 272.3112993 272.2461420 
416.0000000 272.1148808 272.0497235 
417.0000000 271.9184622 271.8533049 
418.0000000 271.7220437 271.6568864 
419.0000000 271.5256251 271.4604678 
420.0000000 271.3292066 271.2640493 
421.0000000 271.1327880 271.0676307 
422.0000000 270.9363695 270.8712122 
423.0000000 270.7399509 270.6747936 
424.0000000 270.5435324 270.4783751 
425.0000000 270.3471138 270.2819565 
426.0000000 270.1506953 270.0855380 
427.0000000 269.9542767 269.8891194 
428.0000000 269.7578582 269.6927009 
429.0000000 269.5614396 269.4962823 
430.0000000 269.3650211 269.2998638 
431.0000000 269.1686025 269.1034452 
432.0000000 268.9721840 268.9070267 
433.0000000 268.7757654 268.7106081 
434.0000000 268.5793469 268.5141896 
435.0000000 268.3829283 268.3177710 
436.0000000 268.1865098 268.1213525 
437.0000000 267.9900912 267.9249339 
438.0000000 267.7936727 267.7285154 
439.0000000 267.5972541 267.5320968 
440.0000000 267.4008356 267.3356783 
441.0000000 267.2044170 267.1392597 
442.0000000 267.0079985 266.9428412 
443.0000000 266.8115799 266.7464226 
444.0000000 266.6151614 266.5500041 
445.0000000 266.4187428 266.3535855 
446.0000000 266.2223243 266.1571670 
447.0000000 266.0259057 265.9607484 
448.0000000 265.8294872 265.7643299 
449.0000000 265.6330686 265.5679113 
450.0000000 265.4366501 265.3714928 
451.0000000 265.2402315 265.1750742 
452.0000000 265.0438130 264.9786557 
453.0000000 264.8473944 264.7822371 
454.0000000 264.6509759 264.5858186 
455.0000000 264.4545573 264.3894000 
456.0000000 264.2581388 264.1929815 
457.0000000 264.0617202 263.9965629 
458.0000000 263.8653017 263.8001444 
459.0000000 263.6688831 263.6037258 
460.0000000 263.4724646 263.4073073 
461.0000000 263.2760460 263.2108887 
462.0000000 263.0796275 263.0144702 
463.0000000 262.8832089 262.8180516 
464.0000000 262.6867904 262.6216331 
465.0000000 262.4903718 262.4252145 
466.0000000 262.2939533 262.2287960 
467.0000000 262.0975347 262.0323774 
468.0000000 261.9011162 261.8359589 
469.0000000 261.7046976 261.6395403 
470.0000000 261.5082791 261.4431218 
471.0000000 261.3118605 261.2467032 
472.0000000 261.1154420 261.0502847 
473.0000000 260.9190234 260.8538661 
474.0000000 260.7226048 260.6574476 
475.0000000 260.5261863 260.4610290 
476.0000000 260.3297677 260.2646105 
477.0000000 260.1333492 260.0681919 
478.0000000 259.9369306 259.8717734 
479.0000000 259.7405121 259.6753548 
480.0000000 259.5440935 259.4789363 
481.0000000 259.3476750 259.2825177 
482.0000000 259.1512564 259.0860992 
483.0000000 258.9548379 258.8896806 
484.0000000 258.7584193 258.6932621 
485.0000000 258.5620008 258.4968435 
486.0000000 258.3655822 258.3004250 
487.0000000 258.1691637 258.1040064 
488.0000000 257.9727451 257.9075879 
489.0000000 257.7763266 257.7111693 
490.0000000 257.5799080 257.5147508 
491.0000000 257.3834895 257.3183322 
492.0000000 257.1870709 257.1219137 
493.0000000 256.9906524 256.9254951 
494.0000000 256.7942338 256.7290765 
495.0000000 256.5978153 256.5326580 
496.0000000 256.4013967 256.3362394 
497.0000000 256.2049782 256.1398209 
498.0000000 256.0085596 255.9434023 
499.0000000 255.8121411 255.7469838 
500.0000000 255.6157225 255.5505652 
501.0000000 255.4193040 255.3541467 
502.0000000 255.2228854 255.1577281 
503.0000000 255.0264669 254.9613096 
504.0000000 254.8300483 254.7648910 
505.0000000 254.6336298 254.5684725 
506.0000000 254.4372112 254.3720539 
507.0000000 254.2407927 254.1756354 
508.0000000 254.0443741 253.9792168 
509.0000000 253.8479556 253.7827983 
510.0000000 253.6515370 253.5863797 
511.0000000 253.4551185 253.3899612 
512.0000000 253.2586999 253.1935426 
513.0000000 253.0622814 252.9971241 
514.0000000 252.8658628 252.8007055 
515.0000000 252.6694443 252.6042870 
516.0000000 252.4730257 252.4078684 
517.0000000 252.2766072 252.2114499 
518.0000000 252.0801886 252.0150313 
519.0000000 251.8837701 251.8186128 
520.0000000 251.6873515 251.6221942 
521.0000000 251.4909330 251.4257757 
522.0000000 251.2945144 251.2293571 
523.0000000 251.0980959 251.0329386 
524.0000000 250.9016773 250.8365200 
525.0000000 250.7052588 250.6401015 
526.0000000 250.5088402 250.4436829 
527.0000000 250.3124217 250.2472644 
528.0000000 250.1160031 250.0508458 
529.0000000 249.9195846 249.8544273 
530.0000000 249.7231660 249.6580087 
531.0000000 249.5267475 249.4615902 
532.0000000 249.3303289 249.2651716 
533.0000000 249.1339104 249.0687531 
534.0000000 248.9374918 248.8723345 
535.0000000 248.7410733 248.6759160 
536.0000000 248.5446547 248.4794974 
537.0000000 248.3482362 248.2830789 
538.0000000 248.1518176 248.0866603 
539.0000000 247.9553991 247.8902418 
540.0000000 247.7589805 247.6938232 
541.0000000 247.5625620 247.4974047 
542.0000000 247.3661434 247.3009861 
543.0000000 247.1697249 247.1045676 
544.0000000 246.9733063 246.9081490 
545.0000000 246.7768878 246.7117305 
546.0000000 246.5804692 246.5153119 
547.0000000 246.3840507 246.3188934 
548.0000000 246.1876321 246.1224748 
549.0000000 245.9912136 245.9260563 
550.0000000 245.7947950 245.7296377 
551.0000000 245.5983765 245.5332192 
552.0000000 245.4019579 245.3368006 
553.0000000 245.2055394 245.1403821 
554.0000000 245.0091208 244.9439635 
555.0000000 244.8127023 244.7475450 
556.0000000 244.6162837 244.5511264 
557.0000000 244.4198652 244.3547079 
558.0000000 244.2234466 244.1582893 
559.0000000 244.0270281 243.9618708 
560.0000000 243.8306095 243.7654522 
561.0000000 243.6341910 243.5690337 
562.0000000 243.4377724 243.3726151 
563.0000000 243.2413539 243.1761966 
564.0000000 243.0449353 242.9797780 
565.0000000 242.8485168 242.7833595 
566.0000000 242.6520982 242.5869409 
567.0000000 242.4556797 242.3905224 
568.0000000 242.2592611 242.1941038 
569.0000000 242.0628426 241.9976853 
570.0000000 241.8664240 241.8012667 
571.0000000 241.6700055 241.6048482 
572.0000000 241.4735869 241.4084296 
573.0000000 241.2771684 241.2120111 
574.0000000 241.0807498 241.0155925 
575.0000000 240.8843313 240.8191740 
576.0000000 240.6879127 240.6227554 
577.0000000 240.4914942 240.4263369 
578.0000000 240.2950756 240.2299183 
579.0000000 240.0986571 240.0334998 
580.0000000 239.9022385 239.8370812 
581.0000000 239.7058200 239.6406627 
582.0000000 239.5094014 239.4442441 
583.0000000 239.3129829 239.2478256 
584.0000000 239.1165643 239.0514070 
585.0000000 238.9201458 238.8549885 
586.0000000 238.7237272 238.6585699 
587.0000000 238.5273087 238.4621514 
588.0000000 238.3308901 238.2657328 
589.0000000 238.1344716 238.0693143 
590.0000000 237.9380530 237.8728957 
591.0000000 237.7416345 237.6764772 
592.0000000 237.5452159 237.4800586 
593.0000000 237.3487974 237.2836401 
594.0000000 237.1523788 237.0872215 
595.0000000 236.9559603 236.8908030 
596.0000000 236.7595417 236.6943844 
597.0000000 236.5631232 236.4979659 
598.0000000 236.3667046 236.3015473 
599.0000000 236.1702861 236.1051288 
600.0000000 235.9738675 235.9087102 
601.0000000 235.7774490 235.7122917 
602.0000000 235.5810304 235.5158731 
603.0000000 235.3846119 235.3194546 
604.0000000 235.1881933 235.1230360 
605.0000000 234.9917748 234.9266175 
606.0000000 234.7953562 234.7301989 
607.0000000 234.5989377 234.5337804 
608.0000000 234.4025191 234.3373618 
609.0000000 234.2061006 234.1409433 
610.0000000 234.0096820 233.9445247 
611.0000000 233.8132635 233.7481062 
612.0000000 233.6168449 233.5516876 
613.0000000 233.4204264 233.3552691 
614.0000000 233.2240078 233.1588505 
615.0000000 233.0275893 232.9624320 
616.0000000 232.8311707 232.7660134 
617.0000000 232.6347522 232.5695949 
618.0000000 232.4383336 232.3731763 
619.0000000 232.2419151 232.1767578 
620.0000000 232.0454965 231.9803392 
621.0000000 231.8490780 231.7839207 
622.0000000 231.6526594 231.5875021 
623.0000000 231.4562409 231.3910836 
624.0000000 231.2598223 231.1946650 
625.0000000 231.0634037 230.9982465 
626.0000000 230.8669852 230.8018279 
627.0000000 230.6705666 230.6054094 
628.0000000 230.4741481 230.4089908 
629.0000000 230.2777295 230.2125723 
630.0000000 230.0813110 230.0161537 
631.0000000 229.8848924 229.8197352 
632.0000000 229.6884739 229.6233166 
633.0000000 229.4920553 229.4268981 
634.0000000 229.2956368 229.2304795 
635.0000000 229.0992182 229.0340610 
636.0000000 228.9027997 228.8376424 
637.0000000 228.7063811 228.6412239 
638.0000000 228.5099626 228.4448053 
639.0000000 228.3135440 228.2483868 
640.0000000 228.1171255 228.0519682 
641.0000000 227.9207069 227.8555497 
642.0000000 227.7242884 227.6591311 
643.0000000 227.5278698 227.4627126 
644.0000000 227.3314513 227.2662940 
645.0000000 227.1350327 227.0698754 
646.0000000 226.9386142 226.8734569 
647.0000000 226.7421956 226.6770383 
648.0000000 226.5457771 226.4806198 
649.0000000 226.3493585 226.2842012 
650.0000000 226.1529400 226.0877827 
651.0000000 225.9565214 225.8913641 
652.0000000 225.7601029 225.6949456 
653.0000000 225.5636843 225.4985270 
654.0000000 225.3672658 225.3021085 
655.0000000 225.1708472 225.1056899 
656.0000000 224.9744287 224.9092714 
657.0000000 224.7780101 224.7128528 
658.0000000 224.5815916 224.5164343 
659.0000000 224.3851730 224.3200157 
660.0000000 224.1887545 224.1235972 
661.0000000 223.9923359 223.9271786 
662.0000000 223.7959174 223.7307601 
663.0000000 223.5994988 223.5343415 
664.0000000 223.4030803 223.3379230 
665.0000000 223.2066617 223.1415044 
666.0000000 223.0102432 222.9450859 
667.0000000 222.8138246 222.7486673 
668.0000000 222.6174061 222.5522488 
669.0000000 222.4209875 222.3558302 
670.0000000 222.2245690 222.1594117 
671.0000000 222.0281504 221.9629931 
672.0000000 221.8317319 221.7665746 
673.0000000 221.6353133 221.5701560 
674.0000000 221.4388948 221.3737375 
675.0000000 221.2424762 221.1773189 
676.0000000 221.0460577 220.9809004 
677.0000000 220.8496391 220.7844818 
678.0000000 220.6532206 220.5880633 
679.0000000 220.4568020 220.3916447 
680.0000000 220.2603835 220.1952262 
681.0000000 220.0639649 219.9988076 
682.0000000 219.8675464 219.8023891 
683.0000000 219.6711278 219.6059705 
684.0000000 219.4747093 219.4095520 
685.0000000 219.2782907 219.2131334 
686.0000000 219.0818722 219.0167149 
687.0000000 218.8854536 218.8202963 
688.0000000 218.6890351 218.6238778 
689.0000000 218.4926165 218.4274592 
690.0000000 218.2961980 218.2310407 
691.0000000 218.0997794 218.0346221 
692.0000000 217.9033609 217.8382036 
693.0000000 217.7069423 217.6417850 
694.0000000 217.5105238 217.4453665 
695.0000000 217.3141052 217.2489479 
696.0000000 217.1176867 217.0525294 
697.0000000 216.9212681 216.8561108 
698.0000000 216.7248496 216.6596923 
699.0000000 216.5284310 216.4632737 
700.0000000 216.3320125 216.2668552 
701.0000000 216.1355939 216.0704366 
702.0000000 215.9391754 215.8740181 
703.0000000 215.7427568 215.6775995 
704.0000000 215.5463383 215.4811810 
705.0000000 215.3499197 215.2847624 
706.0000000 215.1535012 215.0883439 
707.0000000 214.9570826 214.8919253 
708.0000000 214.7606641 214.6955068 
709.0000000 214.5642455 214.4990882 
710.0000000 214.3678270 214.3026697 
711.0000000 214.1714084 214.1062511 
712.0000000 213.9749899 213.9098326 
713.0000000 213.7785713 213.7134140 
714.0000000 213.5821528 213.5169955 
715.0000000 213.3857342 213.3205769 
716.0000000 213.1893157 213.1241584 
717.0000000 212.9928971 212.9277398 
718.0000000 212.7964786 212.7313213 
719.0000000 212.6000600 212.5349027 
720.0000000 212.4036415 212.3384842 
721.0000000 212.2072229 212.1420656 
722.0000000 212.0108044 211.9456471 
723.0000000 211.8143858 211.7492285 
724.0000000 211.6179673 211.5528100 
725.0000000 211.4215487 211.3563914 
726.0000000 211.2251302 211.1599729 
727.0000000 211.0287116 210.9635543 
728.0000000 210.8322931 210.7671358 
729.0000000 210.6358745 210.5707172 
730.0000000 210.4394560 210.3742987 
731.0000000 210.2430374 210.1778801 
732.0000000 210.0466189 209.9814616 
733.0000000 209.8502003 209.7850430 
734.0000000 209.6537818 209.5886245 
735.0000000 209.4573632 209.3922059 
736.0000000 209.2609447 209.1957874 
737.0000000 209.0645261 208.9993688 
738.0000000 208.8681076 208.8029503 
739.0000000 208.6716890 208.6065317 
740.0000000 208.4752705 208.4101132 
741.0000000 208.2788519 208.2136946 
742.0000000 208.0824334 208.0172761 
743.0000000 207.8860148 207.8208575 
744.0000000 207.6895963 207.6244390 
745.0000000 207.4931777 207.4280204 
746.0000000 207.2967592 207.2316019 
747.0000000 207.1003406 207.0351833 
748.0000000 206.9039221 206.8387648 
749.0000000 206.7075035 206.6423462 
750.0000000 206.5110850 206.4459277 
751.0000000 206.3146664 206.2495091 
752.0000000 206.1182479 206.0530906 
753.0000000 205.9218293 205.8566720 
754.0000000 205.7254108 205.6602535 
755.0000000 205.5289922 205.4638349 
756.0000000 205.3325737 205.2674164 
757.0000000 205.1361551 205.0709978 
758.0000000 204.9397366 204.8745793 
759.0000000 204.7433180 204.6781607 
760.0000000 204.5468995 204.4817422 
761.0000000 204.3504809 204.2853236 
762.0000000 204.1540624 204.0889051 
763.0000000 203.9576438 203.8924865 
764.0000000 203.7612253 203.6960680 
765.0000000 203.5648067 203.4996494 
766.0000000 203.3683882 203.3032309 
767.0000000 203.1719696 203.1068123 
768.0000000 202.9755511 202.9103938 
769.0000000 202.7791325 202.7139752 
770.0000000 202.5827140 202.5175567 
771.0000000 202.3862954 202.3211381 
772.0000000 202.1898769 202.1247196 
773.0000000 201.9934583 201.9283010 
774.0000000 201.7970398 201.7318825 
775.0000000 201.6006212 201.5354639 
776.0000000 201.4042027 201.3390454 
777.0000000 201.2077841 201.1426268 
778.0000000 201.0113655 200.9462083 
779.0000000 200.8149470 200.7497897 
780.0000000 200.6185284 200.5533712 
781.0000000 200.4221099 200.3569526 
782.0000000 200.2256913 200.1605341 
783.0000000 200.0292728 199.9641155 
784.0000000 199.8328542 199.7676970 
785.0000000 199.6364357 199.5712784 
786.0000000 199.4400171 199.3748599 
787.0000000 199.2435986 199.1784413 
788.0000000 199.0471800 198.9820228 
789.0000000 198.8507615 198.7856042 
790.0000000 198.6543429 198.5891857 
791.0000000 198.4579244 198.3927671 
792.0000000 198.2615058 198.1963486 
793.0000000 198.0650873 197.9999300 
794.0000000 197.8686687 197.8035115 
795.0000000 197.6722502 197.6070929 
796.0000000 197.4758316 197.4106743 
797.0000000 197.2794131 197.2142558 
798.0000000 197.0829945 197.0178372 
799.0000000 196.8865760 196.8214187 
800.0000000 196.6901574 196.6250001 
801.0000000 196.4937389 196.4285816 
802.0000000 196.2973203 196.2321630 
803.0000000 196.1009018 196.0357445 
804.0000000 195.9044832 195.8393259 
805.0000000 195.7080647 195.6429074 
806.0000000 195.5116461 195.4464888 
807.0000000 195.3152276 195.2500703 
808.0000000 195.1188090 195.0536517 
809.0000000 194.9223905 194.8572332 
810.0000000 194.7259719 194.6608146 
811.0000000 194.5295534 194.4643961 
812.0000000 194.3331348 194.2679775 
813.0000000 194.1367163 194.0715590 
814.0000000 193.9402977 193.8751404 
815.0000000 193.7438792 193.6787219 
816.0000000 193.5474606 193.4823033 
817.0000000 193.3510421 193.2858848 
818.0000000 193.1546235 193.0894662 
819.0000000 192.9582050 192.8930477 
820.0000000 192.7617864 192.6966291 
821.0000000 192.5653679 192.5002106 
822.0000000 192.3689493 192.3037920 
823.0000000 192.1725308 192.1073735 
824.0000000 191.9761122 191.9109549 
825.0000000 191.7796937 191.7145364 
826.0000000 191.5832751 191.5181178 
827.0000000 191.3868566 191.3216993 
828.0000000 191.1904380 191.1252807 
829.0000000 190.9940195 190.9288622 
830.0000000 190.7976009 190.7324436 
831.0000000 190.6011824 190.5360251 
832.0000000 190.4047638 190.3396065 
833.0000000 190.2083453 190.1431880 
834.0000000 190.0119267 189.9467694 
835.0000000 189.8155082 189.7503509 
836.0000000 189.6190896 189.5539323 
837.0000000 189.4226711 189.3575138 
838.0000000 189.2262525 189.1610952 
839.0000000 189.0298340 188.9646767 
840.0000000 188.8334154 188.7682581 
841.0000000 188.6369969 188.5718396 
842.0000000 188.4405783 188.3754210 
843.0000000 188.2441598 188.1790025 
844.0000000 188.0477412 187.9825839 
845.0000000 187.8513227 187.7861654 
846.0000000 187.6549041 187.5897468 
847.0000000 187.4584856 187.3933283 
848.0000000 187.2620670 187.1969097 
849.0000000 187.0656485 187.0004912 
850.0000000 186.8692299 186.8040726 
851.0000000 186.6728114 186.6076541 
852.0000000 186.4763928 186.4112355 
853.0000000 186.2799743 186.2148170 
854.0000000 186.0835557 186.0183984 
855.0000000 185.8871372 185.8219799 
856.0000000 185.6907186 185.6255613 
857.0000000 185.4943001 185.4291428 
858.0000000 185.2978815 185.2327242 
859.0000000 185.1014630 185.0363057 
860.0000000 184.9050444 184.8398871 
861.0000000 184.7086259 184.6434686 
862.0000000 184.5122073 184.4470500 
863.0000000 184.3157888 184.2506315 
864.0000000 184.1193702 184.0542129 
865.0000000 183.9229517 183.8577944 
866.0000000 183.7265331 183.6613758 
867.0000000 183.5301146 183.4649573 
868.0000000 183.3336960 183.2685387 
869.0000000 183.1372775 183.0721202 
870.0000000 182.9408589 182.8757016 
871.0000000 182.7444404 182.6792831 
872.0000000 182.5480218 182.4828645 
873.0000000 182.3516033 182.2864460 
874.0000000 182.1551847 182.0900274 
875.0000000 181.9587662 181.8936089 
876.0000000 181.7623476 181.6971903 
877.0000000 181.5659291 181.5007718 
878.0000000 181.3695105 181.3043532 
879.0000000 181.1730920 181.1079347 
880.0000000 180.9766734 180.9115161 
881.0000000 180.7802549 180.7150976 
882.0000000 180.5838363 180.5186790 
883.0000000 180.3874178 180.3222605 
884.0000000 180.1909992 180.1258419 
885.0000000 179.9945807 179.9294234 
886.0000000 179.7981621 179.7330048 
887.0000000 179.6017436 179.5365863 
888.0000000 179.4053250 179.3401677 
889.0000000 179.2089065 179.1437492 
890.0000000 179.0124879 178.9473306 
891.0000000 178.8160694 178.7509121 
892.0000000 178.6196508 178.5544935 
893.0000000 178.4232323 178.3580750 
894.0000000 178.2268137 178.1616564 
895.0000000 178.0303952 177.9652379 
896.0000000 177.8339766 177.7688193 
897.0000000 177.6375581 177.5724008 
898.0000000 177.4411395 177.3759822 
899.0000000 177.2447210 177.1795637 
900.0000000 177.0483024 176.9831451 
901.0000000 176.8518839 176.7867266 
902.0000000 176.6554653 176.5903080 
903.0000000 176.4590468 176.3938895 
904.0000000 176.2626282 176.1974709 
905.0000000 176.0662097 176.0010524 
906.0000000 175.8697911 175.8046338 
907.0000000 175.6733726 175.6082153 
908.0000000 175.4769540 175.4117967 
909.0000000 175.2805355 175.2153782 
910.0000000 175.0841169 175.0189596 
911.0000000 174.8876984 174.8225411 
912.0000000 174.6912798 174.6261225 
913.0000000 174.4948613 174.4297040 
914.0000000 174.2984427 174.2332854 
915.0000000 174.1020242 174.0368669 
916.0000000 173.9056056 173.8404483 
917.0000000 173.7091871 173.6440298 
918.0000000 173.5127685 173.4476112 
919.0000000 173.3163500 173.2511927 
920.0000000 173.1199314 173.0547741 
921.0000000 172.9235129 172.8583556 
922.0000000 172.7270943 172.6619370 
923.0000000 172.5306758 172.4655185 
924.0000000 172.3342572 172.2690999 
925.0000000 172.1378387 172.0726814 
926.0000000 171.9414201 171.8762628 
927.0000000 171.7450016 171.6798443 
928.0000000 171.5485830 171.4834257 
929.0000000 171.3521644 171.2870072 
930.0000000 171.1557459 171.0905886 
931.0000000 170.9593273 170.8941701 
932.0000000 170.7629088 170.6977515 
933.0000000 170.5664902 170.5013330 
934.0000000 170.3700717 170.3049144 
935.0000000 170.1736531 170.1084959 
936.0000000 169.9772346 169.9120773 
937.0000000 169.7808160 169.7156588 
938.0000000 169.5843975 169.5192402 
939.0000000 169.3879789 169.3228217 
940.0000000 169.1915604 169.1264031 
941.0000000 168.9951418 168.9299846 
942.0000000 168.7987233 168.7335660 
943.0000000 168.6023047 168.5371475 
944.0000000 168.4058862 168.3407289 
945.0000000 168.2094676 168.1443104 
946.0000000 168.0130491 167.9478918 
947.0000000 167.8166305 167.7514733 
948.0000000 167.6202120 167.5550547 
949.0000000 167.4237934 167.3586361 
950.0000000 167.2273749 167.1622176 
951.0000000 167.0309563 166.9657990 
952.0000000 166.8345378 166.7693805 
953.0000000 166.6381192 166.5729619 
954.0000000 166.4417007 166.3765434 
955.0000000 166.2452821 166.1801248 
956.0000000 166.0488636 165.9837063 
957.0000000 165.8524450 165.7872877 
958.0000000 165.6560265 165.5908692 
959.0000000 165.4596079 165.3944506 
960.0000000 165.2631894 165.1980321 
961.0000000 165.0667708 165.0016135 
962.0000000 164.8703523 164.8051950 
963.0000000 164.6739337 164.6087764 
964.0000000 164.4775152 164.4123579 
965.0000000 164.2810966 164.2159393 
966.0000000 164.0846781 164.0195208 
967.0000000 163.8882595 163.8231022 
968.0000000 163.6918410 163.6266837 
969.0000000 163.4954224 163.4302651 
970.0000000 163.2990039 163.2338466 
971.0000000 163.1025853 163.0374280 
972.0000000 162.9061668 162.8410095 
973.0000000 162.7097482 162.6445909 
974.0000000 162.5133297 162.4481724 
975.0000000 162.3169111 162.2517538 
976.0000000 162.1204926 162.0553353 
977.0000000 161.9240740 161.8589167 
978.0000000 161.7276555 161.6624982 
979.0000000 161.5312369 161.4660796 
980.0000000 161.3348184 161.2696611 
981.0000000 161.1383998 161.0732425 
982.0000000 160.9419813 160.8768240 
983.0000000 160.7455627 160.6804054 
984.0000000 160.5491442 160.4839869 
985.0000000 160.3527256 160.2875683 
986.0000000 160.1563071 160.0911498 
987.0000000 159.9598885 159.8947312 
988.0000000 159.7634700 159.6983127 
989.0000000 159.5670514 159.5018941 
990.0000000 159.3706329 159.3054756 
991.0000000 159.1742143 159.1090570 
992.0000000 158.9777958 158.9126385 
993.0000000 158.7813772 158.7162199 
994.0000000 158.5849587 158.5198014 
995.0000000 158.3885401 158.3233828 
996.0000000 158.1921216 158.1269643 
997.0000000 157.9957030 157.9305457 
998.0000000 157.7992845 157.7341272 
999.0000000 157.6028659 157.5377086 
1000.0000000 157.4064474 157.3412901 
1001.0000000 157.2100288 157.1448715 
1002.0000000 157.0136103 156.9484530 
1003.0000000 156.8171917 156.7520344 
1004.0000000 156.6207732 156.5556159 
1005.0000000 156.4243546 156.3591973 
1006.0000000 156.2279361 156.1627788 
1007.0000000 156.0315175 155.9663602 
1008.0000000 155.8350990 155.7699417 
1009.0000000 155.6386804 155.5735231 
1010.0000000 155.4422619 155.3771046 
1011.0000000 155.2458433 155.1806860 
1012.0000000 155.0494248 154.9842675 
1013.0000000 154.8530062 154.7878489 
1014.0000000 154.6565877 154.5914304 
1015.0000000 154.4601691 154.3950118 
1016.0000000 154.2637506 154.1985933 
1017.0000000 154.0673320 154.0021747 
1018.0000000 153.8709135 153.8057562 
1019.0000000 153.6744949 153.6093376 
1020.0000000 153.4780764 153.4129191 
1021.0000000 153.2816578 153.2165005 
1022.0000000 153.0852393 153.0200820 
1023.0000000 152.8888207 152.8236634 
1024.0000000 152.6924022 152.6272449 
1025.0000000 152.4959836 152.4308263 
1026.0000000 152.2995651 152.2344078 
1027.0000000 152.1031465 152.0379892 
1028.0000000 151.9067280 151.8415707 
1029.0000000 151.7103094 151.6451521 
1030.0000000 151.5138909 151.4487336 
1031.0000000 151.3174723 151.2523150 
1032.0000000 151.1210538 151.0558965 
1033.0000000 150.9246352 150.8594779 
1034.0000000 150.7282167 150.6630594 
1035.0000000 150.5317981 150.4666408 
1036.0000000 150.3353796 150.2702223 
1037.0000000 150.1389610 150.0738037 
1038.0000000 149.9425425 149.8773852 
1039.0000000 149.7461239 149.6809666 
1040.0000000 149.5497054 149.4845481 
1041.0000000 149.3532868 149.2881295 
1042.0000000 149.1568683 149.0917110 
1043.0000000 148.9604497 148.8952924 
1044.0000000 148.7640312 148.6988739 
1045.0000000 148.5676126 148.5024553 
1046.0000000 148.3711941 148.3060368 
1047.0000000 148.1747755 148.1096182 
1048.0000000 147.9783570 147.9131997 
1049.0000000 147.7819384 147.7167811 
1050.0000000 147.5855199 147.5203626 
1051.0000000 147.3891013 147.3239440 
1052.0000000 147.1926828 147.1275255 
1053.0000000 146.9962642 146.9311069 
1054.0000000 146.7998457 146.7346884 
1055.0000000 146.6034271 146.5382698 
1056.0000000 146.4070086 146.3418513 
1057.0000000 146.2105900 146.1454327 
1058.0000000 146.0141715 145.9490142 
1059.0000000 145.8177529 145.7525956 
1060.0000000 145.6213344 145.5561771 
1061.0000000 145.4249158 145.3597585 
1062.0000000 145.2284973 145.1633400 
1063.0000000 145.0320787 144.9669214 
1064.0000000 144.8356602 144.7705029 
1065.0000000 144.6392416 144.5740843 
1066.0000000 144.4428231 144.3776658 
1067.0000000 144.2464045 144.1812472 
1068.0000000 144.0499860 143.9848287 
1069.0000000 143.8535674 143.7884101 
1070.0000000 143.6571489 143.5919916 
1071.0000000 143.4607303 143.3955730 
1072.0000000 143.2643118 143.1991545 
1073.0000000 143.0678932 143.0027359 
1074.0000000 142.8714747 142.8063174 
1075.0000000 142.6750561 142.6098988 
1076.0000000 142.4786376 142.4134803 
1077.0000000 142.2822190 142.2170617 
1078.0000000 142.0858005 142.0206432 
1079.0000000 141.8893819 141.8242246 
1080.0000000 141.6929633 141.6278061 
1081.0000000 141.4965448 141.4313875 
1082.0000000 141.3001262 141.2349690 
1083.0000000 141.1037077 141.0385504 
1084.0000000 140.9072891 140.8421319 
1085.0000000 140.7108706 140.6457133 
1086.0000000 140.5144520 140.4492948 
1087.0000000 140.3180335 140.2528762 
1088.0000000 140.1216149 140.0564577 
1089.0000000 139.9251964 139.8600391 
1090.0000000 139.7287778 139.6636206 
1091.0000000 139.5323593 139.4672020 
1092.0000000 139.3359407 139.2707835 
1093.0000000 139.1395222 139.0743649 
1094.0000000 138.9431036 138.8779464 
1095.0000000 138.7466851 138.6815278 
1096.0000000 138.5502665 138.4851093 
1097.0000000 138.3538480 138.2886907 
1098.0000000 138.1574294 138.0922722 
1099.0000000 137.9610109 137.8958536 
1100.0000000 137.7645923 137.6994350 
1101.0000000 137.5681738 137.5030165 
1102.0000000 137.3717552 137.3065979 
1103.0000000 137.1753367 137.1101794 
1104.0000000 136.9789181 136.9137608 
1105.0000000 136.7824996 136.7173423 
1106.0000000 136.5860810 136.5209237 
1107.0000000 136.3896625 136.3245052 
1108.0000000 136.1932439 136.1280866 
1109.0000000 135.9968254 135.9316681 
1110.0000000 135.8004068 135.7352495 
1111.0000000 135.6039883 135.5388310 
1112.0000000 135.4075697 135.3424124 
1113.0000000 135.2111512 135.1459939 
1114.0000000 135.0147326 134.9495753 
1115.0000000 134.8183141 134.7531568 
1116.0000000 134.6218955 134.5567382 
1117.0000000 134.4254770 134.3603197 
1118.0000000 134.2290584 134.1639011 
1119.0000000 134.0326399 133.9674826 
1120.0000000 133.8362213 133.7710640 
1121.0000000 133.6398028 133.5746455 
1122.0000000 133.4433842 133.3782269 
1123.0000000 133.2469657 133.1818084 
1124.0000000 133.0505471 132.9853898 
1125.0000000 132.8541286 132.7889713 
1126.0000000 132.6577100 132.5925527 
1127.0000000 132.4612915 132.3961342 
1128.0000000 132.2648729 132.1997156 
1129.0000000 132.0684544 132.0032971 
1130.0000000 131.8720358 131.8068785 
1131.0000000 131.6756173 131.6104600 
1132.0000000 131.4791987 131.4140414 
1133.0000000 131.2827802 131.2176229 
1134.0000000 131.0863616 131.0212043 
1135.0000000 130.8899431 130.8247858 
1136.0000000 130.6935245 130.6283672 
1137.0000000 130.4971060 130.4319487 
1138.0000000 130.3006874 130.2355301 
1139.0000000 130.1042689 130.0391116 
1140.0000000 129.9078503 129.8426930 
1141.0000000 129.7114318 129.6462745 
1142.0000000 129.5150132 129.4498559 
1143.0000000 129.3185947 129.2534374 
1144.0000000 129.1221761 129.0570188 
1145.0000000 128.9257576 128.8606003 
1146.0000000 128.7293390 128.6641817 
1147.0000000 128.5329205 128.4677632 
1148.0000000 128.3365019 128.2713446 
1149.0000000 128.1400834 128.0749261 
1150.0000000 127.9436648 127.8785075 
1151.0000000 127.7472463 127.6820890 
1152.0000000 127.5508277 127.4856704 
1153.0000000 127.3544092 127.2892519 
1154.0000000 127.1579906 127.0928333 
1155.0000000 126.9615721 126.8964148 
1156.0000000 126.7651535 126.6999962 
1157.0000000 126.5687350 126.5035777 
1158.0000000 126.3723164 126.3071591 
1159.0000000 126.1758979 126.1107406 
1160.0000000 125.9794793 125.9143220 
1161.0000000 125.7830608 125.7179035 
1162.0000000 125.5866422 125.5214849 
1163.0000000 125.3902237 125.3250664 
1164.0000000 125.1938051 125.1286478 
1165.0000000 124.9973866 124.9322293 
1166.0000000 124.8009680 124.7358107 
1167.0000000 124.6045495 124.5393922 
1168.0000000 124.4081309 124.3429736 
1169.0000000 124.2117124 124.1465551 
1170.0000000 124.0152938 123.9501365 
1171.0000000 123.8188753 123.7537180 
1172.0000000 123.6224567 123.5572994 
1173.0000000 123.4260382 123.3608809 
1174.0000000 123.2296196 123.1644623 
1175.0000000 123.0332011 122.9680438 
1176.0000000 122.8367825 122.7716252 
1177.0000000 122.6403640 122.5752067 
1178.0000000 122.4439454 122.3787881 
1179.0000000 122.2475269 122.1823696 
1180.0000000 122.0511083 121.9859510 
1181.0000000 121.8546898 121.7895325 
1182.0000000 121.6582712 121.5931139 
1183.0000000 121.4618527 121.3966954 
1184.0000000 121.2654341 121.2002768 
1185.0000000 121.0690156 121.0038583 
1186.0000000 120.8725970 120.8074397 
1187.0000000 120.6761785 120.6110212 
1188.0000000 120.4797599 120.4146026 
1189.0000000 120.2833414 120.2181841 
1190.0000000 120.0869228 120.0217655 
1191.0000000 119.8905043 119.8253470 
1192.0000000 119.6940857 119.6289284 
1193.0000000 119.4976672 119.4325099 
1194.0000000 119.3012486 119.2360913 
1195.0000000 119.1048301 119.0396728 
1196.0000000 118.9084115 118.8432542 
1197.0000000 118.7119930 118.6468357 
1198.0000000 118.5155744 118.4504171 
1199.0000000 118.3191559 118.2539986 
1200.0000000 118.1227373 118.0575800 
1201.0000000 117.9263188 117.8611615 
1202.0000000 117.7299002 117.6647429 
1203.0000000 117.5334817 117.4683244 
1204.0000000 117.3370631 117.2719058 
1205.0000000 117.1406446 117.0754873 
1206.0000000 116.9442260 116.8790687 
1207.0000000 116.7478075 116.6826502 
1208.0000000 116.5513889 116.4862316 
1209.0000000 116.3549704 116.2898131 
1210.0000000 116.1585518 116.0933945 
1211.0000000 115.9621333 115.8969760 
1212.0000000 115.7657147 115.7005574 
1213.0000000 115.5692962 115.5041389 
1214.0000000 115.3728776 115.3077203 
1215.0000000 115.1764591 115.1113018 
1216.0000000 114.9800405 114.9148832 
1217.0000000 114.7836220 114.7184647 
1218.0000000 114.5872034 114.5220461 
1219.0000000 114.3907849 114.3256276 
1220.0000000 114.1943663 114.1292090 
1221.0000000 113.9979478 113.9327905 
1222.0000000 113.8015292 113.7363719 
1223.0000000 113.6051107 113.5399534 
1224.0000000 113.4086921 113.3435348 
1225.0000000 113.2122736 113.1471163 
1226.0000000 113.0158550 112.9506977 
1227.0000000 112.8194365 112.7542792 
1228.0000000 112.6230179 112.5578606 
1229.0000000 112.4265994 112.3614421 
1230.0000000 112.2301808 112.1650235 
1231.0000000 112.0337623 111.9686050 
1232.0000000 111.8373437 111.7721864 
1233.0000000 111.6409251 111.5757679 
1234.0000000 111.4445066 111.3793493 
1235.0000000 111.2480880 111.1829308 
1236.0000000 111.0516695 110.9865122 
1237.0000000 110.8552509 110.7900937 
1238.0000000 110.6588324 110.5936751 
1239.0000000 110.4624138 110.3972566 
1240.0000000 110.2659953 110.2008380 
1241.0000000 110.0695767 110.0044195 
1242.0000000 109.8731582 109.8080009 
1243.0000000 109.6767396 109.6115824 
1244.0000000 109.4803211 109.4151638 
1245.0000000 109.2839025 109.2187453 
1246.0000000 109.0874840 109.0223267 
1247.0000000 108.8910654 108.8259082 
1248.0000000 108.6946469 108.6294896 
1249.0000000 108.4982283 108.4330711 
1250.0000000 108.3018098 108.2366525 
1251.0000000 108.1053912 108.0402339 
1252.0000000 107.9089727 107.8438154 
1253.0000000 107.7125541 107.6473968 
1254.0000000 107.5161356 107.4509783 
1255.0000000 107.3197170 107.2545597 
1256.0000000 107.1232985 107.0581412 
1257.0000000 106.9268799 106.8617226 
1258.0000000 106.7304614 106.6653041 
1259.0000000 106.5340428 106.4688855 
1260.0000000 106.3376243 106.2724670 
1261.0000000 106.1412057 106.0760484 
1262.0000000 105.9447872 105.8796299 
1263.0000000 105.7483686 105.6832113 
1264.0000000 105.5519501 105.4867928 
1265.0000000 105.3555315 105.2903742 
1266.0000000 105.1591130 105.0939557 
1267.0000000 104.9626944 104.8975371 
1268.0000000 104.7662759 104.7011186 
1269.0000000 104.5698573 104.5047000 
1270.0000000 104.3734388 104.3082815 
1271.0000000 104.1770202 104.1118629 
1272.0000000 103.9806017 103.9154444 
1273.0000000 103.7841831 103.7190258 
1274.0000000 103.5877646 103.5226073 
1275.0000000 103.3913460 103.3261887 
1276.0000000 103.1949275 103.1297702 
1277.0000000 102.9985089 102.9333516 
1278.0000000 102.8020904 102.7369331 
1279.0000000 102.6056718 102.5405145 
1280.0000000 102.4092533 102.3440960 
1281.0000000 102.2128347 102.1476774 
1282.0000000 102.0164162 101.9512589 
1283.0000000 101.8199976 101.7548403 
1284.0000000 101.6235791 101.5584218 
1285.0000000 101.4271605 101.3620032 
1286.0000000 101.2307420 101.1655847 
1287.0000000 101.0343234 100.9691661 
1288.0000000 100.8379049 100.7727476 
1289.0000000 100.6414863 100.5763290 
1290.0000000 100.4450678 100.3799105 
1291.0000000 100.2486492 100.1834919 
1292.0000000 100.0522307 99.9870734 
1293.0000000 99.8558121 99.7906548 
1294.0000000 99.6593936 99.5942363 
1295.0000000 99.4629750 99.3978177 
1296.0000000 99.2665565 99.2013992 
1297.0000000 99.0701379 99.0049806 
1298.0000000 98.8737194 98.8085621 
1299.0000000 98.6773008 98.6121435 
1300.0000000 98.4808823 98.4157250 
1301.0000000 98.2844637 98.2193064 
1302.0000000 98.0880452 98.0228879 
1303.0000000 97.8916266 97.8264693 
1304.0000000 97.6952081 97.6300508 
1305.0000000 97.4987895 97.4336322 
1306.0000000 97.3023710 97.2372137 
1307.0000000 97.1059524 97.0407951 
1308.0000000 96.9095339 96.8443766 
1309.0000000 96.7131153 96.6479580 
1310.0000000 96.5166968 96.4515395 
1311.0000000 96.3202782 96.2551209 
1312.0000000 96.1238597 96.0587024 
1313.0000000 95.9274411 95.8622838 
1314.0000000 95.7310226 95.6658653 
1315.0000000 95.5346040 95.4694467 
1316.0000000 95.3381855 95.2730282 
1317.0000000 95.1417669 95.0766096 
1318.0000000 94.9453484 94.8801911 
1319.0000000 94.7489298 94.6837725 
1320.0000000 94.5525113 94.4873540 
1321.0000000 94.3560927 94.2909354 
1322.0000000 94.1596742 94.0945169 
1323.0000000 93.9632556 93.8980983 
1324.0000000 93.7668371 93.7016798 
1325.0000000 93.5704185 93.5052612 
1326.0000000 93.3740000 93.3088427 
1327.0000000 93.1775814 93.1124241 
1328.0000000 92.9811629 92.9160056 
1329.0000000 92.7847443 92.7195870 
1330.0000000 92.5883258 92.5231685 
1331.0000000 92.3919072 92.3267499 
1332.0000000 92.1954887 92.1303314 
1333.0000000 91.9990701 91.9339128 
1334.0000000 91.8026516 91.7374943 
1335.0000000 91.6062330 91.5410757 
1336.0000000 91.4098145 91.3446572 
1337.0000000 91.2133959 91.1482386 
1338.0000000 91.0169774 90.9518201 
1339.0000000 90.8205588 90.7554015 
1340.0000000 90.6241403 90.5589830 
1341.0000000 90.4277217 90.3625644 
1342.0000000 90.2313032 90.1661459 
1343.0000000 90.0348846 89.9697273 
1344.0000000 89.8384661 89.7733088 
1345.0000000 89.6420475 89.5768902 
1346.0000000 89.4456290 89.3804717 
1347.0000000 89.2492104 89.1840531 
1348.0000000 89.0527919 88.9876346 
1349.0000000 88.8563733 88.7912160 
1350.0000000 88.6599548 88.5947975 
1351.0000000 88.4635362 88.3983789 
1352.0000000 88.2671177 88.2019604 
1353.0000000 88.0706991 88.0055418 
1354.0000000 87.8742806 87.8091233 
1355.0000000 87.6778620 87.6127047 
1356.0000000 87.4814435 87.4162862 
1357.0000000 87.2850249 87.2198676 
1358.0000000 87.0886064 87.0234491 
1359.0000000 86.8921878 86.8270305 
1360.0000000 86.6957693 86.6306120 
1361.0000000 86.4993507 86.4341934 
1362.0000000 86.3029322 86.2377749 
1363.0000000 86.1065136 86.0413563 
1364.0000000 85.9100951 85.8449378 
1365.0000000 85.7136765 85.6485192 
1366.0000000 85.5172580 85.4521007 
1367.0000000 85.3208394 85.2556821 
1368.0000000 85.1244209 85.0592636 
1369.0000000 84.9280023 84.8628450 
1370.0000000 84.7315838 84.6664265 
1371.0000000 84.5351652 84.4700079 
1372.0000000 84.3387467 84.2735894 
1373.0000000 84.1423281 84.0771708 
1374.0000000 83.9459096 83.8807523 
1375.0000000 83.7494910 83.6843337 
1376.0000000 83.5530725 83.4879152 
1377.0000000 83.3566539 83.2914966 
1378.0000000 83.1602354 83.0950781 
1379.0000000 82.9638168 82.8986595 
1380.0000000 82.7673983 82.7022410 
1381.0000000 82.5709797 82.5058224 
1382.0000000 82.3745612 82.3094039 
1383.0000000 82.1781426 82.1129853 
1384.0000000 81.9817240 81.9165668 
1385.0000000 81.7853055 81.7201482 
1386.0000000 81.5888869 81.5237297 
1387.0000000 81.3924684 81.3273111 
1388.0000000 81.1960498 81.1308926 
1389.0000000 80.9996313 80.9344740 
1390.0000000 80.8032127 80.7380555 
1391.0000000 80.6067942 80.5416369 
1392.0000000 80.4103756 80.3452184 
1393.0000000 80.2139571 80.1487998 
1394.0000000 80.0175385 79.9523813 
1395.0000000 79.8211200 79.7559627 
1396.0000000 79.6247014 79.5595442 
1397.0000000 79.4282829 79.3631256 
1398.0000000 79.2318643 79.1667071 
1399.0000000 79.0354458 78.9702885 
1400.0000000 78.8390272 78.7738700 
1401.0000000 78.6426087 78.5774514 
1402.0000000 78.4461901 78.3810329 
1403.0000000 78.2497716 78.1846143 
1404.0000000 78.0533530 77.9881957 
1405.0000000 77.8569345 77.7917772 
1406.0000000 77.6605159 77.5953586 
1407.0000000 77.4640974 77.3989401 
1408.0000000 77.2676788 77.2025215 
1409.0000000 77.0712603 77.0061030 
1410.0000000 76.8748417 76.8096844 
1411.0000000 76.6784232 76.6132659 
1412.0000000 76.4820046 76.4168473 
1413.0000000 76.2855861 76.2204288 
1414.0000000 76.0891675 76.0240102 
1415.0000000 75.8927490 75.8275917 
1416.0000000 75.6963304 75.6311731 
1417.0000000 75.4999119 75.4347546 
1418.0000000 75.3034933 75.2383360 
1419.0000000 75.1070748 75.0419175 
1420.0000000 74.9106562 74.8454989 
1421.0000000 74.7142377 74.6490804 
1422.0000000 74.5178191 74.4526618 
1423.0000000 74.3214006 74.2562433 
1424.0000000 74.1249820 74.0598247 
1425.0000000 73.9285635 73.8634062 
1426.0000000 73.7321449 73.6669876 
1427.0000000 73.5357264 73.4705691 
1428.0000000 73.3393078 73.2741505 
1429.0000000 73.1428893 73.0777320 
1430.0000000 72.9464707 72.8813134 
1431.0000000 72.7500522 72.6848949 
1432.0000000 72.5536336 72.4884763 
1433.0000000 72.3572151 72.2920578 
1434.0000000 72.1607965 72.0956392 
1435.0000000 71.9643780 71.8992207 
1436.0000000 71.7679594 71.7028021 
1437.0000000 71.5715409 71.5063836 
1438.0000000 71.3751223 71.3099650 
1439.0000000 71.1787038 71.1135465 
1440.0000000 70.9822852 70.9171279 
1441.0000000 70.7858667 70.7207094 
1442.0000000 70.5894481 70.5242908 
1443.0000000 70.3930296 70.3278723 
1444.0000000 70.1966110 70.1314537 
1445.0000000 70.0001925 69.9350352 
1446.0000000 69.8037739 69.7386166 
1447.0000000 69.6073554 69.5421981 
1448.0000000 69.4109368 69.3457795 
1449.0000000 69.2145183 69.1493610 
1450.0000000 69.0180997 68.9529424 
1451.0000000 68.8216812 68.7565239 
1452.0000000 68.6252626 68.5601053 
1453.0000000 68.4288441 68.3636868 
1454.0000000 68.2324255 68.1672682 
1455.0000000 68.0360070 67.9708497 
1456.0000000 67.8395884 67.7744311 
1457.0000000 67.6431699 67.5780126 
1458.0000000 67.4467513 67.3815940 
1459.0000000 67.2503328 67.1851755 
1460.0000000 67.0539142 66.9887569 
1461.0000000 66.8574957 66.7923384 
1462.0000000 66.6610771 66.5959198 
1463.0000000 66.4646586 66.3995013 
1464.0000000 66.2682400 66.2030827 
1465.0000000 66.0718215 66.0066642 
1466.0000000 65.8754029 65.8102456 
1467.0000000 65.6789844 65.6138271 
1468.0000000 65.4825658 65.4174085 
1469.0000000 65.2861473 65.2209900 
1470.0000000 65.0897287 65.0245714 
1471.0000000 64.8933102 64.8281529 
1472.0000000 64.6968916 64.6317343 
1473.0000000 64.5004731 64.4353158 
1474.0000000 64.3040545 64.2388972 
1475.0000000 64.1076360 64.0424787 
1476.0000000 63.9112174 63.8460601 
1477.0000000 63.7147989 63.6496416 
1478.0000000 63.5183803 63.4532230 
1479.0000000 63.3219618 63.2568045 
1480.0000000 63.1255432 63.0603859 
1481.0000000 62.9291247 62.8639674 
1482.0000000 62.7327061 62.6675488 
1483.0000000 62.5362876 62.4711303 
1484.0000000 62.3398690 62.2747117 
1485.0000000 62.1434505 62.0782932 
1486.0000000 61.9470319 61.8818746 
1487.0000000 61.7506134 61.6854561 
1488.0000000 61.5541948 61.4890375 
1489.0000000 61.3577763 61.2926190 
1490.0000000 61.1613577 61.0962004 
1491.0000000 60.9649392 60.8997819 
1492.0000000 60.7685206 60.7033633 
1493.0000000 60.5721021 60.5069448 
1494.0000000 60.3756835 60.3105262 
1495.0000000 60.1792650 60.1141077 
1496.0000000 59.9828464 59.9176891 
1497.0000000 59.7864279 59.7212706 
1498.0000000 59.5900093 59.5248520 
1499.0000000 59.3935908 59.3284335 
1500.0000000 59.1971722 59.1320149 
1501.0000000 59.0007537 58.9355964 
1502.0000000 58.8043351 58.7391778 
1503.0000000 58.6079166 58.5427593 
1504.0000000 58.4114980 58.3463407 
1505.0000000 58.2150795 58.1499222 
1506.0000000 58.0186609 57.9535036 
1507.0000000 57.8222424 57.7570851 
1508.0000000 57.6258238 57.5606665 
1509.0000000 57.4294053 57.3642480 
1510.0000000 57.2329867 57.1678294 
1511.0000000 57.0365682 56.9714109 
1512.0000000 56.8401496 56.7749923 
1513.0000000 56.6437311 56.5785738 
1514.0000000 56.4473125 56.3821552 
1515.0000000 56.2508940 56.1857367 
1516.0000000 56.0544754 55.9893181 
1517.0000000 55.8580569 55.7928996 
1518.0000000 55.6616383 55.5964810 
1519.0000000 55.4652198 55.4000625 
1520.0000000 55.2688012 55.2036439 
1521.0000000 55.0723827 55.0072254 
1522.0000000 54.8759641 54.8108068 
1523.0000000 54.6795456 54.6143883 
1524.0000000 54.4831270 54.4179697 
1525.0000000 54.2867085 54.2215512 
1526.0000000 54.0902899 54.0251326 
1527.0000000 53.8938714 53.8287141 
1528.0000000 53.6974528 53.6322955 
1529.0000000 53.5010343 53.4358770 
1530.0000000 53.3046157 53.2394584 
1531.0000000 53.1081972 53.0430399 
1532.0000000 52.9117786 52.8466213 
1533.0000000 52.7153601 52.6502028 
1534.0000000 52.5189415 52.4537842 
1535.0000000 52.3225229 52.2573657 
1536.0000000 52.1261044 52.0609471 
1537.0000000 51.9296858 51.8645286 
1538.0000000 51.7332673 51.6681100 
1539.0000000 51.5368487 51.4716915 
1540.0000000 51.3404302 51.2752729 
1541.0000000 51.1440116 51.0788544 
1542.0000000 50.9475931 50.8824358 
1543.0000000 50.7511745 50.6860173 
1544.0000000 50.5547560 50.4895987 
1545.0000000 50.3583374 50.2931802 
1546.0000000 50.1619189 50.0967616 
1547.0000000 49.9655003 49.9003431 
1548.0000000 49.7690818 49.7039245 
1549.0000000 49.5726632 49.5075060 
1550.0000000 49.3762447 49.3110874 
1551.0000000 49.1798261 49.1146689 
1552.0000000 48.9834076 48.9182503 
1553.0000000 48.7869890 48.7218318 
1554.0000000 48.5905705 48.5254132 
1555.0000000 48.3941519 48.3289946 
1556.0000000 48.1977334 48.1325761 
1557.0000000 48.0013148 47.9361575 
1558.0000000 47.8048963 47.7397390 
1559.0000000 47.6084777 47.5433204 
1560.0000000 47.4120592 47.3469019 
1561.0000000 47.2156406 47.1504833 
1562.0000000 47.0192221 46.9540648 
1563.0000000 46.8228035 46.7576462 
1564.0000000 46.6263850 46.5612277 
1565.0000000 46.4299664 46.3648091 
1566.0000000 46.2335479 46.1683906 
1567.0000000 46.0371293 45.9719720 
1568.0000000 45.8407108 45.7755535 
1569.0000000 45.6442922 45.5791349 
1570.0000000 45.4478737 45.3827164 
1571.0000000 45.2514551 45.1862978 
1572.0000000 45.0550366 44.9898793 
1573.0000000 44.8586180 44.7934607 
1574.0000000 44.6621995 44.5970422 
1575.0000000 44.4657809 44.4006236 
1576.0000000 44.2693624 44.2042051 
1577.0000000 44.0729438 44.0077865 
1578.0000000 43.8765253 43.8113680 
1579.0000000 43.6801067 43.6149494 
1580.0000000 43.4836882 43.4185309 
1581.0000000 43.2872696 43.2221123 
1582.0000000 43.0908511 43.0256938 
1583.0000000 42.8944325 42.8292752 
1584.0000000 42.6980140 42.6328567 
1585.0000000 42.5015954 42.4364381 
1586.0000000 42.3051769 42.2400196 
1587.0000000 42.1087583 42.0436010 
1588.0000000 41.9123398 41.8471825 
1589.0000000 41.7159212 41.6507639 
1590.0000000 41.5195027 41.4543454 
1591.0000000 41.3230841 41.2579268 
1592.0000000 41.1266656 41.0615083 
1593.0000000 40.9302470 40.8650897 
1594.0000000 40.7338285 40.6686712 
1595.0000000 40.5374099 40.4722526 
1596.0000000 40.3409914 40.2758341 
1597.0000000 40.1445728 40.0794155 
1598.0000000 39.9481543 39.8829970 
1599.0000000 39.7517357 39.6865784 
1600.0000000 39.5553172 39.4901599 
1601.0000000 39.3588986 39.2937413 
1602.0000000 39.1624801 39.0973228 
1603.0000000 38.9660615 38.9009042 
1604.0000000 38.7696430 38.7044857 
1605.0000000 38.5732244 38.5080671 
1606.0000000 38.3768059 38.3116486 
1607.0000000 38.1803873 38.1152300 
1608.0000000 37.9839688 37.9188115 
1609.0000000 37.7875502 37.7223929 
1610.0000000 37.5911317 37.5259744 
1611.0000000 37.3947131 37.3295558 
1612.0000000 37.1982946 37.1331373 
1613.0000000 37.0018760 36.9367187 
1614.0000000 36.8054575 36.7403002 
1615.0000000 36.6090389 36.5438816 
1616.0000000 36.4126204 36.3474631 
1617.0000000 36.2162018 36.1510445 
1618.0000000 36.0197833 35.9546260 
1619.0000000 35.8233647 35.7582074 
1620.0000000 35.6269462 35.5617889 
1621.0000000 35.4305276 35.3653703 
1622.0000000 35.2341091 35.1689518 
1623.0000000 35.0376905 34.9725332 
1624.0000000 34.8412720 34.7761147 
1625.0000000 34.6448534 34.5796961 
1626.0000000 34.4484349 34.3832776 
1627.0000000 34.2520163 34.1868590 
1628.0000000 34.0555978 33.9904405 
1629.0000000 33.8591792 33.7940219 
1630.0000000 33.6627607 33.5976034 
1631.0000000 33.4663421 33.4011848 
1632.0000000 33.2699236 33.2047663 
1633.0000000 33.0735050 33.0083477 
1634.0000000 32.8770865 32.8119292 
1635.0000000 32.6806679 32.6155106 
1636.0000000 32.4842494 32.4190921 
1637.0000000 32.2878308 32.2226735 
1638.0000000 32.0914123 32.0262550 
1639.0000000 31.8949937 31.8298364 
1640.0000000 31.6985752 31.6334179 
1641.0000000 31.5021566 31.4369993 
1642.0000000 31.3057381 31.2405808 
1643.0000000 31.1093195 31.0441622 
1644.0000000 30.9129010 30.8477437 
1645.0000000 30.7164824 30.6513251 
1646.0000000 30.5200639 30.4549066 
1647.0000000 30.3236453 30.2584880 
1648.0000000 30.1272268 30.0620695 
1649.0000000 29.9308082 29.8656509 
1650.0000000 29.7343897 29.6692324 
1651.0000000 29.5379711 29.4728138 
1652.0000000 29.3415526 29.2763953 
1653.0000000 29.1451340 29.0799767 
1654.0000000 28.9487155 28.8835582 
1655.0000000 28.7522969 28.6871396 
1656.0000000 28.5558784 28.4907211 
1657.0000000 28.3594598 28.2943025 
1658.0000000 28.1630413 28.0978840 
1659.0000000 27.9666227 27.9014654 
1660.0000000 27.7702042 27.7050469 
1661.0000000 27.5737856 27.5086283 
1662.0000000 27.3773671 27.3122098 
1663.0000000 27.1809485 27.1157912 
1664.0000000 26.9845300 26.9193727 
1665.0000000 26.7881114 26.7229541 
1666.0000000 26.5916929 26.5265356 
1667.0000000 26.3952743 26.3301170 
1668.0000000 26.1988558 26.1336985 
1669.0000000 26.0024372 25.9372799 
1670.0000000 25.8060187 25.7408614 
1671.0000000 25.6096001 25.5444428 
1672.0000000 25.4131816 25.3480243 
1673.0000000 25.2167630 25.1516057 
1674.0000000 25.0203445 24.9551872 
1675.0000000 24.8239259 24.7587686 
1676.0000000 24.6275074 24.5623501 
1677.0000000 24.4310888 24.3659315 
1678.0000000 24.2346703 24.1695130 
1679.0000000 24.0382517 23.9730944 
1680.0000000 23.8418332 23.7766759 
1681.0000000 23.6454146 23.5802573 
1682.0000000 23.4489961 23.3838388 
1683.0000000 23.2525775 23.1874202 
1684.0000000 23.0561590 22.9910017 
1685.0000000 22.8597404 22.7945831 
1686.0000000 22.6633219 22.5981646 
1687.0000000 22.4669033 22.4017460 
1688.0000000 22.2704847 22.2053275 
1689.0000000 22.0740662 22.0089089 
1690.0000000 21.8776476 21.8124904 
1691.0000000 21.6812291 21.6160718 
1692.0000000 21.4848105 21.4196533 
1693.0000000 21.2883920 21.2232347 
1694.0000000 21.0919734 21.0268162 
1695.0000000 20.8955549 20.8303976 
1696.0000000 20.6991363 20.6339791 
1697.0000000 20.5027178 20.4375605 
1698.0000000 20.3062992 20.2411420 
1699.0000000 20.1098807 20.0447234 
1700.0000000 19.9134621 19.8483049 
1701.0000000 19.7170436 19.6518863 
1702.0000000 19.5206250 19.4554678 
1703.0000000 19.3242065 19.2590492 
1704.0000000 19.1277879 19.0626307 
1705.0000000 18.9313694 18.8662121 
1706.0000000 18.7349508 18.6697935 
1707.0000000 18.5385323 18.4733750 
1708.0000000 18.3421137 18.2769564 
1709.0000000 18.1456952 18.0805379 
1710.0000000 17.9492766 17.8841193 
1711.0000000 17.7528581 17.6877008 
1712.0000000 17.5564395 17.4912822 
1713.0000000 17.3600210 17.2948637 
1714.0000000 17.1636024 17.0984451 
1715.0000000 16.9671839 16.9020266 
1716.0000000 16.7707653 16.7056080 
1717.0000000 16.5743468 16.5091895 
1718.0000000 16.3779282 16.3127709 
1719.0000000 16.1815097 16.1163524 
1720.0000000 15.9850911 15.9199338 
1721.0000000 15.7886726 15.7235153 
1722.0000000 15.5922540 15.5270967 
1723.0000000 15.3958355 15.3306782 
1724.0000000 15.1994169 15.1342596 
1725.0000000 15.0029984 14.9378411 
1726.0000000 14.8065798 14.7414225 
1727.0000000 14.6101613 14.5450040 
1728.0000000 14.4137427 14.3485854 
1729.0000000 14.2173242 14.1521669 
1730.0000000 14.0209056 13.9557483 
1731.0000000 13.8244871 13.7593298 
1732.0000000 13.6280685 13.5629112 
1733.0000000 13.4316500 13.3664927 
1734.0000000 13.2352314 13.1700741 
1735.0000000 13.0388129 12.9736556 
1736.0000000 12.8423943 12.7772370 
1737.0000000 12.6459758 12.5808185 
1738.0000000 12.4495572 12.3843999 
1739.0000000 12.2531387 12.1879814 
1740.0000000 12.0567201 11.9915628 
1741.0000000 11.8603016 11.7951443 
1742.0000000 11.6638830 11.5987257 
1743.0000000 11.4674645 11.4023072 
1744.0000000 11.2710459 11.2058886 
1745.0000000 11.0746274 11.0094701 
1746.0000000 10.8782088 10.8130515 
1747.0000000 10.6817903 10.6166330 
1748.0000000 10.4853717 10.4202144 
1749.0000000 10.2889532 10.2237959 
1750.0000000 10.0925346 10.0273773 
1751.0000000 9.8961161 9.8309588 
1752.0000000 9.6996975 9.6345402 
1753.0000000 9.5032790 9.4381217 
1754.0000000 9.3068604 9.2417031 
1755.0000000 9.1104419 9.0452846 
1756.0000000 8.9140233 8.8488660 
1757.0000000 8.7176048 8.6524475 
1758.0000000 8.5211862 8.4560289 
1759.0000000 8.3247677 8.2596104 
1760.0000000 8.1283491 8.0631918 
1761.0000000 7.9319306 7.8667733 
1762.0000000 7.7355120 7.6703547 
1763.0000000 7.5390935 7.4739362 
1764.0000000 7.3426749 7.2775176 
1765.0000000 7.1462564 7.0810991 
1766.0000000 6.9498378 6.8846805 
1767.0000000 6.7534193 6.6882620 
1768.0000000 6.5570007 6.4918434 
1769.0000000 6.3605822 6.2954249 
1770.0000000 6.1641636 6.0990063 
1771.0000000 5.9677451 5.9025878 
1772.0000000 5.7713265 5.7061692 
1773.0000000 5.5749080 5.5097507 
1774.0000000 5.3784894 5.3133321 
1775.0000000 5.1820709 5.1169136 
1776.0000000 4.9856523 4.9204950 
1777.0000000 4.7892338 4.7240765 
1778.0000000 4.5928152 4.5276579 
1779.0000000 4.3963967 4.3312394 
1780.0000000 4.1999781 4.1348208 
1781.0000000 4.0035596 3.9384023 
1782.0000000 3.8071410 3.7419837 
1783.0000000 3.6107225 3.5455652 
1784.0000000 3.4143039 3.3491466 
1785.0000000 3.2178854 3.1527281 
1786.0000000 3.0214668 2.9563095 
1787.0000000 2.8250483 2.7598910 
1788.0000000 2.6286297 2.5634724 
1789.0000000 2.4322112 2.3670539 
1790.0000000 2.2357926 2.1706353 
1791.0000000 2.0393741 1.9742168 
1792.0000000 1.8429555 1.7777982 
1793.0000000 1.6465370 1.5813797 
1794.0000000 1.4501184 1.3849611 
1795.0000000 1.2536999 1.1885426 
1796.0000000 1.0572813 0.9921240 
1797.0000000 0.8608628 0.7957055 
1798.0000000 0.6644442 0.5992869 
1799.0000000 0.4680257 0.4028684 
1800.0000000 0.2716071 0.2064498 

