1.0000000 353.4726815 353.4797853 
2.0000000 353.2762629 353.2833667 
3.0000000 353.0798444 353.0869482 
4.0000000 352.8834258 352.8905296 
5.0000000 352.6870073 352.6941111 
6.0000000 352.4905887 352.4976925 
7.0000000 352.2941702 352.3012739 
8.0000000 352.0977516 352.1048554 
9.0000000 351.9013331 351.9084368 
10.0000000 351.7049145 351.7120183 
11.0000000 351.5084960 351.5155997 
12.0000000 351.3120774 351.3191812 
13.0000000 351.1156589 351.1227626 
14.0000000 350.9192403 350.9263441 
15.0000000 350.7228218 350.7299255 
16.0000000 350.5264032 350.5335070 
17.0000000 350.3299847 350.3370884 
18.0000000 350.1335661 350.1406699 
19.0000000 349.9371476 349.9442513 
20.0000000 349.7407290 349.7478328 
21.0000000 349.5443105 349.5514142 
22.0000000 349.3478919 349.3549957 
23.0000000 349.1514734 349.1585771 
24.0000000 348.9550548 348.9621586 
25.0000000 348.7586363 348.7657400 
26.0000000 348.5622177 348.5693215 
27.0000000 348.3657992 348.3729029 
28.0000000 348.1693806 348.1764844 
29.0000000 347.9729621 347.9800658 
30.0000000 347.7765435 347.7836473 
31.0000000 347.5801250 347.5872287 
32.0000000 347.3837064 347.3908102 
33.0000000 347.1872879 347.1943916 
34.0000000 346.9908693 346.9979731 
35.0000000 346.7944508 346.8015545 
36.0000000 346.5980322 346.6051360 
37.0000000 346.4016137 346.4087174 
38.0000000 346.2051951 346.2122989 
39.0000000 346.0087766 346.0158803 
40.0000000 345.8123580 345.8194618 
41.0000000 345.6159395 345.6230432 
42.0000000 345.4195209 345.4266247 
43.0000000 345.2231024 345.2302061 
44.0000000 345.0266838 345.0337876 
45.0000000 344.8302653 344.8373690 
46.0000000 344.6338467 344.6409505 
47.0000000 344.4374282 344.4445319 
48.0000000 344.2410096 344.2481134 
49.0000000 344.0445911 344.0516948 
50.0000000 343.8481725 343.8552763 
51.0000000 343.6517540 343.6588577 
52.0000000 343.4553354 343.4624392 
53.0000000 343.2589169 343.2660206 
54.0000000 343.0624983 343.0696021 
55.0000000 342.8660798 342.8731835 
56.0000000 342.6696612 342.6767650 
57.0000000 342.4732427 342.4803464 
58.0000000 342.2768241 342.2839279 
59.0000000 342.0804056 342.0875093 
60.0000000 341.8839870 341.8910908 
61.0000000 341.6875685 341.6946722 
62.0000000 341.4911499 341.4982537 
63.0000000 341.2947314 341.3018351 
64.0000000 341.0983128 341.1054166 
65.0000000 340.9018943 340.9089980 
66.0000000 340.7054757 340.7125795 
67.0000000 340.5090572 340.5161609 
68.0000000 340.3126386 340.3197424 
69.0000000 340.1162201 340.1233238 
70.0000000 339.9198015 339.9269053 
71.0000000 339.7233830 339.7304867 
72.0000000 339.5269644 339.5340682 
73.0000000 339.3305459 339.3376496 
74.0000000 339.1341273 339.1412311 
75.0000000 338.9377088 338.9448125 
76.0000000 338.7412902 338.7483940 
77.0000000 338.5448717 338.5519754 
78.0000000 338.3484531 338.3555569 
79.0000000 338.1520346 338.1591383 
80.0000000 337.9556160 337.9627198 
81.0000000 337.7591975 337.7663012 
82.0000000 337.5627789 337.5698827 
83.0000000 337.3663604 337.3734641 
84.0000000 337.1699418 337.1770456 
85.0000000 336.9735233 336.9806270 
86.0000000 336.7771047 336.7842085 
87.0000000 336.5806862 336.5877899 
88.0000000 336.3842676 336.3913714 
89.0000000 336.1878491 336.1949528 
90.0000000 335.9914305 335.9985343 
91.0000000 335.7950120 335.8021157 
92.0000000 335.5985934 335.6056972 
93.0000000 335.4021749 335.4092786 
94.0000000 335.2057563 335.2128601 
95.0000000 335.0093378 335.0164415 
96.0000000 334.8129192 334.8200230 
97.0000000 334.6165007 334.6236044 
98.0000000 334.4200821 334.4271859 
99.0000000 334.2236636 334.2307673 
100.0000000 334.0272450 334.0343488 
101.0000000 333.8308265 333.8379302 
102.0000000 333.6344079 333.6415117 
103.0000000 333.4379894 333.4450931 
104.0000000 333.2415708 333.2486746 
105.0000000 333.0451523 333.0522560 
106.0000000 332.8487337 332.8558375 
107.0000000 332.6523152 332.6594189 
108.0000000 332.4558966 332.4630004 
109.0000000 332.2594781 332.2665818 
110.0000000 332.0630595 332.0701633 
111.0000000 331.8666410 331.8737447 
112.0000000 331.6702224 331.6773262 
113.0000000 331.4738039 331.4809076 
114.0000000 331.2773853 331.2844891 
115.0000000 331.0809668 331.0880705 
116.0000000 330.8845482 330.8916520 
117.0000000 330.6881297 330.6952334 
118.0000000 330.4917111 330.4988149 
119.0000000 330.2952926 330.3023963 
120.0000000 330.0988740 330.1059778 
121.0000000 329.9024555 329.9095592 
122.0000000 329.7060369 329.7131407 
123.0000000 329.5096184 329.5167221 
124.0000000 329.3131998 329.3203036 
125.0000000 329.1167813 329.1238850 
126.0000000 328.9203627 328.9274665 
127.0000000 328.7239442 328.7310479 
128.0000000 328.5275256 328.5346294 
129.0000000 328.3311071 328.3382108 
130.0000000 328.1346885 328.1417923 
131.0000000 327.9382700 327.9453737 
132.0000000 327.7418514 327.7489552 
133.0000000 327.5454329 327.5525366 
134.0000000 327.3490143 327.3561181 
135.0000000 327.1525958 327.1596995 
136.0000000 326.9561772 326.9632810 
137.0000000 326.7597587 326.7668624 
138.0000000 326.5633401 326.5704439 
139.0000000 326.3669216 326.3740253 
140.0000000 326.1705030 326.1776068 
141.0000000 325.9740845 325.9811882 
142.0000000 325.7776659 325.7847697 
143.0000000 325.5812474 325.5883511 
144.0000000 325.3848288 325.3919326 
145.0000000 325.1884103 325.1955140 
146.0000000 324.9919917 324.9990955 
147.0000000 324.7955732 324.8026769 
148.0000000 324.5991546 324.6062584 
149.0000000 324.4027360 324.4098398 
150.0000000 324.2063175 324.2134213 
151.0000000 324.0098989 324.0170027 
152.0000000 323.8134804 323.8205842 
153.0000000 323.6170618 323.6241656 
154.0000000 323.4206433 323.4277471 
155.0000000 323.2242247 323.2313285 
156.0000000 323.0278062 323.0349100 
157.0000000 322.8313876 322.8384914 
158.0000000 322.6349691 322.6420729 
159.0000000 322.4385505 322.4456543 
160.0000000 322.2421320 322.2492357 
161.0000000 322.0457134 322.0528172 
162.0000000 321.8492949 321.8563986 
163.0000000 321.6528763 321.6599801 
164.0000000 321.4564578 321.4635615 
165.0000000 321.2600392 321.2671430 
166.0000000 321.0636207 321.0707244 
167.0000000 320.8672021 320.8743059 
168.0000000 320.6707836 320.6778873 
169.0000000 320.4743650 320.4814688 
170.0000000 320.2779465 320.2850502 
171.0000000 320.0815279 320.0886317 
172.0000000 319.8851094 319.8922131 
173.0000000 319.6886908 319.6957946 
174.0000000 319.4922723 319.4993760 
175.0000000 319.2958537 319.3029575 
176.0000000 319.0994352 319.1065389 
177.0000000 318.9030166 318.9101204 
178.0000000 318.7065981 318.7137018 
179.0000000 318.5101795 318.5172833 
180.0000000 318.3137610 318.3208647 
181.0000000 318.1173424 318.1244462 
182.0000000 317.9209239 317.9280276 
183.0000000 317.7245053 317.7316091 
184.0000000 317.5280868 317.5351905 
185.0000000 317.3316682 317.3387720 
186.0000000 317.1352497 317.1423534 
187.0000000 316.9388311 316.9459349 
188.0000000 316.7424126 316.7495163 
189.0000000 316.5459940 316.5530978 
190.0000000 316.3495755 316.3566792 
191.0000000 316.1531569 316.1602607 
192.0000000 315.9567384 315.9638421 
193.0000000 315.7603198 315.7674236 
194.0000000 315.5639013 315.5710050 
195.0000000 315.3674827 315.3745865 
196.0000000 315.1710642 315.1781679 
197.0000000 314.9746456 314.9817494 
198.0000000 314.7782271 314.7853308 
199.0000000 314.5818085 314.5889123 
200.0000000 314.3853900 314.3924937 
201.0000000 314.1889714 314.1960752 
202.0000000 313.9925529 313.9996566 
203.0000000 313.7961343 313.8032381 
204.0000000 313.5997158 313.6068195 
205.0000000 313.4032972 313.4104010 
206.0000000 313.2068787 313.2139824 
207.0000000 313.0104601 313.0175639 
208.0000000 312.8140416 312.8211453 
209.0000000 312.6176230 312.6247268 
210.0000000 312.4212045 312.4283082 
211.0000000 312.2247859 312.2318897 
212.0000000 312.0283674 312.0354711 
213.0000000 311.8319488 311.8390526 
214.0000000 311.6355303 311.6426340 
215.0000000 311.4391117 311.4462155 
216.0000000 311.2426932 311.2497969 
217.0000000 311.0462746 311.0533784 
218.0000000 310.8498561 310.8569598 
219.0000000 310.6534375 310.6605413 
220.0000000 310.4570190 310.4641227 
221.0000000 310.2606004 310.2677042 
222.0000000 310.0641819 310.0712856 
223.0000000 309.8677633 309.8748671 
224.0000000 309.6713448 309.6784485 
225.0000000 309.4749262 309.4820300 
226.0000000 309.2785077 309.2856114 
227.0000000 309.0820891 309.0891929 
228.0000000 308.8856706 308.8927743 
229.0000000 308.6892520 308.6963558 
230.0000000 308.4928335 308.4999372 
231.0000000 308.2964149 308.3035187 
232.0000000 308.0999964 308.1071001 
233.0000000 307.9035778 307.9106816 
234.0000000 307.7071593 307.7142630 
235.0000000 307.5107407 307.5178445 
236.0000000 307.3143222 307.3214259 
237.0000000 307.1179036 307.1250074 
238.0000000 306.9214851 306.9285888 
239.0000000 306.7250665 306.7321703 
240.0000000 306.5286480 306.5357517 
241.0000000 306.3322294 306.3393332 
242.0000000 306.1358109 306.1429146 
243.0000000 305.9393923 305.9464961 
244.0000000 305.7429738 305.7500775 
245.0000000 305.5465552 305.5536590 
246.0000000 305.3501367 305.3572404 
247.0000000 305.1537181 305.1608219 
248.0000000 304.9572996 304.9644033 
249.0000000 304.7608810 304.7679848 
250.0000000 304.5644625 304.5715662 
251.0000000 304.3680439 304.3751477 
252.0000000 304.1716254 304.1787291 
253.0000000 303.9752068 303.9823106 
254.0000000 303.7787883 303.7858920 
255.0000000 303.5823697 303.5894735 
256.0000000 303.3859512 303.3930549 
257.0000000 303.1895326 303.1966364 
258.0000000 302.9931141 303.0002178 
259.0000000 302.7966955 302.8037993 
260.0000000 302.6002770 302.6073807 
261.0000000 302.4038584 302.4109622 
262.0000000 302.2074399 302.2145436 
263.0000000 302.0110213 302.0181251 
264.0000000 301.8146028 301.8217065 
265.0000000 301.6181842 301.6252880 
266.0000000 301.4217657 301.4288694 
267.0000000 301.2253471 301.2324509 
268.0000000 301.0289286 301.0360323 
269.0000000 300.8325100 300.8396138 
270.0000000 300.6360915 300.6431952 
271.0000000 300.4396729 300.4467767 
272.0000000 300.2432544 300.2503581 
273.0000000 300.0468358 300.0539396 
274.0000000 299.8504173 299.8575210 
275.0000000 299.6539987 299.6611025 
276.0000000 299.4575802 299.4646839 
277.0000000 299.2611616 299.2682654 
278.0000000 299.0647431 299.0718468 
279.0000000 298.8683245 298.8754283 
280.0000000 298.6719060 298.6790097 
281.0000000 298.4754874 298.4825912 
282.0000000 298.2790689 298.2861726 
283.0000000 298.0826503 298.0897541 
284.0000000 297.8862318 297.8933355 
285.0000000 297.6898132 297.6969170 
286.0000000 297.4933947 297.5004984 
287.0000000 297.2969761 297.3040799 
288.0000000 297.1005576 297.1076613 
289.0000000 296.9041390 296.9112428 
290.0000000 296.7077205 296.7148242 
291.0000000 296.5113019 296.5184057 
292.0000000 296.3148834 296.3219871 
293.0000000 296.1184648 296.1255686 
294.0000000 295.9220463 295.9291500 
295.0000000 295.7256277 295.7327315 
296.0000000 295.5292092 295.5363129 
297.0000000 295.3327906 295.3398944 
298.0000000 295.1363721 295.1434758 
299.0000000 294.9399535 294.9470573 
300.0000000 294.7435349 294.7506387 
301.0000000 294.5471164 294.5542202 
302.0000000 294.3506978 294.3578016 
303.0000000 294.1542793 294.1613831 
304.0000000 293.9578607 293.9649645 
305.0000000 293.7614422 293.7685460 
306.0000000 293.5650236 293.5721274 
307.0000000 293.3686051 293.3757089 
308.0000000 293.1721865 293.1792903 
309.0000000 292.9757680 292.9828718 
310.0000000 292.7793494 292.7864532 
311.0000000 292.5829309 292.5900346 
312.0000000 292.3865123 292.3936161 
313.0000000 292.1900938 292.1971975 
314.0000000 291.9936752 292.0007790 
315.0000000 291.7972567 291.8043604 
316.0000000 291.6008381 291.6079419 
317.0000000 291.4044196 291.4115233 
318.0000000 291.2080010 291.2151048 
319.0000000 291.0115825 291.0186862 
320.0000000 290.8151639 290.8222677 
321.0000000 290.6187454 290.6258491 
322.0000000 290.4223268 290.4294306 
323.0000000 290.2259083 290.2330120 
324.0000000 290.0294897 290.0365935 
325.0000000 289.8330712 289.8401749 
326.0000000 289.6366526 289.6437564 
327.0000000 289.4402341 289.4473378 
328.0000000 289.2438155 289.2509193 
329.0000000 289.0473970 289.0545007 
330.0000000 288.8509784 288.8580822 
331.0000000 288.6545599 288.6616636 
332.0000000 288.4581413 288.4652451 
333.0000000 288.2617228 288.2688265 
334.0000000 288.0653042 288.0724080 
335.0000000 287.8688857 287.8759894 
336.0000000 287.6724671 287.6795709 
337.0000000 287.4760486 287.4831523 
338.0000000 287.2796300 287.2867338 
339.0000000 287.0832115 287.0903152 
340.0000000 286.8867929 286.8938967 
341.0000000 286.6903744 286.6974781 
342.0000000 286.4939558 286.5010596 
343.0000000 286.2975373 286.3046410 
344.0000000 286.1011187 286.1082225 
345.0000000 285.9047002 285.9118039 
346.0000000 285.7082816 285.7153854 
347.0000000 285.5118631 285.5189668 
348.0000000 285.3154445 285.3225483 
349.0000000 285.1190260 285.1261297 
350.0000000 284.9226074 284.9297112 
351.0000000 284.7261889 284.7332926 
352.0000000 284.5297703 284.5368741 
353.0000000 284.3333518 284.3404555 
354.0000000 284.1369332 284.1440370 
355.0000000 283.9405147 283.9476184 
356.0000000 283.7440961 283.7511999 
357.0000000 283.5476776 283.5547813 
358.0000000 283.3512590 283.3583628 
359.0000000 283.1548405 283.1619442 
360.0000000 282.9584219 282.9655257 
361.0000000 282.7620034 282.7691071 
362.0000000 282.5655848 282.5726886 
363.0000000 282.3691663 282.3762700 
364.0000000 282.1727477 282.1798515 
365.0000000 281.9763292 281.9834329 
366.0000000 281.7799106 281.7870144 
367.0000000 281.5834921 281.5905958 
368.0000000 281.3870735 281.3941773 
369.0000000 281.1906550 281.1977587 
370.0000000 280.9942364 281.0013402 
371.0000000 280.7978179 280.8049216 
372.0000000 280.6013993 280.6085031 
373.0000000 280.4049808 280.4120845 
374.0000000 280.2085622 280.2156660 
375.0000000 280.0121437 280.0192474 
376.0000000 279.8157251 279.8228289 
377.0000000 279.6193066 279.6264103 
378.0000000 279.4228880 279.4299918 
379.0000000 279.2264695 279.2335732 
380.0000000 279.0300509 279.0371547 
381.0000000 278.8336324 278.8407361 
382.0000000 278.6372138 278.6443176 
383.0000000 278.4407953 278.4478990 
384.0000000 278.2443767 278.2514805 
385.0000000 278.0479582 278.0550619 
386.0000000 277.8515396 277.8586434 
387.0000000 277.6551211 277.6622248 
388.0000000 277.4587025 277.4658063 
389.0000000 277.2622840 277.2693877 
390.0000000 277.0658654 277.0729692 
391.0000000 276.8694469 276.8765506 
392.0000000 276.6730283 276.6801321 
393.0000000 276.4766098 276.4837135 
394.0000000 276.2801912 276.2872950 
395.0000000 276.0837727 276.0908764 
396.0000000 275.8873541 275.8944579 
397.0000000 275.6909356 275.6980393 
398.0000000 275.4945170 275.5016208 
399.0000000 275.2980985 275.3052022 
400.0000000 275.1016799 275.1087837 
401.0000000 274.9052614 274.9123651 
402.0000000 274.7088428 274.7159466 
403.0000000 274.5124243 274.5195280 
404.0000000 274.3160057 274.3231095 
405.0000000 274.1195872 274.1266909 
406.0000000 273.9231686 273.9302724 
407.0000000 273.7267501 273.7338538 
408.0000000 273.5303315 273.5374353 
409.0000000 273.3339130 273.3410167 
410.0000000 273.1374944 273.1445982 
411.0000000 272.9410759 272.9481796 
412.0000000 272.7446573 272.7517611 
413.0000000 272.5482388 272.5553425 
414.0000000 272.3518202 272.3589240 
415.0000000 272.1554017 272.1625054 
416.0000000 271.9589831 271.9660869 
417.0000000 271.7625646 271.7696683 
418.0000000 271.5661460 271.5732498 
419.0000000 271.3697275 271.3768312 
420.0000000 271.1733089 271.1804127 
421.0000000 270.9768904 270.9839941 
422.0000000 270.7804718 270.7875756 
423.0000000 270.5840533 270.5911570 
424.0000000 270.3876347 270.3947385 
425.0000000 270.1912162 270.1983199 
426.0000000 269.9947976 270.0019014 
427.0000000 269.7983791 269.8054828 
428.0000000 269.6019605 269.6090643 
429.0000000 269.4055420 269.4126457 
430.0000000 269.2091234 269.2162272 
431.0000000 269.0127049 269.0198086 
432.0000000 268.8162863 268.8233901 
433.0000000 268.6198678 268.6269715 
434.0000000 268.4234492 268.4305530 
435.0000000 268.2270307 268.2341344 
436.0000000 268.0306121 268.0377159 
437.0000000 267.8341936 267.8412973 
438.0000000 267.6377750 267.6448788 
439.0000000 267.4413565 267.4484602 
440.0000000 267.2449379 267.2520417 
441.0000000 267.0485194 267.0556231 
442.0000000 266.8521008 266.8592046 
443.0000000 266.6556823 266.6627860 
444.0000000 266.4592637 266.4663675 
445.0000000 266.2628452 266.2699489 
446.0000000 266.0664266 266.0735304 
447.0000000 265.8700081 265.8771118 
448.0000000 265.6735895 265.6806933 
449.0000000 265.4771710 265.4842747 
450.0000000 265.2807524 265.2878562 
451.0000000 265.0843338 265.0914376 
452.0000000 264.8879153 264.8950191 
453.0000000 264.6914967 264.6986005 
454.0000000 264.4950782 264.5021820 
455.0000000 264.2986596 264.3057634 
456.0000000 264.1022411 264.1093449 
457.0000000 263.9058225 263.9129263 
458.0000000 263.7094040 263.7165078 
459.0000000 263.5129854 263.5200892 
460.0000000 263.3165669 263.3236707 
461.0000000 263.1201483 263.1272521 
462.0000000 262.9237298 262.9308335 
463.0000000 262.7273112 262.7344150 
464.0000000 262.5308927 262.5379964 
465.0000000 262.3344741 262.3415779 
466.0000000 262.1380556 262.1451593 
467.0000000 261.9416370 261.9487408 
468.0000000 261.7452185 261.7523222 
469.0000000 261.5487999 261.5559037 
470.0000000 261.3523814 261.3594851 
471.0000000 261.1559628 261.1630666 
472.0000000 260.9595443 260.9666480 
473.0000000 260.7631257 260.7702295 
474.0000000 260.5667072 260.5738109 
475.0000000 260.3702886 260.3773924 
476.0000000 260.1738701 260.1809738 
477.0000000 259.9774515 259.9845553 
478.0000000 259.7810330 259.7881367 
479.0000000 259.5846144 259.5917182 
480.0000000 259.3881959 259.3952996 
481.0000000 259.1917773 259.1988811 
482.0000000 258.9953588 259.0024625 
483.0000000 258.7989402 258.8060440 
484.0000000 258.6025217 258.6096254 
485.0000000 258.4061031 258.4132069 
486.0000000 258.2096846 258.2167883 
487.0000000 258.0132660 258.0203698 
488.0000000 257.8168475 257.8239512 
489.0000000 257.6204289 257.6275327 
490.0000000 257.4240104 257.4311141 
491.0000000 257.2275918 257.2346956 
492.0000000 257.0311733 257.0382770 
493.0000000 256.8347547 256.8418585 
494.0000000 256.6383362 256.6454399 
495.0000000 256.4419176 256.4490214 
496.0000000 256.2454991 256.2526028 
497.0000000 256.0490805 256.0561843 
498.0000000 255.8526620 255.8597657 
499.0000000 255.6562434 255.6633472 
500.0000000 255.4598249 255.4669286 
501.0000000 255.2634063 255.2705101 
502.0000000 255.0669878 255.0740915 
503.0000000 254.8705692 254.8776730 
504.0000000 254.6741507 254.6812544 
505.0000000 254.4777321 254.4848359 
506.0000000 254.2813136 254.2884173 
507.0000000 254.0848950 254.0919988 
508.0000000 253.8884765 253.8955802 
509.0000000 253.6920579 253.6991617 
510.0000000 253.4956394 253.5027431 
511.0000000 253.2992208 253.3063246 
512.0000000 253.1028023 253.1099060 
513.0000000 252.9063837 252.9134875 
514.0000000 252.7099652 252.7170689 
515.0000000 252.5135466 252.5206504 
516.0000000 252.3171281 252.3242318 
517.0000000 252.1207095 252.1278133 
518.0000000 251.9242910 251.9313947 
519.0000000 251.7278724 251.7349762 
520.0000000 251.5314539 251.5385576 
521.0000000 251.3350353 251.3421391 
522.0000000 251.1386168 251.1457205 
523.0000000 250.9421982 250.9493020 
524.0000000 250.7457797 250.7528834 
525.0000000 250.5493611 250.5564649 
526.0000000 250.3529426 250.3600463 
527.0000000 250.1565240 250.1636278 
528.0000000 249.9601055 249.9672092 
529.0000000 249.7636869 249.7707907 
530.0000000 249.5672684 249.5743721 
531.0000000 249.3708498 249.3779536 
532.0000000 249.1744313 249.1815350 
533.0000000 248.9780127 248.9851165 
534.0000000 248.7815942 248.7886979 
535.0000000 248.5851756 248.5922794 
536.0000000 248.3887571 248.3958608 
537.0000000 248.1923385 248.1994423 
538.0000000 247.9959200 248.0030237 
539.0000000 247.7995014 247.8066052 
540.0000000 247.6030829 247.6101866 
541.0000000 247.4066643 247.4137681 
542.0000000 247.2102458 247.2173495 
543.0000000 247.0138272 247.0209310 
544.0000000 246.8174087 246.8245124 
545.0000000 246.6209901 246.6280939 
546.0000000 246.4245716 246.4316753 
547.0000000 246.2281530 246.2352568 
548.0000000 246.0317345 246.0388382 
549.0000000 245.8353159 245.8424197 
550.0000000 245.6388974 245.6460011 
551.0000000 245.4424788 245.4495826 
552.0000000 245.2460603 245.2531640 
553.0000000 245.0496417 245.0567455 
554.0000000 244.8532232 244.8603269 
555.0000000 244.6568046 244.6639084 
556.0000000 244.4603861 244.4674898 
557.0000000 244.2639675 244.2710713 
558.0000000 244.0675490 244.0746527 
559.0000000 243.8711304 243.8782342 
560.0000000 243.6747119 243.6818156 
561.0000000 243.4782933 243.4853971 
562.0000000 243.2818748 243.2889785 
563.0000000 243.0854562 243.0925600 
564.0000000 242.8890377 242.8961414 
565.0000000 242.6926191 242.6997229 
566.0000000 242.4962006 242.5033043 
567.0000000 242.2997820 242.3068858 
568.0000000 242.1033635 242.1104672 
569.0000000 241.9069449 241.9140487 
570.0000000 241.7105264 241.7176301 
571.0000000 241.5141078 241.5212116 
572.0000000 241.3176893 241.3247930 
573.0000000 241.1212707 241.1283745 
574.0000000 240.9248522 240.9319559 
575.0000000 240.7284336 240.7355374 
576.0000000 240.5320151 240.5391188 
577.0000000 240.3355965 240.3427003 
578.0000000 240.1391780 240.1462817 
579.0000000 239.9427594 239.9498632 
580.0000000 239.7463409 239.7534446 
581.0000000 239.5499223 239.5570261 
582.0000000 239.3535038 239.3606075 
583.0000000 239.1570852 239.1641890 
584.0000000 238.9606667 238.9677704 
585.0000000 238.7642481 238.7713519 
586.0000000 238.5678296 238.5749333 
587.0000000 238.3714110 238.3785148 
588.0000000 238.1749925 238.1820962 
589.0000000 237.9785739 237.9856777 
590.0000000 237.7821554 237.7892591 
591.0000000 237.5857368 237.5928406 
592.0000000 237.3893183 237.3964220 
593.0000000 237.1928997 237.2000035 
594.0000000 236.9964812 237.0035849 
595.0000000 236.8000626 236.8071664 
596.0000000 236.6036441 236.6107478 
597.0000000 236.4072255 236.4143293 
598.0000000 236.2108070 236.2179107 
599.0000000 236.0143884 236.0214922 
600.0000000 235.8179699 235.8250736 
601.0000000 235.6215513 235.6286551 
602.0000000 235.4251328 235.4322365 
603.0000000 235.2287142 235.2358180 
604.0000000 235.0322956 235.0393994 
605.0000000 234.8358771 234.8429809 
606.0000000 234.6394585 234.6465623 
607.0000000 234.4430400 234.4501438 
608.0000000 234.2466214 234.2537252 
609.0000000 234.0502029 234.0573067 
610.0000000 233.8537843 233.8608881 
611.0000000 233.6573658 233.6644696 
612.0000000 233.4609472 233.4680510 
613.0000000 233.2645287 233.2716325 
614.0000000 233.0681101 233.0752139 
615.0000000 232.8716916 232.8787953 
616.0000000 232.6752730 232.6823768 
617.0000000 232.4788545 232.4859582 
618.0000000 232.2824359 232.2895397 
619.0000000 232.0860174 232.0931211 
620.0000000 231.8895988 231.8967026 
621.0000000 231.6931803 231.7002840 
622.0000000 231.4967617 231.5038655 
623.0000000 231.3003432 231.3074469 
624.0000000 231.1039246 231.1110284 
625.0000000 230.9075061 230.9146098 
626.0000000 230.7110875 230.7181913 
627.0000000 230.5146690 230.5217727 
628.0000000 230.3182504 230.3253542 
629.0000000 230.1218319 230.1289356 
630.0000000 229.9254133 229.9325171 
631.0000000 229.7289948 229.7360985 
632.0000000 229.5325762 229.5396800 
633.0000000 229.3361577 229.3432614 
634.0000000 229.1397391 229.1468429 
635.0000000 228.9433206 228.9504243 
636.0000000 228.7469020 228.7540058 
637.0000000 228.5504835 228.5575872 
638.0000000 228.3540649 228.3611687 
639.0000000 228.1576464 228.1647501 
640.0000000 227.9612278 227.9683316 
641.0000000 227.7648093 227.7719130 
642.0000000 227.5683907 227.5754945 
643.0000000 227.3719722 227.3790759 
644.0000000 227.1755536 227.1826574 
645.0000000 226.9791351 226.9862388 
646.0000000 226.7827165 226.7898203 
647.0000000 226.5862980 226.5934017 
648.0000000 226.3898794 226.3969832 
649.0000000 226.1934609 226.2005646 
650.0000000 225.9970423 226.0041461 
651.0000000 225.8006238 225.8077275 
652.0000000 225.6042052 225.6113090 
653.0000000 225.4077867 225.4148904 
654.0000000 225.2113681 225.2184719 
655.0000000 225.0149496 225.0220533 
656.0000000 224.8185310 224.8256348 
657.0000000 224.6221125 224.6292162 
658.0000000 224.4256939 224.4327977 
659.0000000 224.2292754 224.2363791 
660.0000000 224.0328568 224.0399606 
661.0000000 223.8364383 223.8435420 
662.0000000 223.6400197 223.6471235 
663.0000000 223.4436012 223.4507049 
664.0000000 223.2471826 223.2542864 
665.0000000 223.0507641 223.0578678 
666.0000000 222.8543455 222.8614493 
667.0000000 222.6579270 222.6650307 
668.0000000 222.4615084 222.4686122 
669.0000000 222.2650899 222.2721936 
670.0000000 222.0686713 222.0757751 
671.0000000 221.8722528 221.8793565 
672.0000000 221.6758342 221.6829380 
673.0000000 221.4794157 221.4865194 
674.0000000 221.2829971 221.2901009 
675.0000000 221.0865786 221.0936823 
676.0000000 220.8901600 220.8972638 
677.0000000 220.6937415 220.7008452 
678.0000000 220.4973229 220.5044267 
679.0000000 220.3009044 220.3080081 
680.0000000 220.1044858 220.1115896 
681.0000000 219.9080673 219.9151710 
682.0000000 219.7116487 219.7187525 
683.0000000 219.5152302 219.5223339 
684.0000000 219.3188116 219.3259154 
685.0000000 219.1223931 219.1294968 
686.0000000 218.9259745 218.9330783 
687.0000000 218.7295560 218.7366597 
688.0000000 218.5331374 218.5402412 
689.0000000 218.3367189 218.3438226 
690.0000000 218.1403003 218.1474041 
691.0000000 217.9438818 217.9509855 
692.0000000 217.7474632 217.7545670 
693.0000000 217.5510447 217.5581484 
694.0000000 217.3546261 217.3617299 
695.0000000 217.1582076 217.1653113 
696.0000000 216.9617890 216.9688928 
697.0000000 216.7653705 216.7724742 
698.0000000 216.5689519 216.5760557 
699.0000000 216.3725334 216.3796371 
700.0000000 216.1761148 216.1832186 
701.0000000 215.9796963 215.9868000 
702.0000000 215.7832777 215.7903815 
703.0000000 215.5868592 215.5939629 
704.0000000 215.3904406 215.3975444 
705.0000000 215.1940221 215.2011258 
706.0000000 214.9976035 215.0047073 
707.0000000 214.8011850 214.8082887 
708.0000000 214.6047664 214.6118702 
709.0000000 214.4083479 214.4154516 
710.0000000 214.2119293 214.2190331 
711.0000000 214.0155108 214.0226145 
712.0000000 213.8190922 213.8261960 
713.0000000 213.6226737 213.6297774 
714.0000000 213.4262551 213.4333589 
715.0000000 213.2298366 213.2369403 
716.0000000 213.0334180 213.0405218 
717.0000000 212.8369995 212.8441032 
718.0000000 212.6405809 212.6476847 
719.0000000 212.4441624 212.4512661 
720.0000000 212.2477438 212.2548476 
721.0000000 212.0513253 212.0584290 
722.0000000 211.8549067 211.8620105 
723.0000000 211.6584882 211.6655919 
724.0000000 211.4620696 211.4691734 
725.0000000 211.2656511 211.2727548 
726.0000000 211.0692325 211.0763363 
727.0000000 210.8728140 210.8799177 
728.0000000 210.6763954 210.6834992 
729.0000000 210.4799769 210.4870806 
730.0000000 210.2835583 210.2906621 
731.0000000 210.0871398 210.0942435 
732.0000000 209.8907212 209.8978250 
733.0000000 209.6943027 209.7014064 
734.0000000 209.4978841 209.5049879 
735.0000000 209.3014656 209.3085693 
736.0000000 209.1050470 209.1121508 
737.0000000 208.9086285 208.9157322 
738.0000000 208.7122099 208.7193137 
739.0000000 208.5157914 208.5228951 
740.0000000 208.3193728 208.3264766 
741.0000000 208.1229543 208.1300580 
742.0000000 207.9265357 207.9336395 
743.0000000 207.7301172 207.7372209 
744.0000000 207.5336986 207.5408024 
745.0000000 207.3372801 207.3443838 
746.0000000 207.1408615 207.1479653 
747.0000000 206.9444430 206.9515467 
748.0000000 206.7480244 206.7551282 
749.0000000 206.5516059 206.5587096 
750.0000000 206.3551873 206.3622911 
751.0000000 206.1587688 206.1658725 
752.0000000 205.9623502 205.9694540 
753.0000000 205.7659317 205.7730354 
754.0000000 205.5695131 205.5766169 
755.0000000 205.3730945 205.3801983 
756.0000000 205.1766760 205.1837798 
757.0000000 204.9802574 204.9873612 
758.0000000 204.7838389 204.7909427 
759.0000000 204.5874203 204.5945241 
760.0000000 204.3910018 204.3981056 
761.0000000 204.1945832 204.2016870 
762.0000000 203.9981647 204.0052685 
763.0000000 203.8017461 203.8088499 
764.0000000 203.6053276 203.6124314 
765.0000000 203.4089090 203.4160128 
766.0000000 203.2124905 203.2195942 
767.0000000 203.0160719 203.0231757 
768.0000000 202.8196534 202.8267571 
769.0000000 202.6232348 202.6303386 
770.0000000 202.4268163 202.4339200 
771.0000000 202.2303977 202.2375015 
772.0000000 202.0339792 202.0410829 
773.0000000 201.8375606 201.8446644 
774.0000000 201.6411421 201.6482458 
775.0000000 201.4447235 201.4518273 
776.0000000 201.2483050 201.2554087 
777.0000000 201.0518864 201.0589902 
778.0000000 200.8554679 200.8625716 
779.0000000 200.6590493 200.6661531 
780.0000000 200.4626308 200.4697345 
781.0000000 200.2662122 200.2733160 
782.0000000 200.0697937 200.0768974 
783.0000000 199.8733751 199.8804789 
784.0000000 199.6769566 199.6840603 
785.0000000 199.4805380 199.4876418 
786.0000000 199.2841195 199.2912232 
787.0000000 199.0877009 199.0948047 
788.0000000 198.8912824 198.8983861 
789.0000000 198.6948638 198.7019676 
790.0000000 198.4984453 198.5055490 
791.0000000 198.3020267 198.3091305 
792.0000000 198.1056082 198.1127119 
793.0000000 197.9091896 197.9162934 
794.0000000 197.7127711 197.7198748 
795.0000000 197.5163525 197.5234563 
796.0000000 197.3199340 197.3270377 
797.0000000 197.1235154 197.1306192 
798.0000000 196.9270969 196.9342006 
799.0000000 196.7306783 196.7377821 
800.0000000 196.5342598 196.5413635 
801.0000000 196.3378412 196.3449450 
802.0000000 196.1414227 196.1485264 
803.0000000 195.9450041 195.9521079 
804.0000000 195.7485856 195.7556893 
805.0000000 195.5521670 195.5592708 
806.0000000 195.3557485 195.3628522 
807.0000000 195.1593299 195.1664337 
808.0000000 194.9629114 194.9700151 
809.0000000 194.7664928 194.7735966 
810.0000000 194.5700743 194.5771780 
811.0000000 194.3736557 194.3807595 
812.0000000 194.1772372 194.1843409 
813.0000000 193.9808186 193.9879224 
814.0000000 193.7844001 193.7915038 
815.0000000 193.5879815 193.5950853 
816.0000000 193.3915630 193.3986667 
817.0000000 193.1951444 193.2022482 
818.0000000 192.9987259 193.0058296 
819.0000000 192.8023073 192.8094111 
820.0000000 192.6058888 192.6129925 
821.0000000 192.4094702 192.4165740 
822.0000000 192.2130517 192.2201554 
823.0000000 192.0166331 192.0237369 
824.0000000 191.8202146 191.8273183 
825.0000000 191.6237960 191.6308998 
826.0000000 191.4273775 191.4344812 
827.0000000 191.2309589 191.2380627 
828.0000000 191.0345404 191.0416441 
829.0000000 190.8381218 190.8452256 
830.0000000 190.6417033 190.6488070 
831.0000000 190.4452847 190.4523885 
832.0000000 190.2488662 190.2559699 
833.0000000 190.0524476 190.0595514 
834.0000000 189.8560291 189.8631328 
835.0000000 189.6596105 189.6667143 
836.0000000 189.4631920 189.4702957 
837.0000000 189.2667734 189.2738772 
838.0000000 189.0703549 189.0774586 
839.0000000 188.8739363 188.8810401 
840.0000000 188.6775178 188.6846215 
841.0000000 188.4810992 188.4882030 
842.0000000 188.2846807 188.2917844 
843.0000000 188.0882621 188.0953659 
844.0000000 187.8918436 187.8989473 
845.0000000 187.6954250 187.7025288 
846.0000000 187.4990065 187.5061102 
847.0000000 187.3025879 187.3096917 
848.0000000 187.1061694 187.1132731 
849.0000000 186.9097508 186.9168546 
850.0000000 186.7133323 186.7204360 
851.0000000 186.5169137 186.5240175 
852.0000000 186.3204952 186.3275989 
853.0000000 186.1240766 186.1311804 
854.0000000 185.9276581 185.9347618 
855.0000000 185.7312395 185.7383433 
856.0000000 185.5348210 185.5419247 
857.0000000 185.3384024 185.3455062 
858.0000000 185.1419839 185.1490876 
859.0000000 184.9455653 184.9526691 
860.0000000 184.7491468 184.7562505 
861.0000000 184.5527282 184.5598320 
862.0000000 184.3563097 184.3634134 
863.0000000 184.1598911 184.1669949 
864.0000000 183.9634726 183.9705763 
865.0000000 183.7670540 183.7741578 
866.0000000 183.5706355 183.5777392 
867.0000000 183.3742169 183.3813207 
868.0000000 183.1777984 183.1849021 
869.0000000 182.9813798 182.9884836 
870.0000000 182.7849613 182.7920650 
871.0000000 182.5885427 182.5956465 
872.0000000 182.3921242 182.3992279 
873.0000000 182.1957056 182.2028094 
874.0000000 181.9992871 182.0063908 
875.0000000 181.8028685 181.8099723 
876.0000000 181.6064500 181.6135537 
877.0000000 181.4100314 181.4171352 
878.0000000 181.2136129 181.2207166 
879.0000000 181.0171943 181.0242981 
880.0000000 180.8207758 180.8278795 
881.0000000 180.6243572 180.6314610 
882.0000000 180.4279387 180.4350424 
883.0000000 180.2315201 180.2386239 
884.0000000 180.0351016 180.0422053 
885.0000000 179.8386830 179.8457868 
886.0000000 179.6422645 179.6493682 
887.0000000 179.4458459 179.4529497 
888.0000000 179.2494274 179.2565311 
889.0000000 179.0530088 179.0601126 
890.0000000 178.8565903 178.8636940 
891.0000000 178.6601717 178.6672755 
892.0000000 178.4637532 178.4708569 
893.0000000 178.2673346 178.2744384 
894.0000000 178.0709161 178.0780198 
895.0000000 177.8744975 177.8816013 
896.0000000 177.6780790 177.6851827 
897.0000000 177.4816604 177.4887642 
898.0000000 177.2852419 177.2923456 
899.0000000 177.0888233 177.0959271 
900.0000000 176.8924048 176.8995085 
901.0000000 176.6959862 176.7030900 
902.0000000 176.4995677 176.5066714 
903.0000000 176.3031491 176.3102529 
904.0000000 176.1067306 176.1138343 
905.0000000 175.9103120 175.9174158 
906.0000000 175.7138935 175.7209972 
907.0000000 175.5174749 175.5245787 
908.0000000 175.3210563 175.3281601 
909.0000000 175.1246378 175.1317416 
910.0000000 174.9282192 174.9353230 
911.0000000 174.7318007 174.7389045 
912.0000000 174.5353821 174.5424859 
913.0000000 174.3389636 174.3460674 
914.0000000 174.1425450 174.1496488 
915.0000000 173.9461265 173.9532303 
916.0000000 173.7497079 173.7568117 
917.0000000 173.5532894 173.5603931 
918.0000000 173.3568708 173.3639746 
919.0000000 173.1604523 173.1675560 
920.0000000 172.9640337 172.9711375 
921.0000000 172.7676152 172.7747189 
922.0000000 172.5711966 172.5783004 
923.0000000 172.3747781 172.3818818 
924.0000000 172.1783595 172.1854633 
925.0000000 171.9819410 171.9890447 
926.0000000 171.7855224 171.7926262 
927.0000000 171.5891039 171.5962076 
928.0000000 171.3926853 171.3997891 
929.0000000 171.1962668 171.2033705 
930.0000000 170.9998482 171.0069520 
931.0000000 170.8034297 170.8105334 
932.0000000 170.6070111 170.6141149 
933.0000000 170.4105926 170.4176963 
934.0000000 170.2141740 170.2212778 
935.0000000 170.0177555 170.0248592 
936.0000000 169.8213369 169.8284407 
937.0000000 169.6249184 169.6320221 
938.0000000 169.4284998 169.4356036 
939.0000000 169.2320813 169.2391850 
940.0000000 169.0356627 169.0427665 
941.0000000 168.8392442 168.8463479 
942.0000000 168.6428256 168.6499294 
943.0000000 168.4464071 168.4535108 
944.0000000 168.2499885 168.2570923 
945.0000000 168.0535700 168.0606737 
946.0000000 167.8571514 167.8642552 
947.0000000 167.6607329 167.6678366 
948.0000000 167.4643143 167.4714181 
949.0000000 167.2678958 167.2749995 
950.0000000 167.0714772 167.0785810 
951.0000000 166.8750587 166.8821624 
952.0000000 166.6786401 166.6857439 
953.0000000 166.4822216 166.4893253 
954.0000000 166.2858030 166.2929068 
955.0000000 166.0893845 166.0964882 
956.0000000 165.8929659 165.9000697 
957.0000000 165.6965474 165.7036511 
958.0000000 165.5001288 165.5072326 
959.0000000 165.3037103 165.3108140 
960.0000000 165.1072917 165.1143955 
961.0000000 164.9108732 164.9179769 
962.0000000 164.7144546 164.7215584 
963.0000000 164.5180361 164.5251398 
964.0000000 164.3216175 164.3287213 
965.0000000 164.1251990 164.1323027 
966.0000000 163.9287804 163.9358842 
967.0000000 163.7323619 163.7394656 
968.0000000 163.5359433 163.5430471 
969.0000000 163.3395248 163.3466285 
970.0000000 163.1431062 163.1502100 
971.0000000 162.9466877 162.9537914 
972.0000000 162.7502691 162.7573729 
973.0000000 162.5538506 162.5609543 
974.0000000 162.3574320 162.3645358 
975.0000000 162.1610135 162.1681172 
976.0000000 161.9645949 161.9716987 
977.0000000 161.7681764 161.7752801 
978.0000000 161.5717578 161.5788616 
979.0000000 161.3753393 161.3824430 
980.0000000 161.1789207 161.1860245 
981.0000000 160.9825022 160.9896059 
982.0000000 160.7860836 160.7931874 
983.0000000 160.5896651 160.5967688 
984.0000000 160.3932465 160.4003503 
985.0000000 160.1968280 160.2039317 
986.0000000 160.0004094 160.0075132 
987.0000000 159.8039909 159.8110946 
988.0000000 159.6075723 159.6146761 
989.0000000 159.4111538 159.4182575 
990.0000000 159.2147352 159.2218390 
991.0000000 159.0183167 159.0254204 
992.0000000 158.8218981 158.8290019 
993.0000000 158.6254796 158.6325833 
994.0000000 158.4290610 158.4361648 
995.0000000 158.2326425 158.2397462 
996.0000000 158.0362239 158.0433277 
997.0000000 157.8398054 157.8469091 
998.0000000 157.6433868 157.6504906 
999.0000000 157.4469683 157.4540720 
1000.0000000 157.2505497 157.2576535 
1001.0000000 157.0541312 157.0612349 
1002.0000000 156.8577126 156.8648164 
1003.0000000 156.6612941 156.6683978 
1004.0000000 156.4648755 156.4719793 
1005.0000000 156.2684570 156.2755607 
1006.0000000 156.0720384 156.0791422 
1007.0000000 155.8756199 155.8827236 
1008.0000000 155.6792013 155.6863051 
1009.0000000 155.4827828 155.4898865 
1010.0000000 155.2863642 155.2934680 
1011.0000000 155.0899457 155.0970494 
1012.0000000 154.8935271 154.9006309 
1013.0000000 154.6971086 154.7042123 
1014.0000000 154.5006900 154.5077938 
1015.0000000 154.3042715 154.3113752 
1016.0000000 154.1078529 154.1149567 
1017.0000000 153.9114344 153.9185381 
1018.0000000 153.7150158 153.7221196 
1019.0000000 153.5185973 153.5257010 
1020.0000000 153.3221787 153.3292825 
1021.0000000 153.1257602 153.1328639 
1022.0000000 152.9293416 152.9364454 
1023.0000000 152.7329231 152.7400268 
1024.0000000 152.5365045 152.5436083 
1025.0000000 152.3400860 152.3471897 
1026.0000000 152.1436674 152.1507712 
1027.0000000 151.9472489 151.9543526 
1028.0000000 151.7508303 151.7579341 
1029.0000000 151.5544118 151.5615155 
1030.0000000 151.3579932 151.3650970 
1031.0000000 151.1615747 151.1686784 
1032.0000000 150.9651561 150.9722599 
1033.0000000 150.7687376 150.7758413 
1034.0000000 150.5723190 150.5794228 
1035.0000000 150.3759005 150.3830042 
1036.0000000 150.1794819 150.1865857 
1037.0000000 149.9830634 149.9901671 
1038.0000000 149.7866448 149.7937486 
1039.0000000 149.5902263 149.5973300 
1040.0000000 149.3938077 149.4009115 
1041.0000000 149.1973892 149.2044929 
1042.0000000 149.0009706 149.0080744 
1043.0000000 148.8045521 148.8116558 
1044.0000000 148.6081335 148.6152373 
1045.0000000 148.4117150 148.4188187 
1046.0000000 148.2152964 148.2224002 
1047.0000000 148.0188779 148.0259816 
1048.0000000 147.8224593 147.8295631 
1049.0000000 147.6260408 147.6331445 
1050.0000000 147.4296222 147.4367260 
1051.0000000 147.2332037 147.2403074 
1052.0000000 147.0367851 147.0438889 
1053.0000000 146.8403666 146.8474703 
1054.0000000 146.6439480 146.6510518 
1055.0000000 146.4475295 146.4546332 
1056.0000000 146.2511109 146.2582147 
1057.0000000 146.0546924 146.0617961 
1058.0000000 145.8582738 145.8653776 
1059.0000000 145.6618552 145.6689590 
1060.0000000 145.4654367 145.4725405 
1061.0000000 145.2690181 145.2761219 
1062.0000000 145.0725996 145.0797034 
1063.0000000 144.8761810 144.8832848 
1064.0000000 144.6797625 144.6868663 
1065.0000000 144.4833439 144.4904477 
1066.0000000 144.2869254 144.2940292 
1067.0000000 144.0905068 144.0976106 
1068.0000000 143.8940883 143.9011921 
1069.0000000 143.6976697 143.7047735 
1070.0000000 143.5012512 143.5083549 
1071.0000000 143.3048326 143.3119364 
1072.0000000 143.1084141 143.1155178 
1073.0000000 142.9119955 142.9190993 
1074.0000000 142.7155770 142.7226807 
1075.0000000 142.5191584 142.5262622 
1076.0000000 142.3227399 142.3298436 
1077.0000000 142.1263213 142.1334251 
1078.0000000 141.9299028 141.9370065 
1079.0000000 141.7334842 141.7405880 
1080.0000000 141.5370657 141.5441694 
1081.0000000 141.3406471 141.3477509 
1082.0000000 141.1442286 141.1513323 
1083.0000000 140.9478100 140.9549138 
1084.0000000 140.7513915 140.7584952 
1085.0000000 140.5549729 140.5620767 
1086.0000000 140.3585544 140.3656581 
1087.0000000 140.1621358 140.1692396 
1088.0000000 139.9657173 139.9728210 
1089.0000000 139.7692987 139.7764025 
1090.0000000 139.5728802 139.5799839 
1091.0000000 139.3764616 139.3835654 
1092.0000000 139.1800431 139.1871468 
1093.0000000 138.9836245 138.9907283 
1094.0000000 138.7872060 138.7943097 
1095.0000000 138.5907874 138.5978912 
1096.0000000 138.3943689 138.4014726 
1097.0000000 138.1979503 138.2050541 
1098.0000000 138.0015318 138.0086355 
1099.0000000 137.8051132 137.8122170 
1100.0000000 137.6086947 137.6157984 
1101.0000000 137.4122761 137.4193799 
1102.0000000 137.2158576 137.2229613 
1103.0000000 137.0194390 137.0265428 
1104.0000000 136.8230205 136.8301242 
1105.0000000 136.6266019 136.6337057 
1106.0000000 136.4301834 136.4372871 
1107.0000000 136.2337648 136.2408686 
1108.0000000 136.0373463 136.0444500 
1109.0000000 135.8409277 135.8480315 
1110.0000000 135.6445092 135.6516129 
1111.0000000 135.4480906 135.4551944 
1112.0000000 135.2516721 135.2587758 
1113.0000000 135.0552535 135.0623573 
1114.0000000 134.8588350 134.8659387 
1115.0000000 134.6624164 134.6695202 
1116.0000000 134.4659979 134.4731016 
1117.0000000 134.2695793 134.2766831 
1118.0000000 134.0731608 134.0802645 
1119.0000000 133.8767422 133.8838460 
1120.0000000 133.6803237 133.6874274 
1121.0000000 133.4839051 133.4910089 
1122.0000000 133.2874866 133.2945903 
1123.0000000 133.0910680 133.0981718 
1124.0000000 132.8946495 132.9017532 
1125.0000000 132.6982309 132.7053347 
1126.0000000 132.5018124 132.5089161 
1127.0000000 132.3053938 132.3124976 
1128.0000000 132.1089753 132.1160790 
1129.0000000 131.9125567 131.9196605 
1130.0000000 131.7161382 131.7232419 
1131.0000000 131.5197196 131.5268234 
1132.0000000 131.3233011 131.3304048 
1133.0000000 131.1268825 131.1339863 
1134.0000000 130.9304640 130.9375677 
1135.0000000 130.7340454 130.7411492 
1136.0000000 130.5376269 130.5447306 
1137.0000000 130.3412083 130.3483121 
1138.0000000 130.1447898 130.1518935 
1139.0000000 129.9483712 129.9554750 
1140.0000000 129.7519527 129.7590564 
1141.0000000 129.5555341 129.5626379 
1142.0000000 129.3591156 129.3662193 
1143.0000000 129.1626970 129.1698008 
1144.0000000 128.9662785 128.9733822 
1145.0000000 128.7698599 128.7769637 
1146.0000000 128.5734414 128.5805451 
1147.0000000 128.3770228 128.3841266 
1148.0000000 128.1806043 128.1877080 
1149.0000000 127.9841857 127.9912895 
1150.0000000 127.7877672 127.7948709 
1151.0000000 127.5913486 127.5984524 
1152.0000000 127.3949301 127.4020338 
1153.0000000 127.1985115 127.2056153 
1154.0000000 127.0020930 127.0091967 
1155.0000000 126.8056744 126.8127782 
1156.0000000 126.6092559 126.6163596 
1157.0000000 126.4128373 126.4199411 
1158.0000000 126.2164188 126.2235225 
1159.0000000 126.0200002 126.0271040 
1160.0000000 125.8235817 125.8306854 
1161.0000000 125.6271631 125.6342669 
1162.0000000 125.4307446 125.4378483 
1163.0000000 125.2343260 125.2414298 
1164.0000000 125.0379075 125.0450112 
1165.0000000 124.8414889 124.8485927 
1166.0000000 124.6450704 124.6521741 
1167.0000000 124.4486518 124.4557556 
1168.0000000 124.2522333 124.2593370 
1169.0000000 124.0558147 124.0629185 
1170.0000000 123.8593962 123.8664999 
1171.0000000 123.6629776 123.6700814 
1172.0000000 123.4665591 123.4736628 
1173.0000000 123.2701405 123.2772443 
1174.0000000 123.0737220 123.0808257 
1175.0000000 122.8773034 122.8844072 
1176.0000000 122.6808849 122.6879886 
1177.0000000 122.4844663 122.4915701 
1178.0000000 122.2880478 122.2951515 
1179.0000000 122.0916292 122.0987330 
1180.0000000 121.8952107 121.9023144 
1181.0000000 121.6987921 121.7058959 
1182.0000000 121.5023736 121.5094773 
1183.0000000 121.3059550 121.3130588 
1184.0000000 121.1095365 121.1166402 
1185.0000000 120.9131179 120.9202217 
1186.0000000 120.7166994 120.7238031 
1187.0000000 120.5202808 120.5273846 
1188.0000000 120.3238623 120.3309660 
1189.0000000 120.1274437 120.1345475 
1190.0000000 119.9310252 119.9381289 
1191.0000000 119.7346066 119.7417104 
1192.0000000 119.5381881 119.5452918 
1193.0000000 119.3417695 119.3488733 
1194.0000000 119.1453510 119.1524547 
1195.0000000 118.9489324 118.9560362 
1196.0000000 118.7525139 118.7596176 
1197.0000000 118.5560953 118.5631991 
1198.0000000 118.3596768 118.3667805 
1199.0000000 118.1632582 118.1703620 
1200.0000000 117.9668397 117.9739434 
1201.0000000 117.7704211 117.7775249 
1202.0000000 117.5740026 117.5811063 
1203.0000000 117.3775840 117.3846878 
1204.0000000 117.1811655 117.1882692 
1205.0000000 116.9847469 116.9918507 
1206.0000000 116.7883284 116.7954321 
1207.0000000 116.5919098 116.5990136 
1208.0000000 116.3954913 116.4025950 
1209.0000000 116.1990727 116.2061765 
1210.0000000 116.0026541 116.0097579 
1211.0000000 115.8062356 115.8133394 
1212.0000000 115.6098170 115.6169208 
1213.0000000 115.4133985 115.4205023 
1214.0000000 115.2169799 115.2240837 
1215.0000000 115.0205614 115.0276652 
1216.0000000 114.8241428 114.8312466 
1217.0000000 114.6277243 114.6348281 
1218.0000000 114.4313057 114.4384095 
1219.0000000 114.2348872 114.2419910 
1220.0000000 114.0384686 114.0455724 
1221.0000000 113.8420501 113.8491538 
1222.0000000 113.6456315 113.6527353 
1223.0000000 113.4492130 113.4563167 
1224.0000000 113.2527944 113.2598982 
1225.0000000 113.0563759 113.0634796 
1226.0000000 112.8599573 112.8670611 
1227.0000000 112.6635388 112.6706425 
1228.0000000 112.4671202 112.4742240 
1229.0000000 112.2707017 112.2778054 
1230.0000000 112.0742831 112.0813869 
1231.0000000 111.8778646 111.8849683 
1232.0000000 111.6814460 111.6885498 
1233.0000000 111.4850275 111.4921312 
1234.0000000 111.2886089 111.2957127 
1235.0000000 111.0921904 111.0992941 
1236.0000000 110.8957718 110.9028756 
1237.0000000 110.6993533 110.7064570 
1238.0000000 110.5029347 110.5100385 
1239.0000000 110.3065162 110.3136199 
1240.0000000 110.1100976 110.1172014 
1241.0000000 109.9136791 109.9207828 
1242.0000000 109.7172605 109.7243643 
1243.0000000 109.5208420 109.5279457 
1244.0000000 109.3244234 109.3315272 
1245.0000000 109.1280049 109.1351086 
1246.0000000 108.9315863 108.9386901 
1247.0000000 108.7351678 108.7422715 
1248.0000000 108.5387492 108.5458530 
1249.0000000 108.3423307 108.3494344 
1250.0000000 108.1459121 108.1530159 
1251.0000000 107.9494936 107.9565973 
1252.0000000 107.7530750 107.7601788 
1253.0000000 107.5566565 107.5637602 
1254.0000000 107.3602379 107.3673417 
1255.0000000 107.1638194 107.1709231 
1256.0000000 106.9674008 106.9745046 
1257.0000000 106.7709823 106.7780860 
1258.0000000 106.5745637 106.5816675 
1259.0000000 106.3781452 106.3852489 
1260.0000000 106.1817266 106.1888304 
1261.0000000 105.9853081 105.9924118 
1262.0000000 105.7888895 105.7959933 
1263.0000000 105.5924710 105.5995747 
1264.0000000 105.3960524 105.4031562 
1265.0000000 105.1996339 105.2067376 
1266.0000000 105.0032153 105.0103191 
1267.0000000 104.8067968 104.8139005 
1268.0000000 104.6103782 104.6174820 
1269.0000000 104.4139597 104.4210634 
1270.0000000 104.2175411 104.2246449 
1271.0000000 104.0211226 104.0282263 
1272.0000000 103.8247040 103.8318078 
1273.0000000 103.6282855 103.6353892 
1274.0000000 103.4318669 103.4389707 
1275.0000000 103.2354484 103.2425521 
1276.0000000 103.0390298 103.0461336 
1277.0000000 102.8426113 102.8497150 
1278.0000000 102.6461927 102.6532965 
1279.0000000 102.4497742 102.4568779 
1280.0000000 102.2533556 102.2604594 
1281.0000000 102.0569371 102.0640408 
1282.0000000 101.8605185 101.8676223 
1283.0000000 101.6641000 101.6712037 
1284.0000000 101.4676814 101.4747852 
1285.0000000 101.2712629 101.2783666 
1286.0000000 101.0748443 101.0819481 
1287.0000000 100.8784258 100.8855295 
1288.0000000 100.6820072 100.6891110 
1289.0000000 100.4855887 100.4926924 
1290.0000000 100.2891701 100.2962739 
1291.0000000 100.0927516 100.0998553 
1292.0000000 99.8963330 99.9034368 
1293.0000000 99.6999145 99.7070182 
1294.0000000 99.5034959 99.5105997 
1295.0000000 99.3070774 99.3141811 
1296.0000000 99.1106588 99.1177626 
1297.0000000 98.9142403 98.9213440 
1298.0000000 98.7178217 98.7249255 
1299.0000000 98.5214032 98.5285069 
1300.0000000 98.3249846 98.3320884 
1301.0000000 98.1285661 98.1356698 
1302.0000000 97.9321475 97.9392513 
1303.0000000 97.7357290 97.7428327 
1304.0000000 97.5393104 97.5464142 
1305.0000000 97.3428919 97.3499956 
1306.0000000 97.1464733 97.1535771 
1307.0000000 96.9500548 96.9571585 
1308.0000000 96.7536362 96.7607400 
1309.0000000 96.5572177 96.5643214 
1310.0000000 96.3607991 96.3679029 
1311.0000000 96.1643806 96.1714843 
1312.0000000 95.9679620 95.9750658 
1313.0000000 95.7715435 95.7786472 
1314.0000000 95.5751249 95.5822287 
1315.0000000 95.3787064 95.3858101 
1316.0000000 95.1822878 95.1893916 
1317.0000000 94.9858693 94.9929730 
1318.0000000 94.7894507 94.7965545 
1319.0000000 94.5930322 94.6001359 
1320.0000000 94.3966136 94.4037174 
1321.0000000 94.2001951 94.2072988 
1322.0000000 94.0037765 94.0108803 
1323.0000000 93.8073580 93.8144617 
1324.0000000 93.6109394 93.6180432 
1325.0000000 93.4145209 93.4216246 
1326.0000000 93.2181023 93.2252061 
1327.0000000 93.0216838 93.0287875 
1328.0000000 92.8252652 92.8323690 
1329.0000000 92.6288467 92.6359504 
1330.0000000 92.4324281 92.4395319 
1331.0000000 92.2360096 92.2431133 
1332.0000000 92.0395910 92.0466948 
1333.0000000 91.8431725 91.8502762 
1334.0000000 91.6467539 91.6538577 
1335.0000000 91.4503354 91.4574391 
1336.0000000 91.2539168 91.2610206 
1337.0000000 91.0574983 91.0646020 
1338.0000000 90.8610797 90.8681835 
1339.0000000 90.6646612 90.6717649 
1340.0000000 90.4682426 90.4753464 
1341.0000000 90.2718241 90.2789278 
1342.0000000 90.0754055 90.0825093 
1343.0000000 89.8789870 89.8860907 
1344.0000000 89.6825684 89.6896722 
1345.0000000 89.4861499 89.4932536 
1346.0000000 89.2897313 89.2968351 
1347.0000000 89.0933128 89.1004165 
1348.0000000 88.8968942 88.9039980 
1349.0000000 88.7004757 88.7075794 
1350.0000000 88.5040571 88.5111609 
1351.0000000 88.3076386 88.3147423 
1352.0000000 88.1112200 88.1183238 
1353.0000000 87.9148015 87.9219052 
1354.0000000 87.7183829 87.7254867 
1355.0000000 87.5219644 87.5290681 
1356.0000000 87.3255458 87.3326496 
1357.0000000 87.1291273 87.1362310 
1358.0000000 86.9327087 86.9398125 
1359.0000000 86.7362902 86.7433939 
1360.0000000 86.5398716 86.5469754 
1361.0000000 86.3434531 86.3505568 
1362.0000000 86.1470345 86.1541383 
1363.0000000 85.9506159 85.9577197 
1364.0000000 85.7541974 85.7613012 
1365.0000000 85.5577788 85.5648826 
1366.0000000 85.3613603 85.3684641 
1367.0000000 85.1649417 85.1720455 
1368.0000000 84.9685232 84.9756270 
1369.0000000 84.7721046 84.7792084 
1370.0000000 84.5756861 84.5827899 
1371.0000000 84.3792675 84.3863713 
1372.0000000 84.1828490 84.1899527 
1373.0000000 83.9864304 83.9935342 
1374.0000000 83.7900119 83.7971156 
1375.0000000 83.5935933 83.6006971 
1376.0000000 83.3971748 83.4042785 
1377.0000000 83.2007562 83.2078600 
1378.0000000 83.0043377 83.0114414 
1379.0000000 82.8079191 82.8150229 
1380.0000000 82.6115006 82.6186043 
1381.0000000 82.4150820 82.4221858 
1382.0000000 82.2186635 82.2257672 
1383.0000000 82.0222449 82.0293487 
1384.0000000 81.8258264 81.8329301 
1385.0000000 81.6294078 81.6365116 
1386.0000000 81.4329893 81.4400930 
1387.0000000 81.2365707 81.2436745 
1388.0000000 81.0401522 81.0472559 
1389.0000000 80.8437336 80.8508374 
1390.0000000 80.6473151 80.6544188 
1391.0000000 80.4508965 80.4580003 
1392.0000000 80.2544780 80.2615817 
1393.0000000 80.0580594 80.0651632 
1394.0000000 79.8616409 79.8687446 
1395.0000000 79.6652223 79.6723261 
1396.0000000 79.4688038 79.4759075 
1397.0000000 79.2723852 79.2794890 
1398.0000000 79.0759667 79.0830704 
1399.0000000 78.8795481 78.8866519 
1400.0000000 78.6831296 78.6902333 
1401.0000000 78.4867110 78.4938148 
1402.0000000 78.2902925 78.2973962 
1403.0000000 78.0938739 78.1009777 
1404.0000000 77.8974554 77.9045591 
1405.0000000 77.7010368 77.7081406 
1406.0000000 77.5046183 77.5117220 
1407.0000000 77.3081997 77.3153035 
1408.0000000 77.1117812 77.1188849 
1409.0000000 76.9153626 76.9224664 
1410.0000000 76.7189441 76.7260478 
1411.0000000 76.5225255 76.5296293 
1412.0000000 76.3261070 76.3332107 
1413.0000000 76.1296884 76.1367922 
1414.0000000 75.9332699 75.9403736 
1415.0000000 75.7368513 75.7439551 
1416.0000000 75.5404328 75.5475365 
1417.0000000 75.3440142 75.3511180 
1418.0000000 75.1475957 75.1546994 
1419.0000000 74.9511771 74.9582809 
1420.0000000 74.7547586 74.7618623 
1421.0000000 74.5583400 74.5654438 
1422.0000000 74.3619215 74.3690252 
1423.0000000 74.1655029 74.1726067 
1424.0000000 73.9690844 73.9761881 
1425.0000000 73.7726658 73.7797696 
1426.0000000 73.5762473 73.5833510 
1427.0000000 73.3798287 73.3869325 
1428.0000000 73.1834102 73.1905139 
1429.0000000 72.9869916 72.9940954 
1430.0000000 72.7905731 72.7976768 
1431.0000000 72.5941545 72.6012583 
1432.0000000 72.3977360 72.4048397 
1433.0000000 72.2013174 72.2084212 
1434.0000000 72.0048989 72.0120026 
1435.0000000 71.8084803 71.8155841 
1436.0000000 71.6120618 71.6191655 
1437.0000000 71.4156432 71.4227470 
1438.0000000 71.2192247 71.2263284 
1439.0000000 71.0228061 71.0299099 
1440.0000000 70.8263876 70.8334913 
1441.0000000 70.6299690 70.6370728 
1442.0000000 70.4335505 70.4406542 
1443.0000000 70.2371319 70.2442357 
1444.0000000 70.0407134 70.0478171 
1445.0000000 69.8442948 69.8513986 
1446.0000000 69.6478763 69.6549800 
1447.0000000 69.4514577 69.4585615 
1448.0000000 69.2550392 69.2621429 
1449.0000000 69.0586206 69.0657244 
1450.0000000 68.8622021 68.8693058 
1451.0000000 68.6657835 68.6728873 
1452.0000000 68.4693650 68.4764687 
1453.0000000 68.2729464 68.2800502 
1454.0000000 68.0765279 68.0836316 
1455.0000000 67.8801093 67.8872131 
1456.0000000 67.6836908 67.6907945 
1457.0000000 67.4872722 67.4943760 
1458.0000000 67.2908537 67.2979574 
1459.0000000 67.0944351 67.1015389 
1460.0000000 66.8980166 66.9051203 
1461.0000000 66.7015980 66.7087018 
1462.0000000 66.5051795 66.5122832 
1463.0000000 66.3087609 66.3158647 
1464.0000000 66.1123424 66.1194461 
1465.0000000 65.9159238 65.9230276 
1466.0000000 65.7195053 65.7266090 
1467.0000000 65.5230867 65.5301905 
1468.0000000 65.3266682 65.3337719 
1469.0000000 65.1302496 65.1373534 
1470.0000000 64.9338311 64.9409348 
1471.0000000 64.7374125 64.7445163 
1472.0000000 64.5409940 64.5480977 
1473.0000000 64.3445754 64.3516792 
1474.0000000 64.1481569 64.1552606 
1475.0000000 63.9517383 63.9588421 
1476.0000000 63.7553198 63.7624235 
1477.0000000 63.5589012 63.5660050 
1478.0000000 63.3624827 63.3695864 
1479.0000000 63.1660641 63.1731679 
1480.0000000 62.9696456 62.9767493 
1481.0000000 62.7732270 62.7803308 
1482.0000000 62.5768085 62.5839122 
1483.0000000 62.3803899 62.3874937 
1484.0000000 62.1839714 62.1910751 
1485.0000000 61.9875528 61.9946566 
1486.0000000 61.7911343 61.7982380 
1487.0000000 61.5947157 61.6018195 
1488.0000000 61.3982972 61.4054009 
1489.0000000 61.2018786 61.2089824 
1490.0000000 61.0054601 61.0125638 
1491.0000000 60.8090415 60.8161453 
1492.0000000 60.6126230 60.6197267 
1493.0000000 60.4162044 60.4233082 
1494.0000000 60.2197859 60.2268896 
1495.0000000 60.0233673 60.0304711 
1496.0000000 59.8269488 59.8340525 
1497.0000000 59.6305302 59.6376340 
1498.0000000 59.4341117 59.4412154 
1499.0000000 59.2376931 59.2447969 
1500.0000000 59.0412746 59.0483783 
1501.0000000 58.8448560 58.8519598 
1502.0000000 58.6484375 58.6555412 
1503.0000000 58.4520189 58.4591227 
1504.0000000 58.2556004 58.2627041 
1505.0000000 58.0591818 58.0662856 
1506.0000000 57.8627633 57.8698670 
1507.0000000 57.6663447 57.6734485 
1508.0000000 57.4699262 57.4770299 
1509.0000000 57.2735076 57.2806114 
1510.0000000 57.0770891 57.0841928 
1511.0000000 56.8806705 56.8877743 
1512.0000000 56.6842520 56.6913557 
1513.0000000 56.4878334 56.4949372 
1514.0000000 56.2914148 56.2985186 
1515.0000000 56.0949963 56.1021001 
1516.0000000 55.8985777 55.9056815 
1517.0000000 55.7021592 55.7092630 
1518.0000000 55.5057406 55.5128444 
1519.0000000 55.3093221 55.3164259 
1520.0000000 55.1129035 55.1200073 
1521.0000000 54.9164850 54.9235888 
1522.0000000 54.7200664 54.7271702 
1523.0000000 54.5236479 54.5307517 
1524.0000000 54.3272293 54.3343331 
1525.0000000 54.1308108 54.1379145 
1526.0000000 53.9343922 53.9414960 
1527.0000000 53.7379737 53.7450774 
1528.0000000 53.5415551 53.5486589 
1529.0000000 53.3451366 53.3522403 
1530.0000000 53.1487180 53.1558218 
1531.0000000 52.9522995 52.9594032 
1532.0000000 52.7558809 52.7629847 
1533.0000000 52.5594624 52.5665661 
1534.0000000 52.3630438 52.3701476 
1535.0000000 52.1666253 52.1737290 
1536.0000000 51.9702067 51.9773105 
1537.0000000 51.7737882 51.7808919 
1538.0000000 51.5773696 51.5844734 
1539.0000000 51.3809511 51.3880548 
1540.0000000 51.1845325 51.1916363 
1541.0000000 50.9881140 50.9952177 
1542.0000000 50.7916954 50.7987992 
1543.0000000 50.5952769 50.6023806 
1544.0000000 50.3988583 50.4059621 
1545.0000000 50.2024398 50.2095435 
1546.0000000 50.0060212 50.0131250 
1547.0000000 49.8096027 49.8167064 
1548.0000000 49.6131841 49.6202879 
1549.0000000 49.4167656 49.4238693 
1550.0000000 49.2203470 49.2274508 
1551.0000000 49.0239285 49.0310322 
1552.0000000 48.8275099 48.8346137 
1553.0000000 48.6310914 48.6381951 
1554.0000000 48.4346728 48.4417766 
1555.0000000 48.2382543 48.2453580 
1556.0000000 48.0418357 48.0489395 
1557.0000000 47.8454172 47.8525209 
1558.0000000 47.6489986 47.6561024 
1559.0000000 47.4525801 47.4596838 
1560.0000000 47.2561615 47.2632653 
1561.0000000 47.0597430 47.0668467 
1562.0000000 46.8633244 46.8704282 
1563.0000000 46.6669059 46.6740096 
1564.0000000 46.4704873 46.4775911 
1565.0000000 46.2740688 46.2811725 
1566.0000000 46.0776502 46.0847540 
1567.0000000 45.8812317 45.8883354 
1568.0000000 45.6848131 45.6919169 
1569.0000000 45.4883946 45.4954983 
1570.0000000 45.2919760 45.2990798 
1571.0000000 45.0955575 45.1026612 
1572.0000000 44.8991389 44.9062427 
1573.0000000 44.7027204 44.7098241 
1574.0000000 44.5063018 44.5134056 
1575.0000000 44.3098833 44.3169870 
1576.0000000 44.1134647 44.1205685 
1577.0000000 43.9170462 43.9241499 
1578.0000000 43.7206276 43.7277314 
1579.0000000 43.5242091 43.5313128 
1580.0000000 43.3277905 43.3348943 
1581.0000000 43.1313720 43.1384757 
1582.0000000 42.9349534 42.9420572 
1583.0000000 42.7385349 42.7456386 
1584.0000000 42.5421163 42.5492201 
1585.0000000 42.3456978 42.3528015 
1586.0000000 42.1492792 42.1563830 
1587.0000000 41.9528607 41.9599644 
1588.0000000 41.7564421 41.7635459 
1589.0000000 41.5600236 41.5671273 
1590.0000000 41.3636050 41.3707088 
1591.0000000 41.1671865 41.1742902 
1592.0000000 40.9707679 40.9778717 
1593.0000000 40.7743494 40.7814531 
1594.0000000 40.5779308 40.5850346 
1595.0000000 40.3815123 40.3886160 
1596.0000000 40.1850937 40.1921975 
1597.0000000 39.9886752 39.9957789 
1598.0000000 39.7922566 39.7993604 
1599.0000000 39.5958381 39.6029418 
1600.0000000 39.3994195 39.4065233 
1601.0000000 39.2030010 39.2101047 
1602.0000000 39.0065824 39.0136862 
1603.0000000 38.8101639 38.8172676 
1604.0000000 38.6137453 38.6208491 
1605.0000000 38.4173268 38.4244305 
1606.0000000 38.2209082 38.2280120 
1607.0000000 38.0244897 38.0315934 
1608.0000000 37.8280711 37.8351749 
1609.0000000 37.6316526 37.6387563 
1610.0000000 37.4352340 37.4423378 
1611.0000000 37.2388155 37.2459192 
1612.0000000 37.0423969 37.0495007 
1613.0000000 36.8459784 36.8530821 
1614.0000000 36.6495598 36.6566636 
1615.0000000 36.4531413 36.4602450 
1616.0000000 36.2567227 36.2638265 
1617.0000000 36.0603042 36.0674079 
1618.0000000 35.8638856 35.8709894 
1619.0000000 35.6674671 35.6745708 
1620.0000000 35.4710485 35.4781523 
1621.0000000 35.2746300 35.2817337 
1622.0000000 35.0782114 35.0853152 
1623.0000000 34.8817929 34.8888966 
1624.0000000 34.6853743 34.6924781 
1625.0000000 34.4889558 34.4960595 
1626.0000000 34.2925372 34.2996410 
1627.0000000 34.0961187 34.1032224 
1628.0000000 33.8997001 33.9068039 
1629.0000000 33.7032816 33.7103853 
1630.0000000 33.5068630 33.5139668 
1631.0000000 33.3104445 33.3175482 
1632.0000000 33.1140259 33.1211297 
1633.0000000 32.9176074 32.9247111 
1634.0000000 32.7211888 32.7282926 
1635.0000000 32.5247703 32.5318740 
1636.0000000 32.3283517 32.3354555 
1637.0000000 32.1319332 32.1390369 
1638.0000000 31.9355146 31.9426184 
1639.0000000 31.7390961 31.7461998 
1640.0000000 31.5426775 31.5497813 
1641.0000000 31.3462590 31.3533627 
1642.0000000 31.1498404 31.1569442 
1643.0000000 30.9534219 30.9605256 
1644.0000000 30.7570033 30.7641071 
1645.0000000 30.5605848 30.5676885 
1646.0000000 30.3641662 30.3712700 
1647.0000000 30.1677477 30.1748514 
1648.0000000 29.9713291 29.9784329 
1649.0000000 29.7749106 29.7820143 
1650.0000000 29.5784920 29.5855958 
1651.0000000 29.3820735 29.3891772 
1652.0000000 29.1856549 29.1927587 
1653.0000000 28.9892364 28.9963401 
1654.0000000 28.7928178 28.7999216 
1655.0000000 28.5963993 28.6035030 
1656.0000000 28.3999807 28.4070845 
1657.0000000 28.2035622 28.2106659 
1658.0000000 28.0071436 28.0142474 
1659.0000000 27.8107251 27.8178288 
1660.0000000 27.6143065 27.6214103 
1661.0000000 27.4178880 27.4249917 
1662.0000000 27.2214694 27.2285732 
1663.0000000 27.0250509 27.0321546 
1664.0000000 26.8286323 26.8357361 
1665.0000000 26.6322137 26.6393175 
1666.0000000 26.4357952 26.4428990 
1667.0000000 26.2393766 26.2464804 
1668.0000000 26.0429581 26.0500619 
1669.0000000 25.8465395 25.8536433 
1670.0000000 25.6501210 25.6572248 
1671.0000000 25.4537024 25.4608062 
1672.0000000 25.2572839 25.2643877 
1673.0000000 25.0608653 25.0679691 
1674.0000000 24.8644468 24.8715506 
1675.0000000 24.6680282 24.6751320 
1676.0000000 24.4716097 24.4787134 
1677.0000000 24.2751911 24.2822949 
1678.0000000 24.0787726 24.0858763 
1679.0000000 23.8823540 23.8894578 
1680.0000000 23.6859355 23.6930392 
1681.0000000 23.4895169 23.4966207 
1682.0000000 23.2930984 23.3002021 
1683.0000000 23.0966798 23.1037836 
1684.0000000 22.9002613 22.9073650 
1685.0000000 22.7038427 22.7109465 
1686.0000000 22.5074242 22.5145279 
1687.0000000 22.3110056 22.3181094 
1688.0000000 22.1145871 22.1216908 
1689.0000000 21.9181685 21.9252723 
1690.0000000 21.7217500 21.7288537 
1691.0000000 21.5253314 21.5324352 
1692.0000000 21.3289129 21.3360166 
1693.0000000 21.1324943 21.1395981 
1694.0000000 20.9360758 20.9431795 
1695.0000000 20.7396572 20.7467610 
1696.0000000 20.5432387 20.5503424 
1697.0000000 20.3468201 20.3539239 
1698.0000000 20.1504016 20.1575053 
1699.0000000 19.9539830 19.9610868 
1700.0000000 19.7575645 19.7646682 
1701.0000000 19.5611459 19.5682497 
1702.0000000 19.3647274 19.3718311 
1703.0000000 19.1683088 19.1754126 
1704.0000000 18.9718903 18.9789940 
1705.0000000 18.7754717 18.7825755 
1706.0000000 18.5790532 18.5861569 
1707.0000000 18.3826346 18.3897384 
1708.0000000 18.1862161 18.1933198 
1709.0000000 17.9897975 17.9969013 
1710.0000000 17.7933790 17.8004827 
1711.0000000 17.5969604 17.6040642 
1712.0000000 17.4005419 17.4076456 
1713.0000000 17.2041233 17.2112271 
1714.0000000 17.0077048 17.0148085 
1715.0000000 16.8112862 16.8183900 
1716.0000000 16.6148677 16.6219714 
1717.0000000 16.4184491 16.4255529 
1718.0000000 16.2220306 16.2291343 
1719.0000000 16.0256120 16.0327158 
1720.0000000 15.8291935 15.8362972 
1721.0000000 15.6327749 15.6398787 
1722.0000000 15.4363564 15.4434601 
1723.0000000 15.2399378 15.2470416 
1724.0000000 15.0435193 15.0506230 
1725.0000000 14.8471007 14.8542045 
1726.0000000 14.6506822 14.6577859 
1727.0000000 14.4542636 14.4613674 
1728.0000000 14.2578451 14.2649488 
1729.0000000 14.0614265 14.0685303 
1730.0000000 13.8650080 13.8721117 
1731.0000000 13.6685894 13.6756932 
1732.0000000 13.4721709 13.4792746 
1733.0000000 13.2757523 13.2828561 
1734.0000000 13.0793338 13.0864375 
1735.0000000 12.8829152 12.8900190 
1736.0000000 12.6864967 12.6936004 
1737.0000000 12.4900781 12.4971819 
1738.0000000 12.2936596 12.3007633 
1739.0000000 12.0972410 12.1043448 
1740.0000000 11.9008225 11.9079262 
1741.0000000 11.7044039 11.7115077 
1742.0000000 11.5079854 11.5150891 
1743.0000000 11.3115668 11.3186706 
1744.0000000 11.1151483 11.1222520 
1745.0000000 10.9187297 10.9258335 
1746.0000000 10.7223112 10.7294149 
1747.0000000 10.5258926 10.5329964 
1748.0000000 10.3294741 10.3365778 
1749.0000000 10.1330555 10.1401593 
1750.0000000 9.9366370 9.9437407 
1751.0000000 9.7402184 9.7473222 
1752.0000000 9.5437999 9.5509036 
1753.0000000 9.3473813 9.3544851 
1754.0000000 9.1509628 9.1580665 
1755.0000000 8.9545442 8.9616480 
1756.0000000 8.7581257 8.7652294 
1757.0000000 8.5617071 8.5688109 
1758.0000000 8.3652886 8.3723923 
1759.0000000 8.1688700 8.1759738 
1760.0000000 7.9724515 7.9795552 
1761.0000000 7.7760329 7.7831367 
1762.0000000 7.5796144 7.5867181 
1763.0000000 7.3831958 7.3902996 
1764.0000000 7.1867773 7.1938810 
1765.0000000 6.9903587 6.9974625 
1766.0000000 6.7939402 6.8010439 
1767.0000000 6.5975216 6.6046254 
1768.0000000 6.4011031 6.4082068 
1769.0000000 6.2046845 6.2117883 
1770.0000000 6.0082660 6.0153697 
1771.0000000 5.8118474 5.8189512 
1772.0000000 5.6154289 5.6225326 
1773.0000000 5.4190103 5.4261141 
1774.0000000 5.2225918 5.2296955 
1775.0000000 5.0261732 5.0332770 
1776.0000000 4.8297547 4.8368584 
1777.0000000 4.6333361 4.6404399 
1778.0000000 4.4369176 4.4440213 
1779.0000000 4.2404990 4.2476028 
1780.0000000 4.0440805 4.0511842 
1781.0000000 3.8476619 3.8547657 
1782.0000000 3.6512434 3.6583471 
1783.0000000 3.4548248 3.4619286 
1784.0000000 3.2584063 3.2655100 
1785.0000000 3.0619877 3.0690915 
1786.0000000 2.8655692 2.8726729 
1787.0000000 2.6691506 2.6762544 
1788.0000000 2.4727321 2.4798358 
1789.0000000 2.2763135 2.2834173 
1790.0000000 2.0798950 2.0869987 
1791.0000000 1.8834764 1.8905802 
1792.0000000 1.6870579 1.6941616 
1793.0000000 1.4906393 1.4977431 
1794.0000000 1.2942208 1.3013245 
1795.0000000 1.0978022 1.1049060 
1796.0000000 0.9013837 0.9084874 
1797.0000000 0.7049651 0.7120689 
1798.0000000 0.5085466 0.5156503 
1799.0000000 0.3121280 0.3192318 
1800.0000000 0.1157095 0.1228132 

