1.0000000 353.5832137 353.5997351 
2.0000000 353.3867951 353.4033165 
3.0000000 353.1903766 353.2068980 
4.0000000 352.9939580 353.0104794 
5.0000000 352.7975395 352.8140609 
6.0000000 352.6011209 352.6176423 
7.0000000 352.4047024 352.4212238 
8.0000000 352.2082838 352.2248052 
9.0000000 352.0118653 352.0283867 
10.0000000 351.8154467 351.8319681 
11.0000000 351.6190282 351.6355496 
12.0000000 351.4226096 351.4391310 
13.0000000 351.2261911 351.2427125 
14.0000000 351.0297725 351.0462939 
15.0000000 350.8333540 350.8498754 
16.0000000 350.6369354 350.6534568 
17.0000000 350.4405169 350.4570383 
18.0000000 350.2440983 350.2606197 
19.0000000 350.0476798 350.0642012 
20.0000000 349.8512612 349.8677826 
21.0000000 349.6548427 349.6713641 
22.0000000 349.4584241 349.4749455 
23.0000000 349.2620056 349.2785270 
24.0000000 349.0655870 349.0821084 
25.0000000 348.8691685 348.8856899 
26.0000000 348.6727499 348.6892713 
27.0000000 348.4763314 348.4928528 
28.0000000 348.2799128 348.2964342 
29.0000000 348.0834943 348.1000157 
30.0000000 347.8870757 347.9035971 
31.0000000 347.6906572 347.7071786 
32.0000000 347.4942386 347.5107600 
33.0000000 347.2978201 347.3143415 
34.0000000 347.1014015 347.1179229 
35.0000000 346.9049830 346.9215044 
36.0000000 346.7085644 346.7250858 
37.0000000 346.5121459 346.5286673 
38.0000000 346.3157273 346.3322487 
39.0000000 346.1193088 346.1358302 
40.0000000 345.9228902 345.9394116 
41.0000000 345.7264717 345.7429931 
42.0000000 345.5300531 345.5465745 
43.0000000 345.3336346 345.3501560 
44.0000000 345.1372160 345.1537374 
45.0000000 344.9407975 344.9573189 
46.0000000 344.7443789 344.7609003 
47.0000000 344.5479604 344.5644818 
48.0000000 344.3515418 344.3680632 
49.0000000 344.1551233 344.1716447 
50.0000000 343.9587047 343.9752261 
51.0000000 343.7622862 343.7788076 
52.0000000 343.5658676 343.5823890 
53.0000000 343.3694491 343.3859705 
54.0000000 343.1730305 343.1895519 
55.0000000 342.9766120 342.9931334 
56.0000000 342.7801934 342.7967148 
57.0000000 342.5837749 342.6002963 
58.0000000 342.3873563 342.4038777 
59.0000000 342.1909378 342.2074592 
60.0000000 341.9945192 342.0110406 
61.0000000 341.7981007 341.8146221 
62.0000000 341.6016821 341.6182035 
63.0000000 341.4052636 341.4217849 
64.0000000 341.2088450 341.2253664 
65.0000000 341.0124265 341.0289478 
66.0000000 340.8160079 340.8325293 
67.0000000 340.6195894 340.6361107 
68.0000000 340.4231708 340.4396922 
69.0000000 340.2267523 340.2432736 
70.0000000 340.0303337 340.0468551 
71.0000000 339.8339152 339.8504365 
72.0000000 339.6374966 339.6540180 
73.0000000 339.4410781 339.4575994 
74.0000000 339.2446595 339.2611809 
75.0000000 339.0482410 339.0647623 
76.0000000 338.8518224 338.8683438 
77.0000000 338.6554039 338.6719252 
78.0000000 338.4589853 338.4755067 
79.0000000 338.2625668 338.2790881 
80.0000000 338.0661482 338.0826696 
81.0000000 337.8697297 337.8862510 
82.0000000 337.6733111 337.6898325 
83.0000000 337.4768926 337.4934139 
84.0000000 337.2804740 337.2969954 
85.0000000 337.0840555 337.1005768 
86.0000000 336.8876369 336.9041583 
87.0000000 336.6912184 336.7077397 
88.0000000 336.4947998 336.5113212 
89.0000000 336.2983813 336.3149026 
90.0000000 336.1019627 336.1184841 
91.0000000 335.9055442 335.9220655 
92.0000000 335.7091256 335.7256470 
93.0000000 335.5127071 335.5292284 
94.0000000 335.3162885 335.3328099 
95.0000000 335.1198700 335.1363913 
96.0000000 334.9234514 334.9399728 
97.0000000 334.7270329 334.7435542 
98.0000000 334.5306143 334.5471357 
99.0000000 334.3341958 334.3507171 
100.0000000 334.1377772 334.1542986 
101.0000000 333.9413587 333.9578800 
102.0000000 333.7449401 333.7614615 
103.0000000 333.5485216 333.5650429 
104.0000000 333.3521030 333.3686244 
105.0000000 333.1556845 333.1722058 
106.0000000 332.9592659 332.9757873 
107.0000000 332.7628474 332.7793687 
108.0000000 332.5664288 332.5829502 
109.0000000 332.3700103 332.3865316 
110.0000000 332.1735917 332.1901131 
111.0000000 331.9771732 331.9936945 
112.0000000 331.7807546 331.7972760 
113.0000000 331.5843361 331.6008574 
114.0000000 331.3879175 331.4044389 
115.0000000 331.1914990 331.2080203 
116.0000000 330.9950804 331.0116018 
117.0000000 330.7986619 330.8151832 
118.0000000 330.6022433 330.6187647 
119.0000000 330.4058247 330.4223461 
120.0000000 330.2094062 330.2259276 
121.0000000 330.0129876 330.0295090 
122.0000000 329.8165691 329.8330905 
123.0000000 329.6201505 329.6366719 
124.0000000 329.4237320 329.4402534 
125.0000000 329.2273134 329.2438348 
126.0000000 329.0308949 329.0474163 
127.0000000 328.8344763 328.8509977 
128.0000000 328.6380578 328.6545792 
129.0000000 328.4416392 328.4581606 
130.0000000 328.2452207 328.2617421 
131.0000000 328.0488021 328.0653235 
132.0000000 327.8523836 327.8689050 
133.0000000 327.6559650 327.6724864 
134.0000000 327.4595465 327.4760679 
135.0000000 327.2631279 327.2796493 
136.0000000 327.0667094 327.0832308 
137.0000000 326.8702908 326.8868122 
138.0000000 326.6738723 326.6903937 
139.0000000 326.4774537 326.4939751 
140.0000000 326.2810352 326.2975566 
141.0000000 326.0846166 326.1011380 
142.0000000 325.8881981 325.9047195 
143.0000000 325.6917795 325.7083009 
144.0000000 325.4953610 325.5118824 
145.0000000 325.2989424 325.3154638 
146.0000000 325.1025239 325.1190453 
147.0000000 324.9061053 324.9226267 
148.0000000 324.7096868 324.7262082 
149.0000000 324.5132682 324.5297896 
150.0000000 324.3168497 324.3333711 
151.0000000 324.1204311 324.1369525 
152.0000000 323.9240126 323.9405340 
153.0000000 323.7275940 323.7441154 
154.0000000 323.5311755 323.5476969 
155.0000000 323.3347569 323.3512783 
156.0000000 323.1383384 323.1548598 
157.0000000 322.9419198 322.9584412 
158.0000000 322.7455013 322.7620227 
159.0000000 322.5490827 322.5656041 
160.0000000 322.3526642 322.3691856 
161.0000000 322.1562456 322.1727670 
162.0000000 321.9598271 321.9763485 
163.0000000 321.7634085 321.7799299 
164.0000000 321.5669900 321.5835114 
165.0000000 321.3705714 321.3870928 
166.0000000 321.1741529 321.1906743 
167.0000000 320.9777343 320.9942557 
168.0000000 320.7813158 320.7978372 
169.0000000 320.5848972 320.6014186 
170.0000000 320.3884787 320.4050001 
171.0000000 320.1920601 320.2085815 
172.0000000 319.9956416 320.0121630 
173.0000000 319.7992230 319.8157444 
174.0000000 319.6028045 319.6193259 
175.0000000 319.4063859 319.4229073 
176.0000000 319.2099674 319.2264888 
177.0000000 319.0135488 319.0300702 
178.0000000 318.8171303 318.8336517 
179.0000000 318.6207117 318.6372331 
180.0000000 318.4242932 318.4408146 
181.0000000 318.2278746 318.2443960 
182.0000000 318.0314561 318.0479775 
183.0000000 317.8350375 317.8515589 
184.0000000 317.6386190 317.6551404 
185.0000000 317.4422004 317.4587218 
186.0000000 317.2457819 317.2623033 
187.0000000 317.0493633 317.0658847 
188.0000000 316.8529448 316.8694662 
189.0000000 316.6565262 316.6730476 
190.0000000 316.4601077 316.4766291 
191.0000000 316.2636891 316.2802105 
192.0000000 316.0672706 316.0837920 
193.0000000 315.8708520 315.8873734 
194.0000000 315.6744335 315.6909549 
195.0000000 315.4780149 315.4945363 
196.0000000 315.2815964 315.2981178 
197.0000000 315.0851778 315.1016992 
198.0000000 314.8887593 314.9052807 
199.0000000 314.6923407 314.7088621 
200.0000000 314.4959222 314.5124436 
201.0000000 314.2995036 314.3160250 
202.0000000 314.1030851 314.1196065 
203.0000000 313.9066665 313.9231879 
204.0000000 313.7102480 313.7267694 
205.0000000 313.5138294 313.5303508 
206.0000000 313.3174109 313.3339323 
207.0000000 313.1209923 313.1375137 
208.0000000 312.9245738 312.9410952 
209.0000000 312.7281552 312.7446766 
210.0000000 312.5317367 312.5482581 
211.0000000 312.3353181 312.3518395 
212.0000000 312.1388996 312.1554210 
213.0000000 311.9424810 311.9590024 
214.0000000 311.7460625 311.7625839 
215.0000000 311.5496439 311.5661653 
216.0000000 311.3532254 311.3697467 
217.0000000 311.1568068 311.1733282 
218.0000000 310.9603883 310.9769096 
219.0000000 310.7639697 310.7804911 
220.0000000 310.5675512 310.5840725 
221.0000000 310.3711326 310.3876540 
222.0000000 310.1747141 310.1912354 
223.0000000 309.9782955 309.9948169 
224.0000000 309.7818770 309.7983983 
225.0000000 309.5854584 309.6019798 
226.0000000 309.3890399 309.4055612 
227.0000000 309.1926213 309.2091427 
228.0000000 308.9962028 309.0127241 
229.0000000 308.7997842 308.8163056 
230.0000000 308.6033657 308.6198870 
231.0000000 308.4069471 308.4234685 
232.0000000 308.2105286 308.2270499 
233.0000000 308.0141100 308.0306314 
234.0000000 307.8176915 307.8342128 
235.0000000 307.6212729 307.6377943 
236.0000000 307.4248544 307.4413757 
237.0000000 307.2284358 307.2449572 
238.0000000 307.0320173 307.0485386 
239.0000000 306.8355987 306.8521201 
240.0000000 306.6391802 306.6557015 
241.0000000 306.4427616 306.4592830 
242.0000000 306.2463431 306.2628644 
243.0000000 306.0499245 306.0664459 
244.0000000 305.8535060 305.8700273 
245.0000000 305.6570874 305.6736088 
246.0000000 305.4606689 305.4771902 
247.0000000 305.2642503 305.2807717 
248.0000000 305.0678318 305.0843531 
249.0000000 304.8714132 304.8879346 
250.0000000 304.6749947 304.6915160 
251.0000000 304.4785761 304.4950975 
252.0000000 304.2821576 304.2986789 
253.0000000 304.0857390 304.1022604 
254.0000000 303.8893205 303.9058418 
255.0000000 303.6929019 303.7094233 
256.0000000 303.4964834 303.5130047 
257.0000000 303.3000648 303.3165862 
258.0000000 303.1036463 303.1201676 
259.0000000 302.9072277 302.9237491 
260.0000000 302.7108092 302.7273305 
261.0000000 302.5143906 302.5309120 
262.0000000 302.3179721 302.3344934 
263.0000000 302.1215535 302.1380749 
264.0000000 301.9251350 301.9416563 
265.0000000 301.7287164 301.7452378 
266.0000000 301.5322979 301.5488192 
267.0000000 301.3358793 301.3524007 
268.0000000 301.1394608 301.1559821 
269.0000000 300.9430422 300.9595636 
270.0000000 300.7466236 300.7631450 
271.0000000 300.5502051 300.5667265 
272.0000000 300.3537865 300.3703079 
273.0000000 300.1573680 300.1738894 
274.0000000 299.9609494 299.9774708 
275.0000000 299.7645309 299.7810523 
276.0000000 299.5681123 299.5846337 
277.0000000 299.3716938 299.3882152 
278.0000000 299.1752752 299.1917966 
279.0000000 298.9788567 298.9953781 
280.0000000 298.7824381 298.7989595 
281.0000000 298.5860196 298.6025410 
282.0000000 298.3896010 298.4061224 
283.0000000 298.1931825 298.2097039 
284.0000000 297.9967639 298.0132853 
285.0000000 297.8003454 297.8168668 
286.0000000 297.6039268 297.6204482 
287.0000000 297.4075083 297.4240297 
288.0000000 297.2110897 297.2276111 
289.0000000 297.0146712 297.0311926 
290.0000000 296.8182526 296.8347740 
291.0000000 296.6218341 296.6383555 
292.0000000 296.4254155 296.4419369 
293.0000000 296.2289970 296.2455184 
294.0000000 296.0325784 296.0490998 
295.0000000 295.8361599 295.8526813 
296.0000000 295.6397413 295.6562627 
297.0000000 295.4433228 295.4598442 
298.0000000 295.2469042 295.2634256 
299.0000000 295.0504857 295.0670071 
300.0000000 294.8540671 294.8705885 
301.0000000 294.6576486 294.6741700 
302.0000000 294.4612300 294.4777514 
303.0000000 294.2648115 294.2813329 
304.0000000 294.0683929 294.0849143 
305.0000000 293.8719744 293.8884958 
306.0000000 293.6755558 293.6920772 
307.0000000 293.4791373 293.4956587 
308.0000000 293.2827187 293.2992401 
309.0000000 293.0863002 293.1028216 
310.0000000 292.8898816 292.9064030 
311.0000000 292.6934631 292.7099845 
312.0000000 292.4970445 292.5135659 
313.0000000 292.3006260 292.3171474 
314.0000000 292.1042074 292.1207288 
315.0000000 291.9077889 291.9243103 
316.0000000 291.7113703 291.7278917 
317.0000000 291.5149518 291.5314732 
318.0000000 291.3185332 291.3350546 
319.0000000 291.1221147 291.1386361 
320.0000000 290.9256961 290.9422175 
321.0000000 290.7292776 290.7457990 
322.0000000 290.5328590 290.5493804 
323.0000000 290.3364405 290.3529619 
324.0000000 290.1400219 290.1565433 
325.0000000 289.9436034 289.9601248 
326.0000000 289.7471848 289.7637062 
327.0000000 289.5507663 289.5672877 
328.0000000 289.3543477 289.3708691 
329.0000000 289.1579292 289.1744506 
330.0000000 288.9615106 288.9780320 
331.0000000 288.7650921 288.7816135 
332.0000000 288.5686735 288.5851949 
333.0000000 288.3722550 288.3887764 
334.0000000 288.1758364 288.1923578 
335.0000000 287.9794179 287.9959393 
336.0000000 287.7829993 287.7995207 
337.0000000 287.5865808 287.6031022 
338.0000000 287.3901622 287.4066836 
339.0000000 287.1937437 287.2102651 
340.0000000 286.9973251 287.0138465 
341.0000000 286.8009066 286.8174280 
342.0000000 286.6044880 286.6210094 
343.0000000 286.4080695 286.4245909 
344.0000000 286.2116509 286.2281723 
345.0000000 286.0152324 286.0317538 
346.0000000 285.8188138 285.8353352 
347.0000000 285.6223953 285.6389167 
348.0000000 285.4259767 285.4424981 
349.0000000 285.2295582 285.2460796 
350.0000000 285.0331396 285.0496610 
351.0000000 284.8367211 284.8532425 
352.0000000 284.6403025 284.6568239 
353.0000000 284.4438840 284.4604054 
354.0000000 284.2474654 284.2639868 
355.0000000 284.0510469 284.0675683 
356.0000000 283.8546283 283.8711497 
357.0000000 283.6582098 283.6747312 
358.0000000 283.4617912 283.4783126 
359.0000000 283.2653727 283.2818941 
360.0000000 283.0689541 283.0854755 
361.0000000 282.8725356 282.8890570 
362.0000000 282.6761170 282.6926384 
363.0000000 282.4796985 282.4962199 
364.0000000 282.2832799 282.2998013 
365.0000000 282.0868614 282.1033828 
366.0000000 281.8904428 281.9069642 
367.0000000 281.6940243 281.7105456 
368.0000000 281.4976057 281.5141271 
369.0000000 281.3011872 281.3177085 
370.0000000 281.1047686 281.1212900 
371.0000000 280.9083501 280.9248714 
372.0000000 280.7119315 280.7284529 
373.0000000 280.5155130 280.5320343 
374.0000000 280.3190944 280.3356158 
375.0000000 280.1226759 280.1391972 
376.0000000 279.9262573 279.9427787 
377.0000000 279.7298388 279.7463601 
378.0000000 279.5334202 279.5499416 
379.0000000 279.3370017 279.3535230 
380.0000000 279.1405831 279.1571045 
381.0000000 278.9441646 278.9606859 
382.0000000 278.7477460 278.7642674 
383.0000000 278.5513275 278.5678488 
384.0000000 278.3549089 278.3714303 
385.0000000 278.1584904 278.1750117 
386.0000000 277.9620718 277.9785932 
387.0000000 277.7656533 277.7821746 
388.0000000 277.5692347 277.5857561 
389.0000000 277.3728162 277.3893375 
390.0000000 277.1763976 277.1929190 
391.0000000 276.9799791 276.9965004 
392.0000000 276.7835605 276.8000819 
393.0000000 276.5871420 276.6036633 
394.0000000 276.3907234 276.4072448 
395.0000000 276.1943049 276.2108262 
396.0000000 275.9978863 276.0144077 
397.0000000 275.8014678 275.8179891 
398.0000000 275.6050492 275.6215706 
399.0000000 275.4086307 275.4251520 
400.0000000 275.2122121 275.2287335 
401.0000000 275.0157936 275.0323149 
402.0000000 274.8193750 274.8358964 
403.0000000 274.6229565 274.6394778 
404.0000000 274.4265379 274.4430593 
405.0000000 274.2301194 274.2466407 
406.0000000 274.0337008 274.0502222 
407.0000000 273.8372823 273.8538036 
408.0000000 273.6408637 273.6573851 
409.0000000 273.4444452 273.4609665 
410.0000000 273.2480266 273.2645480 
411.0000000 273.0516081 273.0681294 
412.0000000 272.8551895 272.8717109 
413.0000000 272.6587710 272.6752923 
414.0000000 272.4623524 272.4788738 
415.0000000 272.2659339 272.2824552 
416.0000000 272.0695153 272.0860367 
417.0000000 271.8730968 271.8896181 
418.0000000 271.6766782 271.6931996 
419.0000000 271.4802597 271.4967810 
420.0000000 271.2838411 271.3003625 
421.0000000 271.0874225 271.1039439 
422.0000000 270.8910040 270.9075254 
423.0000000 270.6945854 270.7111068 
424.0000000 270.4981669 270.5146883 
425.0000000 270.3017483 270.3182697 
426.0000000 270.1053298 270.1218512 
427.0000000 269.9089112 269.9254326 
428.0000000 269.7124927 269.7290141 
429.0000000 269.5160741 269.5325955 
430.0000000 269.3196556 269.3361770 
431.0000000 269.1232370 269.1397584 
432.0000000 268.9268185 268.9433399 
433.0000000 268.7303999 268.7469213 
434.0000000 268.5339814 268.5505028 
435.0000000 268.3375628 268.3540842 
436.0000000 268.1411443 268.1576657 
437.0000000 267.9447257 267.9612471 
438.0000000 267.7483072 267.7648286 
439.0000000 267.5518886 267.5684100 
440.0000000 267.3554701 267.3719915 
441.0000000 267.1590515 267.1755729 
442.0000000 266.9626330 266.9791544 
443.0000000 266.7662144 266.7827358 
444.0000000 266.5697959 266.5863173 
445.0000000 266.3733773 266.3898987 
446.0000000 266.1769588 266.1934802 
447.0000000 265.9805402 265.9970616 
448.0000000 265.7841217 265.8006431 
449.0000000 265.5877031 265.6042245 
450.0000000 265.3912846 265.4078060 
451.0000000 265.1948660 265.2113874 
452.0000000 264.9984475 265.0149689 
453.0000000 264.8020289 264.8185503 
454.0000000 264.6056104 264.6221318 
455.0000000 264.4091918 264.4257132 
456.0000000 264.2127733 264.2292947 
457.0000000 264.0163547 264.0328761 
458.0000000 263.8199362 263.8364576 
459.0000000 263.6235176 263.6400390 
460.0000000 263.4270991 263.4436205 
461.0000000 263.2306805 263.2472019 
462.0000000 263.0342620 263.0507834 
463.0000000 262.8378434 262.8543648 
464.0000000 262.6414249 262.6579463 
465.0000000 262.4450063 262.4615277 
466.0000000 262.2485878 262.2651092 
467.0000000 262.0521692 262.0686906 
468.0000000 261.8557507 261.8722721 
469.0000000 261.6593321 261.6758535 
470.0000000 261.4629136 261.4794350 
471.0000000 261.2664950 261.2830164 
472.0000000 261.0700765 261.0865979 
473.0000000 260.8736579 260.8901793 
474.0000000 260.6772394 260.6937608 
475.0000000 260.4808208 260.4973422 
476.0000000 260.2844023 260.3009237 
477.0000000 260.0879837 260.1045051 
478.0000000 259.8915652 259.9080866 
479.0000000 259.6951466 259.7116680 
480.0000000 259.4987281 259.5152495 
481.0000000 259.3023095 259.3188309 
482.0000000 259.1058910 259.1224124 
483.0000000 258.9094724 258.9259938 
484.0000000 258.7130539 258.7295753 
485.0000000 258.5166353 258.5331567 
486.0000000 258.3202168 258.3367382 
487.0000000 258.1237982 258.1403196 
488.0000000 257.9273797 257.9439011 
489.0000000 257.7309611 257.7474825 
490.0000000 257.5345426 257.5510640 
491.0000000 257.3381240 257.3546454 
492.0000000 257.1417055 257.1582269 
493.0000000 256.9452869 256.9618083 
494.0000000 256.7488684 256.7653898 
495.0000000 256.5524498 256.5689712 
496.0000000 256.3560313 256.3725527 
497.0000000 256.1596127 256.1761341 
498.0000000 255.9631942 255.9797156 
499.0000000 255.7667756 255.7832970 
500.0000000 255.5703571 255.5868785 
501.0000000 255.3739385 255.3904599 
502.0000000 255.1775200 255.1940414 
503.0000000 254.9811014 254.9976228 
504.0000000 254.7846829 254.8012043 
505.0000000 254.5882643 254.6047857 
506.0000000 254.3918458 254.4083672 
507.0000000 254.1954272 254.2119486 
508.0000000 253.9990087 254.0155301 
509.0000000 253.8025901 253.8191115 
510.0000000 253.6061716 253.6226930 
511.0000000 253.4097530 253.4262744 
512.0000000 253.2133345 253.2298559 
513.0000000 253.0169159 253.0334373 
514.0000000 252.8204974 252.8370188 
515.0000000 252.6240788 252.6406002 
516.0000000 252.4276603 252.4441817 
517.0000000 252.2312417 252.2477631 
518.0000000 252.0348232 252.0513445 
519.0000000 251.8384046 251.8549260 
520.0000000 251.6419861 251.6585074 
521.0000000 251.4455675 251.4620889 
522.0000000 251.2491490 251.2656703 
523.0000000 251.0527304 251.0692518 
524.0000000 250.8563119 250.8728332 
525.0000000 250.6598933 250.6764147 
526.0000000 250.4634748 250.4799961 
527.0000000 250.2670562 250.2835776 
528.0000000 250.0706377 250.0871590 
529.0000000 249.8742191 249.8907405 
530.0000000 249.6778006 249.6943219 
531.0000000 249.4813820 249.4979034 
532.0000000 249.2849635 249.3014848 
533.0000000 249.0885449 249.1050663 
534.0000000 248.8921264 248.9086477 
535.0000000 248.6957078 248.7122292 
536.0000000 248.4992893 248.5158106 
537.0000000 248.3028707 248.3193921 
538.0000000 248.1064522 248.1229735 
539.0000000 247.9100336 247.9265550 
540.0000000 247.7136151 247.7301364 
541.0000000 247.5171965 247.5337179 
542.0000000 247.3207780 247.3372993 
543.0000000 247.1243594 247.1408808 
544.0000000 246.9279409 246.9444622 
545.0000000 246.7315223 246.7480437 
546.0000000 246.5351038 246.5516251 
547.0000000 246.3386852 246.3552066 
548.0000000 246.1422667 246.1587880 
549.0000000 245.9458481 245.9623695 
550.0000000 245.7494296 245.7659509 
551.0000000 245.5530110 245.5695324 
552.0000000 245.3565925 245.3731138 
553.0000000 245.1601739 245.1766953 
554.0000000 244.9637554 244.9802767 
555.0000000 244.7673368 244.7838582 
556.0000000 244.5709183 244.5874396 
557.0000000 244.3744997 244.3910211 
558.0000000 244.1780812 244.1946025 
559.0000000 243.9816626 243.9981840 
560.0000000 243.7852441 243.8017654 
561.0000000 243.5888255 243.6053469 
562.0000000 243.3924070 243.4089283 
563.0000000 243.1959884 243.2125098 
564.0000000 242.9995699 243.0160912 
565.0000000 242.8031513 242.8196727 
566.0000000 242.6067328 242.6232541 
567.0000000 242.4103142 242.4268356 
568.0000000 242.2138957 242.2304170 
569.0000000 242.0174771 242.0339985 
570.0000000 241.8210586 241.8375799 
571.0000000 241.6246400 241.6411614 
572.0000000 241.4282215 241.4447428 
573.0000000 241.2318029 241.2483243 
574.0000000 241.0353843 241.0519057 
575.0000000 240.8389658 240.8554872 
576.0000000 240.6425472 240.6590686 
577.0000000 240.4461287 240.4626501 
578.0000000 240.2497101 240.2662315 
579.0000000 240.0532916 240.0698130 
580.0000000 239.8568730 239.8733944 
581.0000000 239.6604545 239.6769759 
582.0000000 239.4640359 239.4805573 
583.0000000 239.2676174 239.2841388 
584.0000000 239.0711988 239.0877202 
585.0000000 238.8747803 238.8913017 
586.0000000 238.6783617 238.6948831 
587.0000000 238.4819432 238.4984646 
588.0000000 238.2855246 238.3020460 
589.0000000 238.0891061 238.1056275 
590.0000000 237.8926875 237.9092089 
591.0000000 237.6962690 237.7127904 
592.0000000 237.4998504 237.5163718 
593.0000000 237.3034319 237.3199533 
594.0000000 237.1070133 237.1235347 
595.0000000 236.9105948 236.9271162 
596.0000000 236.7141762 236.7306976 
597.0000000 236.5177577 236.5342791 
598.0000000 236.3213391 236.3378605 
599.0000000 236.1249206 236.1414420 
600.0000000 235.9285020 235.9450234 
601.0000000 235.7320835 235.7486049 
602.0000000 235.5356649 235.5521863 
603.0000000 235.3392464 235.3557678 
604.0000000 235.1428278 235.1593492 
605.0000000 234.9464093 234.9629307 
606.0000000 234.7499907 234.7665121 
607.0000000 234.5535722 234.5700936 
608.0000000 234.3571536 234.3736750 
609.0000000 234.1607351 234.1772565 
610.0000000 233.9643165 233.9808379 
611.0000000 233.7678980 233.7844194 
612.0000000 233.5714794 233.5880008 
613.0000000 233.3750609 233.3915823 
614.0000000 233.1786423 233.1951637 
615.0000000 232.9822238 232.9987452 
616.0000000 232.7858052 232.8023266 
617.0000000 232.5893867 232.6059081 
618.0000000 232.3929681 232.4094895 
619.0000000 232.1965496 232.2130710 
620.0000000 232.0001310 232.0166524 
621.0000000 231.8037125 231.8202339 
622.0000000 231.6072939 231.6238153 
623.0000000 231.4108754 231.4273968 
624.0000000 231.2144568 231.2309782 
625.0000000 231.0180383 231.0345597 
626.0000000 230.8216197 230.8381411 
627.0000000 230.6252012 230.6417226 
628.0000000 230.4287826 230.4453040 
629.0000000 230.2323641 230.2488855 
630.0000000 230.0359455 230.0524669 
631.0000000 229.8395270 229.8560484 
632.0000000 229.6431084 229.6596298 
633.0000000 229.4466899 229.4632113 
634.0000000 229.2502713 229.2667927 
635.0000000 229.0538528 229.0703742 
636.0000000 228.8574342 228.8739556 
637.0000000 228.6610157 228.6775371 
638.0000000 228.4645971 228.4811185 
639.0000000 228.2681786 228.2847000 
640.0000000 228.0717600 228.0882814 
641.0000000 227.8753415 227.8918629 
642.0000000 227.6789229 227.6954443 
643.0000000 227.4825044 227.4990258 
644.0000000 227.2860858 227.3026072 
645.0000000 227.0896673 227.1061887 
646.0000000 226.8932487 226.9097701 
647.0000000 226.6968302 226.7133516 
648.0000000 226.5004116 226.5169330 
649.0000000 226.3039931 226.3205145 
650.0000000 226.1075745 226.1240959 
651.0000000 225.9111560 225.9276774 
652.0000000 225.7147374 225.7312588 
653.0000000 225.5183189 225.5348403 
654.0000000 225.3219003 225.3384217 
655.0000000 225.1254818 225.1420032 
656.0000000 224.9290632 224.9455846 
657.0000000 224.7326447 224.7491661 
658.0000000 224.5362261 224.5527475 
659.0000000 224.3398076 224.3563290 
660.0000000 224.1433890 224.1599104 
661.0000000 223.9469705 223.9634919 
662.0000000 223.7505519 223.7670733 
663.0000000 223.5541334 223.5706548 
664.0000000 223.3577148 223.3742362 
665.0000000 223.1612963 223.1778177 
666.0000000 222.9648777 222.9813991 
667.0000000 222.7684592 222.7849806 
668.0000000 222.5720406 222.5885620 
669.0000000 222.3756221 222.3921435 
670.0000000 222.1792035 222.1957249 
671.0000000 221.9827850 221.9993063 
672.0000000 221.7863664 221.8028878 
673.0000000 221.5899479 221.6064692 
674.0000000 221.3935293 221.4100507 
675.0000000 221.1971108 221.2136321 
676.0000000 221.0006922 221.0172136 
677.0000000 220.8042737 220.8207950 
678.0000000 220.6078551 220.6243765 
679.0000000 220.4114366 220.4279579 
680.0000000 220.2150180 220.2315394 
681.0000000 220.0185995 220.0351208 
682.0000000 219.8221809 219.8387023 
683.0000000 219.6257624 219.6422837 
684.0000000 219.4293438 219.4458652 
685.0000000 219.2329253 219.2494466 
686.0000000 219.0365067 219.0530281 
687.0000000 218.8400882 218.8566095 
688.0000000 218.6436696 218.6601910 
689.0000000 218.4472511 218.4637724 
690.0000000 218.2508325 218.2673539 
691.0000000 218.0544140 218.0709353 
692.0000000 217.8579954 217.8745168 
693.0000000 217.6615769 217.6780982 
694.0000000 217.4651583 217.4816797 
695.0000000 217.2687398 217.2852611 
696.0000000 217.0723212 217.0888426 
697.0000000 216.8759027 216.8924240 
698.0000000 216.6794841 216.6960055 
699.0000000 216.4830656 216.4995869 
700.0000000 216.2866470 216.3031684 
701.0000000 216.0902285 216.1067498 
702.0000000 215.8938099 215.9103313 
703.0000000 215.6973914 215.7139127 
704.0000000 215.5009728 215.5174942 
705.0000000 215.3045543 215.3210756 
706.0000000 215.1081357 215.1246571 
707.0000000 214.9117172 214.9282385 
708.0000000 214.7152986 214.7318200 
709.0000000 214.5188801 214.5354014 
710.0000000 214.3224615 214.3389829 
711.0000000 214.1260430 214.1425643 
712.0000000 213.9296244 213.9461458 
713.0000000 213.7332059 213.7497272 
714.0000000 213.5367873 213.5533087 
715.0000000 213.3403688 213.3568901 
716.0000000 213.1439502 213.1604716 
717.0000000 212.9475317 212.9640530 
718.0000000 212.7511131 212.7676345 
719.0000000 212.5546946 212.5712159 
720.0000000 212.3582760 212.3747974 
721.0000000 212.1618575 212.1783788 
722.0000000 211.9654389 211.9819603 
723.0000000 211.7690204 211.7855417 
724.0000000 211.5726018 211.5891232 
725.0000000 211.3761832 211.3927046 
726.0000000 211.1797647 211.1962861 
727.0000000 210.9833461 210.9998675 
728.0000000 210.7869276 210.8034490 
729.0000000 210.5905090 210.6070304 
730.0000000 210.3940905 210.4106119 
731.0000000 210.1976719 210.2141933 
732.0000000 210.0012534 210.0177748 
733.0000000 209.8048348 209.8213562 
734.0000000 209.6084163 209.6249377 
735.0000000 209.4119977 209.4285191 
736.0000000 209.2155792 209.2321006 
737.0000000 209.0191606 209.0356820 
738.0000000 208.8227421 208.8392635 
739.0000000 208.6263235 208.6428449 
740.0000000 208.4299050 208.4464264 
741.0000000 208.2334864 208.2500078 
742.0000000 208.0370679 208.0535893 
743.0000000 207.8406493 207.8571707 
744.0000000 207.6442308 207.6607522 
745.0000000 207.4478122 207.4643336 
746.0000000 207.2513937 207.2679151 
747.0000000 207.0549751 207.0714965 
748.0000000 206.8585566 206.8750780 
749.0000000 206.6621380 206.6786594 
750.0000000 206.4657195 206.4822409 
751.0000000 206.2693009 206.2858223 
752.0000000 206.0728824 206.0894038 
753.0000000 205.8764638 205.8929852 
754.0000000 205.6800453 205.6965667 
755.0000000 205.4836267 205.5001481 
756.0000000 205.2872082 205.3037296 
757.0000000 205.0907896 205.1073110 
758.0000000 204.8943711 204.9108925 
759.0000000 204.6979525 204.7144739 
760.0000000 204.5015340 204.5180554 
761.0000000 204.3051154 204.3216368 
762.0000000 204.1086969 204.1252183 
763.0000000 203.9122783 203.9287997 
764.0000000 203.7158598 203.7323812 
765.0000000 203.5194412 203.5359626 
766.0000000 203.3230227 203.3395441 
767.0000000 203.1266041 203.1431255 
768.0000000 202.9301856 202.9467070 
769.0000000 202.7337670 202.7502884 
770.0000000 202.5373485 202.5538699 
771.0000000 202.3409299 202.3574513 
772.0000000 202.1445114 202.1610328 
773.0000000 201.9480928 201.9646142 
774.0000000 201.7516743 201.7681957 
775.0000000 201.5552557 201.5717771 
776.0000000 201.3588372 201.3753586 
777.0000000 201.1624186 201.1789400 
778.0000000 200.9660001 200.9825215 
779.0000000 200.7695815 200.7861029 
780.0000000 200.5731630 200.5896844 
781.0000000 200.3767444 200.3932658 
782.0000000 200.1803259 200.1968473 
783.0000000 199.9839073 200.0004287 
784.0000000 199.7874888 199.8040102 
785.0000000 199.5910702 199.6075916 
786.0000000 199.3946517 199.4111731 
787.0000000 199.1982331 199.2147545 
788.0000000 199.0018146 199.0183360 
789.0000000 198.8053960 198.8219174 
790.0000000 198.6089775 198.6254989 
791.0000000 198.4125589 198.4290803 
792.0000000 198.2161404 198.2326618 
793.0000000 198.0197218 198.0362432 
794.0000000 197.8233033 197.8398247 
795.0000000 197.6268847 197.6434061 
796.0000000 197.4304662 197.4469876 
797.0000000 197.2340476 197.2505690 
798.0000000 197.0376291 197.0541505 
799.0000000 196.8412105 196.8577319 
800.0000000 196.6447920 196.6613134 
801.0000000 196.4483734 196.4648948 
802.0000000 196.2519549 196.2684763 
803.0000000 196.0555363 196.0720577 
804.0000000 195.8591178 195.8756392 
805.0000000 195.6626992 195.6792206 
806.0000000 195.4662807 195.4828021 
807.0000000 195.2698621 195.2863835 
808.0000000 195.0734436 195.0899650 
809.0000000 194.8770250 194.8935464 
810.0000000 194.6806065 194.6971279 
811.0000000 194.4841879 194.5007093 
812.0000000 194.2877694 194.3042908 
813.0000000 194.0913508 194.1078722 
814.0000000 193.8949323 193.9114537 
815.0000000 193.6985137 193.7150351 
816.0000000 193.5020952 193.5186166 
817.0000000 193.3056766 193.3221980 
818.0000000 193.1092581 193.1257795 
819.0000000 192.9128395 192.9293609 
820.0000000 192.7164210 192.7329424 
821.0000000 192.5200024 192.5365238 
822.0000000 192.3235839 192.3401052 
823.0000000 192.1271653 192.1436867 
824.0000000 191.9307468 191.9472681 
825.0000000 191.7343282 191.7508496 
826.0000000 191.5379097 191.5544310 
827.0000000 191.3414911 191.3580125 
828.0000000 191.1450726 191.1615939 
829.0000000 190.9486540 190.9651754 
830.0000000 190.7522355 190.7687568 
831.0000000 190.5558169 190.5723383 
832.0000000 190.3593984 190.3759197 
833.0000000 190.1629798 190.1795012 
834.0000000 189.9665613 189.9830826 
835.0000000 189.7701427 189.7866641 
836.0000000 189.5737242 189.5902455 
837.0000000 189.3773056 189.3938270 
838.0000000 189.1808871 189.1974084 
839.0000000 188.9844685 189.0009899 
840.0000000 188.7880500 188.8045713 
841.0000000 188.5916314 188.6081528 
842.0000000 188.3952129 188.4117342 
843.0000000 188.1987943 188.2153157 
844.0000000 188.0023758 188.0188971 
845.0000000 187.8059572 187.8224786 
846.0000000 187.6095387 187.6260600 
847.0000000 187.4131201 187.4296415 
848.0000000 187.2167016 187.2332229 
849.0000000 187.0202830 187.0368044 
850.0000000 186.8238645 186.8403858 
851.0000000 186.6274459 186.6439673 
852.0000000 186.4310274 186.4475487 
853.0000000 186.2346088 186.2511302 
854.0000000 186.0381903 186.0547116 
855.0000000 185.8417717 185.8582931 
856.0000000 185.6453532 185.6618745 
857.0000000 185.4489346 185.4654560 
858.0000000 185.2525161 185.2690374 
859.0000000 185.0560975 185.0726189 
860.0000000 184.8596790 184.8762003 
861.0000000 184.6632604 184.6797818 
862.0000000 184.4668419 184.4833632 
863.0000000 184.2704233 184.2869447 
864.0000000 184.0740048 184.0905261 
865.0000000 183.8775862 183.8941076 
866.0000000 183.6811677 183.6976890 
867.0000000 183.4847491 183.5012705 
868.0000000 183.2883306 183.3048519 
869.0000000 183.0919120 183.1084334 
870.0000000 182.8954935 182.9120148 
871.0000000 182.6990749 182.7155963 
872.0000000 182.5026564 182.5191777 
873.0000000 182.3062378 182.3227592 
874.0000000 182.1098193 182.1263406 
875.0000000 181.9134007 181.9299221 
876.0000000 181.7169821 181.7335035 
877.0000000 181.5205636 181.5370850 
878.0000000 181.3241450 181.3406664 
879.0000000 181.1277265 181.1442479 
880.0000000 180.9313079 180.9478293 
881.0000000 180.7348894 180.7514108 
882.0000000 180.5384708 180.5549922 
883.0000000 180.3420523 180.3585737 
884.0000000 180.1456337 180.1621551 
885.0000000 179.9492152 179.9657366 
886.0000000 179.7527966 179.7693180 
887.0000000 179.5563781 179.5728995 
888.0000000 179.3599595 179.3764809 
889.0000000 179.1635410 179.1800624 
890.0000000 178.9671224 178.9836438 
891.0000000 178.7707039 178.7872253 
892.0000000 178.5742853 178.5908067 
893.0000000 178.3778668 178.3943882 
894.0000000 178.1814482 178.1979696 
895.0000000 177.9850297 178.0015511 
896.0000000 177.7886111 177.8051325 
897.0000000 177.5921926 177.6087140 
898.0000000 177.3957740 177.4122954 
899.0000000 177.1993555 177.2158769 
900.0000000 177.0029369 177.0194583 
901.0000000 176.8065184 176.8230398 
902.0000000 176.6100998 176.6266212 
903.0000000 176.4136813 176.4302027 
904.0000000 176.2172627 176.2337841 
905.0000000 176.0208442 176.0373656 
906.0000000 175.8244256 175.8409470 
907.0000000 175.6280071 175.6445285 
908.0000000 175.4315885 175.4481099 
909.0000000 175.2351700 175.2516914 
910.0000000 175.0387514 175.0552728 
911.0000000 174.8423329 174.8588543 
912.0000000 174.6459143 174.6624357 
913.0000000 174.4494958 174.4660172 
914.0000000 174.2530772 174.2695986 
915.0000000 174.0566587 174.0731801 
916.0000000 173.8602401 173.8767615 
917.0000000 173.6638216 173.6803430 
918.0000000 173.4674030 173.4839244 
919.0000000 173.2709845 173.2875059 
920.0000000 173.0745659 173.0910873 
921.0000000 172.8781474 172.8946688 
922.0000000 172.6817288 172.6982502 
923.0000000 172.4853103 172.5018317 
924.0000000 172.2888917 172.3054131 
925.0000000 172.0924732 172.1089946 
926.0000000 171.8960546 171.9125760 
927.0000000 171.6996361 171.7161575 
928.0000000 171.5032175 171.5197389 
929.0000000 171.3067990 171.3233204 
930.0000000 171.1103804 171.1269018 
931.0000000 170.9139619 170.9304833 
932.0000000 170.7175433 170.7340647 
933.0000000 170.5211248 170.5376462 
934.0000000 170.3247062 170.3412276 
935.0000000 170.1282877 170.1448091 
936.0000000 169.9318691 169.9483905 
937.0000000 169.7354506 169.7519720 
938.0000000 169.5390320 169.5555534 
939.0000000 169.3426135 169.3591349 
940.0000000 169.1461949 169.1627163 
941.0000000 168.9497764 168.9662978 
942.0000000 168.7533578 168.7698792 
943.0000000 168.5569393 168.5734607 
944.0000000 168.3605207 168.3770421 
945.0000000 168.1641022 168.1806236 
946.0000000 167.9676836 167.9842050 
947.0000000 167.7712651 167.7877865 
948.0000000 167.5748465 167.5913679 
949.0000000 167.3784280 167.3949494 
950.0000000 167.1820094 167.1985308 
951.0000000 166.9855909 167.0021123 
952.0000000 166.7891723 166.8056937 
953.0000000 166.5927538 166.6092752 
954.0000000 166.3963352 166.4128566 
955.0000000 166.1999167 166.2164381 
956.0000000 166.0034981 166.0200195 
957.0000000 165.8070796 165.8236010 
958.0000000 165.6106610 165.6271824 
959.0000000 165.4142425 165.4307639 
960.0000000 165.2178239 165.2343453 
961.0000000 165.0214054 165.0379268 
962.0000000 164.8249868 164.8415082 
963.0000000 164.6285683 164.6450897 
964.0000000 164.4321497 164.4486711 
965.0000000 164.2357312 164.2522526 
966.0000000 164.0393126 164.0558340 
967.0000000 163.8428941 163.8594155 
968.0000000 163.6464755 163.6629969 
969.0000000 163.4500570 163.4665784 
970.0000000 163.2536384 163.2701598 
971.0000000 163.0572199 163.0737413 
972.0000000 162.8608013 162.8773227 
973.0000000 162.6643828 162.6809042 
974.0000000 162.4679642 162.4844856 
975.0000000 162.2715457 162.2880670 
976.0000000 162.0751271 162.0916485 
977.0000000 161.8787086 161.8952299 
978.0000000 161.6822900 161.6988114 
979.0000000 161.4858715 161.5023928 
980.0000000 161.2894529 161.3059743 
981.0000000 161.0930344 161.1095557 
982.0000000 160.8966158 160.9131372 
983.0000000 160.7001973 160.7167186 
984.0000000 160.5037787 160.5203001 
985.0000000 160.3073602 160.3238815 
986.0000000 160.1109416 160.1274630 
987.0000000 159.9145231 159.9310444 
988.0000000 159.7181045 159.7346259 
989.0000000 159.5216860 159.5382073 
990.0000000 159.3252674 159.3417888 
991.0000000 159.1288489 159.1453702 
992.0000000 158.9324303 158.9489517 
993.0000000 158.7360118 158.7525331 
994.0000000 158.5395932 158.5561146 
995.0000000 158.3431747 158.3596960 
996.0000000 158.1467561 158.1632775 
997.0000000 157.9503376 157.9668589 
998.0000000 157.7539190 157.7704404 
999.0000000 157.5575005 157.5740218 
1000.0000000 157.3610819 157.3776033 
1001.0000000 157.1646634 157.1811847 
1002.0000000 156.9682448 156.9847662 
1003.0000000 156.7718263 156.7883476 
1004.0000000 156.5754077 156.5919291 
1005.0000000 156.3789892 156.3955105 
1006.0000000 156.1825706 156.1990920 
1007.0000000 155.9861521 156.0026734 
1008.0000000 155.7897335 155.8062549 
1009.0000000 155.5933150 155.6098363 
1010.0000000 155.3968964 155.4134178 
1011.0000000 155.2004779 155.2169992 
1012.0000000 155.0040593 155.0205807 
1013.0000000 154.8076408 154.8241621 
1014.0000000 154.6112222 154.6277436 
1015.0000000 154.4148037 154.4313250 
1016.0000000 154.2183851 154.2349065 
1017.0000000 154.0219666 154.0384879 
1018.0000000 153.8255480 153.8420694 
1019.0000000 153.6291295 153.6456508 
1020.0000000 153.4327109 153.4492323 
1021.0000000 153.2362924 153.2528137 
1022.0000000 153.0398738 153.0563952 
1023.0000000 152.8434553 152.8599766 
1024.0000000 152.6470367 152.6635581 
1025.0000000 152.4506182 152.4671395 
1026.0000000 152.2541996 152.2707210 
1027.0000000 152.0577811 152.0743024 
1028.0000000 151.8613625 151.8778839 
1029.0000000 151.6649439 151.6814653 
1030.0000000 151.4685254 151.4850468 
1031.0000000 151.2721068 151.2886282 
1032.0000000 151.0756883 151.0922097 
1033.0000000 150.8792697 150.8957911 
1034.0000000 150.6828512 150.6993726 
1035.0000000 150.4864326 150.5029540 
1036.0000000 150.2900141 150.3065355 
1037.0000000 150.0935955 150.1101169 
1038.0000000 149.8971770 149.9136984 
1039.0000000 149.7007584 149.7172798 
1040.0000000 149.5043399 149.5208613 
1041.0000000 149.3079213 149.3244427 
1042.0000000 149.1115028 149.1280242 
1043.0000000 148.9150842 148.9316056 
1044.0000000 148.7186657 148.7351871 
1045.0000000 148.5222471 148.5387685 
1046.0000000 148.3258286 148.3423500 
1047.0000000 148.1294100 148.1459314 
1048.0000000 147.9329915 147.9495129 
1049.0000000 147.7365729 147.7530943 
1050.0000000 147.5401544 147.5566758 
1051.0000000 147.3437358 147.3602572 
1052.0000000 147.1473173 147.1638387 
1053.0000000 146.9508987 146.9674201 
1054.0000000 146.7544802 146.7710016 
1055.0000000 146.5580616 146.5745830 
1056.0000000 146.3616431 146.3781645 
1057.0000000 146.1652245 146.1817459 
1058.0000000 145.9688060 145.9853274 
1059.0000000 145.7723874 145.7889088 
1060.0000000 145.5759689 145.5924903 
1061.0000000 145.3795503 145.3960717 
1062.0000000 145.1831318 145.1996532 
1063.0000000 144.9867132 145.0032346 
1064.0000000 144.7902947 144.8068161 
1065.0000000 144.5938761 144.6103975 
1066.0000000 144.3974576 144.4139790 
1067.0000000 144.2010390 144.2175604 
1068.0000000 144.0046205 144.0211419 
1069.0000000 143.8082019 143.8247233 
1070.0000000 143.6117834 143.6283048 
1071.0000000 143.4153648 143.4318862 
1072.0000000 143.2189463 143.2354677 
1073.0000000 143.0225277 143.0390491 
1074.0000000 142.8261092 142.8426306 
1075.0000000 142.6296906 142.6462120 
1076.0000000 142.4332721 142.4497935 
1077.0000000 142.2368535 142.2533749 
1078.0000000 142.0404350 142.0569564 
1079.0000000 141.8440164 141.8605378 
1080.0000000 141.6475979 141.6641193 
1081.0000000 141.4511793 141.4677007 
1082.0000000 141.2547608 141.2712822 
1083.0000000 141.0583422 141.0748636 
1084.0000000 140.8619237 140.8784451 
1085.0000000 140.6655051 140.6820265 
1086.0000000 140.4690866 140.4856080 
1087.0000000 140.2726680 140.2891894 
1088.0000000 140.0762495 140.0927709 
1089.0000000 139.8798309 139.8963523 
1090.0000000 139.6834124 139.6999338 
1091.0000000 139.4869938 139.5035152 
1092.0000000 139.2905753 139.3070967 
1093.0000000 139.0941567 139.1106781 
1094.0000000 138.8977382 138.9142596 
1095.0000000 138.7013196 138.7178410 
1096.0000000 138.5049011 138.5214225 
1097.0000000 138.3084825 138.3250039 
1098.0000000 138.1120640 138.1285854 
1099.0000000 137.9156454 137.9321668 
1100.0000000 137.7192269 137.7357483 
1101.0000000 137.5228083 137.5393297 
1102.0000000 137.3263898 137.3429112 
1103.0000000 137.1299712 137.1464926 
1104.0000000 136.9335527 136.9500741 
1105.0000000 136.7371341 136.7536555 
1106.0000000 136.5407156 136.5572370 
1107.0000000 136.3442970 136.3608184 
1108.0000000 136.1478785 136.1643999 
1109.0000000 135.9514599 135.9679813 
1110.0000000 135.7550414 135.7715628 
1111.0000000 135.5586228 135.5751442 
1112.0000000 135.3622043 135.3787257 
1113.0000000 135.1657857 135.1823071 
1114.0000000 134.9693672 134.9858886 
1115.0000000 134.7729486 134.7894700 
1116.0000000 134.5765301 134.5930515 
1117.0000000 134.3801115 134.3966329 
1118.0000000 134.1836930 134.2002144 
1119.0000000 133.9872744 134.0037958 
1120.0000000 133.7908559 133.8073773 
1121.0000000 133.5944373 133.6109587 
1122.0000000 133.3980188 133.4145402 
1123.0000000 133.2016002 133.2181216 
1124.0000000 133.0051817 133.0217031 
1125.0000000 132.8087631 132.8252845 
1126.0000000 132.6123446 132.6288659 
1127.0000000 132.4159260 132.4324474 
1128.0000000 132.2195075 132.2360288 
1129.0000000 132.0230889 132.0396103 
1130.0000000 131.8266704 131.8431917 
1131.0000000 131.6302518 131.6467732 
1132.0000000 131.4338333 131.4503546 
1133.0000000 131.2374147 131.2539361 
1134.0000000 131.0409962 131.0575175 
1135.0000000 130.8445776 130.8610990 
1136.0000000 130.6481591 130.6646804 
1137.0000000 130.4517405 130.4682619 
1138.0000000 130.2553220 130.2718433 
1139.0000000 130.0589034 130.0754248 
1140.0000000 129.8624849 129.8790062 
1141.0000000 129.6660663 129.6825877 
1142.0000000 129.4696478 129.4861691 
1143.0000000 129.2732292 129.2897506 
1144.0000000 129.0768107 129.0933320 
1145.0000000 128.8803921 128.8969135 
1146.0000000 128.6839736 128.7004949 
1147.0000000 128.4875550 128.5040764 
1148.0000000 128.2911365 128.3076578 
1149.0000000 128.0947179 128.1112393 
1150.0000000 127.8982994 127.9148207 
1151.0000000 127.7018808 127.7184022 
1152.0000000 127.5054623 127.5219836 
1153.0000000 127.3090437 127.3255651 
1154.0000000 127.1126252 127.1291465 
1155.0000000 126.9162066 126.9327280 
1156.0000000 126.7197881 126.7363094 
1157.0000000 126.5233695 126.5398909 
1158.0000000 126.3269510 126.3434723 
1159.0000000 126.1305324 126.1470538 
1160.0000000 125.9341139 125.9506352 
1161.0000000 125.7376953 125.7542167 
1162.0000000 125.5412768 125.5577981 
1163.0000000 125.3448582 125.3613796 
1164.0000000 125.1484397 125.1649610 
1165.0000000 124.9520211 124.9685425 
1166.0000000 124.7556026 124.7721239 
1167.0000000 124.5591840 124.5757054 
1168.0000000 124.3627655 124.3792868 
1169.0000000 124.1663469 124.1828683 
1170.0000000 123.9699284 123.9864497 
1171.0000000 123.7735098 123.7900312 
1172.0000000 123.5770913 123.5936126 
1173.0000000 123.3806727 123.3971941 
1174.0000000 123.1842542 123.2007755 
1175.0000000 122.9878356 123.0043570 
1176.0000000 122.7914171 122.8079384 
1177.0000000 122.5949985 122.6115199 
1178.0000000 122.3985800 122.4151013 
1179.0000000 122.2021614 122.2186828 
1180.0000000 122.0057428 122.0222642 
1181.0000000 121.8093243 121.8258457 
1182.0000000 121.6129057 121.6294271 
1183.0000000 121.4164872 121.4330086 
1184.0000000 121.2200686 121.2365900 
1185.0000000 121.0236501 121.0401715 
1186.0000000 120.8272315 120.8437529 
1187.0000000 120.6308130 120.6473344 
1188.0000000 120.4343944 120.4509158 
1189.0000000 120.2379759 120.2544973 
1190.0000000 120.0415573 120.0580787 
1191.0000000 119.8451388 119.8616602 
1192.0000000 119.6487202 119.6652416 
1193.0000000 119.4523017 119.4688231 
1194.0000000 119.2558831 119.2724045 
1195.0000000 119.0594646 119.0759860 
1196.0000000 118.8630460 118.8795674 
1197.0000000 118.6666275 118.6831489 
1198.0000000 118.4702089 118.4867303 
1199.0000000 118.2737904 118.2903118 
1200.0000000 118.0773718 118.0938932 
1201.0000000 117.8809533 117.8974747 
1202.0000000 117.6845347 117.7010561 
1203.0000000 117.4881162 117.5046376 
1204.0000000 117.2916976 117.3082190 
1205.0000000 117.0952791 117.1118005 
1206.0000000 116.8988605 116.9153819 
1207.0000000 116.7024420 116.7189634 
1208.0000000 116.5060234 116.5225448 
1209.0000000 116.3096049 116.3261263 
1210.0000000 116.1131863 116.1297077 
1211.0000000 115.9167678 115.9332892 
1212.0000000 115.7203492 115.7368706 
1213.0000000 115.5239307 115.5404521 
1214.0000000 115.3275121 115.3440335 
1215.0000000 115.1310936 115.1476150 
1216.0000000 114.9346750 114.9511964 
1217.0000000 114.7382565 114.7547779 
1218.0000000 114.5418379 114.5583593 
1219.0000000 114.3454194 114.3619408 
1220.0000000 114.1490008 114.1655222 
1221.0000000 113.9525823 113.9691037 
1222.0000000 113.7561637 113.7726851 
1223.0000000 113.5597452 113.5762666 
1224.0000000 113.3633266 113.3798480 
1225.0000000 113.1669081 113.1834295 
1226.0000000 112.9704895 112.9870109 
1227.0000000 112.7740710 112.7905924 
1228.0000000 112.5776524 112.5941738 
1229.0000000 112.3812339 112.3977553 
1230.0000000 112.1848153 112.2013367 
1231.0000000 111.9883968 112.0049182 
1232.0000000 111.7919782 111.8084996 
1233.0000000 111.5955597 111.6120811 
1234.0000000 111.3991411 111.4156625 
1235.0000000 111.2027226 111.2192440 
1236.0000000 111.0063040 111.0228254 
1237.0000000 110.8098855 110.8264069 
1238.0000000 110.6134669 110.6299883 
1239.0000000 110.4170484 110.4335698 
1240.0000000 110.2206298 110.2371512 
1241.0000000 110.0242113 110.0407327 
1242.0000000 109.8277927 109.8443141 
1243.0000000 109.6313742 109.6478956 
1244.0000000 109.4349556 109.4514770 
1245.0000000 109.2385371 109.2550585 
1246.0000000 109.0421185 109.0586399 
1247.0000000 108.8457000 108.8622214 
1248.0000000 108.6492814 108.6658028 
1249.0000000 108.4528629 108.4693843 
1250.0000000 108.2564443 108.2729657 
1251.0000000 108.0600258 108.0765472 
1252.0000000 107.8636072 107.8801286 
1253.0000000 107.6671887 107.6837101 
1254.0000000 107.4707701 107.4872915 
1255.0000000 107.2743516 107.2908730 
1256.0000000 107.0779330 107.0944544 
1257.0000000 106.8815145 106.8980359 
1258.0000000 106.6850959 106.7016173 
1259.0000000 106.4886774 106.5051988 
1260.0000000 106.2922588 106.3087802 
1261.0000000 106.0958403 106.1123617 
1262.0000000 105.8994217 105.9159431 
1263.0000000 105.7030032 105.7195246 
1264.0000000 105.5065846 105.5231060 
1265.0000000 105.3101661 105.3266875 
1266.0000000 105.1137475 105.1302689 
1267.0000000 104.9173290 104.9338504 
1268.0000000 104.7209104 104.7374318 
1269.0000000 104.5244919 104.5410133 
1270.0000000 104.3280733 104.3445947 
1271.0000000 104.1316548 104.1481762 
1272.0000000 103.9352362 103.9517576 
1273.0000000 103.7388177 103.7553391 
1274.0000000 103.5423991 103.5589205 
1275.0000000 103.3459806 103.3625020 
1276.0000000 103.1495620 103.1660834 
1277.0000000 102.9531435 102.9696648 
1278.0000000 102.7567249 102.7732463 
1279.0000000 102.5603064 102.5768277 
1280.0000000 102.3638878 102.3804092 
1281.0000000 102.1674693 102.1839906 
1282.0000000 101.9710507 101.9875721 
1283.0000000 101.7746322 101.7911535 
1284.0000000 101.5782136 101.5947350 
1285.0000000 101.3817951 101.3983164 
1286.0000000 101.1853765 101.2018979 
1287.0000000 100.9889580 101.0054793 
1288.0000000 100.7925394 100.8090608 
1289.0000000 100.5961209 100.6126422 
1290.0000000 100.3997023 100.4162237 
1291.0000000 100.2032838 100.2198051 
1292.0000000 100.0068652 100.0233866 
1293.0000000 99.8104467 99.8269680 
1294.0000000 99.6140281 99.6305495 
1295.0000000 99.4176096 99.4341309 
1296.0000000 99.2211910 99.2377124 
1297.0000000 99.0247725 99.0412938 
1298.0000000 98.8283539 98.8448753 
1299.0000000 98.6319354 98.6484567 
1300.0000000 98.4355168 98.4520382 
1301.0000000 98.2390983 98.2556196 
1302.0000000 98.0426797 98.0592011 
1303.0000000 97.8462612 97.8627825 
1304.0000000 97.6498426 97.6663640 
1305.0000000 97.4534241 97.4699454 
1306.0000000 97.2570055 97.2735269 
1307.0000000 97.0605870 97.0771083 
1308.0000000 96.8641684 96.8806898 
1309.0000000 96.6677499 96.6842712 
1310.0000000 96.4713313 96.4878527 
1311.0000000 96.2749128 96.2914341 
1312.0000000 96.0784942 96.0950156 
1313.0000000 95.8820757 95.8985970 
1314.0000000 95.6856571 95.7021785 
1315.0000000 95.4892386 95.5057599 
1316.0000000 95.2928200 95.3093414 
1317.0000000 95.0964015 95.1129228 
1318.0000000 94.8999829 94.9165043 
1319.0000000 94.7035644 94.7200857 
1320.0000000 94.5071458 94.5236672 
1321.0000000 94.3107273 94.3272486 
1322.0000000 94.1143087 94.1308301 
1323.0000000 93.9178902 93.9344115 
1324.0000000 93.7214716 93.7379930 
1325.0000000 93.5250531 93.5415744 
1326.0000000 93.3286345 93.3451559 
1327.0000000 93.1322160 93.1487373 
1328.0000000 92.9357974 92.9523188 
1329.0000000 92.7393789 92.7559002 
1330.0000000 92.5429603 92.5594817 
1331.0000000 92.3465417 92.3630631 
1332.0000000 92.1501232 92.1666446 
1333.0000000 91.9537046 91.9702260 
1334.0000000 91.7572861 91.7738075 
1335.0000000 91.5608675 91.5773889 
1336.0000000 91.3644490 91.3809704 
1337.0000000 91.1680304 91.1845518 
1338.0000000 90.9716119 90.9881333 
1339.0000000 90.7751933 90.7917147 
1340.0000000 90.5787748 90.5952962 
1341.0000000 90.3823562 90.3988776 
1342.0000000 90.1859377 90.2024591 
1343.0000000 89.9895191 90.0060405 
1344.0000000 89.7931006 89.8096220 
1345.0000000 89.5966820 89.6132034 
1346.0000000 89.4002635 89.4167849 
1347.0000000 89.2038449 89.2203663 
1348.0000000 89.0074264 89.0239478 
1349.0000000 88.8110078 88.8275292 
1350.0000000 88.6145893 88.6311107 
1351.0000000 88.4181707 88.4346921 
1352.0000000 88.2217522 88.2382736 
1353.0000000 88.0253336 88.0418550 
1354.0000000 87.8289151 87.8454365 
1355.0000000 87.6324965 87.6490179 
1356.0000000 87.4360780 87.4525994 
1357.0000000 87.2396594 87.2561808 
1358.0000000 87.0432409 87.0597623 
1359.0000000 86.8468223 86.8633437 
1360.0000000 86.6504038 86.6669252 
1361.0000000 86.4539852 86.4705066 
1362.0000000 86.2575667 86.2740881 
1363.0000000 86.0611481 86.0776695 
1364.0000000 85.8647296 85.8812510 
1365.0000000 85.6683110 85.6848324 
1366.0000000 85.4718925 85.4884139 
1367.0000000 85.2754739 85.2919953 
1368.0000000 85.0790554 85.0955768 
1369.0000000 84.8826368 84.8991582 
1370.0000000 84.6862183 84.7027397 
1371.0000000 84.4897997 84.5063211 
1372.0000000 84.2933812 84.3099026 
1373.0000000 84.0969626 84.1134840 
1374.0000000 83.9005441 83.9170655 
1375.0000000 83.7041255 83.7206469 
1376.0000000 83.5077070 83.5242284 
1377.0000000 83.3112884 83.3278098 
1378.0000000 83.1148699 83.1313913 
1379.0000000 82.9184513 82.9349727 
1380.0000000 82.7220328 82.7385542 
1381.0000000 82.5256142 82.5421356 
1382.0000000 82.3291957 82.3457171 
1383.0000000 82.1327771 82.1492985 
1384.0000000 81.9363586 81.9528800 
1385.0000000 81.7399400 81.7564614 
1386.0000000 81.5435215 81.5600429 
1387.0000000 81.3471029 81.3636243 
1388.0000000 81.1506844 81.1672058 
1389.0000000 80.9542658 80.9707872 
1390.0000000 80.7578473 80.7743687 
1391.0000000 80.5614287 80.5779501 
1392.0000000 80.3650102 80.3815316 
1393.0000000 80.1685916 80.1851130 
1394.0000000 79.9721731 79.9886945 
1395.0000000 79.7757545 79.7922759 
1396.0000000 79.5793360 79.5958574 
1397.0000000 79.3829174 79.3994388 
1398.0000000 79.1864989 79.2030203 
1399.0000000 78.9900803 79.0066017 
1400.0000000 78.7936618 78.8101832 
1401.0000000 78.5972432 78.6137646 
1402.0000000 78.4008247 78.4173461 
1403.0000000 78.2044061 78.2209275 
1404.0000000 78.0079876 78.0245090 
1405.0000000 77.8115690 77.8280904 
1406.0000000 77.6151505 77.6316719 
1407.0000000 77.4187319 77.4352533 
1408.0000000 77.2223134 77.2388348 
1409.0000000 77.0258948 77.0424162 
1410.0000000 76.8294763 76.8459977 
1411.0000000 76.6330577 76.6495791 
1412.0000000 76.4366392 76.4531606 
1413.0000000 76.2402206 76.2567420 
1414.0000000 76.0438021 76.0603235 
1415.0000000 75.8473835 75.8639049 
1416.0000000 75.6509650 75.6674864 
1417.0000000 75.4545464 75.4710678 
1418.0000000 75.2581279 75.2746493 
1419.0000000 75.0617093 75.0782307 
1420.0000000 74.8652908 74.8818122 
1421.0000000 74.6688722 74.6853936 
1422.0000000 74.4724537 74.4889751 
1423.0000000 74.2760351 74.2925565 
1424.0000000 74.0796166 74.0961380 
1425.0000000 73.8831980 73.8997194 
1426.0000000 73.6867795 73.7033009 
1427.0000000 73.4903609 73.5068823 
1428.0000000 73.2939424 73.3104638 
1429.0000000 73.0975238 73.1140452 
1430.0000000 72.9011053 72.9176266 
1431.0000000 72.7046867 72.7212081 
1432.0000000 72.5082682 72.5247895 
1433.0000000 72.3118496 72.3283710 
1434.0000000 72.1154311 72.1319524 
1435.0000000 71.9190125 71.9355339 
1436.0000000 71.7225940 71.7391153 
1437.0000000 71.5261754 71.5426968 
1438.0000000 71.3297569 71.3462782 
1439.0000000 71.1333383 71.1498597 
1440.0000000 70.9369198 70.9534411 
1441.0000000 70.7405012 70.7570226 
1442.0000000 70.5440827 70.5606040 
1443.0000000 70.3476641 70.3641855 
1444.0000000 70.1512456 70.1677669 
1445.0000000 69.9548270 69.9713484 
1446.0000000 69.7584085 69.7749298 
1447.0000000 69.5619899 69.5785113 
1448.0000000 69.3655714 69.3820927 
1449.0000000 69.1691528 69.1856742 
1450.0000000 68.9727343 68.9892556 
1451.0000000 68.7763157 68.7928371 
1452.0000000 68.5798972 68.5964185 
1453.0000000 68.3834786 68.4000000 
1454.0000000 68.1870601 68.2035814 
1455.0000000 67.9906415 68.0071629 
1456.0000000 67.7942230 67.8107443 
1457.0000000 67.5978044 67.6143258 
1458.0000000 67.4013859 67.4179072 
1459.0000000 67.2049673 67.2214887 
1460.0000000 67.0085488 67.0250701 
1461.0000000 66.8121302 66.8286516 
1462.0000000 66.6157117 66.6322330 
1463.0000000 66.4192931 66.4358145 
1464.0000000 66.2228746 66.2393959 
1465.0000000 66.0264560 66.0429774 
1466.0000000 65.8300375 65.8465588 
1467.0000000 65.6336189 65.6501403 
1468.0000000 65.4372004 65.4537217 
1469.0000000 65.2407818 65.2573032 
1470.0000000 65.0443633 65.0608846 
1471.0000000 64.8479447 64.8644661 
1472.0000000 64.6515262 64.6680475 
1473.0000000 64.4551076 64.4716290 
1474.0000000 64.2586891 64.2752104 
1475.0000000 64.0622705 64.0787919 
1476.0000000 63.8658520 63.8823733 
1477.0000000 63.6694334 63.6859548 
1478.0000000 63.4730149 63.4895362 
1479.0000000 63.2765963 63.2931177 
1480.0000000 63.0801778 63.0966991 
1481.0000000 62.8837592 62.9002806 
1482.0000000 62.6873407 62.7038620 
1483.0000000 62.4909221 62.5074435 
1484.0000000 62.2945035 62.3110249 
1485.0000000 62.0980850 62.1146064 
1486.0000000 61.9016664 61.9181878 
1487.0000000 61.7052479 61.7217693 
1488.0000000 61.5088293 61.5253507 
1489.0000000 61.3124108 61.3289322 
1490.0000000 61.1159922 61.1325136 
1491.0000000 60.9195737 60.9360951 
1492.0000000 60.7231551 60.7396765 
1493.0000000 60.5267366 60.5432580 
1494.0000000 60.3303180 60.3468394 
1495.0000000 60.1338995 60.1504209 
1496.0000000 59.9374809 59.9540023 
1497.0000000 59.7410624 59.7575838 
1498.0000000 59.5446438 59.5611652 
1499.0000000 59.3482253 59.3647467 
1500.0000000 59.1518067 59.1683281 
1501.0000000 58.9553882 58.9719096 
1502.0000000 58.7589696 58.7754910 
1503.0000000 58.5625511 58.5790725 
1504.0000000 58.3661325 58.3826539 
1505.0000000 58.1697140 58.1862354 
1506.0000000 57.9732954 57.9898168 
1507.0000000 57.7768769 57.7933983 
1508.0000000 57.5804583 57.5969797 
1509.0000000 57.3840398 57.4005612 
1510.0000000 57.1876212 57.2041426 
1511.0000000 56.9912027 57.0077241 
1512.0000000 56.7947841 56.8113055 
1513.0000000 56.5983656 56.6148870 
1514.0000000 56.4019470 56.4184684 
1515.0000000 56.2055285 56.2220499 
1516.0000000 56.0091099 56.0256313 
1517.0000000 55.8126914 55.8292128 
1518.0000000 55.6162728 55.6327942 
1519.0000000 55.4198543 55.4363757 
1520.0000000 55.2234357 55.2399571 
1521.0000000 55.0270172 55.0435386 
1522.0000000 54.8305986 54.8471200 
1523.0000000 54.6341801 54.6507015 
1524.0000000 54.4377615 54.4542829 
1525.0000000 54.2413430 54.2578644 
1526.0000000 54.0449244 54.0614458 
1527.0000000 53.8485059 53.8650273 
1528.0000000 53.6520873 53.6686087 
1529.0000000 53.4556688 53.4721902 
1530.0000000 53.2592502 53.2757716 
1531.0000000 53.0628317 53.0793531 
1532.0000000 52.8664131 52.8829345 
1533.0000000 52.6699946 52.6865160 
1534.0000000 52.4735760 52.4900974 
1535.0000000 52.2771575 52.2936789 
1536.0000000 52.0807389 52.0972603 
1537.0000000 51.8843204 51.9008418 
1538.0000000 51.6879018 51.7044232 
1539.0000000 51.4914833 51.5080047 
1540.0000000 51.2950647 51.3115861 
1541.0000000 51.0986462 51.1151676 
1542.0000000 50.9022276 50.9187490 
1543.0000000 50.7058091 50.7223305 
1544.0000000 50.5093905 50.5259119 
1545.0000000 50.3129720 50.3294934 
1546.0000000 50.1165534 50.1330748 
1547.0000000 49.9201349 49.9366563 
1548.0000000 49.7237163 49.7402377 
1549.0000000 49.5272978 49.5438192 
1550.0000000 49.3308792 49.3474006 
1551.0000000 49.1344607 49.1509821 
1552.0000000 48.9380421 48.9545635 
1553.0000000 48.7416236 48.7581450 
1554.0000000 48.5452050 48.5617264 
1555.0000000 48.3487865 48.3653079 
1556.0000000 48.1523679 48.1688893 
1557.0000000 47.9559494 47.9724708 
1558.0000000 47.7595308 47.7760522 
1559.0000000 47.5631123 47.5796337 
1560.0000000 47.3666937 47.3832151 
1561.0000000 47.1702752 47.1867966 
1562.0000000 46.9738566 46.9903780 
1563.0000000 46.7774381 46.7939595 
1564.0000000 46.5810195 46.5975409 
1565.0000000 46.3846010 46.4011224 
1566.0000000 46.1881824 46.2047038 
1567.0000000 45.9917639 46.0082853 
1568.0000000 45.7953453 45.8118667 
1569.0000000 45.5989268 45.6154482 
1570.0000000 45.4025082 45.4190296 
1571.0000000 45.2060897 45.2226111 
1572.0000000 45.0096711 45.0261925 
1573.0000000 44.8132526 44.8297740 
1574.0000000 44.6168340 44.6333554 
1575.0000000 44.4204155 44.4369369 
1576.0000000 44.2239969 44.2405183 
1577.0000000 44.0275784 44.0440998 
1578.0000000 43.8311598 43.8476812 
1579.0000000 43.6347413 43.6512627 
1580.0000000 43.4383227 43.4548441 
1581.0000000 43.2419042 43.2584255 
1582.0000000 43.0454856 43.0620070 
1583.0000000 42.8490671 42.8655884 
1584.0000000 42.6526485 42.6691699 
1585.0000000 42.4562300 42.4727513 
1586.0000000 42.2598114 42.2763328 
1587.0000000 42.0633929 42.0799142 
1588.0000000 41.8669743 41.8834957 
1589.0000000 41.6705558 41.6870771 
1590.0000000 41.4741372 41.4906586 
1591.0000000 41.2777187 41.2942400 
1592.0000000 41.0813001 41.0978215 
1593.0000000 40.8848816 40.9014029 
1594.0000000 40.6884630 40.7049844 
1595.0000000 40.4920445 40.5085658 
1596.0000000 40.2956259 40.3121473 
1597.0000000 40.0992074 40.1157287 
1598.0000000 39.9027888 39.9193102 
1599.0000000 39.7063703 39.7228916 
1600.0000000 39.5099517 39.5264731 
1601.0000000 39.3135332 39.3300545 
1602.0000000 39.1171146 39.1336360 
1603.0000000 38.9206961 38.9372174 
1604.0000000 38.7242775 38.7407989 
1605.0000000 38.5278590 38.5443803 
1606.0000000 38.3314404 38.3479618 
1607.0000000 38.1350219 38.1515432 
1608.0000000 37.9386033 37.9551247 
1609.0000000 37.7421848 37.7587061 
1610.0000000 37.5457662 37.5622876 
1611.0000000 37.3493477 37.3658690 
1612.0000000 37.1529291 37.1694505 
1613.0000000 36.9565106 36.9730319 
1614.0000000 36.7600920 36.7766134 
1615.0000000 36.5636735 36.5801948 
1616.0000000 36.3672549 36.3837763 
1617.0000000 36.1708364 36.1873577 
1618.0000000 35.9744178 35.9909392 
1619.0000000 35.7779993 35.7945206 
1620.0000000 35.5815807 35.5981021 
1621.0000000 35.3851622 35.4016835 
1622.0000000 35.1887436 35.2052650 
1623.0000000 34.9923251 35.0088464 
1624.0000000 34.7959065 34.8124279 
1625.0000000 34.5994880 34.6160093 
1626.0000000 34.4030694 34.4195908 
1627.0000000 34.2066509 34.2231722 
1628.0000000 34.0102323 34.0267537 
1629.0000000 33.8138138 33.8303351 
1630.0000000 33.6173952 33.6339166 
1631.0000000 33.4209767 33.4374980 
1632.0000000 33.2245581 33.2410795 
1633.0000000 33.0281396 33.0446609 
1634.0000000 32.8317210 32.8482424 
1635.0000000 32.6353024 32.6518238 
1636.0000000 32.4388839 32.4554053 
1637.0000000 32.2424653 32.2589867 
1638.0000000 32.0460468 32.0625682 
1639.0000000 31.8496282 31.8661496 
1640.0000000 31.6532097 31.6697311 
1641.0000000 31.4567911 31.4733125 
1642.0000000 31.2603726 31.2768940 
1643.0000000 31.0639540 31.0804754 
1644.0000000 30.8675355 30.8840569 
1645.0000000 30.6711169 30.6876383 
1646.0000000 30.4746984 30.4912198 
1647.0000000 30.2782798 30.2948012 
1648.0000000 30.0818613 30.0983827 
1649.0000000 29.8854427 29.9019641 
1650.0000000 29.6890242 29.7055456 
1651.0000000 29.4926056 29.5091270 
1652.0000000 29.2961871 29.3127085 
1653.0000000 29.0997685 29.1162899 
1654.0000000 28.9033500 28.9198714 
1655.0000000 28.7069314 28.7234528 
1656.0000000 28.5105129 28.5270343 
1657.0000000 28.3140943 28.3306157 
1658.0000000 28.1176758 28.1341972 
1659.0000000 27.9212572 27.9377786 
1660.0000000 27.7248387 27.7413601 
1661.0000000 27.5284201 27.5449415 
1662.0000000 27.3320016 27.3485230 
1663.0000000 27.1355830 27.1521044 
1664.0000000 26.9391645 26.9556859 
1665.0000000 26.7427459 26.7592673 
1666.0000000 26.5463274 26.5628488 
1667.0000000 26.3499088 26.3664302 
1668.0000000 26.1534903 26.1700117 
1669.0000000 25.9570717 25.9735931 
1670.0000000 25.7606532 25.7771746 
1671.0000000 25.5642346 25.5807560 
1672.0000000 25.3678161 25.3843375 
1673.0000000 25.1713975 25.1879189 
1674.0000000 24.9749790 24.9915004 
1675.0000000 24.7785604 24.7950818 
1676.0000000 24.5821419 24.5986633 
1677.0000000 24.3857233 24.4022447 
1678.0000000 24.1893048 24.2058262 
1679.0000000 23.9928862 24.0094076 
1680.0000000 23.7964677 23.8129891 
1681.0000000 23.6000491 23.6165705 
1682.0000000 23.4036306 23.4201520 
1683.0000000 23.2072120 23.2237334 
1684.0000000 23.0107935 23.0273149 
1685.0000000 22.8143749 22.8308963 
1686.0000000 22.6179564 22.6344778 
1687.0000000 22.4215378 22.4380592 
1688.0000000 22.2251193 22.2416407 
1689.0000000 22.0287007 22.0452221 
1690.0000000 21.8322822 21.8488036 
1691.0000000 21.6358636 21.6523850 
1692.0000000 21.4394451 21.4559665 
1693.0000000 21.2430265 21.2595479 
1694.0000000 21.0466080 21.0631294 
1695.0000000 20.8501894 20.8667108 
1696.0000000 20.6537709 20.6702923 
1697.0000000 20.4573523 20.4738737 
1698.0000000 20.2609338 20.2774552 
1699.0000000 20.0645152 20.0810366 
1700.0000000 19.8680967 19.8846181 
1701.0000000 19.6716781 19.6881995 
1702.0000000 19.4752596 19.4917810 
1703.0000000 19.2788410 19.2953624 
1704.0000000 19.0824225 19.0989439 
1705.0000000 18.8860039 18.9025253 
1706.0000000 18.6895854 18.7061068 
1707.0000000 18.4931668 18.5096882 
1708.0000000 18.2967483 18.3132697 
1709.0000000 18.1003297 18.1168511 
1710.0000000 17.9039112 17.9204326 
1711.0000000 17.7074926 17.7240140 
1712.0000000 17.5110741 17.5275955 
1713.0000000 17.3146555 17.3311769 
1714.0000000 17.1182370 17.1347584 
1715.0000000 16.9218184 16.9383398 
1716.0000000 16.7253999 16.7419213 
1717.0000000 16.5289813 16.5455027 
1718.0000000 16.3325628 16.3490842 
1719.0000000 16.1361442 16.1526656 
1720.0000000 15.9397257 15.9562471 
1721.0000000 15.7433071 15.7598285 
1722.0000000 15.5468886 15.5634100 
1723.0000000 15.3504700 15.3669914 
1724.0000000 15.1540515 15.1705729 
1725.0000000 14.9576329 14.9741543 
1726.0000000 14.7612144 14.7777358 
1727.0000000 14.5647958 14.5813172 
1728.0000000 14.3683773 14.3848987 
1729.0000000 14.1719587 14.1884801 
1730.0000000 13.9755402 13.9920616 
1731.0000000 13.7791216 13.7956430 
1732.0000000 13.5827031 13.5992244 
1733.0000000 13.3862845 13.4028059 
1734.0000000 13.1898660 13.2063873 
1735.0000000 12.9934474 13.0099688 
1736.0000000 12.7970289 12.8135502 
1737.0000000 12.6006103 12.6171317 
1738.0000000 12.4041918 12.4207131 
1739.0000000 12.2077732 12.2242946 
1740.0000000 12.0113547 12.0278760 
1741.0000000 11.8149361 11.8314575 
1742.0000000 11.6185176 11.6350389 
1743.0000000 11.4220990 11.4386204 
1744.0000000 11.2256805 11.2422018 
1745.0000000 11.0292619 11.0457833 
1746.0000000 10.8328434 10.8493647 
1747.0000000 10.6364248 10.6529462 
1748.0000000 10.4400063 10.4565276 
1749.0000000 10.2435877 10.2601091 
1750.0000000 10.0471692 10.0636905 
1751.0000000 9.8507506 9.8672720 
1752.0000000 9.6543321 9.6708534 
1753.0000000 9.4579135 9.4744349 
1754.0000000 9.2614950 9.2780163 
1755.0000000 9.0650764 9.0815978 
1756.0000000 8.8686579 8.8851792 
1757.0000000 8.6722393 8.6887607 
1758.0000000 8.4758208 8.4923421 
1759.0000000 8.2794022 8.2959236 
1760.0000000 8.0829837 8.0995050 
1761.0000000 7.8865651 7.9030865 
1762.0000000 7.6901466 7.7066679 
1763.0000000 7.4937280 7.5102494 
1764.0000000 7.2973095 7.3138308 
1765.0000000 7.1008909 7.1174123 
1766.0000000 6.9044724 6.9209937 
1767.0000000 6.7080538 6.7245752 
1768.0000000 6.5116353 6.5281566 
1769.0000000 6.3152167 6.3317381 
1770.0000000 6.1187982 6.1353195 
1771.0000000 5.9223796 5.9389010 
1772.0000000 5.7259611 5.7424824 
1773.0000000 5.5295425 5.5460639 
1774.0000000 5.3331240 5.3496453 
1775.0000000 5.1367054 5.1532268 
1776.0000000 4.9402869 4.9568082 
1777.0000000 4.7438683 4.7603897 
1778.0000000 4.5474498 4.5639711 
1779.0000000 4.3510312 4.3675526 
1780.0000000 4.1546127 4.1711340 
1781.0000000 3.9581941 3.9747155 
1782.0000000 3.7617756 3.7782969 
1783.0000000 3.5653570 3.5818784 
1784.0000000 3.3689385 3.3854598 
1785.0000000 3.1725199 3.1890413 
1786.0000000 2.9761013 2.9926227 
1787.0000000 2.7796828 2.7962042 
1788.0000000 2.5832642 2.5997856 
1789.0000000 2.3868457 2.4033671 
1790.0000000 2.1904271 2.2069485 
1791.0000000 1.9940086 2.0105300 
1792.0000000 1.7975900 1.8141114 
1793.0000000 1.6011715 1.6176929 
1794.0000000 1.4047529 1.4212743 
1795.0000000 1.2083344 1.2248558 
1796.0000000 1.0119158 1.0284372 
1797.0000000 0.8154973 0.8320187 
1798.0000000 0.6190787 0.6356001 
1799.0000000 0.4226602 0.4391816 
1800.0000000 0.2262416 0.2427630 

