1.0000000 353.5270875 353.5785143 
2.0000000 353.3306690 353.3820958 
3.0000000 353.1342504 353.1856772 
4.0000000 352.9378319 352.9892587 
5.0000000 352.7414133 352.7928401 
6.0000000 352.5449948 352.5964216 
7.0000000 352.3485762 352.4000030 
8.0000000 352.1521577 352.2035845 
9.0000000 351.9557391 352.0071659 
10.0000000 351.7593206 351.8107474 
11.0000000 351.5629020 351.6143288 
12.0000000 351.3664835 351.4179103 
13.0000000 351.1700649 351.2214917 
14.0000000 350.9736464 351.0250732 
15.0000000 350.7772278 350.8286546 
16.0000000 350.5808093 350.6322361 
17.0000000 350.3843907 350.4358175 
18.0000000 350.1879722 350.2393989 
19.0000000 349.9915536 350.0429804 
20.0000000 349.7951351 349.8465618 
21.0000000 349.5987165 349.6501433 
22.0000000 349.4022980 349.4537247 
23.0000000 349.2058794 349.2573062 
24.0000000 349.0094609 349.0608876 
25.0000000 348.8130423 348.8644691 
26.0000000 348.6166238 348.6680505 
27.0000000 348.4202052 348.4716320 
28.0000000 348.2237867 348.2752134 
29.0000000 348.0273681 348.0787949 
30.0000000 347.8309496 347.8823763 
31.0000000 347.6345310 347.6859578 
32.0000000 347.4381125 347.4895392 
33.0000000 347.2416939 347.2931207 
34.0000000 347.0452754 347.0967021 
35.0000000 346.8488568 346.9002836 
36.0000000 346.6524383 346.7038650 
37.0000000 346.4560197 346.5074465 
38.0000000 346.2596012 346.3110279 
39.0000000 346.0631826 346.1146094 
40.0000000 345.8667640 345.9181908 
41.0000000 345.6703455 345.7217723 
42.0000000 345.4739269 345.5253537 
43.0000000 345.2775084 345.3289352 
44.0000000 345.0810898 345.1325166 
45.0000000 344.8846713 344.9360981 
46.0000000 344.6882527 344.7396795 
47.0000000 344.4918342 344.5432610 
48.0000000 344.2954156 344.3468424 
49.0000000 344.0989971 344.1504239 
50.0000000 343.9025785 343.9540053 
51.0000000 343.7061600 343.7575868 
52.0000000 343.5097414 343.5611682 
53.0000000 343.3133229 343.3647497 
54.0000000 343.1169043 343.1683311 
55.0000000 342.9204858 342.9719126 
56.0000000 342.7240672 342.7754940 
57.0000000 342.5276487 342.5790755 
58.0000000 342.3312301 342.3826569 
59.0000000 342.1348116 342.1862384 
60.0000000 341.9383930 341.9898198 
61.0000000 341.7419745 341.7934013 
62.0000000 341.5455559 341.5969827 
63.0000000 341.3491374 341.4005642 
64.0000000 341.1527188 341.2041456 
65.0000000 340.9563003 341.0077271 
66.0000000 340.7598817 340.8113085 
67.0000000 340.5634632 340.6148900 
68.0000000 340.3670446 340.4184714 
69.0000000 340.1706261 340.2220529 
70.0000000 339.9742075 340.0256343 
71.0000000 339.7777890 339.8292158 
72.0000000 339.5813704 339.6327972 
73.0000000 339.3849519 339.4363787 
74.0000000 339.1885333 339.2399601 
75.0000000 338.9921148 339.0435416 
76.0000000 338.7956962 338.8471230 
77.0000000 338.5992777 338.6507045 
78.0000000 338.4028591 338.4542859 
79.0000000 338.2064406 338.2578674 
80.0000000 338.0100220 338.0614488 
81.0000000 337.8136035 337.8650303 
82.0000000 337.6171849 337.6686117 
83.0000000 337.4207664 337.4721932 
84.0000000 337.2243478 337.2757746 
85.0000000 337.0279293 337.0793561 
86.0000000 336.8315107 336.8829375 
87.0000000 336.6350922 336.6865190 
88.0000000 336.4386736 336.4901004 
89.0000000 336.2422551 336.2936819 
90.0000000 336.0458365 336.0972633 
91.0000000 335.8494180 335.9008448 
92.0000000 335.6529994 335.7044262 
93.0000000 335.4565809 335.5080077 
94.0000000 335.2601623 335.3115891 
95.0000000 335.0637438 335.1151706 
96.0000000 334.8673252 334.9187520 
97.0000000 334.6709067 334.7223335 
98.0000000 334.4744881 334.5259149 
99.0000000 334.2780696 334.3294964 
100.0000000 334.0816510 334.1330778 
101.0000000 333.8852325 333.9366593 
102.0000000 333.6888139 333.7402407 
103.0000000 333.4923954 333.5438222 
104.0000000 333.2959768 333.3474036 
105.0000000 333.0995583 333.1509851 
106.0000000 332.9031397 332.9545665 
107.0000000 332.7067212 332.7581480 
108.0000000 332.5103026 332.5617294 
109.0000000 332.3138841 332.3653109 
110.0000000 332.1174655 332.1688923 
111.0000000 331.9210470 331.9724738 
112.0000000 331.7246284 331.7760552 
113.0000000 331.5282099 331.5796367 
114.0000000 331.3317913 331.3832181 
115.0000000 331.1353728 331.1867996 
116.0000000 330.9389542 330.9903810 
117.0000000 330.7425357 330.7939625 
118.0000000 330.5461171 330.5975439 
119.0000000 330.3496986 330.4011254 
120.0000000 330.1532800 330.2047068 
121.0000000 329.9568615 330.0082883 
122.0000000 329.7604429 329.8118697 
123.0000000 329.5640244 329.6154512 
124.0000000 329.3676058 329.4190326 
125.0000000 329.1711873 329.2226141 
126.0000000 328.9747687 329.0261955 
127.0000000 328.7783502 328.8297770 
128.0000000 328.5819316 328.6333584 
129.0000000 328.3855131 328.4369399 
130.0000000 328.1890945 328.2405213 
131.0000000 327.9926760 328.0441028 
132.0000000 327.7962574 327.8476842 
133.0000000 327.5998389 327.6512657 
134.0000000 327.4034203 327.4548471 
135.0000000 327.2070018 327.2584286 
136.0000000 327.0105832 327.0620100 
137.0000000 326.8141647 326.8655915 
138.0000000 326.6177461 326.6691729 
139.0000000 326.4213276 326.4727544 
140.0000000 326.2249090 326.2763358 
141.0000000 326.0284905 326.0799173 
142.0000000 325.8320719 325.8834987 
143.0000000 325.6356534 325.6870802 
144.0000000 325.4392348 325.4906616 
145.0000000 325.2428163 325.2942431 
146.0000000 325.0463977 325.0978245 
147.0000000 324.8499792 324.9014060 
148.0000000 324.6535606 324.7049874 
149.0000000 324.4571421 324.5085689 
150.0000000 324.2607235 324.3121503 
151.0000000 324.0643050 324.1157318 
152.0000000 323.8678864 323.9193132 
153.0000000 323.6714679 323.7228947 
154.0000000 323.4750493 323.5264761 
155.0000000 323.2786308 323.3300576 
156.0000000 323.0822122 323.1336390 
157.0000000 322.8857937 322.9372205 
158.0000000 322.6893751 322.7408019 
159.0000000 322.4929566 322.5443834 
160.0000000 322.2965380 322.3479648 
161.0000000 322.1001195 322.1515463 
162.0000000 321.9037009 321.9551277 
163.0000000 321.7072824 321.7587092 
164.0000000 321.5108638 321.5622906 
165.0000000 321.3144453 321.3658721 
166.0000000 321.1180267 321.1694535 
167.0000000 320.9216082 320.9730350 
168.0000000 320.7251896 320.7766164 
169.0000000 320.5287711 320.5801979 
170.0000000 320.3323525 320.3837793 
171.0000000 320.1359340 320.1873607 
172.0000000 319.9395154 319.9909422 
173.0000000 319.7430969 319.7945236 
174.0000000 319.5466783 319.5981051 
175.0000000 319.3502598 319.4016865 
176.0000000 319.1538412 319.2052680 
177.0000000 318.9574227 319.0088494 
178.0000000 318.7610041 318.8124309 
179.0000000 318.5645856 318.6160123 
180.0000000 318.3681670 318.4195938 
181.0000000 318.1717485 318.2231752 
182.0000000 317.9753299 318.0267567 
183.0000000 317.7789114 317.8303381 
184.0000000 317.5824928 317.6339196 
185.0000000 317.3860743 317.4375010 
186.0000000 317.1896557 317.2410825 
187.0000000 316.9932372 317.0446639 
188.0000000 316.7968186 316.8482454 
189.0000000 316.6004001 316.6518268 
190.0000000 316.4039815 316.4554083 
191.0000000 316.2075629 316.2589897 
192.0000000 316.0111444 316.0625712 
193.0000000 315.8147258 315.8661526 
194.0000000 315.6183073 315.6697341 
195.0000000 315.4218887 315.4733155 
196.0000000 315.2254702 315.2768970 
197.0000000 315.0290516 315.0804784 
198.0000000 314.8326331 314.8840599 
199.0000000 314.6362145 314.6876413 
200.0000000 314.4397960 314.4912228 
201.0000000 314.2433774 314.2948042 
202.0000000 314.0469589 314.0983857 
203.0000000 313.8505403 313.9019671 
204.0000000 313.6541218 313.7055486 
205.0000000 313.4577032 313.5091300 
206.0000000 313.2612847 313.3127115 
207.0000000 313.0648661 313.1162929 
208.0000000 312.8684476 312.9198744 
209.0000000 312.6720290 312.7234558 
210.0000000 312.4756105 312.5270373 
211.0000000 312.2791919 312.3306187 
212.0000000 312.0827734 312.1342002 
213.0000000 311.8863548 311.9377816 
214.0000000 311.6899363 311.7413631 
215.0000000 311.4935177 311.5449445 
216.0000000 311.2970992 311.3485260 
217.0000000 311.1006806 311.1521074 
218.0000000 310.9042621 310.9556889 
219.0000000 310.7078435 310.7592703 
220.0000000 310.5114250 310.5628518 
221.0000000 310.3150064 310.3664332 
222.0000000 310.1185879 310.1700147 
223.0000000 309.9221693 309.9735961 
224.0000000 309.7257508 309.7771776 
225.0000000 309.5293322 309.5807590 
226.0000000 309.3329137 309.3843405 
227.0000000 309.1364951 309.1879219 
228.0000000 308.9400766 308.9915034 
229.0000000 308.7436580 308.7950848 
230.0000000 308.5472395 308.5986663 
231.0000000 308.3508209 308.4022477 
232.0000000 308.1544024 308.2058292 
233.0000000 307.9579838 308.0094106 
234.0000000 307.7615653 307.8129921 
235.0000000 307.5651467 307.6165735 
236.0000000 307.3687282 307.4201550 
237.0000000 307.1723096 307.2237364 
238.0000000 306.9758911 307.0273179 
239.0000000 306.7794725 306.8308993 
240.0000000 306.5830540 306.6344808 
241.0000000 306.3866354 306.4380622 
242.0000000 306.1902169 306.2416437 
243.0000000 305.9937983 306.0452251 
244.0000000 305.7973798 305.8488066 
245.0000000 305.6009612 305.6523880 
246.0000000 305.4045427 305.4559695 
247.0000000 305.2081241 305.2595509 
248.0000000 305.0117056 305.0631324 
249.0000000 304.8152870 304.8667138 
250.0000000 304.6188685 304.6702953 
251.0000000 304.4224499 304.4738767 
252.0000000 304.2260314 304.2774582 
253.0000000 304.0296128 304.0810396 
254.0000000 303.8331943 303.8846211 
255.0000000 303.6367757 303.6882025 
256.0000000 303.4403572 303.4917840 
257.0000000 303.2439386 303.2953654 
258.0000000 303.0475201 303.0989469 
259.0000000 302.8511015 302.9025283 
260.0000000 302.6546830 302.7061098 
261.0000000 302.4582644 302.5096912 
262.0000000 302.2618459 302.3132727 
263.0000000 302.0654273 302.1168541 
264.0000000 301.8690088 301.9204356 
265.0000000 301.6725902 301.7240170 
266.0000000 301.4761717 301.5275985 
267.0000000 301.2797531 301.3311799 
268.0000000 301.0833346 301.1347614 
269.0000000 300.8869160 300.9383428 
270.0000000 300.6904975 300.7419243 
271.0000000 300.4940789 300.5455057 
272.0000000 300.2976604 300.3490872 
273.0000000 300.1012418 300.1526686 
274.0000000 299.9048233 299.9562501 
275.0000000 299.7084047 299.7598315 
276.0000000 299.5119862 299.5634130 
277.0000000 299.3155676 299.3669944 
278.0000000 299.1191491 299.1705759 
279.0000000 298.9227305 298.9741573 
280.0000000 298.7263120 298.7777388 
281.0000000 298.5298934 298.5813202 
282.0000000 298.3334749 298.3849017 
283.0000000 298.1370563 298.1884831 
284.0000000 297.9406378 297.9920646 
285.0000000 297.7442192 297.7956460 
286.0000000 297.5478007 297.5992275 
287.0000000 297.3513821 297.4028089 
288.0000000 297.1549636 297.2063904 
289.0000000 296.9585450 297.0099718 
290.0000000 296.7621265 296.8135533 
291.0000000 296.5657079 296.6171347 
292.0000000 296.3692894 296.4207162 
293.0000000 296.1728708 296.2242976 
294.0000000 295.9764523 296.0278791 
295.0000000 295.7800337 295.8314605 
296.0000000 295.5836152 295.6350420 
297.0000000 295.3871966 295.4386234 
298.0000000 295.1907781 295.2422049 
299.0000000 294.9943595 295.0457863 
300.0000000 294.7979410 294.8493678 
301.0000000 294.6015224 294.6529492 
302.0000000 294.4051039 294.4565307 
303.0000000 294.2086853 294.2601121 
304.0000000 294.0122668 294.0636936 
305.0000000 293.8158482 293.8672750 
306.0000000 293.6194297 293.6708565 
307.0000000 293.4230111 293.4744379 
308.0000000 293.2265926 293.2780194 
309.0000000 293.0301740 293.0816008 
310.0000000 292.8337555 292.8851823 
311.0000000 292.6373369 292.6887637 
312.0000000 292.4409184 292.4923452 
313.0000000 292.2444998 292.2959266 
314.0000000 292.0480813 292.0995081 
315.0000000 291.8516627 291.9030895 
316.0000000 291.6552442 291.7066710 
317.0000000 291.4588256 291.5102524 
318.0000000 291.2624071 291.3138339 
319.0000000 291.0659885 291.1174153 
320.0000000 290.8695700 290.9209968 
321.0000000 290.6731514 290.7245782 
322.0000000 290.4767329 290.5281596 
323.0000000 290.2803143 290.3317411 
324.0000000 290.0838958 290.1353225 
325.0000000 289.8874772 289.9389040 
326.0000000 289.6910587 289.7424854 
327.0000000 289.4946401 289.5460669 
328.0000000 289.2982216 289.3496483 
329.0000000 289.1018030 289.1532298 
330.0000000 288.9053845 288.9568112 
331.0000000 288.7089659 288.7603927 
332.0000000 288.5125474 288.5639741 
333.0000000 288.3161288 288.3675556 
334.0000000 288.1197103 288.1711370 
335.0000000 287.9232917 287.9747185 
336.0000000 287.7268732 287.7782999 
337.0000000 287.5304546 287.5818814 
338.0000000 287.3340361 287.3854628 
339.0000000 287.1376175 287.1890443 
340.0000000 286.9411990 286.9926257 
341.0000000 286.7447804 286.7962072 
342.0000000 286.5483619 286.5997886 
343.0000000 286.3519433 286.4033701 
344.0000000 286.1555247 286.2069515 
345.0000000 285.9591062 286.0105330 
346.0000000 285.7626876 285.8141144 
347.0000000 285.5662691 285.6176959 
348.0000000 285.3698505 285.4212773 
349.0000000 285.1734320 285.2248588 
350.0000000 284.9770134 285.0284402 
351.0000000 284.7805949 284.8320217 
352.0000000 284.5841763 284.6356031 
353.0000000 284.3877578 284.4391846 
354.0000000 284.1913392 284.2427660 
355.0000000 283.9949207 284.0463475 
356.0000000 283.7985021 283.8499289 
357.0000000 283.6020836 283.6535104 
358.0000000 283.4056650 283.4570918 
359.0000000 283.2092465 283.2606733 
360.0000000 283.0128279 283.0642547 
361.0000000 282.8164094 282.8678362 
362.0000000 282.6199908 282.6714176 
363.0000000 282.4235723 282.4749991 
364.0000000 282.2271537 282.2785805 
365.0000000 282.0307352 282.0821620 
366.0000000 281.8343166 281.8857434 
367.0000000 281.6378981 281.6893249 
368.0000000 281.4414795 281.4929063 
369.0000000 281.2450610 281.2964878 
370.0000000 281.0486424 281.1000692 
371.0000000 280.8522239 280.9036507 
372.0000000 280.6558053 280.7072321 
373.0000000 280.4593868 280.5108136 
374.0000000 280.2629682 280.3143950 
375.0000000 280.0665497 280.1179765 
376.0000000 279.8701311 279.9215579 
377.0000000 279.6737126 279.7251394 
378.0000000 279.4772940 279.5287208 
379.0000000 279.2808755 279.3323023 
380.0000000 279.0844569 279.1358837 
381.0000000 278.8880384 278.9394652 
382.0000000 278.6916198 278.7430466 
383.0000000 278.4952013 278.5466281 
384.0000000 278.2987827 278.3502095 
385.0000000 278.1023642 278.1537910 
386.0000000 277.9059456 277.9573724 
387.0000000 277.7095271 277.7609539 
388.0000000 277.5131085 277.5645353 
389.0000000 277.3166900 277.3681168 
390.0000000 277.1202714 277.1716982 
391.0000000 276.9238529 276.9752797 
392.0000000 276.7274343 276.7788611 
393.0000000 276.5310158 276.5824426 
394.0000000 276.3345972 276.3860240 
395.0000000 276.1381787 276.1896055 
396.0000000 275.9417601 275.9931869 
397.0000000 275.7453416 275.7967684 
398.0000000 275.5489230 275.6003498 
399.0000000 275.3525045 275.4039313 
400.0000000 275.1560859 275.2075127 
401.0000000 274.9596674 275.0110942 
402.0000000 274.7632488 274.8146756 
403.0000000 274.5668303 274.6182571 
404.0000000 274.3704117 274.4218385 
405.0000000 274.1739932 274.2254200 
406.0000000 273.9775746 274.0290014 
407.0000000 273.7811561 273.8325829 
408.0000000 273.5847375 273.6361643 
409.0000000 273.3883190 273.4397458 
410.0000000 273.1919004 273.2433272 
411.0000000 272.9954819 273.0469087 
412.0000000 272.7990633 272.8504901 
413.0000000 272.6026448 272.6540716 
414.0000000 272.4062262 272.4576530 
415.0000000 272.2098077 272.2612345 
416.0000000 272.0133891 272.0648159 
417.0000000 271.8169706 271.8683974 
418.0000000 271.6205520 271.6719788 
419.0000000 271.4241335 271.4755603 
420.0000000 271.2277149 271.2791417 
421.0000000 271.0312964 271.0827232 
422.0000000 270.8348778 270.8863046 
423.0000000 270.6384593 270.6898861 
424.0000000 270.4420407 270.4934675 
425.0000000 270.2456222 270.2970490 
426.0000000 270.0492036 270.1006304 
427.0000000 269.8527851 269.9042119 
428.0000000 269.6563665 269.7077933 
429.0000000 269.4599480 269.5113748 
430.0000000 269.2635294 269.3149562 
431.0000000 269.0671109 269.1185377 
432.0000000 268.8706923 268.9221191 
433.0000000 268.6742738 268.7257006 
434.0000000 268.4778552 268.5292820 
435.0000000 268.2814367 268.3328635 
436.0000000 268.0850181 268.1364449 
437.0000000 267.8885996 267.9400264 
438.0000000 267.6921810 267.7436078 
439.0000000 267.4957625 267.5471893 
440.0000000 267.2993439 267.3507707 
441.0000000 267.1029254 267.1543522 
442.0000000 266.9065068 266.9579336 
443.0000000 266.7100883 266.7615151 
444.0000000 266.5136697 266.5650965 
445.0000000 266.3172512 266.3686780 
446.0000000 266.1208326 266.1722594 
447.0000000 265.9244141 265.9758409 
448.0000000 265.7279955 265.7794223 
449.0000000 265.5315770 265.5830038 
450.0000000 265.3351584 265.3865852 
451.0000000 265.1387399 265.1901667 
452.0000000 264.9423213 264.9937481 
453.0000000 264.7459028 264.7973296 
454.0000000 264.5494842 264.6009110 
455.0000000 264.3530657 264.4044925 
456.0000000 264.1566471 264.2080739 
457.0000000 263.9602286 264.0116554 
458.0000000 263.7638100 263.8152368 
459.0000000 263.5673915 263.6188183 
460.0000000 263.3709729 263.4223997 
461.0000000 263.1745544 263.2259812 
462.0000000 262.9781358 263.0295626 
463.0000000 262.7817173 262.8331441 
464.0000000 262.5852987 262.6367255 
465.0000000 262.3888802 262.4403070 
466.0000000 262.1924616 262.2438884 
467.0000000 261.9960431 262.0474699 
468.0000000 261.7996245 261.8510513 
469.0000000 261.6032060 261.6546328 
470.0000000 261.4067874 261.4582142 
471.0000000 261.2103689 261.2617957 
472.0000000 261.0139503 261.0653771 
473.0000000 260.8175318 260.8689585 
474.0000000 260.6211132 260.6725400 
475.0000000 260.4246947 260.4761214 
476.0000000 260.2282761 260.2797029 
477.0000000 260.0318576 260.0832843 
478.0000000 259.8354390 259.8868658 
479.0000000 259.6390205 259.6904472 
480.0000000 259.4426019 259.4940287 
481.0000000 259.2461834 259.2976101 
482.0000000 259.0497648 259.1011916 
483.0000000 258.8533463 258.9047730 
484.0000000 258.6569277 258.7083545 
485.0000000 258.4605092 258.5119359 
486.0000000 258.2640906 258.3155174 
487.0000000 258.0676721 258.1190988 
488.0000000 257.8712535 257.9226803 
489.0000000 257.6748350 257.7262617 
490.0000000 257.4784164 257.5298432 
491.0000000 257.2819979 257.3334246 
492.0000000 257.0855793 257.1370061 
493.0000000 256.8891608 256.9405875 
494.0000000 256.6927422 256.7441690 
495.0000000 256.4963236 256.5477504 
496.0000000 256.2999051 256.3513319 
497.0000000 256.1034865 256.1549133 
498.0000000 255.9070680 255.9584948 
499.0000000 255.7106494 255.7620762 
500.0000000 255.5142309 255.5656577 
501.0000000 255.3178123 255.3692391 
502.0000000 255.1213938 255.1728206 
503.0000000 254.9249752 254.9764020 
504.0000000 254.7285567 254.7799835 
505.0000000 254.5321381 254.5835649 
506.0000000 254.3357196 254.3871464 
507.0000000 254.1393010 254.1907278 
508.0000000 253.9428825 253.9943093 
509.0000000 253.7464639 253.7978907 
510.0000000 253.5500454 253.6014722 
511.0000000 253.3536268 253.4050536 
512.0000000 253.1572083 253.2086351 
513.0000000 252.9607897 253.0122165 
514.0000000 252.7643712 252.8157980 
515.0000000 252.5679526 252.6193794 
516.0000000 252.3715341 252.4229609 
517.0000000 252.1751155 252.2265423 
518.0000000 251.9786970 252.0301238 
519.0000000 251.7822784 251.8337052 
520.0000000 251.5858599 251.6372867 
521.0000000 251.3894413 251.4408681 
522.0000000 251.1930228 251.2444496 
523.0000000 250.9966042 251.0480310 
524.0000000 250.8001857 250.8516125 
525.0000000 250.6037671 250.6551939 
526.0000000 250.4073486 250.4587754 
527.0000000 250.2109300 250.2623568 
528.0000000 250.0145115 250.0659383 
529.0000000 249.8180929 249.8695197 
530.0000000 249.6216744 249.6731012 
531.0000000 249.4252558 249.4766826 
532.0000000 249.2288373 249.2802641 
533.0000000 249.0324187 249.0838455 
534.0000000 248.8360002 248.8874270 
535.0000000 248.6395816 248.6910084 
536.0000000 248.4431631 248.4945899 
537.0000000 248.2467445 248.2981713 
538.0000000 248.0503260 248.1017528 
539.0000000 247.8539074 247.9053342 
540.0000000 247.6574889 247.7089157 
541.0000000 247.4610703 247.5124971 
542.0000000 247.2646518 247.3160786 
543.0000000 247.0682332 247.1196600 
544.0000000 246.8718147 246.9232415 
545.0000000 246.6753961 246.7268229 
546.0000000 246.4789776 246.5304044 
547.0000000 246.2825590 246.3339858 
548.0000000 246.0861405 246.1375673 
549.0000000 245.8897219 245.9411487 
550.0000000 245.6933034 245.7447302 
551.0000000 245.4968848 245.5483116 
552.0000000 245.3004663 245.3518931 
553.0000000 245.1040477 245.1554745 
554.0000000 244.9076292 244.9590560 
555.0000000 244.7112106 244.7626374 
556.0000000 244.5147921 244.5662189 
557.0000000 244.3183735 244.3698003 
558.0000000 244.1219550 244.1733818 
559.0000000 243.9255364 243.9769632 
560.0000000 243.7291179 243.7805447 
561.0000000 243.5326993 243.5841261 
562.0000000 243.3362808 243.3877076 
563.0000000 243.1398622 243.1912890 
564.0000000 242.9434437 242.9948705 
565.0000000 242.7470251 242.7984519 
566.0000000 242.5506066 242.6020334 
567.0000000 242.3541880 242.4056148 
568.0000000 242.1577695 242.2091963 
569.0000000 241.9613509 242.0127777 
570.0000000 241.7649324 241.8163592 
571.0000000 241.5685138 241.6199406 
572.0000000 241.3720953 241.4235221 
573.0000000 241.1756767 241.2271035 
574.0000000 240.9792582 241.0306850 
575.0000000 240.7828396 240.8342664 
576.0000000 240.5864211 240.6378479 
577.0000000 240.3900025 240.4414293 
578.0000000 240.1935840 240.2450108 
579.0000000 239.9971654 240.0485922 
580.0000000 239.8007469 239.8521737 
581.0000000 239.6043283 239.6557551 
582.0000000 239.4079098 239.4593366 
583.0000000 239.2114912 239.2629180 
584.0000000 239.0150727 239.0664995 
585.0000000 238.8186541 238.8700809 
586.0000000 238.6222356 238.6736624 
587.0000000 238.4258170 238.4772438 
588.0000000 238.2293985 238.2808253 
589.0000000 238.0329799 238.0844067 
590.0000000 237.8365614 237.8879882 
591.0000000 237.6401428 237.6915696 
592.0000000 237.4437243 237.4951511 
593.0000000 237.2473057 237.2987325 
594.0000000 237.0508872 237.1023140 
595.0000000 236.8544686 236.9058954 
596.0000000 236.6580501 236.7094769 
597.0000000 236.4616315 236.5130583 
598.0000000 236.2652130 236.3166398 
599.0000000 236.0687944 236.1202212 
600.0000000 235.8723759 235.9238027 
601.0000000 235.6759573 235.7273841 
602.0000000 235.4795388 235.5309656 
603.0000000 235.2831202 235.3345470 
604.0000000 235.0867017 235.1381285 
605.0000000 234.8902831 234.9417099 
606.0000000 234.6938646 234.7452914 
607.0000000 234.4974460 234.5488728 
608.0000000 234.3010275 234.3524543 
609.0000000 234.1046089 234.1560357 
610.0000000 233.9081904 233.9596172 
611.0000000 233.7117718 233.7631986 
612.0000000 233.5153533 233.5667801 
613.0000000 233.3189347 233.3703615 
614.0000000 233.1225162 233.1739430 
615.0000000 232.9260976 232.9775244 
616.0000000 232.7296791 232.7811059 
617.0000000 232.5332605 232.5846873 
618.0000000 232.3368420 232.3882688 
619.0000000 232.1404234 232.1918502 
620.0000000 231.9440049 231.9954317 
621.0000000 231.7475863 231.7990131 
622.0000000 231.5511678 231.6025946 
623.0000000 231.3547492 231.4061760 
624.0000000 231.1583307 231.2097575 
625.0000000 230.9619121 231.0133389 
626.0000000 230.7654936 230.8169203 
627.0000000 230.5690750 230.6205018 
628.0000000 230.3726565 230.4240832 
629.0000000 230.1762379 230.2276647 
630.0000000 229.9798194 230.0312461 
631.0000000 229.7834008 229.8348276 
632.0000000 229.5869823 229.6384090 
633.0000000 229.3905637 229.4419905 
634.0000000 229.1941452 229.2455719 
635.0000000 228.9977266 229.0491534 
636.0000000 228.8013081 228.8527348 
637.0000000 228.6048895 228.6563163 
638.0000000 228.4084710 228.4598977 
639.0000000 228.2120524 228.2634792 
640.0000000 228.0156339 228.0670606 
641.0000000 227.8192153 227.8706421 
642.0000000 227.6227968 227.6742235 
643.0000000 227.4263782 227.4778050 
644.0000000 227.2299597 227.2813864 
645.0000000 227.0335411 227.0849679 
646.0000000 226.8371225 226.8885493 
647.0000000 226.6407040 226.6921308 
648.0000000 226.4442854 226.4957122 
649.0000000 226.2478669 226.2992937 
650.0000000 226.0514483 226.1028751 
651.0000000 225.8550298 225.9064566 
652.0000000 225.6586112 225.7100380 
653.0000000 225.4621927 225.5136195 
654.0000000 225.2657741 225.3172009 
655.0000000 225.0693556 225.1207824 
656.0000000 224.8729370 224.9243638 
657.0000000 224.6765185 224.7279453 
658.0000000 224.4800999 224.5315267 
659.0000000 224.2836814 224.3351082 
660.0000000 224.0872628 224.1386896 
661.0000000 223.8908443 223.9422711 
662.0000000 223.6944257 223.7458525 
663.0000000 223.4980072 223.5494340 
664.0000000 223.3015886 223.3530154 
665.0000000 223.1051701 223.1565969 
666.0000000 222.9087515 222.9601783 
667.0000000 222.7123330 222.7637598 
668.0000000 222.5159144 222.5673412 
669.0000000 222.3194959 222.3709227 
670.0000000 222.1230773 222.1745041 
671.0000000 221.9266588 221.9780856 
672.0000000 221.7302402 221.7816670 
673.0000000 221.5338217 221.5852485 
674.0000000 221.3374031 221.3888299 
675.0000000 221.1409846 221.1924114 
676.0000000 220.9445660 220.9959928 
677.0000000 220.7481475 220.7995743 
678.0000000 220.5517289 220.6031557 
679.0000000 220.3553104 220.4067372 
680.0000000 220.1588918 220.2103186 
681.0000000 219.9624733 220.0139001 
682.0000000 219.7660547 219.8174815 
683.0000000 219.5696362 219.6210630 
684.0000000 219.3732176 219.4246444 
685.0000000 219.1767991 219.2282259 
686.0000000 218.9803805 219.0318073 
687.0000000 218.7839620 218.8353888 
688.0000000 218.5875434 218.6389702 
689.0000000 218.3911249 218.4425517 
690.0000000 218.1947063 218.2461331 
691.0000000 217.9982878 218.0497146 
692.0000000 217.8018692 217.8532960 
693.0000000 217.6054507 217.6568775 
694.0000000 217.4090321 217.4604589 
695.0000000 217.2126136 217.2640404 
696.0000000 217.0161950 217.0676218 
697.0000000 216.8197765 216.8712033 
698.0000000 216.6233579 216.6747847 
699.0000000 216.4269394 216.4783662 
700.0000000 216.2305208 216.2819476 
701.0000000 216.0341023 216.0855291 
702.0000000 215.8376837 215.8891105 
703.0000000 215.6412652 215.6926920 
704.0000000 215.4448466 215.4962734 
705.0000000 215.2484281 215.2998549 
706.0000000 215.0520095 215.1034363 
707.0000000 214.8555910 214.9070178 
708.0000000 214.6591724 214.7105992 
709.0000000 214.4627539 214.5141807 
710.0000000 214.2663353 214.3177621 
711.0000000 214.0699168 214.1213436 
712.0000000 213.8734982 213.9249250 
713.0000000 213.6770797 213.7285065 
714.0000000 213.4806611 213.5320879 
715.0000000 213.2842426 213.3356694 
716.0000000 213.0878240 213.1392508 
717.0000000 212.8914055 212.9428323 
718.0000000 212.6949869 212.7464137 
719.0000000 212.4985684 212.5499952 
720.0000000 212.3021498 212.3535766 
721.0000000 212.1057313 212.1571581 
722.0000000 211.9093127 211.9607395 
723.0000000 211.7128942 211.7643210 
724.0000000 211.5164756 211.5679024 
725.0000000 211.3200571 211.3714839 
726.0000000 211.1236385 211.1750653 
727.0000000 210.9272200 210.9786468 
728.0000000 210.7308014 210.7822282 
729.0000000 210.5343829 210.5858097 
730.0000000 210.3379643 210.3893911 
731.0000000 210.1415458 210.1929726 
732.0000000 209.9451272 209.9965540 
733.0000000 209.7487087 209.8001355 
734.0000000 209.5522901 209.6037169 
735.0000000 209.3558716 209.4072984 
736.0000000 209.1594530 209.2108798 
737.0000000 208.9630345 209.0144613 
738.0000000 208.7666159 208.8180427 
739.0000000 208.5701974 208.6216242 
740.0000000 208.3737788 208.4252056 
741.0000000 208.1773603 208.2287871 
742.0000000 207.9809417 208.0323685 
743.0000000 207.7845232 207.8359500 
744.0000000 207.5881046 207.6395314 
745.0000000 207.3916861 207.4431129 
746.0000000 207.1952675 207.2466943 
747.0000000 206.9988490 207.0502758 
748.0000000 206.8024304 206.8538572 
749.0000000 206.6060119 206.6574387 
750.0000000 206.4095933 206.4610201 
751.0000000 206.2131748 206.2646016 
752.0000000 206.0167562 206.0681830 
753.0000000 205.8203377 205.8717645 
754.0000000 205.6239191 205.6753459 
755.0000000 205.4275006 205.4789274 
756.0000000 205.2310820 205.2825088 
757.0000000 205.0346635 205.0860903 
758.0000000 204.8382449 204.8896717 
759.0000000 204.6418264 204.6932532 
760.0000000 204.4454078 204.4968346 
761.0000000 204.2489893 204.3004161 
762.0000000 204.0525707 204.1039975 
763.0000000 203.8561522 203.9075790 
764.0000000 203.6597336 203.7111604 
765.0000000 203.4633151 203.5147419 
766.0000000 203.2668965 203.3183233 
767.0000000 203.0704780 203.1219048 
768.0000000 202.8740594 202.9254862 
769.0000000 202.6776409 202.7290677 
770.0000000 202.4812223 202.5326491 
771.0000000 202.2848038 202.3362306 
772.0000000 202.0883852 202.1398120 
773.0000000 201.8919667 201.9433935 
774.0000000 201.6955481 201.7469749 
775.0000000 201.4991296 201.5505564 
776.0000000 201.3027110 201.3541378 
777.0000000 201.1062925 201.1577192 
778.0000000 200.9098739 200.9613007 
779.0000000 200.7134554 200.7648821 
780.0000000 200.5170368 200.5684636 
781.0000000 200.3206183 200.3720450 
782.0000000 200.1241997 200.1756265 
783.0000000 199.9277812 199.9792079 
784.0000000 199.7313626 199.7827894 
785.0000000 199.5349441 199.5863708 
786.0000000 199.3385255 199.3899523 
787.0000000 199.1421070 199.1935337 
788.0000000 198.9456884 198.9971152 
789.0000000 198.7492699 198.8006966 
790.0000000 198.5528513 198.6042781 
791.0000000 198.3564328 198.4078595 
792.0000000 198.1600142 198.2114410 
793.0000000 197.9635957 198.0150224 
794.0000000 197.7671771 197.8186039 
795.0000000 197.5707586 197.6221853 
796.0000000 197.3743400 197.4257668 
797.0000000 197.1779215 197.2293482 
798.0000000 196.9815029 197.0329297 
799.0000000 196.7850843 196.8365111 
800.0000000 196.5886658 196.6400926 
801.0000000 196.3922472 196.4436740 
802.0000000 196.1958287 196.2472555 
803.0000000 195.9994101 196.0508369 
804.0000000 195.8029916 195.8544184 
805.0000000 195.6065730 195.6579998 
806.0000000 195.4101545 195.4615813 
807.0000000 195.2137359 195.2651627 
808.0000000 195.0173174 195.0687442 
809.0000000 194.8208988 194.8723256 
810.0000000 194.6244803 194.6759071 
811.0000000 194.4280617 194.4794885 
812.0000000 194.2316432 194.2830700 
813.0000000 194.0352246 194.0866514 
814.0000000 193.8388061 193.8902329 
815.0000000 193.6423875 193.6938143 
816.0000000 193.4459690 193.4973958 
817.0000000 193.2495504 193.3009772 
818.0000000 193.0531319 193.1045587 
819.0000000 192.8567133 192.9081401 
820.0000000 192.6602948 192.7117216 
821.0000000 192.4638762 192.5153030 
822.0000000 192.2674577 192.3188845 
823.0000000 192.0710391 192.1224659 
824.0000000 191.8746206 191.9260474 
825.0000000 191.6782020 191.7296288 
826.0000000 191.4817835 191.5332103 
827.0000000 191.2853649 191.3367917 
828.0000000 191.0889464 191.1403732 
829.0000000 190.8925278 190.9439546 
830.0000000 190.6961093 190.7475361 
831.0000000 190.4996907 190.5511175 
832.0000000 190.3032722 190.3546990 
833.0000000 190.1068536 190.1582804 
834.0000000 189.9104351 189.9618619 
835.0000000 189.7140165 189.7654433 
836.0000000 189.5175980 189.5690248 
837.0000000 189.3211794 189.3726062 
838.0000000 189.1247609 189.1761877 
839.0000000 188.9283423 188.9797691 
840.0000000 188.7319238 188.7833506 
841.0000000 188.5355052 188.5869320 
842.0000000 188.3390867 188.3905135 
843.0000000 188.1426681 188.1940949 
844.0000000 187.9462496 187.9976764 
845.0000000 187.7498310 187.8012578 
846.0000000 187.5534125 187.6048393 
847.0000000 187.3569939 187.4084207 
848.0000000 187.1605754 187.2120022 
849.0000000 186.9641568 187.0155836 
850.0000000 186.7677383 186.8191651 
851.0000000 186.5713197 186.6227465 
852.0000000 186.3749012 186.4263280 
853.0000000 186.1784826 186.2299094 
854.0000000 185.9820641 186.0334909 
855.0000000 185.7856455 185.8370723 
856.0000000 185.5892270 185.6406538 
857.0000000 185.3928084 185.4442352 
858.0000000 185.1963899 185.2478167 
859.0000000 184.9999713 185.0513981 
860.0000000 184.8035528 184.8549796 
861.0000000 184.6071342 184.6585610 
862.0000000 184.4107157 184.4621425 
863.0000000 184.2142971 184.2657239 
864.0000000 184.0178786 184.0693054 
865.0000000 183.8214600 183.8728868 
866.0000000 183.6250415 183.6764683 
867.0000000 183.4286229 183.4800497 
868.0000000 183.2322044 183.2836312 
869.0000000 183.0357858 183.0872126 
870.0000000 182.8393673 182.8907941 
871.0000000 182.6429487 182.6943755 
872.0000000 182.4465302 182.4979570 
873.0000000 182.2501116 182.3015384 
874.0000000 182.0536931 182.1051199 
875.0000000 181.8572745 181.9087013 
876.0000000 181.6608560 181.7122828 
877.0000000 181.4644374 181.5158642 
878.0000000 181.2680189 181.3194457 
879.0000000 181.0716003 181.1230271 
880.0000000 180.8751818 180.9266086 
881.0000000 180.6787632 180.7301900 
882.0000000 180.4823447 180.5337715 
883.0000000 180.2859261 180.3373529 
884.0000000 180.0895076 180.1409344 
885.0000000 179.8930890 179.9445158 
886.0000000 179.6966705 179.7480973 
887.0000000 179.5002519 179.5516787 
888.0000000 179.3038334 179.3552602 
889.0000000 179.1074148 179.1588416 
890.0000000 178.9109963 178.9624231 
891.0000000 178.7145777 178.7660045 
892.0000000 178.5181592 178.5695860 
893.0000000 178.3217406 178.3731674 
894.0000000 178.1253221 178.1767489 
895.0000000 177.9289035 177.9803303 
896.0000000 177.7324850 177.7839118 
897.0000000 177.5360664 177.5874932 
898.0000000 177.3396479 177.3910747 
899.0000000 177.1432293 177.1946561 
900.0000000 176.9468108 176.9982376 
901.0000000 176.7503922 176.8018190 
902.0000000 176.5539737 176.6054005 
903.0000000 176.3575551 176.4089819 
904.0000000 176.1611366 176.2125634 
905.0000000 175.9647180 176.0161448 
906.0000000 175.7682995 175.8197263 
907.0000000 175.5718809 175.6233077 
908.0000000 175.3754624 175.4268892 
909.0000000 175.1790438 175.2304706 
910.0000000 174.9826253 175.0340521 
911.0000000 174.7862067 174.8376335 
912.0000000 174.5897882 174.6412150 
913.0000000 174.3933696 174.4447964 
914.0000000 174.1969511 174.2483779 
915.0000000 174.0005325 174.0519593 
916.0000000 173.8041140 173.8555408 
917.0000000 173.6076954 173.6591222 
918.0000000 173.4112769 173.4627037 
919.0000000 173.2148583 173.2662851 
920.0000000 173.0184398 173.0698666 
921.0000000 172.8220212 172.8734480 
922.0000000 172.6256027 172.6770295 
923.0000000 172.4291841 172.4806109 
924.0000000 172.2327656 172.2841924 
925.0000000 172.0363470 172.0877738 
926.0000000 171.8399285 171.8913553 
927.0000000 171.6435099 171.6949367 
928.0000000 171.4470914 171.4985181 
929.0000000 171.2506728 171.3020996 
930.0000000 171.0542543 171.1056810 
931.0000000 170.8578357 170.9092625 
932.0000000 170.6614172 170.7128439 
933.0000000 170.4649986 170.5164254 
934.0000000 170.2685801 170.3200068 
935.0000000 170.0721615 170.1235883 
936.0000000 169.8757430 169.9271697 
937.0000000 169.6793244 169.7307512 
938.0000000 169.4829059 169.5343326 
939.0000000 169.2864873 169.3379141 
940.0000000 169.0900688 169.1414955 
941.0000000 168.8936502 168.9450770 
942.0000000 168.6972317 168.7486584 
943.0000000 168.5008131 168.5522399 
944.0000000 168.3043946 168.3558213 
945.0000000 168.1079760 168.1594028 
946.0000000 167.9115575 167.9629842 
947.0000000 167.7151389 167.7665657 
948.0000000 167.5187204 167.5701471 
949.0000000 167.3223018 167.3737286 
950.0000000 167.1258832 167.1773100 
951.0000000 166.9294647 166.9808915 
952.0000000 166.7330461 166.7844729 
953.0000000 166.5366276 166.5880544 
954.0000000 166.3402090 166.3916358 
955.0000000 166.1437905 166.1952173 
956.0000000 165.9473719 165.9987987 
957.0000000 165.7509534 165.8023802 
958.0000000 165.5545348 165.6059616 
959.0000000 165.3581163 165.4095431 
960.0000000 165.1616977 165.2131245 
961.0000000 164.9652792 165.0167060 
962.0000000 164.7688606 164.8202874 
963.0000000 164.5724421 164.6238689 
964.0000000 164.3760235 164.4274503 
965.0000000 164.1796050 164.2310318 
966.0000000 163.9831864 164.0346132 
967.0000000 163.7867679 163.8381947 
968.0000000 163.5903493 163.6417761 
969.0000000 163.3939308 163.4453576 
970.0000000 163.1975122 163.2489390 
971.0000000 163.0010937 163.0525205 
972.0000000 162.8046751 162.8561019 
973.0000000 162.6082566 162.6596834 
974.0000000 162.4118380 162.4632648 
975.0000000 162.2154195 162.2668463 
976.0000000 162.0190009 162.0704277 
977.0000000 161.8225824 161.8740092 
978.0000000 161.6261638 161.6775906 
979.0000000 161.4297453 161.4811721 
980.0000000 161.2333267 161.2847535 
981.0000000 161.0369082 161.0883350 
982.0000000 160.8404896 160.8919164 
983.0000000 160.6440711 160.6954979 
984.0000000 160.4476525 160.4990793 
985.0000000 160.2512340 160.3026608 
986.0000000 160.0548154 160.1062422 
987.0000000 159.8583969 159.9098237 
988.0000000 159.6619783 159.7134051 
989.0000000 159.4655598 159.5169866 
990.0000000 159.2691412 159.3205680 
991.0000000 159.0727227 159.1241495 
992.0000000 158.8763041 158.9277309 
993.0000000 158.6798856 158.7313124 
994.0000000 158.4834670 158.5348938 
995.0000000 158.2870485 158.3384753 
996.0000000 158.0906299 158.1420567 
997.0000000 157.8942114 157.9456382 
998.0000000 157.6977928 157.7492196 
999.0000000 157.5013743 157.5528011 
1000.0000000 157.3049557 157.3563825 
1001.0000000 157.1085372 157.1599640 
1002.0000000 156.9121186 156.9635454 
1003.0000000 156.7157001 156.7671269 
1004.0000000 156.5192815 156.5707083 
1005.0000000 156.3228630 156.3742898 
1006.0000000 156.1264444 156.1778712 
1007.0000000 155.9300259 155.9814527 
1008.0000000 155.7336073 155.7850341 
1009.0000000 155.5371888 155.5886156 
1010.0000000 155.3407702 155.3921970 
1011.0000000 155.1443517 155.1957785 
1012.0000000 154.9479331 154.9993599 
1013.0000000 154.7515146 154.8029414 
1014.0000000 154.5550960 154.6065228 
1015.0000000 154.3586775 154.4101043 
1016.0000000 154.1622589 154.2136857 
1017.0000000 153.9658404 154.0172672 
1018.0000000 153.7694218 153.8208486 
1019.0000000 153.5730033 153.6244301 
1020.0000000 153.3765847 153.4280115 
1021.0000000 153.1801662 153.2315930 
1022.0000000 152.9837476 153.0351744 
1023.0000000 152.7873291 152.8387559 
1024.0000000 152.5909105 152.6423373 
1025.0000000 152.3944920 152.4459188 
1026.0000000 152.1980734 152.2495002 
1027.0000000 152.0016549 152.0530817 
1028.0000000 151.8052363 151.8566631 
1029.0000000 151.6088178 151.6602446 
1030.0000000 151.4123992 151.4638260 
1031.0000000 151.2159807 151.2674075 
1032.0000000 151.0195621 151.0709889 
1033.0000000 150.8231436 150.8745704 
1034.0000000 150.6267250 150.6781518 
1035.0000000 150.4303065 150.4817333 
1036.0000000 150.2338879 150.2853147 
1037.0000000 150.0374694 150.0888962 
1038.0000000 149.8410508 149.8924776 
1039.0000000 149.6446323 149.6960591 
1040.0000000 149.4482137 149.4996405 
1041.0000000 149.2517952 149.3032220 
1042.0000000 149.0553766 149.1068034 
1043.0000000 148.8589581 148.9103849 
1044.0000000 148.6625395 148.7139663 
1045.0000000 148.4661210 148.5175478 
1046.0000000 148.2697024 148.3211292 
1047.0000000 148.0732839 148.1247107 
1048.0000000 147.8768653 147.9282921 
1049.0000000 147.6804468 147.7318736 
1050.0000000 147.4840282 147.5354550 
1051.0000000 147.2876097 147.3390365 
1052.0000000 147.0911911 147.1426179 
1053.0000000 146.8947726 146.9461994 
1054.0000000 146.6983540 146.7497808 
1055.0000000 146.5019355 146.5533623 
1056.0000000 146.3055169 146.3569437 
1057.0000000 146.1090984 146.1605252 
1058.0000000 145.9126798 145.9641066 
1059.0000000 145.7162613 145.7676881 
1060.0000000 145.5198427 145.5712695 
1061.0000000 145.3234242 145.3748510 
1062.0000000 145.1270056 145.1784324 
1063.0000000 144.9305871 144.9820139 
1064.0000000 144.7341685 144.7855953 
1065.0000000 144.5377500 144.5891768 
1066.0000000 144.3413314 144.3927582 
1067.0000000 144.1449129 144.1963397 
1068.0000000 143.9484943 143.9999211 
1069.0000000 143.7520758 143.8035026 
1070.0000000 143.5556572 143.6070840 
1071.0000000 143.3592387 143.4106655 
1072.0000000 143.1628201 143.2142469 
1073.0000000 142.9664016 143.0178284 
1074.0000000 142.7699830 142.8214098 
1075.0000000 142.5735645 142.6249913 
1076.0000000 142.3771459 142.4285727 
1077.0000000 142.1807274 142.2321542 
1078.0000000 141.9843088 142.0357356 
1079.0000000 141.7878903 141.8393171 
1080.0000000 141.5914717 141.6428985 
1081.0000000 141.3950532 141.4464799 
1082.0000000 141.1986346 141.2500614 
1083.0000000 141.0022161 141.0536428 
1084.0000000 140.8057975 140.8572243 
1085.0000000 140.6093790 140.6608057 
1086.0000000 140.4129604 140.4643872 
1087.0000000 140.2165419 140.2679686 
1088.0000000 140.0201233 140.0715501 
1089.0000000 139.8237048 139.8751315 
1090.0000000 139.6272862 139.6787130 
1091.0000000 139.4308677 139.4822944 
1092.0000000 139.2344491 139.2858759 
1093.0000000 139.0380306 139.0894573 
1094.0000000 138.8416120 138.8930388 
1095.0000000 138.6451935 138.6966202 
1096.0000000 138.4487749 138.5002017 
1097.0000000 138.2523564 138.3037831 
1098.0000000 138.0559378 138.1073646 
1099.0000000 137.8595193 137.9109460 
1100.0000000 137.6631007 137.7145275 
1101.0000000 137.4666821 137.5181089 
1102.0000000 137.2702636 137.3216904 
1103.0000000 137.0738450 137.1252718 
1104.0000000 136.8774265 136.9288533 
1105.0000000 136.6810079 136.7324347 
1106.0000000 136.4845894 136.5360162 
1107.0000000 136.2881708 136.3395976 
1108.0000000 136.0917523 136.1431791 
1109.0000000 135.8953337 135.9467605 
1110.0000000 135.6989152 135.7503420 
1111.0000000 135.5024966 135.5539234 
1112.0000000 135.3060781 135.3575049 
1113.0000000 135.1096595 135.1610863 
1114.0000000 134.9132410 134.9646678 
1115.0000000 134.7168224 134.7682492 
1116.0000000 134.5204039 134.5718307 
1117.0000000 134.3239853 134.3754121 
1118.0000000 134.1275668 134.1789936 
1119.0000000 133.9311482 133.9825750 
1120.0000000 133.7347297 133.7861565 
1121.0000000 133.5383111 133.5897379 
1122.0000000 133.3418926 133.3933194 
1123.0000000 133.1454740 133.1969008 
1124.0000000 132.9490555 133.0004823 
1125.0000000 132.7526369 132.8040637 
1126.0000000 132.5562184 132.6076452 
1127.0000000 132.3597998 132.4112266 
1128.0000000 132.1633813 132.2148081 
1129.0000000 131.9669627 132.0183895 
1130.0000000 131.7705442 131.8219710 
1131.0000000 131.5741256 131.6255524 
1132.0000000 131.3777071 131.4291339 
1133.0000000 131.1812885 131.2327153 
1134.0000000 130.9848700 131.0362968 
1135.0000000 130.7884514 130.8398782 
1136.0000000 130.5920329 130.6434597 
1137.0000000 130.3956143 130.4470411 
1138.0000000 130.1991958 130.2506226 
1139.0000000 130.0027772 130.0542040 
1140.0000000 129.8063587 129.8577855 
1141.0000000 129.6099401 129.6613669 
1142.0000000 129.4135216 129.4649484 
1143.0000000 129.2171030 129.2685298 
1144.0000000 129.0206845 129.0721113 
1145.0000000 128.8242659 128.8756927 
1146.0000000 128.6278474 128.6792742 
1147.0000000 128.4314288 128.4828556 
1148.0000000 128.2350103 128.2864371 
1149.0000000 128.0385917 128.0900185 
1150.0000000 127.8421732 127.8936000 
1151.0000000 127.6457546 127.6971814 
1152.0000000 127.4493361 127.5007629 
1153.0000000 127.2529175 127.3043443 
1154.0000000 127.0564990 127.1079258 
1155.0000000 126.8600804 126.9115072 
1156.0000000 126.6636619 126.7150887 
1157.0000000 126.4672433 126.5186701 
1158.0000000 126.2708248 126.3222516 
1159.0000000 126.0744062 126.1258330 
1160.0000000 125.8779877 125.9294145 
1161.0000000 125.6815691 125.7329959 
1162.0000000 125.4851506 125.5365774 
1163.0000000 125.2887320 125.3401588 
1164.0000000 125.0923135 125.1437403 
1165.0000000 124.8958949 124.9473217 
1166.0000000 124.6994764 124.7509032 
1167.0000000 124.5030578 124.5544846 
1168.0000000 124.3066393 124.3580661 
1169.0000000 124.1102207 124.1616475 
1170.0000000 123.9138022 123.9652290 
1171.0000000 123.7173836 123.7688104 
1172.0000000 123.5209651 123.5723919 
1173.0000000 123.3245465 123.3759733 
1174.0000000 123.1281280 123.1795548 
1175.0000000 122.9317094 122.9831362 
1176.0000000 122.7352909 122.7867177 
1177.0000000 122.5388723 122.5902991 
1178.0000000 122.3424538 122.3938806 
1179.0000000 122.1460352 122.1974620 
1180.0000000 121.9496167 122.0010435 
1181.0000000 121.7531981 121.8046249 
1182.0000000 121.5567796 121.6082064 
1183.0000000 121.3603610 121.4117878 
1184.0000000 121.1639425 121.2153693 
1185.0000000 120.9675239 121.0189507 
1186.0000000 120.7711054 120.8225322 
1187.0000000 120.5746868 120.6261136 
1188.0000000 120.3782683 120.4296951 
1189.0000000 120.1818497 120.2332765 
1190.0000000 119.9854312 120.0368580 
1191.0000000 119.7890126 119.8404394 
1192.0000000 119.5925941 119.6440209 
1193.0000000 119.3961755 119.4476023 
1194.0000000 119.1997570 119.2511838 
1195.0000000 119.0033384 119.0547652 
1196.0000000 118.8069199 118.8583467 
1197.0000000 118.6105013 118.6619281 
1198.0000000 118.4140828 118.4655096 
1199.0000000 118.2176642 118.2690910 
1200.0000000 118.0212457 118.0726725 
1201.0000000 117.8248271 117.8762539 
1202.0000000 117.6284086 117.6798354 
1203.0000000 117.4319900 117.4834168 
1204.0000000 117.2355715 117.2869983 
1205.0000000 117.0391529 117.0905797 
1206.0000000 116.8427344 116.8941612 
1207.0000000 116.6463158 116.6977426 
1208.0000000 116.4498973 116.5013241 
1209.0000000 116.2534787 116.3049055 
1210.0000000 116.0570602 116.1084870 
1211.0000000 115.8606416 115.9120684 
1212.0000000 115.6642231 115.7156499 
1213.0000000 115.4678045 115.5192313 
1214.0000000 115.2713860 115.3228128 
1215.0000000 115.0749674 115.1263942 
1216.0000000 114.8785489 114.9299757 
1217.0000000 114.6821303 114.7335571 
1218.0000000 114.4857118 114.5371386 
1219.0000000 114.2892932 114.3407200 
1220.0000000 114.0928747 114.1443015 
1221.0000000 113.8964561 113.9478829 
1222.0000000 113.7000376 113.7514644 
1223.0000000 113.5036190 113.5550458 
1224.0000000 113.3072005 113.3586273 
1225.0000000 113.1107819 113.1622087 
1226.0000000 112.9143634 112.9657902 
1227.0000000 112.7179448 112.7693716 
1228.0000000 112.5215263 112.5729531 
1229.0000000 112.3251077 112.3765345 
1230.0000000 112.1286892 112.1801160 
1231.0000000 111.9322706 111.9836974 
1232.0000000 111.7358521 111.7872788 
1233.0000000 111.5394335 111.5908603 
1234.0000000 111.3430150 111.3944417 
1235.0000000 111.1465964 111.1980232 
1236.0000000 110.9501779 111.0016046 
1237.0000000 110.7537593 110.8051861 
1238.0000000 110.5573408 110.6087675 
1239.0000000 110.3609222 110.4123490 
1240.0000000 110.1645037 110.2159304 
1241.0000000 109.9680851 110.0195119 
1242.0000000 109.7716666 109.8230933 
1243.0000000 109.5752480 109.6266748 
1244.0000000 109.3788295 109.4302562 
1245.0000000 109.1824109 109.2338377 
1246.0000000 108.9859924 109.0374191 
1247.0000000 108.7895738 108.8410006 
1248.0000000 108.5931553 108.6445820 
1249.0000000 108.3967367 108.4481635 
1250.0000000 108.2003182 108.2517449 
1251.0000000 108.0038996 108.0553264 
1252.0000000 107.8074811 107.8589078 
1253.0000000 107.6110625 107.6624893 
1254.0000000 107.4146439 107.4660707 
1255.0000000 107.2182254 107.2696522 
1256.0000000 107.0218068 107.0732336 
1257.0000000 106.8253883 106.8768151 
1258.0000000 106.6289697 106.6803965 
1259.0000000 106.4325512 106.4839780 
1260.0000000 106.2361326 106.2875594 
1261.0000000 106.0397141 106.0911409 
1262.0000000 105.8432955 105.8947223 
1263.0000000 105.6468770 105.6983038 
1264.0000000 105.4504584 105.5018852 
1265.0000000 105.2540399 105.3054667 
1266.0000000 105.0576213 105.1090481 
1267.0000000 104.8612028 104.9126296 
1268.0000000 104.6647842 104.7162110 
1269.0000000 104.4683657 104.5197925 
1270.0000000 104.2719471 104.3233739 
1271.0000000 104.0755286 104.1269554 
1272.0000000 103.8791100 103.9305368 
1273.0000000 103.6826915 103.7341183 
1274.0000000 103.4862729 103.5376997 
1275.0000000 103.2898544 103.3412812 
1276.0000000 103.0934358 103.1448626 
1277.0000000 102.8970173 102.9484441 
1278.0000000 102.7005987 102.7520255 
1279.0000000 102.5041802 102.5556070 
1280.0000000 102.3077616 102.3591884 
1281.0000000 102.1113431 102.1627699 
1282.0000000 101.9149245 101.9663513 
1283.0000000 101.7185060 101.7699328 
1284.0000000 101.5220874 101.5735142 
1285.0000000 101.3256689 101.3770957 
1286.0000000 101.1292503 101.1806771 
1287.0000000 100.9328318 100.9842586 
1288.0000000 100.7364132 100.7878400 
1289.0000000 100.5399947 100.5914215 
1290.0000000 100.3435761 100.3950029 
1291.0000000 100.1471576 100.1985844 
1292.0000000 99.9507390 100.0021658 
1293.0000000 99.7543205 99.8057473 
1294.0000000 99.5579019 99.6093287 
1295.0000000 99.3614834 99.4129102 
1296.0000000 99.1650648 99.2164916 
1297.0000000 98.9686463 99.0200731 
1298.0000000 98.7722277 98.8236545 
1299.0000000 98.5758092 98.6272360 
1300.0000000 98.3793906 98.4308174 
1301.0000000 98.1829721 98.2343989 
1302.0000000 97.9865535 98.0379803 
1303.0000000 97.7901350 97.8415618 
1304.0000000 97.5937164 97.6451432 
1305.0000000 97.3972979 97.4487247 
1306.0000000 97.2008793 97.2523061 
1307.0000000 97.0044608 97.0558876 
1308.0000000 96.8080422 96.8594690 
1309.0000000 96.6116237 96.6630505 
1310.0000000 96.4152051 96.4666319 
1311.0000000 96.2187866 96.2702134 
1312.0000000 96.0223680 96.0737948 
1313.0000000 95.8259495 95.8773763 
1314.0000000 95.6295309 95.6809577 
1315.0000000 95.4331124 95.4845392 
1316.0000000 95.2366938 95.2881206 
1317.0000000 95.0402753 95.0917021 
1318.0000000 94.8438567 94.8952835 
1319.0000000 94.6474382 94.6988650 
1320.0000000 94.4510196 94.5024464 
1321.0000000 94.2546011 94.3060279 
1322.0000000 94.0581825 94.1096093 
1323.0000000 93.8617640 93.9131908 
1324.0000000 93.6653454 93.7167722 
1325.0000000 93.4689269 93.5203537 
1326.0000000 93.2725083 93.3239351 
1327.0000000 93.0760898 93.1275166 
1328.0000000 92.8796712 92.9310980 
1329.0000000 92.6832527 92.7346795 
1330.0000000 92.4868341 92.5382609 
1331.0000000 92.2904156 92.3418424 
1332.0000000 92.0939970 92.1454238 
1333.0000000 91.8975785 91.9490053 
1334.0000000 91.7011599 91.7525867 
1335.0000000 91.5047414 91.5561682 
1336.0000000 91.3083228 91.3597496 
1337.0000000 91.1119043 91.1633311 
1338.0000000 90.9154857 90.9669125 
1339.0000000 90.7190672 90.7704940 
1340.0000000 90.5226486 90.5740754 
1341.0000000 90.3262301 90.3776569 
1342.0000000 90.1298115 90.1812383 
1343.0000000 89.9333930 89.9848198 
1344.0000000 89.7369744 89.7884012 
1345.0000000 89.5405559 89.5919827 
1346.0000000 89.3441373 89.3955641 
1347.0000000 89.1477188 89.1991456 
1348.0000000 88.9513002 89.0027270 
1349.0000000 88.7548817 88.8063085 
1350.0000000 88.5584631 88.6098899 
1351.0000000 88.3620446 88.4134714 
1352.0000000 88.1656260 88.2170528 
1353.0000000 87.9692075 88.0206343 
1354.0000000 87.7727889 87.8242157 
1355.0000000 87.5763704 87.6277972 
1356.0000000 87.3799518 87.4313786 
1357.0000000 87.1835333 87.2349601 
1358.0000000 86.9871147 87.0385415 
1359.0000000 86.7906962 86.8421230 
1360.0000000 86.5942776 86.6457044 
1361.0000000 86.3978591 86.4492859 
1362.0000000 86.2014405 86.2528673 
1363.0000000 86.0050220 86.0564488 
1364.0000000 85.8086034 85.8600302 
1365.0000000 85.6121849 85.6636117 
1366.0000000 85.4157663 85.4671931 
1367.0000000 85.2193478 85.2707746 
1368.0000000 85.0229292 85.0743560 
1369.0000000 84.8265107 84.8779375 
1370.0000000 84.6300921 84.6815189 
1371.0000000 84.4336736 84.4851004 
1372.0000000 84.2372550 84.2886818 
1373.0000000 84.0408365 84.0922633 
1374.0000000 83.8444179 83.8958447 
1375.0000000 83.6479994 83.6994262 
1376.0000000 83.4515808 83.5030076 
1377.0000000 83.2551623 83.3065891 
1378.0000000 83.0587437 83.1101705 
1379.0000000 82.8623252 82.9137520 
1380.0000000 82.6659066 82.7173334 
1381.0000000 82.4694881 82.5209149 
1382.0000000 82.2730695 82.3244963 
1383.0000000 82.0766510 82.1280777 
1384.0000000 81.8802324 81.9316592 
1385.0000000 81.6838139 81.7352406 
1386.0000000 81.4873953 81.5388221 
1387.0000000 81.2909768 81.3424035 
1388.0000000 81.0945582 81.1459850 
1389.0000000 80.8981397 80.9495664 
1390.0000000 80.7017211 80.7531479 
1391.0000000 80.5053026 80.5567293 
1392.0000000 80.3088840 80.3603108 
1393.0000000 80.1124655 80.1638922 
1394.0000000 79.9160469 79.9674737 
1395.0000000 79.7196284 79.7710551 
1396.0000000 79.5232098 79.5746366 
1397.0000000 79.3267913 79.3782180 
1398.0000000 79.1303727 79.1817995 
1399.0000000 78.9339542 78.9853809 
1400.0000000 78.7375356 78.7889624 
1401.0000000 78.5411171 78.5925438 
1402.0000000 78.3446985 78.3961253 
1403.0000000 78.1482800 78.1997067 
1404.0000000 77.9518614 78.0032882 
1405.0000000 77.7554428 77.8068696 
1406.0000000 77.5590243 77.6104511 
1407.0000000 77.3626057 77.4140325 
1408.0000000 77.1661872 77.2176140 
1409.0000000 76.9697686 77.0211954 
1410.0000000 76.7733501 76.8247769 
1411.0000000 76.5769315 76.6283583 
1412.0000000 76.3805130 76.4319398 
1413.0000000 76.1840944 76.2355212 
1414.0000000 75.9876759 76.0391027 
1415.0000000 75.7912573 75.8426841 
1416.0000000 75.5948388 75.6462656 
1417.0000000 75.3984202 75.4498470 
1418.0000000 75.2020017 75.2534285 
1419.0000000 75.0055831 75.0570099 
1420.0000000 74.8091646 74.8605914 
1421.0000000 74.6127460 74.6641728 
1422.0000000 74.4163275 74.4677543 
1423.0000000 74.2199089 74.2713357 
1424.0000000 74.0234904 74.0749172 
1425.0000000 73.8270718 73.8784986 
1426.0000000 73.6306533 73.6820801 
1427.0000000 73.4342347 73.4856615 
1428.0000000 73.2378162 73.2892430 
1429.0000000 73.0413976 73.0928244 
1430.0000000 72.8449791 72.8964059 
1431.0000000 72.6485605 72.6999873 
1432.0000000 72.4521420 72.5035688 
1433.0000000 72.2557234 72.3071502 
1434.0000000 72.0593049 72.1107317 
1435.0000000 71.8628863 71.9143131 
1436.0000000 71.6664678 71.7178946 
1437.0000000 71.4700492 71.5214760 
1438.0000000 71.2736307 71.3250575 
1439.0000000 71.0772121 71.1286389 
1440.0000000 70.8807936 70.9322204 
1441.0000000 70.6843750 70.7358018 
1442.0000000 70.4879565 70.5393833 
1443.0000000 70.2915379 70.3429647 
1444.0000000 70.0951194 70.1465462 
1445.0000000 69.8987008 69.9501276 
1446.0000000 69.7022823 69.7537091 
1447.0000000 69.5058637 69.5572905 
1448.0000000 69.3094452 69.3608720 
1449.0000000 69.1130266 69.1644534 
1450.0000000 68.9166081 68.9680349 
1451.0000000 68.7201895 68.7716163 
1452.0000000 68.5237710 68.5751978 
1453.0000000 68.3273524 68.3787792 
1454.0000000 68.1309339 68.1823607 
1455.0000000 67.9345153 67.9859421 
1456.0000000 67.7380968 67.7895236 
1457.0000000 67.5416782 67.5931050 
1458.0000000 67.3452597 67.3966865 
1459.0000000 67.1488411 67.2002679 
1460.0000000 66.9524226 67.0038494 
1461.0000000 66.7560040 66.8074308 
1462.0000000 66.5595855 66.6110123 
1463.0000000 66.3631669 66.4145937 
1464.0000000 66.1667484 66.2181752 
1465.0000000 65.9703298 66.0217566 
1466.0000000 65.7739113 65.8253381 
1467.0000000 65.5774927 65.6289195 
1468.0000000 65.3810742 65.4325010 
1469.0000000 65.1846556 65.2360824 
1470.0000000 64.9882371 65.0396639 
1471.0000000 64.7918185 64.8432453 
1472.0000000 64.5954000 64.6468268 
1473.0000000 64.3989814 64.4504082 
1474.0000000 64.2025629 64.2539897 
1475.0000000 64.0061443 64.0575711 
1476.0000000 63.8097258 63.8611526 
1477.0000000 63.6133072 63.6647340 
1478.0000000 63.4168887 63.4683155 
1479.0000000 63.2204701 63.2718969 
1480.0000000 63.0240516 63.0754784 
1481.0000000 62.8276330 62.8790598 
1482.0000000 62.6312145 62.6826413 
1483.0000000 62.4347959 62.4862227 
1484.0000000 62.2383774 62.2898042 
1485.0000000 62.0419588 62.0933856 
1486.0000000 61.8455403 61.8969671 
1487.0000000 61.6491217 61.7005485 
1488.0000000 61.4527032 61.5041300 
1489.0000000 61.2562846 61.3077114 
1490.0000000 61.0598661 61.1112929 
1491.0000000 60.8634475 60.9148743 
1492.0000000 60.6670290 60.7184558 
1493.0000000 60.4706104 60.5220372 
1494.0000000 60.2741919 60.3256187 
1495.0000000 60.0777733 60.1292001 
1496.0000000 59.8813548 59.9327816 
1497.0000000 59.6849362 59.7363630 
1498.0000000 59.4885177 59.5399445 
1499.0000000 59.2920991 59.3435259 
1500.0000000 59.0956806 59.1471074 
1501.0000000 58.8992620 58.9506888 
1502.0000000 58.7028435 58.7542703 
1503.0000000 58.5064249 58.5578517 
1504.0000000 58.3100064 58.3614332 
1505.0000000 58.1135878 58.1650146 
1506.0000000 57.9171693 57.9685961 
1507.0000000 57.7207507 57.7721775 
1508.0000000 57.5243322 57.5757590 
1509.0000000 57.3279136 57.3793404 
1510.0000000 57.1314951 57.1829219 
1511.0000000 56.9350765 56.9865033 
1512.0000000 56.7386580 56.7900848 
1513.0000000 56.5422394 56.5936662 
1514.0000000 56.3458209 56.3972477 
1515.0000000 56.1494023 56.2008291 
1516.0000000 55.9529838 56.0044106 
1517.0000000 55.7565652 55.8079920 
1518.0000000 55.5601467 55.6115735 
1519.0000000 55.3637281 55.4151549 
1520.0000000 55.1673096 55.2187364 
1521.0000000 54.9708910 55.0223178 
1522.0000000 54.7744725 54.8258993 
1523.0000000 54.5780539 54.6294807 
1524.0000000 54.3816354 54.4330622 
1525.0000000 54.1852168 54.2366436 
1526.0000000 53.9887983 54.0402251 
1527.0000000 53.7923797 53.8438065 
1528.0000000 53.5959612 53.6473880 
1529.0000000 53.3995426 53.4509694 
1530.0000000 53.2031241 53.2545509 
1531.0000000 53.0067055 53.0581323 
1532.0000000 52.8102870 52.8617138 
1533.0000000 52.6138684 52.6652952 
1534.0000000 52.4174499 52.4688767 
1535.0000000 52.2210313 52.2724581 
1536.0000000 52.0246128 52.0760395 
1537.0000000 51.8281942 51.8796210 
1538.0000000 51.6317757 51.6832024 
1539.0000000 51.4353571 51.4867839 
1540.0000000 51.2389386 51.2903653 
1541.0000000 51.0425200 51.0939468 
1542.0000000 50.8461015 50.8975282 
1543.0000000 50.6496829 50.7011097 
1544.0000000 50.4532644 50.5046911 
1545.0000000 50.2568458 50.3082726 
1546.0000000 50.0604273 50.1118540 
1547.0000000 49.8640087 49.9154355 
1548.0000000 49.6675902 49.7190169 
1549.0000000 49.4711716 49.5225984 
1550.0000000 49.2747531 49.3261798 
1551.0000000 49.0783345 49.1297613 
1552.0000000 48.8819160 48.9333427 
1553.0000000 48.6854974 48.7369242 
1554.0000000 48.4890789 48.5405056 
1555.0000000 48.2926603 48.3440871 
1556.0000000 48.0962418 48.1476685 
1557.0000000 47.8998232 47.9512500 
1558.0000000 47.7034046 47.7548314 
1559.0000000 47.5069861 47.5584129 
1560.0000000 47.3105675 47.3619943 
1561.0000000 47.1141490 47.1655758 
1562.0000000 46.9177304 46.9691572 
1563.0000000 46.7213119 46.7727387 
1564.0000000 46.5248933 46.5763201 
1565.0000000 46.3284748 46.3799016 
1566.0000000 46.1320562 46.1834830 
1567.0000000 45.9356377 45.9870645 
1568.0000000 45.7392191 45.7906459 
1569.0000000 45.5428006 45.5942274 
1570.0000000 45.3463820 45.3978088 
1571.0000000 45.1499635 45.2013903 
1572.0000000 44.9535449 45.0049717 
1573.0000000 44.7571264 44.8085532 
1574.0000000 44.5607078 44.6121346 
1575.0000000 44.3642893 44.4157161 
1576.0000000 44.1678707 44.2192975 
1577.0000000 43.9714522 44.0228790 
1578.0000000 43.7750336 43.8264604 
1579.0000000 43.5786151 43.6300419 
1580.0000000 43.3821965 43.4336233 
1581.0000000 43.1857780 43.2372048 
1582.0000000 42.9893594 43.0407862 
1583.0000000 42.7929409 42.8443677 
1584.0000000 42.5965223 42.6479491 
1585.0000000 42.4001038 42.4515306 
1586.0000000 42.2036852 42.2551120 
1587.0000000 42.0072667 42.0586935 
1588.0000000 41.8108481 41.8622749 
1589.0000000 41.6144296 41.6658564 
1590.0000000 41.4180110 41.4694378 
1591.0000000 41.2215925 41.2730193 
1592.0000000 41.0251739 41.0766007 
1593.0000000 40.8287554 40.8801822 
1594.0000000 40.6323368 40.6837636 
1595.0000000 40.4359183 40.4873451 
1596.0000000 40.2394997 40.2909265 
1597.0000000 40.0430812 40.0945080 
1598.0000000 39.8466626 39.8980894 
1599.0000000 39.6502441 39.7016709 
1600.0000000 39.4538255 39.5052523 
1601.0000000 39.2574070 39.3088338 
1602.0000000 39.0609884 39.1124152 
1603.0000000 38.8645699 38.9159967 
1604.0000000 38.6681513 38.7195781 
1605.0000000 38.4717328 38.5231596 
1606.0000000 38.2753142 38.3267410 
1607.0000000 38.0788957 38.1303225 
1608.0000000 37.8824771 37.9339039 
1609.0000000 37.6860586 37.7374854 
1610.0000000 37.4896400 37.5410668 
1611.0000000 37.2932215 37.3446483 
1612.0000000 37.0968029 37.1482297 
1613.0000000 36.9003844 36.9518112 
1614.0000000 36.7039658 36.7553926 
1615.0000000 36.5075473 36.5589741 
1616.0000000 36.3111287 36.3625555 
1617.0000000 36.1147102 36.1661370 
1618.0000000 35.9182916 35.9697184 
1619.0000000 35.7218731 35.7732999 
1620.0000000 35.5254545 35.5768813 
1621.0000000 35.3290360 35.3804628 
1622.0000000 35.1326174 35.1840442 
1623.0000000 34.9361989 34.9876257 
1624.0000000 34.7397803 34.7912071 
1625.0000000 34.5433618 34.5947886 
1626.0000000 34.3469432 34.3983700 
1627.0000000 34.1505247 34.2019515 
1628.0000000 33.9541061 34.0055329 
1629.0000000 33.7576876 33.8091144 
1630.0000000 33.5612690 33.6126958 
1631.0000000 33.3648505 33.4162773 
1632.0000000 33.1684319 33.2198587 
1633.0000000 32.9720134 33.0234402 
1634.0000000 32.7755948 32.8270216 
1635.0000000 32.5791763 32.6306031 
1636.0000000 32.3827577 32.4341845 
1637.0000000 32.1863392 32.2377660 
1638.0000000 31.9899206 32.0413474 
1639.0000000 31.7935021 31.8449289 
1640.0000000 31.5970835 31.6485103 
1641.0000000 31.4006650 31.4520918 
1642.0000000 31.2042464 31.2556732 
1643.0000000 31.0078279 31.0592547 
1644.0000000 30.8114093 30.8628361 
1645.0000000 30.6149908 30.6664176 
1646.0000000 30.4185722 30.4699990 
1647.0000000 30.2221537 30.2735805 
1648.0000000 30.0257351 30.0771619 
1649.0000000 29.8293166 29.8807434 
1650.0000000 29.6328980 29.6843248 
1651.0000000 29.4364795 29.4879063 
1652.0000000 29.2400609 29.2914877 
1653.0000000 29.0436424 29.0950692 
1654.0000000 28.8472238 28.8986506 
1655.0000000 28.6508053 28.7022321 
1656.0000000 28.4543867 28.5058135 
1657.0000000 28.2579682 28.3093950 
1658.0000000 28.0615496 28.1129764 
1659.0000000 27.8651311 27.9165579 
1660.0000000 27.6687125 27.7201393 
1661.0000000 27.4722940 27.5237208 
1662.0000000 27.2758754 27.3273022 
1663.0000000 27.0794569 27.1308837 
1664.0000000 26.8830383 26.9344651 
1665.0000000 26.6866198 26.7380466 
1666.0000000 26.4902012 26.5416280 
1667.0000000 26.2937827 26.3452095 
1668.0000000 26.0973641 26.1487909 
1669.0000000 25.9009456 25.9523724 
1670.0000000 25.7045270 25.7559538 
1671.0000000 25.5081085 25.5595353 
1672.0000000 25.3116899 25.3631167 
1673.0000000 25.1152714 25.1666982 
1674.0000000 24.9188528 24.9702796 
1675.0000000 24.7224343 24.7738611 
1676.0000000 24.5260157 24.5774425 
1677.0000000 24.3295972 24.3810240 
1678.0000000 24.1331786 24.1846054 
1679.0000000 23.9367601 23.9881869 
1680.0000000 23.7403415 23.7917683 
1681.0000000 23.5439230 23.5953498 
1682.0000000 23.3475044 23.3989312 
1683.0000000 23.1510859 23.2025127 
1684.0000000 22.9546673 23.0060941 
1685.0000000 22.7582488 22.8096756 
1686.0000000 22.5618302 22.6132570 
1687.0000000 22.3654117 22.4168384 
1688.0000000 22.1689931 22.2204199 
1689.0000000 21.9725746 22.0240013 
1690.0000000 21.7761560 21.8275828 
1691.0000000 21.5797375 21.6311642 
1692.0000000 21.3833189 21.4347457 
1693.0000000 21.1869004 21.2383271 
1694.0000000 20.9904818 21.0419086 
1695.0000000 20.7940633 20.8454900 
1696.0000000 20.5976447 20.6490715 
1697.0000000 20.4012262 20.4526529 
1698.0000000 20.2048076 20.2562344 
1699.0000000 20.0083891 20.0598158 
1700.0000000 19.8119705 19.8633973 
1701.0000000 19.6155520 19.6669787 
1702.0000000 19.4191334 19.4705602 
1703.0000000 19.2227149 19.2741416 
1704.0000000 19.0262963 19.0777231 
1705.0000000 18.8298778 18.8813045 
1706.0000000 18.6334592 18.6848860 
1707.0000000 18.4370407 18.4884674 
1708.0000000 18.2406221 18.2920489 
1709.0000000 18.0442035 18.0956303 
1710.0000000 17.8477850 17.8992118 
1711.0000000 17.6513664 17.7027932 
1712.0000000 17.4549479 17.5063747 
1713.0000000 17.2585293 17.3099561 
1714.0000000 17.0621108 17.1135376 
1715.0000000 16.8656922 16.9171190 
1716.0000000 16.6692737 16.7207005 
1717.0000000 16.4728551 16.5242819 
1718.0000000 16.2764366 16.3278634 
1719.0000000 16.0800180 16.1314448 
1720.0000000 15.8835995 15.9350263 
1721.0000000 15.6871809 15.7386077 
1722.0000000 15.4907624 15.5421892 
1723.0000000 15.2943438 15.3457706 
1724.0000000 15.0979253 15.1493521 
1725.0000000 14.9015067 14.9529335 
1726.0000000 14.7050882 14.7565150 
1727.0000000 14.5086696 14.5600964 
1728.0000000 14.3122511 14.3636779 
1729.0000000 14.1158325 14.1672593 
1730.0000000 13.9194140 13.9708408 
1731.0000000 13.7229954 13.7744222 
1732.0000000 13.5265769 13.5780037 
1733.0000000 13.3301583 13.3815851 
1734.0000000 13.1337398 13.1851666 
1735.0000000 12.9373212 12.9887480 
1736.0000000 12.7409027 12.7923295 
1737.0000000 12.5444841 12.5959109 
1738.0000000 12.3480656 12.3994924 
1739.0000000 12.1516470 12.2030738 
1740.0000000 11.9552285 12.0066553 
1741.0000000 11.7588099 11.8102367 
1742.0000000 11.5623914 11.6138182 
1743.0000000 11.3659728 11.4173996 
1744.0000000 11.1695543 11.2209811 
1745.0000000 10.9731357 11.0245625 
1746.0000000 10.7767172 10.8281440 
1747.0000000 10.5802986 10.6317254 
1748.0000000 10.3838801 10.4353069 
1749.0000000 10.1874615 10.2388883 
1750.0000000 9.9910430 10.0424698 
1751.0000000 9.7946244 9.8460512 
1752.0000000 9.5982059 9.6496327 
1753.0000000 9.4017873 9.4532141 
1754.0000000 9.2053688 9.2567956 
1755.0000000 9.0089502 9.0603770 
1756.0000000 8.8125317 8.8639585 
1757.0000000 8.6161131 8.6675399 
1758.0000000 8.4196946 8.4711214 
1759.0000000 8.2232760 8.2747028 
1760.0000000 8.0268575 8.0782843 
1761.0000000 7.8304389 7.8818657 
1762.0000000 7.6340204 7.6854472 
1763.0000000 7.4376018 7.4890286 
1764.0000000 7.2411833 7.2926101 
1765.0000000 7.0447647 7.0961915 
1766.0000000 6.8483462 6.8997730 
1767.0000000 6.6519276 6.7033544 
1768.0000000 6.4555091 6.5069359 
1769.0000000 6.2590905 6.3105173 
1770.0000000 6.0626720 6.1140988 
1771.0000000 5.8662534 5.9176802 
1772.0000000 5.6698349 5.7212617 
1773.0000000 5.4734163 5.5248431 
1774.0000000 5.2769978 5.3284246 
1775.0000000 5.0805792 5.1320060 
1776.0000000 4.8841607 4.9355875 
1777.0000000 4.6877421 4.7391689 
1778.0000000 4.4913236 4.5427504 
1779.0000000 4.2949050 4.3463318 
1780.0000000 4.0984865 4.1499133 
1781.0000000 3.9020679 3.9534947 
1782.0000000 3.7056494 3.7570762 
1783.0000000 3.5092308 3.5606576 
1784.0000000 3.3128123 3.3642391 
1785.0000000 3.1163937 3.1678205 
1786.0000000 2.9199752 2.9714020 
1787.0000000 2.7235566 2.7749834 
1788.0000000 2.5271381 2.5785649 
1789.0000000 2.3307195 2.3821463 
1790.0000000 2.1343010 2.1857278 
1791.0000000 1.9378824 1.9893092 
1792.0000000 1.7414639 1.7928907 
1793.0000000 1.5450453 1.5964721 
1794.0000000 1.3486268 1.4000536 
1795.0000000 1.1522082 1.2036350 
1796.0000000 0.9557897 1.0072165 
1797.0000000 0.7593711 0.8107979 
1798.0000000 0.5629526 0.6143794 
1799.0000000 0.3665340 0.4179608 
1800.0000000 0.1701155 0.2215423 

