1.0000000 353.6392678 353.6085331 
2.0000000 353.4428492 353.4121146 
3.0000000 353.2464307 353.2156960 
4.0000000 353.0500121 353.0192775 
5.0000000 352.8535936 352.8228589 
6.0000000 352.6571750 352.6264404 
7.0000000 352.4607565 352.4300218 
8.0000000 352.2643379 352.2336033 
9.0000000 352.0679194 352.0371847 
10.0000000 351.8715008 351.8407662 
11.0000000 351.6750823 351.6443476 
12.0000000 351.4786637 351.4479291 
13.0000000 351.2822452 351.2515105 
14.0000000 351.0858266 351.0550920 
15.0000000 350.8894081 350.8586734 
16.0000000 350.6929895 350.6622549 
17.0000000 350.4965710 350.4658363 
18.0000000 350.3001524 350.2694178 
19.0000000 350.1037339 350.0729992 
20.0000000 349.9073153 349.8765807 
21.0000000 349.7108968 349.6801621 
22.0000000 349.5144782 349.4837436 
23.0000000 349.3180597 349.2873250 
24.0000000 349.1216411 349.0909065 
25.0000000 348.9252226 348.8944879 
26.0000000 348.7288040 348.6980694 
27.0000000 348.5323855 348.5016508 
28.0000000 348.3359669 348.3052323 
29.0000000 348.1395484 348.1088137 
30.0000000 347.9431298 347.9123952 
31.0000000 347.7467113 347.7159766 
32.0000000 347.5502927 347.5195581 
33.0000000 347.3538742 347.3231395 
34.0000000 347.1574556 347.1267210 
35.0000000 346.9610371 346.9303024 
36.0000000 346.7646185 346.7338839 
37.0000000 346.5682000 346.5374653 
38.0000000 346.3717814 346.3410468 
39.0000000 346.1753629 346.1446282 
40.0000000 345.9789443 345.9482097 
41.0000000 345.7825258 345.7517911 
42.0000000 345.5861072 345.5553726 
43.0000000 345.3896887 345.3589540 
44.0000000 345.1932701 345.1625355 
45.0000000 344.9968516 344.9661169 
46.0000000 344.8004330 344.7696984 
47.0000000 344.6040145 344.5732798 
48.0000000 344.4075959 344.3768613 
49.0000000 344.2111774 344.1804427 
50.0000000 344.0147588 343.9840242 
51.0000000 343.8183403 343.7876056 
52.0000000 343.6219217 343.5911871 
53.0000000 343.4255032 343.3947685 
54.0000000 343.2290846 343.1983500 
55.0000000 343.0326661 343.0019314 
56.0000000 342.8362475 342.8055129 
57.0000000 342.6398290 342.6090943 
58.0000000 342.4434104 342.4126758 
59.0000000 342.2469919 342.2162572 
60.0000000 342.0505733 342.0198387 
61.0000000 341.8541548 341.8234201 
62.0000000 341.6577362 341.6270016 
63.0000000 341.4613177 341.4305830 
64.0000000 341.2648991 341.2341645 
65.0000000 341.0684806 341.0377459 
66.0000000 340.8720620 340.8413274 
67.0000000 340.6756435 340.6449088 
68.0000000 340.4792249 340.4484903 
69.0000000 340.2828064 340.2520717 
70.0000000 340.0863878 340.0556532 
71.0000000 339.8899693 339.8592346 
72.0000000 339.6935507 339.6628161 
73.0000000 339.4971322 339.4663975 
74.0000000 339.3007136 339.2699790 
75.0000000 339.1042951 339.0735604 
76.0000000 338.9078765 338.8771419 
77.0000000 338.7114580 338.6807233 
78.0000000 338.5150394 338.4843048 
79.0000000 338.3186209 338.2878862 
80.0000000 338.1222023 338.0914677 
81.0000000 337.9257838 337.8950491 
82.0000000 337.7293652 337.6986306 
83.0000000 337.5329467 337.5022120 
84.0000000 337.3365281 337.3057935 
85.0000000 337.1401096 337.1093749 
86.0000000 336.9436910 336.9129564 
87.0000000 336.7472725 336.7165378 
88.0000000 336.5508539 336.5201193 
89.0000000 336.3544354 336.3237007 
90.0000000 336.1580168 336.1272821 
91.0000000 335.9615983 335.9308636 
92.0000000 335.7651797 335.7344450 
93.0000000 335.5687612 335.5380265 
94.0000000 335.3723426 335.3416079 
95.0000000 335.1759241 335.1451894 
96.0000000 334.9795055 334.9487708 
97.0000000 334.7830870 334.7523523 
98.0000000 334.5866684 334.5559337 
99.0000000 334.3902499 334.3595152 
100.0000000 334.1938313 334.1630966 
101.0000000 333.9974128 333.9666781 
102.0000000 333.8009942 333.7702595 
103.0000000 333.6045757 333.5738410 
104.0000000 333.4081571 333.3774224 
105.0000000 333.2117386 333.1810039 
106.0000000 333.0153200 332.9845853 
107.0000000 332.8189015 332.7881668 
108.0000000 332.6224829 332.5917482 
109.0000000 332.4260644 332.3953297 
110.0000000 332.2296458 332.1989111 
111.0000000 332.0332273 332.0024926 
112.0000000 331.8368087 331.8060740 
113.0000000 331.6403902 331.6096555 
114.0000000 331.4439716 331.4132369 
115.0000000 331.2475530 331.2168184 
116.0000000 331.0511345 331.0203998 
117.0000000 330.8547159 330.8239813 
118.0000000 330.6582974 330.6275627 
119.0000000 330.4618788 330.4311442 
120.0000000 330.2654603 330.2347256 
121.0000000 330.0690417 330.0383071 
122.0000000 329.8726232 329.8418885 
123.0000000 329.6762046 329.6454700 
124.0000000 329.4797861 329.4490514 
125.0000000 329.2833675 329.2526329 
126.0000000 329.0869490 329.0562143 
127.0000000 328.8905304 328.8597958 
128.0000000 328.6941119 328.6633772 
129.0000000 328.4976933 328.4669587 
130.0000000 328.3012748 328.2705401 
131.0000000 328.1048562 328.0741216 
132.0000000 327.9084377 327.8777030 
133.0000000 327.7120191 327.6812845 
134.0000000 327.5156006 327.4848659 
135.0000000 327.3191820 327.2884474 
136.0000000 327.1227635 327.0920288 
137.0000000 326.9263449 326.8956103 
138.0000000 326.7299264 326.6991917 
139.0000000 326.5335078 326.5027732 
140.0000000 326.3370893 326.3063546 
141.0000000 326.1406707 326.1099361 
142.0000000 325.9442522 325.9135175 
143.0000000 325.7478336 325.7170990 
144.0000000 325.5514151 325.5206804 
145.0000000 325.3549965 325.3242619 
146.0000000 325.1585780 325.1278433 
147.0000000 324.9621594 324.9314248 
148.0000000 324.7657409 324.7350062 
149.0000000 324.5693223 324.5385877 
150.0000000 324.3729038 324.3421691 
151.0000000 324.1764852 324.1457506 
152.0000000 323.9800667 323.9493320 
153.0000000 323.7836481 323.7529135 
154.0000000 323.5872296 323.5564949 
155.0000000 323.3908110 323.3600764 
156.0000000 323.1943925 323.1636578 
157.0000000 322.9979739 322.9672393 
158.0000000 322.8015554 322.7708207 
159.0000000 322.6051368 322.5744022 
160.0000000 322.4087183 322.3779836 
161.0000000 322.2122997 322.1815651 
162.0000000 322.0158812 321.9851465 
163.0000000 321.8194626 321.7887280 
164.0000000 321.6230441 321.5923094 
165.0000000 321.4266255 321.3958909 
166.0000000 321.2302070 321.1994723 
167.0000000 321.0337884 321.0030538 
168.0000000 320.8373699 320.8066352 
169.0000000 320.6409513 320.6102167 
170.0000000 320.4445328 320.4137981 
171.0000000 320.2481142 320.2173796 
172.0000000 320.0516957 320.0209610 
173.0000000 319.8552771 319.8245425 
174.0000000 319.6588586 319.6281239 
175.0000000 319.4624400 319.4317054 
176.0000000 319.2660215 319.2352868 
177.0000000 319.0696029 319.0388683 
178.0000000 318.8731844 318.8424497 
179.0000000 318.6767658 318.6460312 
180.0000000 318.4803473 318.4496126 
181.0000000 318.2839287 318.2531941 
182.0000000 318.0875102 318.0567755 
183.0000000 317.8910916 317.8603570 
184.0000000 317.6946731 317.6639384 
185.0000000 317.4982545 317.4675199 
186.0000000 317.3018360 317.2711013 
187.0000000 317.1054174 317.0746828 
188.0000000 316.9089989 316.8782642 
189.0000000 316.7125803 316.6818457 
190.0000000 316.5161618 316.4854271 
191.0000000 316.3197432 316.2890086 
192.0000000 316.1233247 316.0925900 
193.0000000 315.9269061 315.8961715 
194.0000000 315.7304876 315.6997529 
195.0000000 315.5340690 315.5033344 
196.0000000 315.3376505 315.3069158 
197.0000000 315.1412319 315.1104973 
198.0000000 314.9448134 314.9140787 
199.0000000 314.7483948 314.7176602 
200.0000000 314.5519763 314.5212416 
201.0000000 314.3555577 314.3248231 
202.0000000 314.1591392 314.1284045 
203.0000000 313.9627206 313.9319860 
204.0000000 313.7663021 313.7355674 
205.0000000 313.5698835 313.5391489 
206.0000000 313.3734650 313.3427303 
207.0000000 313.1770464 313.1463118 
208.0000000 312.9806279 312.9498932 
209.0000000 312.7842093 312.7534747 
210.0000000 312.5877908 312.5570561 
211.0000000 312.3913722 312.3606376 
212.0000000 312.1949537 312.1642190 
213.0000000 311.9985351 311.9678005 
214.0000000 311.8021166 311.7713819 
215.0000000 311.6056980 311.5749634 
216.0000000 311.4092795 311.3785448 
217.0000000 311.2128609 311.1821263 
218.0000000 311.0164424 310.9857077 
219.0000000 310.8200238 310.7892892 
220.0000000 310.6236053 310.5928706 
221.0000000 310.4271867 310.3964521 
222.0000000 310.2307682 310.2000335 
223.0000000 310.0343496 310.0036150 
224.0000000 309.8379311 309.8071964 
225.0000000 309.6415125 309.6107779 
226.0000000 309.4450940 309.4143593 
227.0000000 309.2486754 309.2179408 
228.0000000 309.0522569 309.0215222 
229.0000000 308.8558383 308.8251037 
230.0000000 308.6594198 308.6286851 
231.0000000 308.4630012 308.4322666 
232.0000000 308.2665827 308.2358480 
233.0000000 308.0701641 308.0394295 
234.0000000 307.8737456 307.8430109 
235.0000000 307.6773270 307.6465924 
236.0000000 307.4809085 307.4501738 
237.0000000 307.2844899 307.2537553 
238.0000000 307.0880714 307.0573367 
239.0000000 306.8916528 306.8609182 
240.0000000 306.6952343 306.6644996 
241.0000000 306.4988157 306.4680810 
242.0000000 306.3023972 306.2716625 
243.0000000 306.1059786 306.0752439 
244.0000000 305.9095601 305.8788254 
245.0000000 305.7131415 305.6824068 
246.0000000 305.5167230 305.4859883 
247.0000000 305.3203044 305.2895697 
248.0000000 305.1238859 305.0931512 
249.0000000 304.9274673 304.8967326 
250.0000000 304.7310488 304.7003141 
251.0000000 304.5346302 304.5038955 
252.0000000 304.3382117 304.3074770 
253.0000000 304.1417931 304.1110584 
254.0000000 303.9453746 303.9146399 
255.0000000 303.7489560 303.7182213 
256.0000000 303.5525375 303.5218028 
257.0000000 303.3561189 303.3253842 
258.0000000 303.1597004 303.1289657 
259.0000000 302.9632818 302.9325471 
260.0000000 302.7668633 302.7361286 
261.0000000 302.5704447 302.5397100 
262.0000000 302.3740262 302.3432915 
263.0000000 302.1776076 302.1468729 
264.0000000 301.9811891 301.9504544 
265.0000000 301.7847705 301.7540358 
266.0000000 301.5883520 301.5576173 
267.0000000 301.3919334 301.3611987 
268.0000000 301.1955148 301.1647802 
269.0000000 300.9990963 300.9683616 
270.0000000 300.8026777 300.7719431 
271.0000000 300.6062592 300.5755245 
272.0000000 300.4098406 300.3791060 
273.0000000 300.2134221 300.1826874 
274.0000000 300.0170035 299.9862689 
275.0000000 299.8205850 299.7898503 
276.0000000 299.6241664 299.5934318 
277.0000000 299.4277479 299.3970132 
278.0000000 299.2313293 299.2005947 
279.0000000 299.0349108 299.0041761 
280.0000000 298.8384922 298.8077576 
281.0000000 298.6420737 298.6113390 
282.0000000 298.4456551 298.4149205 
283.0000000 298.2492366 298.2185019 
284.0000000 298.0528180 298.0220834 
285.0000000 297.8563995 297.8256648 
286.0000000 297.6599809 297.6292463 
287.0000000 297.4635624 297.4328277 
288.0000000 297.2671438 297.2364092 
289.0000000 297.0707253 297.0399906 
290.0000000 296.8743067 296.8435721 
291.0000000 296.6778882 296.6471535 
292.0000000 296.4814696 296.4507350 
293.0000000 296.2850511 296.2543164 
294.0000000 296.0886325 296.0578979 
295.0000000 295.8922140 295.8614793 
296.0000000 295.6957954 295.6650608 
297.0000000 295.4993769 295.4686422 
298.0000000 295.3029583 295.2722237 
299.0000000 295.1065398 295.0758051 
300.0000000 294.9101212 294.8793866 
301.0000000 294.7137027 294.6829680 
302.0000000 294.5172841 294.4865495 
303.0000000 294.3208656 294.2901309 
304.0000000 294.1244470 294.0937124 
305.0000000 293.9280285 293.8972938 
306.0000000 293.7316099 293.7008753 
307.0000000 293.5351914 293.5044567 
308.0000000 293.3387728 293.3080382 
309.0000000 293.1423543 293.1116196 
310.0000000 292.9459357 292.9152011 
311.0000000 292.7495172 292.7187825 
312.0000000 292.5530986 292.5223640 
313.0000000 292.3566801 292.3259454 
314.0000000 292.1602615 292.1295269 
315.0000000 291.9638430 291.9331083 
316.0000000 291.7674244 291.7366898 
317.0000000 291.5710059 291.5402712 
318.0000000 291.3745873 291.3438527 
319.0000000 291.1781688 291.1474341 
320.0000000 290.9817502 290.9510156 
321.0000000 290.7853317 290.7545970 
322.0000000 290.5889131 290.5581785 
323.0000000 290.3924946 290.3617599 
324.0000000 290.1960760 290.1653414 
325.0000000 289.9996575 289.9689228 
326.0000000 289.8032389 289.7725043 
327.0000000 289.6068204 289.5760857 
328.0000000 289.4104018 289.3796672 
329.0000000 289.2139833 289.1832486 
330.0000000 289.0175647 288.9868301 
331.0000000 288.8211462 288.7904115 
332.0000000 288.6247276 288.5939930 
333.0000000 288.4283091 288.3975744 
334.0000000 288.2318905 288.2011559 
335.0000000 288.0354720 288.0047373 
336.0000000 287.8390534 287.8083188 
337.0000000 287.6426349 287.6119002 
338.0000000 287.4462163 287.4154817 
339.0000000 287.2497978 287.2190631 
340.0000000 287.0533792 287.0226446 
341.0000000 286.8569607 286.8262260 
342.0000000 286.6605421 286.6298075 
343.0000000 286.4641236 286.4333889 
344.0000000 286.2677050 286.2369704 
345.0000000 286.0712865 286.0405518 
346.0000000 285.8748679 285.8441333 
347.0000000 285.6784494 285.6477147 
348.0000000 285.4820308 285.4512962 
349.0000000 285.2856123 285.2548776 
350.0000000 285.0891937 285.0584591 
351.0000000 284.8927752 284.8620405 
352.0000000 284.6963566 284.6656220 
353.0000000 284.4999381 284.4692034 
354.0000000 284.3035195 284.2727849 
355.0000000 284.1071010 284.0763663 
356.0000000 283.9106824 283.8799478 
357.0000000 283.7142639 283.6835292 
358.0000000 283.5178453 283.4871107 
359.0000000 283.3214268 283.2906921 
360.0000000 283.1250082 283.0942736 
361.0000000 282.9285897 282.8978550 
362.0000000 282.7321711 282.7014365 
363.0000000 282.5357526 282.5050179 
364.0000000 282.3393340 282.3085994 
365.0000000 282.1429155 282.1121808 
366.0000000 281.9464969 281.9157623 
367.0000000 281.7500784 281.7193437 
368.0000000 281.5536598 281.5229252 
369.0000000 281.3572413 281.3265066 
370.0000000 281.1608227 281.1300881 
371.0000000 280.9644042 280.9336695 
372.0000000 280.7679856 280.7372510 
373.0000000 280.5715671 280.5408324 
374.0000000 280.3751485 280.3444139 
375.0000000 280.1787300 280.1479953 
376.0000000 279.9823114 279.9515768 
377.0000000 279.7858929 279.7551582 
378.0000000 279.5894743 279.5587397 
379.0000000 279.3930558 279.3623211 
380.0000000 279.1966372 279.1659026 
381.0000000 279.0002187 278.9694840 
382.0000000 278.8038001 278.7730655 
383.0000000 278.6073816 278.5766469 
384.0000000 278.4109630 278.3802284 
385.0000000 278.2145445 278.1838098 
386.0000000 278.0181259 277.9873913 
387.0000000 277.8217074 277.7909727 
388.0000000 277.6252888 277.5945542 
389.0000000 277.4288703 277.3981356 
390.0000000 277.2324517 277.2017171 
391.0000000 277.0360332 277.0052985 
392.0000000 276.8396146 276.8088800 
393.0000000 276.6431961 276.6124614 
394.0000000 276.4467775 276.4160428 
395.0000000 276.2503590 276.2196243 
396.0000000 276.0539404 276.0232057 
397.0000000 275.8575219 275.8267872 
398.0000000 275.6611033 275.6303686 
399.0000000 275.4646848 275.4339501 
400.0000000 275.2682662 275.2375315 
401.0000000 275.0718477 275.0411130 
402.0000000 274.8754291 274.8446944 
403.0000000 274.6790106 274.6482759 
404.0000000 274.4825920 274.4518573 
405.0000000 274.2861735 274.2554388 
406.0000000 274.0897549 274.0590202 
407.0000000 273.8933364 273.8626017 
408.0000000 273.6969178 273.6661831 
409.0000000 273.5004993 273.4697646 
410.0000000 273.3040807 273.2733460 
411.0000000 273.1076622 273.0769275 
412.0000000 272.9112436 272.8805089 
413.0000000 272.7148251 272.6840904 
414.0000000 272.5184065 272.4876718 
415.0000000 272.3219880 272.2912533 
416.0000000 272.1255694 272.0948347 
417.0000000 271.9291509 271.8984162 
418.0000000 271.7327323 271.7019976 
419.0000000 271.5363137 271.5055791 
420.0000000 271.3398952 271.3091605 
421.0000000 271.1434766 271.1127420 
422.0000000 270.9470581 270.9163234 
423.0000000 270.7506395 270.7199049 
424.0000000 270.5542210 270.5234863 
425.0000000 270.3578024 270.3270678 
426.0000000 270.1613839 270.1306492 
427.0000000 269.9649653 269.9342307 
428.0000000 269.7685468 269.7378121 
429.0000000 269.5721282 269.5413936 
430.0000000 269.3757097 269.3449750 
431.0000000 269.1792911 269.1485565 
432.0000000 268.9828726 268.9521379 
433.0000000 268.7864540 268.7557194 
434.0000000 268.5900355 268.5593008 
435.0000000 268.3936169 268.3628823 
436.0000000 268.1971984 268.1664637 
437.0000000 268.0007798 267.9700452 
438.0000000 267.8043613 267.7736266 
439.0000000 267.6079427 267.5772081 
440.0000000 267.4115242 267.3807895 
441.0000000 267.2151056 267.1843710 
442.0000000 267.0186871 266.9879524 
443.0000000 266.8222685 266.7915339 
444.0000000 266.6258500 266.5951153 
445.0000000 266.4294314 266.3986968 
446.0000000 266.2330129 266.2022782 
447.0000000 266.0365943 266.0058597 
448.0000000 265.8401758 265.8094411 
449.0000000 265.6437572 265.6130226 
450.0000000 265.4473387 265.4166040 
451.0000000 265.2509201 265.2201855 
452.0000000 265.0545016 265.0237669 
453.0000000 264.8580830 264.8273484 
454.0000000 264.6616645 264.6309298 
455.0000000 264.4652459 264.4345113 
456.0000000 264.2688274 264.2380927 
457.0000000 264.0724088 264.0416742 
458.0000000 263.8759903 263.8452556 
459.0000000 263.6795717 263.6488371 
460.0000000 263.4831532 263.4524185 
461.0000000 263.2867346 263.2560000 
462.0000000 263.0903161 263.0595814 
463.0000000 262.8938975 262.8631629 
464.0000000 262.6974790 262.6667443 
465.0000000 262.5010604 262.4703258 
466.0000000 262.3046419 262.2739072 
467.0000000 262.1082233 262.0774887 
468.0000000 261.9118048 261.8810701 
469.0000000 261.7153862 261.6846516 
470.0000000 261.5189677 261.4882330 
471.0000000 261.3225491 261.2918145 
472.0000000 261.1261306 261.0953959 
473.0000000 260.9297120 260.8989774 
474.0000000 260.7332935 260.7025588 
475.0000000 260.5368749 260.5061403 
476.0000000 260.3404564 260.3097217 
477.0000000 260.1440378 260.1133032 
478.0000000 259.9476193 259.9168846 
479.0000000 259.7512007 259.7204661 
480.0000000 259.5547822 259.5240475 
481.0000000 259.3583636 259.3276290 
482.0000000 259.1619451 259.1312104 
483.0000000 258.9655265 258.9347919 
484.0000000 258.7691080 258.7383733 
485.0000000 258.5726894 258.5419548 
486.0000000 258.3762709 258.3455362 
487.0000000 258.1798523 258.1491177 
488.0000000 257.9834338 257.9526991 
489.0000000 257.7870152 257.7562806 
490.0000000 257.5905967 257.5598620 
491.0000000 257.3941781 257.3634435 
492.0000000 257.1977596 257.1670249 
493.0000000 257.0013410 256.9706064 
494.0000000 256.8049225 256.7741878 
495.0000000 256.6085039 256.5777693 
496.0000000 256.4120854 256.3813507 
497.0000000 256.2156668 256.1849322 
498.0000000 256.0192483 255.9885136 
499.0000000 255.8228297 255.7920951 
500.0000000 255.6264112 255.5956765 
501.0000000 255.4299926 255.3992580 
502.0000000 255.2335741 255.2028394 
503.0000000 255.0371555 255.0064209 
504.0000000 254.8407370 254.8100023 
505.0000000 254.6443184 254.6135838 
506.0000000 254.4478999 254.4171652 
507.0000000 254.2514813 254.2207467 
508.0000000 254.0550628 254.0243281 
509.0000000 253.8586442 253.8279096 
510.0000000 253.6622257 253.6314910 
511.0000000 253.4658071 253.4350725 
512.0000000 253.2693886 253.2386539 
513.0000000 253.0729700 253.0422354 
514.0000000 252.8765515 252.8458168 
515.0000000 252.6801329 252.6493983 
516.0000000 252.4837144 252.4529797 
517.0000000 252.2872958 252.2565612 
518.0000000 252.0908773 252.0601426 
519.0000000 251.8944587 251.8637241 
520.0000000 251.6980402 251.6673055 
521.0000000 251.5016216 251.4708870 
522.0000000 251.3052031 251.2744684 
523.0000000 251.1087845 251.0780499 
524.0000000 250.9123660 250.8816313 
525.0000000 250.7159474 250.6852128 
526.0000000 250.5195289 250.4887942 
527.0000000 250.3231103 250.2923757 
528.0000000 250.1266918 250.0959571 
529.0000000 249.9302732 249.8995386 
530.0000000 249.7338547 249.7031200 
531.0000000 249.5374361 249.5067015 
532.0000000 249.3410176 249.3102829 
533.0000000 249.1445990 249.1138644 
534.0000000 248.9481805 248.9174458 
535.0000000 248.7517619 248.7210273 
536.0000000 248.5553434 248.5246087 
537.0000000 248.3589248 248.3281902 
538.0000000 248.1625063 248.1317716 
539.0000000 247.9660877 247.9353531 
540.0000000 247.7696692 247.7389345 
541.0000000 247.5732506 247.5425160 
542.0000000 247.3768321 247.3460974 
543.0000000 247.1804135 247.1496789 
544.0000000 246.9839950 246.9532603 
545.0000000 246.7875764 246.7568417 
546.0000000 246.5911579 246.5604232 
547.0000000 246.3947393 246.3640046 
548.0000000 246.1983208 246.1675861 
549.0000000 246.0019022 245.9711675 
550.0000000 245.8054837 245.7747490 
551.0000000 245.6090651 245.5783304 
552.0000000 245.4126466 245.3819119 
553.0000000 245.2162280 245.1854933 
554.0000000 245.0198095 244.9890748 
555.0000000 244.8233909 244.7926562 
556.0000000 244.6269724 244.5962377 
557.0000000 244.4305538 244.3998191 
558.0000000 244.2341353 244.2034006 
559.0000000 244.0377167 244.0069820 
560.0000000 243.8412982 243.8105635 
561.0000000 243.6448796 243.6141449 
562.0000000 243.4484611 243.4177264 
563.0000000 243.2520425 243.2213078 
564.0000000 243.0556240 243.0248893 
565.0000000 242.8592054 242.8284707 
566.0000000 242.6627869 242.6320522 
567.0000000 242.4663683 242.4356336 
568.0000000 242.2699498 242.2392151 
569.0000000 242.0735312 242.0427965 
570.0000000 241.8771126 241.8463780 
571.0000000 241.6806941 241.6499594 
572.0000000 241.4842755 241.4535409 
573.0000000 241.2878570 241.2571223 
574.0000000 241.0914384 241.0607038 
575.0000000 240.8950199 240.8642852 
576.0000000 240.6986013 240.6678667 
577.0000000 240.5021828 240.4714481 
578.0000000 240.3057642 240.2750296 
579.0000000 240.1093457 240.0786110 
580.0000000 239.9129271 239.8821925 
581.0000000 239.7165086 239.6857739 
582.0000000 239.5200900 239.4893554 
583.0000000 239.3236715 239.2929368 
584.0000000 239.1272529 239.0965183 
585.0000000 238.9308344 238.9000997 
586.0000000 238.7344158 238.7036812 
587.0000000 238.5379973 238.5072626 
588.0000000 238.3415787 238.3108441 
589.0000000 238.1451602 238.1144255 
590.0000000 237.9487416 237.9180070 
591.0000000 237.7523231 237.7215884 
592.0000000 237.5559045 237.5251699 
593.0000000 237.3594860 237.3287513 
594.0000000 237.1630674 237.1323328 
595.0000000 236.9666489 236.9359142 
596.0000000 236.7702303 236.7394957 
597.0000000 236.5738118 236.5430771 
598.0000000 236.3773932 236.3466586 
599.0000000 236.1809747 236.1502400 
600.0000000 235.9845561 235.9538215 
601.0000000 235.7881376 235.7574029 
602.0000000 235.5917190 235.5609844 
603.0000000 235.3953005 235.3645658 
604.0000000 235.1988819 235.1681473 
605.0000000 235.0024634 234.9717287 
606.0000000 234.8060448 234.7753102 
607.0000000 234.6096263 234.5788916 
608.0000000 234.4132077 234.3824731 
609.0000000 234.2167892 234.1860545 
610.0000000 234.0203706 233.9896360 
611.0000000 233.8239521 233.7932174 
612.0000000 233.6275335 233.5967989 
613.0000000 233.4311150 233.4003803 
614.0000000 233.2346964 233.2039618 
615.0000000 233.0382779 233.0075432 
616.0000000 232.8418593 232.8111247 
617.0000000 232.6454408 232.6147061 
618.0000000 232.4490222 232.4182876 
619.0000000 232.2526037 232.2218690 
620.0000000 232.0561851 232.0254505 
621.0000000 231.8597666 231.8290319 
622.0000000 231.6633480 231.6326134 
623.0000000 231.4669295 231.4361948 
624.0000000 231.2705109 231.2397763 
625.0000000 231.0740924 231.0433577 
626.0000000 230.8776738 230.8469392 
627.0000000 230.6812553 230.6505206 
628.0000000 230.4848367 230.4541021 
629.0000000 230.2884182 230.2576835 
630.0000000 230.0919996 230.0612650 
631.0000000 229.8955811 229.8648464 
632.0000000 229.6991625 229.6684279 
633.0000000 229.5027440 229.4720093 
634.0000000 229.3063254 229.2755908 
635.0000000 229.1099069 229.0791722 
636.0000000 228.9134883 228.8827537 
637.0000000 228.7170698 228.6863351 
638.0000000 228.5206512 228.4899166 
639.0000000 228.3242327 228.2934980 
640.0000000 228.1278141 228.0970795 
641.0000000 227.9313956 227.9006609 
642.0000000 227.7349770 227.7042424 
643.0000000 227.5385585 227.5078238 
644.0000000 227.3421399 227.3114053 
645.0000000 227.1457214 227.1149867 
646.0000000 226.9493028 226.9185682 
647.0000000 226.7528843 226.7221496 
648.0000000 226.5564657 226.5257311 
649.0000000 226.3600472 226.3293125 
650.0000000 226.1636286 226.1328940 
651.0000000 225.9672101 225.9364754 
652.0000000 225.7707915 225.7400569 
653.0000000 225.5743730 225.5436383 
654.0000000 225.3779544 225.3472198 
655.0000000 225.1815359 225.1508012 
656.0000000 224.9851173 224.9543827 
657.0000000 224.7886988 224.7579641 
658.0000000 224.5922802 224.5615456 
659.0000000 224.3958617 224.3651270 
660.0000000 224.1994431 224.1687085 
661.0000000 224.0030246 223.9722899 
662.0000000 223.8066060 223.7758714 
663.0000000 223.6101875 223.5794528 
664.0000000 223.4137689 223.3830343 
665.0000000 223.2173504 223.1866157 
666.0000000 223.0209318 222.9901972 
667.0000000 222.8245133 222.7937786 
668.0000000 222.6280947 222.5973601 
669.0000000 222.4316762 222.4009415 
670.0000000 222.2352576 222.2045230 
671.0000000 222.0388391 222.0081044 
672.0000000 221.8424205 221.8116859 
673.0000000 221.6460020 221.6152673 
674.0000000 221.4495834 221.4188488 
675.0000000 221.2531649 221.2224302 
676.0000000 221.0567463 221.0260117 
677.0000000 220.8603278 220.8295931 
678.0000000 220.6639092 220.6331746 
679.0000000 220.4674907 220.4367560 
680.0000000 220.2710721 220.2403375 
681.0000000 220.0746536 220.0439189 
682.0000000 219.8782350 219.8475004 
683.0000000 219.6818165 219.6510818 
684.0000000 219.4853979 219.4546633 
685.0000000 219.2889794 219.2582447 
686.0000000 219.0925608 219.0618262 
687.0000000 218.8961423 218.8654076 
688.0000000 218.6997237 218.6689891 
689.0000000 218.5033052 218.4725705 
690.0000000 218.3068866 218.2761520 
691.0000000 218.1104681 218.0797334 
692.0000000 217.9140495 217.8833149 
693.0000000 217.7176310 217.6868963 
694.0000000 217.5212124 217.4904778 
695.0000000 217.3247939 217.2940592 
696.0000000 217.1283753 217.0976406 
697.0000000 216.9319568 216.9012221 
698.0000000 216.7355382 216.7048035 
699.0000000 216.5391197 216.5083850 
700.0000000 216.3427011 216.3119664 
701.0000000 216.1462826 216.1155479 
702.0000000 215.9498640 215.9191293 
703.0000000 215.7534455 215.7227108 
704.0000000 215.5570269 215.5262922 
705.0000000 215.3606084 215.3298737 
706.0000000 215.1641898 215.1334551 
707.0000000 214.9677713 214.9370366 
708.0000000 214.7713527 214.7406180 
709.0000000 214.5749342 214.5441995 
710.0000000 214.3785156 214.3477809 
711.0000000 214.1820971 214.1513624 
712.0000000 213.9856785 213.9549438 
713.0000000 213.7892600 213.7585253 
714.0000000 213.5928414 213.5621067 
715.0000000 213.3964229 213.3656882 
716.0000000 213.2000043 213.1692696 
717.0000000 213.0035858 212.9728511 
718.0000000 212.8071672 212.7764325 
719.0000000 212.6107487 212.5800140 
720.0000000 212.4143301 212.3835954 
721.0000000 212.2179116 212.1871769 
722.0000000 212.0214930 211.9907583 
723.0000000 211.8250744 211.7943398 
724.0000000 211.6286559 211.5979212 
725.0000000 211.4322373 211.4015027 
726.0000000 211.2358188 211.2050841 
727.0000000 211.0394002 211.0086656 
728.0000000 210.8429817 210.8122470 
729.0000000 210.6465631 210.6158285 
730.0000000 210.4501446 210.4194099 
731.0000000 210.2537260 210.2229914 
732.0000000 210.0573075 210.0265728 
733.0000000 209.8608889 209.8301543 
734.0000000 209.6644704 209.6337357 
735.0000000 209.4680518 209.4373172 
736.0000000 209.2716333 209.2408986 
737.0000000 209.0752147 209.0444801 
738.0000000 208.8787962 208.8480615 
739.0000000 208.6823776 208.6516430 
740.0000000 208.4859591 208.4552244 
741.0000000 208.2895405 208.2588059 
742.0000000 208.0931220 208.0623873 
743.0000000 207.8967034 207.8659688 
744.0000000 207.7002849 207.6695502 
745.0000000 207.5038663 207.4731317 
746.0000000 207.3074478 207.2767131 
747.0000000 207.1110292 207.0802946 
748.0000000 206.9146107 206.8838760 
749.0000000 206.7181921 206.6874575 
750.0000000 206.5217736 206.4910389 
751.0000000 206.3253550 206.2946204 
752.0000000 206.1289365 206.0982018 
753.0000000 205.9325179 205.9017833 
754.0000000 205.7360994 205.7053647 
755.0000000 205.5396808 205.5089462 
756.0000000 205.3432623 205.3125276 
757.0000000 205.1468437 205.1161091 
758.0000000 204.9504252 204.9196905 
759.0000000 204.7540066 204.7232720 
760.0000000 204.5575881 204.5268534 
761.0000000 204.3611695 204.3304349 
762.0000000 204.1647510 204.1340163 
763.0000000 203.9683324 203.9375978 
764.0000000 203.7719139 203.7411792 
765.0000000 203.5754953 203.5447607 
766.0000000 203.3790768 203.3483421 
767.0000000 203.1826582 203.1519236 
768.0000000 202.9862397 202.9555050 
769.0000000 202.7898211 202.7590865 
770.0000000 202.5934026 202.5626679 
771.0000000 202.3969840 202.3662494 
772.0000000 202.2005655 202.1698308 
773.0000000 202.0041469 201.9734123 
774.0000000 201.8077284 201.7769937 
775.0000000 201.6113098 201.5805752 
776.0000000 201.4148913 201.3841566 
777.0000000 201.2184727 201.1877381 
778.0000000 201.0220542 200.9913195 
779.0000000 200.8256356 200.7949010 
780.0000000 200.6292171 200.5984824 
781.0000000 200.4327985 200.4020639 
782.0000000 200.2363800 200.2056453 
783.0000000 200.0399614 200.0092268 
784.0000000 199.8435429 199.8128082 
785.0000000 199.6471243 199.6163897 
786.0000000 199.4507058 199.4199711 
787.0000000 199.2542872 199.2235526 
788.0000000 199.0578687 199.0271340 
789.0000000 198.8614501 198.8307155 
790.0000000 198.6650316 198.6342969 
791.0000000 198.4686130 198.4378784 
792.0000000 198.2721945 198.2414598 
793.0000000 198.0757759 198.0450413 
794.0000000 197.8793574 197.8486227 
795.0000000 197.6829388 197.6522042 
796.0000000 197.4865203 197.4557856 
797.0000000 197.2901017 197.2593671 
798.0000000 197.0936832 197.0629485 
799.0000000 196.8972646 196.8665300 
800.0000000 196.7008461 196.6701114 
801.0000000 196.5044275 196.4736929 
802.0000000 196.3080090 196.2772743 
803.0000000 196.1115904 196.0808558 
804.0000000 195.9151719 195.8844372 
805.0000000 195.7187533 195.6880187 
806.0000000 195.5223348 195.4916001 
807.0000000 195.3259162 195.2951816 
808.0000000 195.1294977 195.0987630 
809.0000000 194.9330791 194.9023445 
810.0000000 194.7366606 194.7059259 
811.0000000 194.5402420 194.5095074 
812.0000000 194.3438235 194.3130888 
813.0000000 194.1474049 194.1166703 
814.0000000 193.9509864 193.9202517 
815.0000000 193.7545678 193.7238332 
816.0000000 193.5581493 193.5274146 
817.0000000 193.3617307 193.3309961 
818.0000000 193.1653122 193.1345775 
819.0000000 192.9688936 192.9381590 
820.0000000 192.7724751 192.7417404 
821.0000000 192.5760565 192.5453219 
822.0000000 192.3796380 192.3489033 
823.0000000 192.1832194 192.1524848 
824.0000000 191.9868009 191.9560662 
825.0000000 191.7903823 191.7596477 
826.0000000 191.5939638 191.5632291 
827.0000000 191.3975452 191.3668106 
828.0000000 191.2011267 191.1703920 
829.0000000 191.0047081 190.9739735 
830.0000000 190.8082896 190.7775549 
831.0000000 190.6118710 190.5811364 
832.0000000 190.4154525 190.3847178 
833.0000000 190.2190339 190.1882993 
834.0000000 190.0226154 189.9918807 
835.0000000 189.8261968 189.7954622 
836.0000000 189.6297783 189.5990436 
837.0000000 189.4333597 189.4026251 
838.0000000 189.2369412 189.2062065 
839.0000000 189.0405226 189.0097880 
840.0000000 188.8441041 188.8133694 
841.0000000 188.6476855 188.6169509 
842.0000000 188.4512670 188.4205323 
843.0000000 188.2548484 188.2241138 
844.0000000 188.0584299 188.0276952 
845.0000000 187.8620113 187.8312767 
846.0000000 187.6655928 187.6348581 
847.0000000 187.4691742 187.4384396 
848.0000000 187.2727557 187.2420210 
849.0000000 187.0763371 187.0456024 
850.0000000 186.8799186 186.8491839 
851.0000000 186.6835000 186.6527653 
852.0000000 186.4870815 186.4563468 
853.0000000 186.2906629 186.2599282 
854.0000000 186.0942444 186.0635097 
855.0000000 185.8978258 185.8670911 
856.0000000 185.7014073 185.6706726 
857.0000000 185.5049887 185.4742540 
858.0000000 185.3085702 185.2778355 
859.0000000 185.1121516 185.0814169 
860.0000000 184.9157331 184.8849984 
861.0000000 184.7193145 184.6885798 
862.0000000 184.5228960 184.4921613 
863.0000000 184.3264774 184.2957427 
864.0000000 184.1300589 184.0993242 
865.0000000 183.9336403 183.9029056 
866.0000000 183.7372218 183.7064871 
867.0000000 183.5408032 183.5100685 
868.0000000 183.3443847 183.3136500 
869.0000000 183.1479661 183.1172314 
870.0000000 182.9515476 182.9208129 
871.0000000 182.7551290 182.7243943 
872.0000000 182.5587105 182.5279758 
873.0000000 182.3622919 182.3315572 
874.0000000 182.1658733 182.1351387 
875.0000000 181.9694548 181.9387201 
876.0000000 181.7730362 181.7423016 
877.0000000 181.5766177 181.5458830 
878.0000000 181.3801991 181.3494645 
879.0000000 181.1837806 181.1530459 
880.0000000 180.9873620 180.9566274 
881.0000000 180.7909435 180.7602088 
882.0000000 180.5945249 180.5637903 
883.0000000 180.3981064 180.3673717 
884.0000000 180.2016878 180.1709532 
885.0000000 180.0052693 179.9745346 
886.0000000 179.8088507 179.7781161 
887.0000000 179.6124322 179.5816975 
888.0000000 179.4160136 179.3852790 
889.0000000 179.2195951 179.1888604 
890.0000000 179.0231765 178.9924419 
891.0000000 178.8267580 178.7960233 
892.0000000 178.6303394 178.5996048 
893.0000000 178.4339209 178.4031862 
894.0000000 178.2375023 178.2067677 
895.0000000 178.0410838 178.0103491 
896.0000000 177.8446652 177.8139306 
897.0000000 177.6482467 177.6175120 
898.0000000 177.4518281 177.4210935 
899.0000000 177.2554096 177.2246749 
900.0000000 177.0589910 177.0282564 
901.0000000 176.8625725 176.8318378 
902.0000000 176.6661539 176.6354193 
903.0000000 176.4697354 176.4390007 
904.0000000 176.2733168 176.2425822 
905.0000000 176.0768983 176.0461636 
906.0000000 175.8804797 175.8497451 
907.0000000 175.6840612 175.6533265 
908.0000000 175.4876426 175.4569080 
909.0000000 175.2912241 175.2604894 
910.0000000 175.0948055 175.0640709 
911.0000000 174.8983870 174.8676523 
912.0000000 174.7019684 174.6712338 
913.0000000 174.5055499 174.4748152 
914.0000000 174.3091313 174.2783967 
915.0000000 174.1127128 174.0819781 
916.0000000 173.9162942 173.8855596 
917.0000000 173.7198757 173.6891410 
918.0000000 173.5234571 173.4927225 
919.0000000 173.3270386 173.2963039 
920.0000000 173.1306200 173.0998854 
921.0000000 172.9342015 172.9034668 
922.0000000 172.7377829 172.7070483 
923.0000000 172.5413644 172.5106297 
924.0000000 172.3449458 172.3142112 
925.0000000 172.1485273 172.1177926 
926.0000000 171.9521087 171.9213741 
927.0000000 171.7556902 171.7249555 
928.0000000 171.5592716 171.5285370 
929.0000000 171.3628531 171.3321184 
930.0000000 171.1664345 171.1356999 
931.0000000 170.9700160 170.9392813 
932.0000000 170.7735974 170.7428628 
933.0000000 170.5771789 170.5464442 
934.0000000 170.3807603 170.3500257 
935.0000000 170.1843418 170.1536071 
936.0000000 169.9879232 169.9571886 
937.0000000 169.7915047 169.7607700 
938.0000000 169.5950861 169.5643515 
939.0000000 169.3986676 169.3679329 
940.0000000 169.2022490 169.1715144 
941.0000000 169.0058305 168.9750958 
942.0000000 168.8094119 168.7786773 
943.0000000 168.6129934 168.5822587 
944.0000000 168.4165748 168.3858402 
945.0000000 168.2201563 168.1894216 
946.0000000 168.0237377 167.9930031 
947.0000000 167.8273192 167.7965845 
948.0000000 167.6309006 167.6001660 
949.0000000 167.4344821 167.4037474 
950.0000000 167.2380635 167.2073289 
951.0000000 167.0416450 167.0109103 
952.0000000 166.8452264 166.8144918 
953.0000000 166.6488079 166.6180732 
954.0000000 166.4523893 166.4216547 
955.0000000 166.2559708 166.2252361 
956.0000000 166.0595522 166.0288176 
957.0000000 165.8631337 165.8323990 
958.0000000 165.6667151 165.6359805 
959.0000000 165.4702966 165.4395619 
960.0000000 165.2738780 165.2431434 
961.0000000 165.0774595 165.0467248 
962.0000000 164.8810409 164.8503063 
963.0000000 164.6846224 164.6538877 
964.0000000 164.4882038 164.4574692 
965.0000000 164.2917853 164.2610506 
966.0000000 164.0953667 164.0646321 
967.0000000 163.8989482 163.8682135 
968.0000000 163.7025296 163.6717950 
969.0000000 163.5061111 163.4753764 
970.0000000 163.3096925 163.2789579 
971.0000000 163.1132740 163.0825393 
972.0000000 162.9168554 162.8861208 
973.0000000 162.7204369 162.6897022 
974.0000000 162.5240183 162.4932837 
975.0000000 162.3275998 162.2968651 
976.0000000 162.1311812 162.1004466 
977.0000000 161.9347627 161.9040280 
978.0000000 161.7383441 161.7076095 
979.0000000 161.5419256 161.5111909 
980.0000000 161.3455070 161.3147724 
981.0000000 161.1490885 161.1183538 
982.0000000 160.9526699 160.9219353 
983.0000000 160.7562514 160.7255167 
984.0000000 160.5598328 160.5290982 
985.0000000 160.3634143 160.3326796 
986.0000000 160.1669957 160.1362611 
987.0000000 159.9705772 159.9398425 
988.0000000 159.7741586 159.7434240 
989.0000000 159.5777401 159.5470054 
990.0000000 159.3813215 159.3505869 
991.0000000 159.1849030 159.1541683 
992.0000000 158.9884844 158.9577498 
993.0000000 158.7920659 158.7613312 
994.0000000 158.5956473 158.5649127 
995.0000000 158.3992288 158.3684941 
996.0000000 158.2028102 158.1720756 
997.0000000 158.0063917 157.9756570 
998.0000000 157.8099731 157.7792385 
999.0000000 157.6135546 157.5828199 
1000.0000000 157.4171360 157.3864013 
1001.0000000 157.2207175 157.1899828 
1002.0000000 157.0242989 156.9935642 
1003.0000000 156.8278804 156.7971457 
1004.0000000 156.6314618 156.6007271 
1005.0000000 156.4350433 156.4043086 
1006.0000000 156.2386247 156.2078900 
1007.0000000 156.0422062 156.0114715 
1008.0000000 155.8457876 155.8150529 
1009.0000000 155.6493691 155.6186344 
1010.0000000 155.4529505 155.4222158 
1011.0000000 155.2565320 155.2257973 
1012.0000000 155.0601134 155.0293787 
1013.0000000 154.8636949 154.8329602 
1014.0000000 154.6672763 154.6365416 
1015.0000000 154.4708578 154.4401231 
1016.0000000 154.2744392 154.2437045 
1017.0000000 154.0780207 154.0472860 
1018.0000000 153.8816021 153.8508674 
1019.0000000 153.6851836 153.6544489 
1020.0000000 153.4887650 153.4580303 
1021.0000000 153.2923465 153.2616118 
1022.0000000 153.0959279 153.0651932 
1023.0000000 152.8995094 152.8687747 
1024.0000000 152.7030908 152.6723561 
1025.0000000 152.5066722 152.4759376 
1026.0000000 152.3102537 152.2795190 
1027.0000000 152.1138351 152.0831005 
1028.0000000 151.9174166 151.8866819 
1029.0000000 151.7209980 151.6902634 
1030.0000000 151.5245795 151.4938448 
1031.0000000 151.3281609 151.2974263 
1032.0000000 151.1317424 151.1010077 
1033.0000000 150.9353238 150.9045892 
1034.0000000 150.7389053 150.7081706 
1035.0000000 150.5424867 150.5117521 
1036.0000000 150.3460682 150.3153335 
1037.0000000 150.1496496 150.1189150 
1038.0000000 149.9532311 149.9224964 
1039.0000000 149.7568125 149.7260779 
1040.0000000 149.5603940 149.5296593 
1041.0000000 149.3639754 149.3332408 
1042.0000000 149.1675569 149.1368222 
1043.0000000 148.9711383 148.9404037 
1044.0000000 148.7747198 148.7439851 
1045.0000000 148.5783012 148.5475666 
1046.0000000 148.3818827 148.3511480 
1047.0000000 148.1854641 148.1547295 
1048.0000000 147.9890456 147.9583109 
1049.0000000 147.7926270 147.7618924 
1050.0000000 147.5962085 147.5654738 
1051.0000000 147.3997899 147.3690553 
1052.0000000 147.2033714 147.1726367 
1053.0000000 147.0069528 146.9762182 
1054.0000000 146.8105343 146.7797996 
1055.0000000 146.6141157 146.5833811 
1056.0000000 146.4176972 146.3869625 
1057.0000000 146.2212786 146.1905440 
1058.0000000 146.0248601 145.9941254 
1059.0000000 145.8284415 145.7977069 
1060.0000000 145.6320230 145.6012883 
1061.0000000 145.4356044 145.4048698 
1062.0000000 145.2391859 145.2084512 
1063.0000000 145.0427673 145.0120327 
1064.0000000 144.8463488 144.8156141 
1065.0000000 144.6499302 144.6191956 
1066.0000000 144.4535117 144.4227770 
1067.0000000 144.2570931 144.2263585 
1068.0000000 144.0606746 144.0299399 
1069.0000000 143.8642560 143.8335214 
1070.0000000 143.6678375 143.6371028 
1071.0000000 143.4714189 143.4406843 
1072.0000000 143.2750004 143.2442657 
1073.0000000 143.0785818 143.0478472 
1074.0000000 142.8821633 142.8514286 
1075.0000000 142.6857447 142.6550101 
1076.0000000 142.4893262 142.4585915 
1077.0000000 142.2929076 142.2621730 
1078.0000000 142.0964891 142.0657544 
1079.0000000 141.9000705 141.8693359 
1080.0000000 141.7036520 141.6729173 
1081.0000000 141.5072334 141.4764988 
1082.0000000 141.3108149 141.2800802 
1083.0000000 141.1143963 141.0836617 
1084.0000000 140.9179778 140.8872431 
1085.0000000 140.7215592 140.6908246 
1086.0000000 140.5251407 140.4944060 
1087.0000000 140.3287221 140.2979875 
1088.0000000 140.1323036 140.1015689 
1089.0000000 139.9358850 139.9051504 
1090.0000000 139.7394665 139.7087318 
1091.0000000 139.5430479 139.5123133 
1092.0000000 139.3466294 139.3158947 
1093.0000000 139.1502108 139.1194762 
1094.0000000 138.9537923 138.9230576 
1095.0000000 138.7573737 138.7266391 
1096.0000000 138.5609552 138.5302205 
1097.0000000 138.3645366 138.3338020 
1098.0000000 138.1681181 138.1373834 
1099.0000000 137.9716995 137.9409649 
1100.0000000 137.7752810 137.7445463 
1101.0000000 137.5788624 137.5481278 
1102.0000000 137.3824439 137.3517092 
1103.0000000 137.1860253 137.1552907 
1104.0000000 136.9896068 136.9588721 
1105.0000000 136.7931882 136.7624536 
1106.0000000 136.5967697 136.5660350 
1107.0000000 136.4003511 136.3696165 
1108.0000000 136.2039326 136.1731979 
1109.0000000 136.0075140 135.9767794 
1110.0000000 135.8110955 135.7803608 
1111.0000000 135.6146769 135.5839423 
1112.0000000 135.4182584 135.3875237 
1113.0000000 135.2218398 135.1911052 
1114.0000000 135.0254213 134.9946866 
1115.0000000 134.8290027 134.7982681 
1116.0000000 134.6325842 134.6018495 
1117.0000000 134.4361656 134.4054310 
1118.0000000 134.2397471 134.2090124 
1119.0000000 134.0433285 134.0125939 
1120.0000000 133.8469100 133.8161753 
1121.0000000 133.6504914 133.6197568 
1122.0000000 133.4540729 133.4233382 
1123.0000000 133.2576543 133.2269197 
1124.0000000 133.0612358 133.0305011 
1125.0000000 132.8648172 132.8340826 
1126.0000000 132.6683987 132.6376640 
1127.0000000 132.4719801 132.4412455 
1128.0000000 132.2755616 132.2448269 
1129.0000000 132.0791430 132.0484084 
1130.0000000 131.8827245 131.8519898 
1131.0000000 131.6863059 131.6555713 
1132.0000000 131.4898874 131.4591527 
1133.0000000 131.2934688 131.2627342 
1134.0000000 131.0970503 131.0663156 
1135.0000000 130.9006317 130.8698971 
1136.0000000 130.7042132 130.6734785 
1137.0000000 130.5077946 130.4770600 
1138.0000000 130.3113761 130.2806414 
1139.0000000 130.1149575 130.0842229 
1140.0000000 129.9185390 129.8878043 
1141.0000000 129.7221204 129.6913858 
1142.0000000 129.5257019 129.4949672 
1143.0000000 129.3292833 129.2985487 
1144.0000000 129.1328648 129.1021301 
1145.0000000 128.9364462 128.9057116 
1146.0000000 128.7400277 128.7092930 
1147.0000000 128.5436091 128.5128745 
1148.0000000 128.3471906 128.3164559 
1149.0000000 128.1507720 128.1200374 
1150.0000000 127.9543535 127.9236188 
1151.0000000 127.7579349 127.7272002 
1152.0000000 127.5615164 127.5307817 
1153.0000000 127.3650978 127.3343631 
1154.0000000 127.1686793 127.1379446 
1155.0000000 126.9722607 126.9415260 
1156.0000000 126.7758422 126.7451075 
1157.0000000 126.5794236 126.5486889 
1158.0000000 126.3830051 126.3522704 
1159.0000000 126.1865865 126.1558518 
1160.0000000 125.9901680 125.9594333 
1161.0000000 125.7937494 125.7630147 
1162.0000000 125.5973309 125.5665962 
1163.0000000 125.4009123 125.3701776 
1164.0000000 125.2044938 125.1737591 
1165.0000000 125.0080752 124.9773405 
1166.0000000 124.8116567 124.7809220 
1167.0000000 124.6152381 124.5845034 
1168.0000000 124.4188196 124.3880849 
1169.0000000 124.2224010 124.1916663 
1170.0000000 124.0259825 123.9952478 
1171.0000000 123.8295639 123.7988292 
1172.0000000 123.6331454 123.6024107 
1173.0000000 123.4367268 123.4059921 
1174.0000000 123.2403083 123.2095736 
1175.0000000 123.0438897 123.0131550 
1176.0000000 122.8474712 122.8167365 
1177.0000000 122.6510526 122.6203179 
1178.0000000 122.4546340 122.4238994 
1179.0000000 122.2582155 122.2274808 
1180.0000000 122.0617969 122.0310623 
1181.0000000 121.8653784 121.8346437 
1182.0000000 121.6689598 121.6382252 
1183.0000000 121.4725413 121.4418066 
1184.0000000 121.2761227 121.2453881 
1185.0000000 121.0797042 121.0489695 
1186.0000000 120.8832856 120.8525510 
1187.0000000 120.6868671 120.6561324 
1188.0000000 120.4904485 120.4597139 
1189.0000000 120.2940300 120.2632953 
1190.0000000 120.0976114 120.0668768 
1191.0000000 119.9011929 119.8704582 
1192.0000000 119.7047743 119.6740397 
1193.0000000 119.5083558 119.4776211 
1194.0000000 119.3119372 119.2812026 
1195.0000000 119.1155187 119.0847840 
1196.0000000 118.9191001 118.8883655 
1197.0000000 118.7226816 118.6919469 
1198.0000000 118.5262630 118.4955284 
1199.0000000 118.3298445 118.2991098 
1200.0000000 118.1334259 118.1026913 
1201.0000000 117.9370074 117.9062727 
1202.0000000 117.7405888 117.7098542 
1203.0000000 117.5441703 117.5134356 
1204.0000000 117.3477517 117.3170171 
1205.0000000 117.1513332 117.1205985 
1206.0000000 116.9549146 116.9241800 
1207.0000000 116.7584961 116.7277614 
1208.0000000 116.5620775 116.5313429 
1209.0000000 116.3656590 116.3349243 
1210.0000000 116.1692404 116.1385058 
1211.0000000 115.9728219 115.9420872 
1212.0000000 115.7764033 115.7456687 
1213.0000000 115.5799848 115.5492501 
1214.0000000 115.3835662 115.3528316 
1215.0000000 115.1871477 115.1564130 
1216.0000000 114.9907291 114.9599945 
1217.0000000 114.7943106 114.7635759 
1218.0000000 114.5978920 114.5671574 
1219.0000000 114.4014735 114.3707388 
1220.0000000 114.2050549 114.1743203 
1221.0000000 114.0086364 113.9779017 
1222.0000000 113.8122178 113.7814832 
1223.0000000 113.6157993 113.5850646 
1224.0000000 113.4193807 113.3886461 
1225.0000000 113.2229622 113.1922275 
1226.0000000 113.0265436 112.9958090 
1227.0000000 112.8301251 112.7993904 
1228.0000000 112.6337065 112.6029719 
1229.0000000 112.4372880 112.4065533 
1230.0000000 112.2408694 112.2101348 
1231.0000000 112.0444509 112.0137162 
1232.0000000 111.8480323 111.8172977 
1233.0000000 111.6516138 111.6208791 
1234.0000000 111.4551952 111.4244606 
1235.0000000 111.2587767 111.2280420 
1236.0000000 111.0623581 111.0316235 
1237.0000000 110.8659396 110.8352049 
1238.0000000 110.6695210 110.6387864 
1239.0000000 110.4731025 110.4423678 
1240.0000000 110.2766839 110.2459493 
1241.0000000 110.0802654 110.0495307 
1242.0000000 109.8838468 109.8531122 
1243.0000000 109.6874283 109.6566936 
1244.0000000 109.4910097 109.4602751 
1245.0000000 109.2945912 109.2638565 
1246.0000000 109.0981726 109.0674380 
1247.0000000 108.9017541 108.8710194 
1248.0000000 108.7053355 108.6746009 
1249.0000000 108.5089170 108.4781823 
1250.0000000 108.3124984 108.2817638 
1251.0000000 108.1160799 108.0853452 
1252.0000000 107.9196613 107.8889267 
1253.0000000 107.7232428 107.6925081 
1254.0000000 107.5268242 107.4960896 
1255.0000000 107.3304057 107.2996710 
1256.0000000 107.1339871 107.1032525 
1257.0000000 106.9375686 106.9068339 
1258.0000000 106.7411500 106.7104154 
1259.0000000 106.5447315 106.5139968 
1260.0000000 106.3483129 106.3175783 
1261.0000000 106.1518944 106.1211597 
1262.0000000 105.9554758 105.9247412 
1263.0000000 105.7590573 105.7283226 
1264.0000000 105.5626387 105.5319041 
1265.0000000 105.3662202 105.3354855 
1266.0000000 105.1698016 105.1390670 
1267.0000000 104.9733831 104.9426484 
1268.0000000 104.7769645 104.7462299 
1269.0000000 104.5805460 104.5498113 
1270.0000000 104.3841274 104.3533928 
1271.0000000 104.1877089 104.1569742 
1272.0000000 103.9912903 103.9605557 
1273.0000000 103.7948718 103.7641371 
1274.0000000 103.5984532 103.5677186 
1275.0000000 103.4020347 103.3713000 
1276.0000000 103.2056161 103.1748815 
1277.0000000 103.0091976 102.9784629 
1278.0000000 102.8127790 102.7820444 
1279.0000000 102.6163605 102.5856258 
1280.0000000 102.4199419 102.3892073 
1281.0000000 102.2235234 102.1927887 
1282.0000000 102.0271048 101.9963702 
1283.0000000 101.8306863 101.7999516 
1284.0000000 101.6342677 101.6035331 
1285.0000000 101.4378492 101.4071145 
1286.0000000 101.2414306 101.2106960 
1287.0000000 101.0450121 101.0142774 
1288.0000000 100.8485935 100.8178589 
1289.0000000 100.6521750 100.6214403 
1290.0000000 100.4557564 100.4250218 
1291.0000000 100.2593379 100.2286032 
1292.0000000 100.0629193 100.0321847 
1293.0000000 99.8665008 99.8357661 
1294.0000000 99.6700822 99.6393476 
1295.0000000 99.4736637 99.4429290 
1296.0000000 99.2772451 99.2465105 
1297.0000000 99.0808266 99.0500919 
1298.0000000 98.8844080 98.8536734 
1299.0000000 98.6879895 98.6572548 
1300.0000000 98.4915709 98.4608363 
1301.0000000 98.2951524 98.2644177 
1302.0000000 98.0987338 98.0679992 
1303.0000000 97.9023153 97.8715806 
1304.0000000 97.7058967 97.6751620 
1305.0000000 97.5094782 97.4787435 
1306.0000000 97.3130596 97.2823249 
1307.0000000 97.1166411 97.0859064 
1308.0000000 96.9202225 96.8894878 
1309.0000000 96.7238040 96.6930693 
1310.0000000 96.5273854 96.4966507 
1311.0000000 96.3309669 96.3002322 
1312.0000000 96.1345483 96.1038136 
1313.0000000 95.9381298 95.9073951 
1314.0000000 95.7417112 95.7109765 
1315.0000000 95.5452927 95.5145580 
1316.0000000 95.3488741 95.3181394 
1317.0000000 95.1524556 95.1217209 
1318.0000000 94.9560370 94.9253023 
1319.0000000 94.7596185 94.7288838 
1320.0000000 94.5631999 94.5324652 
1321.0000000 94.3667814 94.3360467 
1322.0000000 94.1703628 94.1396281 
1323.0000000 93.9739443 93.9432096 
1324.0000000 93.7775257 93.7467910 
1325.0000000 93.5811072 93.5503725 
1326.0000000 93.3846886 93.3539539 
1327.0000000 93.1882701 93.1575354 
1328.0000000 92.9918515 92.9611168 
1329.0000000 92.7954329 92.7646983 
1330.0000000 92.5990144 92.5682797 
1331.0000000 92.4025958 92.3718612 
1332.0000000 92.2061773 92.1754426 
1333.0000000 92.0097587 91.9790241 
1334.0000000 91.8133402 91.7826055 
1335.0000000 91.6169216 91.5861870 
1336.0000000 91.4205031 91.3897684 
1337.0000000 91.2240845 91.1933499 
1338.0000000 91.0276660 90.9969313 
1339.0000000 90.8312474 90.8005128 
1340.0000000 90.6348289 90.6040942 
1341.0000000 90.4384103 90.4076757 
1342.0000000 90.2419918 90.2112571 
1343.0000000 90.0455732 90.0148386 
1344.0000000 89.8491547 89.8184200 
1345.0000000 89.6527361 89.6220015 
1346.0000000 89.4563176 89.4255829 
1347.0000000 89.2598990 89.2291644 
1348.0000000 89.0634805 89.0327458 
1349.0000000 88.8670619 88.8363273 
1350.0000000 88.6706434 88.6399087 
1351.0000000 88.4742248 88.4434902 
1352.0000000 88.2778063 88.2470716 
1353.0000000 88.0813877 88.0506531 
1354.0000000 87.8849692 87.8542345 
1355.0000000 87.6885506 87.6578160 
1356.0000000 87.4921321 87.4613974 
1357.0000000 87.2957135 87.2649789 
1358.0000000 87.0992950 87.0685603 
1359.0000000 86.9028764 86.8721418 
1360.0000000 86.7064579 86.6757232 
1361.0000000 86.5100393 86.4793047 
1362.0000000 86.3136208 86.2828861 
1363.0000000 86.1172022 86.0864676 
1364.0000000 85.9207837 85.8900490 
1365.0000000 85.7243651 85.6936305 
1366.0000000 85.5279466 85.4972119 
1367.0000000 85.3315280 85.3007934 
1368.0000000 85.1351095 85.1043748 
1369.0000000 84.9386909 84.9079563 
1370.0000000 84.7422724 84.7115377 
1371.0000000 84.5458538 84.5151192 
1372.0000000 84.3494353 84.3187006 
1373.0000000 84.1530167 84.1222821 
1374.0000000 83.9565982 83.9258635 
1375.0000000 83.7601796 83.7294450 
1376.0000000 83.5637611 83.5330264 
1377.0000000 83.3673425 83.3366079 
1378.0000000 83.1709240 83.1401893 
1379.0000000 82.9745054 82.9437708 
1380.0000000 82.7780869 82.7473522 
1381.0000000 82.5816683 82.5509337 
1382.0000000 82.3852498 82.3545151 
1383.0000000 82.1888312 82.1580966 
1384.0000000 81.9924127 81.9616780 
1385.0000000 81.7959941 81.7652595 
1386.0000000 81.5995756 81.5688409 
1387.0000000 81.4031570 81.3724224 
1388.0000000 81.2067385 81.1760038 
1389.0000000 81.0103199 80.9795853 
1390.0000000 80.8139014 80.7831667 
1391.0000000 80.6174828 80.5867482 
1392.0000000 80.4210643 80.3903296 
1393.0000000 80.2246457 80.1939111 
1394.0000000 80.0282272 79.9974925 
1395.0000000 79.8318086 79.8010740 
1396.0000000 79.6353901 79.6046554 
1397.0000000 79.4389715 79.4082369 
1398.0000000 79.2425530 79.2118183 
1399.0000000 79.0461344 79.0153998 
1400.0000000 78.8497159 78.8189812 
1401.0000000 78.6532973 78.6225627 
1402.0000000 78.4568788 78.4261441 
1403.0000000 78.2604602 78.2297256 
1404.0000000 78.0640417 78.0333070 
1405.0000000 77.8676231 77.8368885 
1406.0000000 77.6712046 77.6404699 
1407.0000000 77.4747860 77.4440514 
1408.0000000 77.2783675 77.2476328 
1409.0000000 77.0819489 77.0512143 
1410.0000000 76.8855304 76.8547957 
1411.0000000 76.6891118 76.6583772 
1412.0000000 76.4926933 76.4619586 
1413.0000000 76.2962747 76.2655401 
1414.0000000 76.0998562 76.0691215 
1415.0000000 75.9034376 75.8727030 
1416.0000000 75.7070191 75.6762844 
1417.0000000 75.5106005 75.4798659 
1418.0000000 75.3141820 75.2834473 
1419.0000000 75.1177634 75.0870288 
1420.0000000 74.9213449 74.8906102 
1421.0000000 74.7249263 74.6941917 
1422.0000000 74.5285078 74.4977731 
1423.0000000 74.3320892 74.3013546 
1424.0000000 74.1356707 74.1049360 
1425.0000000 73.9392521 73.9085175 
1426.0000000 73.7428336 73.7120989 
1427.0000000 73.5464150 73.5156804 
1428.0000000 73.3499965 73.3192618 
1429.0000000 73.1535779 73.1228433 
1430.0000000 72.9571594 72.9264247 
1431.0000000 72.7607408 72.7300062 
1432.0000000 72.5643223 72.5335876 
1433.0000000 72.3679037 72.3371691 
1434.0000000 72.1714852 72.1407505 
1435.0000000 71.9750666 71.9443320 
1436.0000000 71.7786481 71.7479134 
1437.0000000 71.5822295 71.5514949 
1438.0000000 71.3858110 71.3550763 
1439.0000000 71.1893924 71.1586578 
1440.0000000 70.9929739 70.9622392 
1441.0000000 70.7965553 70.7658207 
1442.0000000 70.6001368 70.5694021 
1443.0000000 70.4037182 70.3729836 
1444.0000000 70.2072997 70.1765650 
1445.0000000 70.0108811 69.9801465 
1446.0000000 69.8144626 69.7837279 
1447.0000000 69.6180440 69.5873094 
1448.0000000 69.4216255 69.3908908 
1449.0000000 69.2252069 69.1944723 
1450.0000000 69.0287884 68.9980537 
1451.0000000 68.8323698 68.8016352 
1452.0000000 68.6359513 68.6052166 
1453.0000000 68.4395327 68.4087981 
1454.0000000 68.2431142 68.2123795 
1455.0000000 68.0466956 68.0159609 
1456.0000000 67.8502771 67.8195424 
1457.0000000 67.6538585 67.6231238 
1458.0000000 67.4574400 67.4267053 
1459.0000000 67.2610214 67.2302867 
1460.0000000 67.0646029 67.0338682 
1461.0000000 66.8681843 66.8374496 
1462.0000000 66.6717658 66.6410311 
1463.0000000 66.4753472 66.4446125 
1464.0000000 66.2789287 66.2481940 
1465.0000000 66.0825101 66.0517754 
1466.0000000 65.8860916 65.8553569 
1467.0000000 65.6896730 65.6589383 
1468.0000000 65.4932545 65.4625198 
1469.0000000 65.2968359 65.2661012 
1470.0000000 65.1004174 65.0696827 
1471.0000000 64.9039988 64.8732641 
1472.0000000 64.7075803 64.6768456 
1473.0000000 64.5111617 64.4804270 
1474.0000000 64.3147432 64.2840085 
1475.0000000 64.1183246 64.0875899 
1476.0000000 63.9219061 63.8911714 
1477.0000000 63.7254875 63.6947528 
1478.0000000 63.5290690 63.4983343 
1479.0000000 63.3326504 63.3019157 
1480.0000000 63.1362318 63.1054972 
1481.0000000 62.9398133 62.9090786 
1482.0000000 62.7433947 62.7126601 
1483.0000000 62.5469762 62.5162415 
1484.0000000 62.3505576 62.3198230 
1485.0000000 62.1541391 62.1234044 
1486.0000000 61.9577205 61.9269859 
1487.0000000 61.7613020 61.7305673 
1488.0000000 61.5648834 61.5341488 
1489.0000000 61.3684649 61.3377302 
1490.0000000 61.1720463 61.1413117 
1491.0000000 60.9756278 60.9448931 
1492.0000000 60.7792092 60.7484746 
1493.0000000 60.5827907 60.5520560 
1494.0000000 60.3863721 60.3556375 
1495.0000000 60.1899536 60.1592189 
1496.0000000 59.9935350 59.9628004 
1497.0000000 59.7971165 59.7663818 
1498.0000000 59.6006979 59.5699633 
1499.0000000 59.4042794 59.3735447 
1500.0000000 59.2078608 59.1771262 
1501.0000000 59.0114423 58.9807076 
1502.0000000 58.8150237 58.7842891 
1503.0000000 58.6186052 58.5878705 
1504.0000000 58.4221866 58.3914520 
1505.0000000 58.2257681 58.1950334 
1506.0000000 58.0293495 57.9986149 
1507.0000000 57.8329310 57.8021963 
1508.0000000 57.6365124 57.6057778 
1509.0000000 57.4400939 57.4093592 
1510.0000000 57.2436753 57.2129407 
1511.0000000 57.0472568 57.0165221 
1512.0000000 56.8508382 56.8201036 
1513.0000000 56.6544197 56.6236850 
1514.0000000 56.4580011 56.4272665 
1515.0000000 56.2615826 56.2308479 
1516.0000000 56.0651640 56.0344294 
1517.0000000 55.8687455 55.8380108 
1518.0000000 55.6723269 55.6415923 
1519.0000000 55.4759084 55.4451737 
1520.0000000 55.2794898 55.2487552 
1521.0000000 55.0830713 55.0523366 
1522.0000000 54.8866527 54.8559181 
1523.0000000 54.6902342 54.6594995 
1524.0000000 54.4938156 54.4630810 
1525.0000000 54.2973971 54.2666624 
1526.0000000 54.1009785 54.0702439 
1527.0000000 53.9045600 53.8738253 
1528.0000000 53.7081414 53.6774068 
1529.0000000 53.5117229 53.4809882 
1530.0000000 53.3153043 53.2845697 
1531.0000000 53.1188858 53.0881511 
1532.0000000 52.9224672 52.8917326 
1533.0000000 52.7260487 52.6953140 
1534.0000000 52.5296301 52.4988955 
1535.0000000 52.3332116 52.3024769 
1536.0000000 52.1367930 52.1060584 
1537.0000000 51.9403745 51.9096398 
1538.0000000 51.7439559 51.7132213 
1539.0000000 51.5475374 51.5168027 
1540.0000000 51.3511188 51.3203842 
1541.0000000 51.1547003 51.1239656 
1542.0000000 50.9582817 50.9275471 
1543.0000000 50.7618632 50.7311285 
1544.0000000 50.5654446 50.5347100 
1545.0000000 50.3690261 50.3382914 
1546.0000000 50.1726075 50.1418729 
1547.0000000 49.9761890 49.9454543 
1548.0000000 49.7797704 49.7490358 
1549.0000000 49.5833519 49.5526172 
1550.0000000 49.3869333 49.3561987 
1551.0000000 49.1905148 49.1597801 
1552.0000000 48.9940962 48.9633616 
1553.0000000 48.7976777 48.7669430 
1554.0000000 48.6012591 48.5705245 
1555.0000000 48.4048406 48.3741059 
1556.0000000 48.2084220 48.1776874 
1557.0000000 48.0120035 47.9812688 
1558.0000000 47.8155849 47.7848503 
1559.0000000 47.6191664 47.5884317 
1560.0000000 47.4227478 47.3920132 
1561.0000000 47.2263293 47.1955946 
1562.0000000 47.0299107 46.9991761 
1563.0000000 46.8334922 46.8027575 
1564.0000000 46.6370736 46.6063390 
1565.0000000 46.4406551 46.4099204 
1566.0000000 46.2442365 46.2135019 
1567.0000000 46.0478180 46.0170833 
1568.0000000 45.8513994 45.8206648 
1569.0000000 45.6549809 45.6242462 
1570.0000000 45.4585623 45.4278277 
1571.0000000 45.2621438 45.2314091 
1572.0000000 45.0657252 45.0349906 
1573.0000000 44.8693067 44.8385720 
1574.0000000 44.6728881 44.6421535 
1575.0000000 44.4764696 44.4457349 
1576.0000000 44.2800510 44.2493164 
1577.0000000 44.0836325 44.0528978 
1578.0000000 43.8872139 43.8564793 
1579.0000000 43.6907954 43.6600607 
1580.0000000 43.4943768 43.4636422 
1581.0000000 43.2979583 43.2672236 
1582.0000000 43.1015397 43.0708051 
1583.0000000 42.9051212 42.8743865 
1584.0000000 42.7087026 42.6779680 
1585.0000000 42.5122841 42.4815494 
1586.0000000 42.3158655 42.2851309 
1587.0000000 42.1194470 42.0887123 
1588.0000000 41.9230284 41.8922938 
1589.0000000 41.7266099 41.6958752 
1590.0000000 41.5301913 41.4994567 
1591.0000000 41.3337728 41.3030381 
1592.0000000 41.1373542 41.1066196 
1593.0000000 40.9409357 40.9102010 
1594.0000000 40.7445171 40.7137825 
1595.0000000 40.5480986 40.5173639 
1596.0000000 40.3516800 40.3209454 
1597.0000000 40.1552615 40.1245268 
1598.0000000 39.9588429 39.9281083 
1599.0000000 39.7624244 39.7316897 
1600.0000000 39.5660058 39.5352712 
1601.0000000 39.3695873 39.3388526 
1602.0000000 39.1731687 39.1424341 
1603.0000000 38.9767502 38.9460155 
1604.0000000 38.7803316 38.7495970 
1605.0000000 38.5839131 38.5531784 
1606.0000000 38.3874945 38.3567598 
1607.0000000 38.1910760 38.1603413 
1608.0000000 37.9946574 37.9639227 
1609.0000000 37.7982389 37.7675042 
1610.0000000 37.6018203 37.5710856 
1611.0000000 37.4054018 37.3746671 
1612.0000000 37.2089832 37.1782485 
1613.0000000 37.0125647 36.9818300 
1614.0000000 36.8161461 36.7854114 
1615.0000000 36.6197276 36.5889929 
1616.0000000 36.4233090 36.3925743 
1617.0000000 36.2268905 36.1961558 
1618.0000000 36.0304719 35.9997372 
1619.0000000 35.8340534 35.8033187 
1620.0000000 35.6376348 35.6069001 
1621.0000000 35.4412163 35.4104816 
1622.0000000 35.2447977 35.2140630 
1623.0000000 35.0483792 35.0176445 
1624.0000000 34.8519606 34.8212259 
1625.0000000 34.6555421 34.6248074 
1626.0000000 34.4591235 34.4283888 
1627.0000000 34.2627050 34.2319703 
1628.0000000 34.0662864 34.0355517 
1629.0000000 33.8698679 33.8391332 
1630.0000000 33.6734493 33.6427146 
1631.0000000 33.4770308 33.4462961 
1632.0000000 33.2806122 33.2498775 
1633.0000000 33.0841936 33.0534590 
1634.0000000 32.8877751 32.8570404 
1635.0000000 32.6913565 32.6606219 
1636.0000000 32.4949380 32.4642033 
1637.0000000 32.2985194 32.2677848 
1638.0000000 32.1021009 32.0713662 
1639.0000000 31.9056823 31.8749477 
1640.0000000 31.7092638 31.6785291 
1641.0000000 31.5128452 31.4821106 
1642.0000000 31.3164267 31.2856920 
1643.0000000 31.1200081 31.0892735 
1644.0000000 30.9235896 30.8928549 
1645.0000000 30.7271710 30.6964364 
1646.0000000 30.5307525 30.5000178 
1647.0000000 30.3343339 30.3035993 
1648.0000000 30.1379154 30.1071807 
1649.0000000 29.9414968 29.9107622 
1650.0000000 29.7450783 29.7143436 
1651.0000000 29.5486597 29.5179251 
1652.0000000 29.3522412 29.3215065 
1653.0000000 29.1558226 29.1250880 
1654.0000000 28.9594041 28.9286694 
1655.0000000 28.7629855 28.7322509 
1656.0000000 28.5665670 28.5358323 
1657.0000000 28.3701484 28.3394138 
1658.0000000 28.1737299 28.1429952 
1659.0000000 27.9773113 27.9465767 
1660.0000000 27.7808928 27.7501581 
1661.0000000 27.5844742 27.5537396 
1662.0000000 27.3880557 27.3573210 
1663.0000000 27.1916371 27.1609025 
1664.0000000 26.9952186 26.9644839 
1665.0000000 26.7988000 26.7680654 
1666.0000000 26.6023815 26.5716468 
1667.0000000 26.4059629 26.3752283 
1668.0000000 26.2095444 26.1788097 
1669.0000000 26.0131258 25.9823912 
1670.0000000 25.8167073 25.7859726 
1671.0000000 25.6202887 25.5895541 
1672.0000000 25.4238702 25.3931355 
1673.0000000 25.2274516 25.1967170 
1674.0000000 25.0310331 25.0002984 
1675.0000000 24.8346145 24.8038799 
1676.0000000 24.6381960 24.6074613 
1677.0000000 24.4417774 24.4110428 
1678.0000000 24.2453589 24.2146242 
1679.0000000 24.0489403 24.0182057 
1680.0000000 23.8525218 23.8217871 
1681.0000000 23.6561032 23.6253686 
1682.0000000 23.4596847 23.4289500 
1683.0000000 23.2632661 23.2325315 
1684.0000000 23.0668476 23.0361129 
1685.0000000 22.8704290 22.8396944 
1686.0000000 22.6740105 22.6432758 
1687.0000000 22.4775919 22.4468573 
1688.0000000 22.2811734 22.2504387 
1689.0000000 22.0847548 22.0540202 
1690.0000000 21.8883363 21.8576016 
1691.0000000 21.6919177 21.6611831 
1692.0000000 21.4954992 21.4647645 
1693.0000000 21.2990806 21.2683460 
1694.0000000 21.1026621 21.0719274 
1695.0000000 20.9062435 20.8755089 
1696.0000000 20.7098250 20.6790903 
1697.0000000 20.5134064 20.4826718 
1698.0000000 20.3169879 20.2862532 
1699.0000000 20.1205693 20.0898347 
1700.0000000 19.9241508 19.8934161 
1701.0000000 19.7277322 19.6969976 
1702.0000000 19.5313137 19.5005790 
1703.0000000 19.3348951 19.3041605 
1704.0000000 19.1384766 19.1077419 
1705.0000000 18.9420580 18.9113234 
1706.0000000 18.7456395 18.7149048 
1707.0000000 18.5492209 18.5184863 
1708.0000000 18.3528024 18.3220677 
1709.0000000 18.1563838 18.1256492 
1710.0000000 17.9599653 17.9292306 
1711.0000000 17.7635467 17.7328121 
1712.0000000 17.5671282 17.5363935 
1713.0000000 17.3707096 17.3399750 
1714.0000000 17.1742911 17.1435564 
1715.0000000 16.9778725 16.9471379 
1716.0000000 16.7814540 16.7507193 
1717.0000000 16.5850354 16.5543008 
1718.0000000 16.3886169 16.3578822 
1719.0000000 16.1921983 16.1614637 
1720.0000000 15.9957798 15.9650451 
1721.0000000 15.7993612 15.7686266 
1722.0000000 15.6029427 15.5722080 
1723.0000000 15.4065241 15.3757895 
1724.0000000 15.2101056 15.1793709 
1725.0000000 15.0136870 14.9829524 
1726.0000000 14.8172685 14.7865338 
1727.0000000 14.6208499 14.5901153 
1728.0000000 14.4244314 14.3936967 
1729.0000000 14.2280128 14.1972782 
1730.0000000 14.0315943 14.0008596 
1731.0000000 13.8351757 13.8044411 
1732.0000000 13.6387572 13.6080225 
1733.0000000 13.4423386 13.4116040 
1734.0000000 13.2459201 13.2151854 
1735.0000000 13.0495015 13.0187669 
1736.0000000 12.8530830 12.8223483 
1737.0000000 12.6566644 12.6259298 
1738.0000000 12.4602459 12.4295112 
1739.0000000 12.2638273 12.2330927 
1740.0000000 12.0674088 12.0366741 
1741.0000000 11.8709902 11.8402556 
1742.0000000 11.6745717 11.6438370 
1743.0000000 11.4781531 11.4474185 
1744.0000000 11.2817346 11.2509999 
1745.0000000 11.0853160 11.0545814 
1746.0000000 10.8888975 10.8581628 
1747.0000000 10.6924789 10.6617443 
1748.0000000 10.4960604 10.4653257 
1749.0000000 10.2996418 10.2689072 
1750.0000000 10.1032233 10.0724886 
1751.0000000 9.9068047 9.8760701 
1752.0000000 9.7103862 9.6796515 
1753.0000000 9.5139676 9.4832330 
1754.0000000 9.3175491 9.2868144 
1755.0000000 9.1211305 9.0903959 
1756.0000000 8.9247120 8.8939773 
1757.0000000 8.7282934 8.6975588 
1758.0000000 8.5318749 8.5011402 
1759.0000000 8.3354563 8.3047216 
1760.0000000 8.1390378 8.1083031 
1761.0000000 7.9426192 7.9118845 
1762.0000000 7.7462007 7.7154660 
1763.0000000 7.5497821 7.5190474 
1764.0000000 7.3533636 7.3226289 
1765.0000000 7.1569450 7.1262103 
1766.0000000 6.9605265 6.9297918 
1767.0000000 6.7641079 6.7333732 
1768.0000000 6.5676894 6.5369547 
1769.0000000 6.3712708 6.3405361 
1770.0000000 6.1748523 6.1441176 
1771.0000000 5.9784337 5.9476990 
1772.0000000 5.7820152 5.7512805 
1773.0000000 5.5855966 5.5548619 
1774.0000000 5.3891781 5.3584434 
1775.0000000 5.1927595 5.1620248 
1776.0000000 4.9963410 4.9656063 
1777.0000000 4.7999224 4.7691877 
1778.0000000 4.6035039 4.5727692 
1779.0000000 4.4070853 4.3763506 
1780.0000000 4.2106668 4.1799321 
1781.0000000 4.0142482 3.9835135 
1782.0000000 3.8178297 3.7870950 
1783.0000000 3.6214111 3.5906764 
1784.0000000 3.4249925 3.3942579 
1785.0000000 3.2285740 3.1978393 
1786.0000000 3.0321554 3.0014208 
1787.0000000 2.8357369 2.8050022 
1788.0000000 2.6393183 2.6085837 
1789.0000000 2.4428998 2.4121651 
1790.0000000 2.2464812 2.2157466 
1791.0000000 2.0500627 2.0193280 
1792.0000000 1.8536441 1.8229095 
1793.0000000 1.6572256 1.6264909 
1794.0000000 1.4608070 1.4300724 
1795.0000000 1.2643885 1.2336538 
1796.0000000 1.0679699 1.0372353 
1797.0000000 0.8715514 0.8408167 
1798.0000000 0.6751328 0.6443982 
1799.0000000 0.4787143 0.4479796 
1800.0000000 0.2822957 0.2515611 

