1.0000000 353.5235811 353.5560405 
2.0000000 353.3271625 353.3596220 
3.0000000 353.1307440 353.1632034 
4.0000000 352.9343254 352.9667849 
5.0000000 352.7379069 352.7703663 
6.0000000 352.5414883 352.5739477 
7.0000000 352.3450698 352.3775292 
8.0000000 352.1486512 352.1811106 
9.0000000 351.9522327 351.9846921 
10.0000000 351.7558141 351.7882735 
11.0000000 351.5593956 351.5918550 
12.0000000 351.3629770 351.3954364 
13.0000000 351.1665585 351.1990179 
14.0000000 350.9701399 351.0025993 
15.0000000 350.7737214 350.8061808 
16.0000000 350.5773028 350.6097622 
17.0000000 350.3808843 350.4133437 
18.0000000 350.1844657 350.2169251 
19.0000000 349.9880472 350.0205066 
20.0000000 349.7916286 349.8240880 
21.0000000 349.5952101 349.6276695 
22.0000000 349.3987915 349.4312509 
23.0000000 349.2023730 349.2348324 
24.0000000 349.0059544 349.0384138 
25.0000000 348.8095359 348.8419953 
26.0000000 348.6131173 348.6455767 
27.0000000 348.4166988 348.4491582 
28.0000000 348.2202802 348.2527396 
29.0000000 348.0238617 348.0563211 
30.0000000 347.8274431 347.8599025 
31.0000000 347.6310246 347.6634840 
32.0000000 347.4346060 347.4670654 
33.0000000 347.2381875 347.2706469 
34.0000000 347.0417689 347.0742283 
35.0000000 346.8453504 346.8778098 
36.0000000 346.6489318 346.6813912 
37.0000000 346.4525133 346.4849727 
38.0000000 346.2560947 346.2885541 
39.0000000 346.0596762 346.0921356 
40.0000000 345.8632576 345.8957170 
41.0000000 345.6668391 345.6992985 
42.0000000 345.4704205 345.5028799 
43.0000000 345.2740020 345.3064614 
44.0000000 345.0775834 345.1100428 
45.0000000 344.8811649 344.9136243 
46.0000000 344.6847463 344.7172057 
47.0000000 344.4883278 344.5207872 
48.0000000 344.2919092 344.3243686 
49.0000000 344.0954907 344.1279501 
50.0000000 343.8990721 343.9315315 
51.0000000 343.7026536 343.7351130 
52.0000000 343.5062350 343.5386944 
53.0000000 343.3098165 343.3422759 
54.0000000 343.1133979 343.1458573 
55.0000000 342.9169794 342.9494388 
56.0000000 342.7205608 342.7530202 
57.0000000 342.5241423 342.5566017 
58.0000000 342.3277237 342.3601831 
59.0000000 342.1313052 342.1637646 
60.0000000 341.9348866 341.9673460 
61.0000000 341.7384680 341.7709275 
62.0000000 341.5420495 341.5745089 
63.0000000 341.3456309 341.3780904 
64.0000000 341.1492124 341.1816718 
65.0000000 340.9527938 340.9852533 
66.0000000 340.7563753 340.7888347 
67.0000000 340.5599567 340.5924162 
68.0000000 340.3635382 340.3959976 
69.0000000 340.1671196 340.1995791 
70.0000000 339.9707011 340.0031605 
71.0000000 339.7742825 339.8067420 
72.0000000 339.5778640 339.6103234 
73.0000000 339.3814454 339.4139049 
74.0000000 339.1850269 339.2174863 
75.0000000 338.9886083 339.0210678 
76.0000000 338.7921898 338.8246492 
77.0000000 338.5957712 338.6282307 
78.0000000 338.3993527 338.4318121 
79.0000000 338.2029341 338.2353936 
80.0000000 338.0065156 338.0389750 
81.0000000 337.8100970 337.8425565 
82.0000000 337.6136785 337.6461379 
83.0000000 337.4172599 337.4497194 
84.0000000 337.2208414 337.2533008 
85.0000000 337.0244228 337.0568823 
86.0000000 336.8280043 336.8604637 
87.0000000 336.6315857 336.6640452 
88.0000000 336.4351672 336.4676266 
89.0000000 336.2387486 336.2712081 
90.0000000 336.0423301 336.0747895 
91.0000000 335.8459115 335.8783710 
92.0000000 335.6494930 335.6819524 
93.0000000 335.4530744 335.4855339 
94.0000000 335.2566559 335.2891153 
95.0000000 335.0602373 335.0926968 
96.0000000 334.8638188 334.8962782 
97.0000000 334.6674002 334.6998597 
98.0000000 334.4709817 334.5034411 
99.0000000 334.2745631 334.3070226 
100.0000000 334.0781446 334.1106040 
101.0000000 333.8817260 333.9141855 
102.0000000 333.6853075 333.7177669 
103.0000000 333.4888889 333.5213484 
104.0000000 333.2924704 333.3249298 
105.0000000 333.0960518 333.1285113 
106.0000000 332.8996333 332.9320927 
107.0000000 332.7032147 332.7356742 
108.0000000 332.5067962 332.5392556 
109.0000000 332.3103776 332.3428371 
110.0000000 332.1139591 332.1464185 
111.0000000 331.9175405 331.9500000 
112.0000000 331.7211220 331.7535814 
113.0000000 331.5247034 331.5571629 
114.0000000 331.3282849 331.3607443 
115.0000000 331.1318663 331.1643258 
116.0000000 330.9354478 330.9679072 
117.0000000 330.7390292 330.7714887 
118.0000000 330.5426107 330.5750701 
119.0000000 330.3461921 330.3786516 
120.0000000 330.1497736 330.1822330 
121.0000000 329.9533550 329.9858145 
122.0000000 329.7569365 329.7893959 
123.0000000 329.5605179 329.5929774 
124.0000000 329.3640994 329.3965588 
125.0000000 329.1676808 329.2001403 
126.0000000 328.9712623 329.0037217 
127.0000000 328.7748437 328.8073032 
128.0000000 328.5784252 328.6108846 
129.0000000 328.3820066 328.4144661 
130.0000000 328.1855881 328.2180475 
131.0000000 327.9891695 328.0216290 
132.0000000 327.7927510 327.8252104 
133.0000000 327.5963324 327.6287919 
134.0000000 327.3999139 327.4323733 
135.0000000 327.2034953 327.2359548 
136.0000000 327.0070768 327.0395362 
137.0000000 326.8106582 326.8431177 
138.0000000 326.6142397 326.6466991 
139.0000000 326.4178211 326.4502806 
140.0000000 326.2214026 326.2538620 
141.0000000 326.0249840 326.0574435 
142.0000000 325.8285655 325.8610249 
143.0000000 325.6321469 325.6646064 
144.0000000 325.4357284 325.4681878 
145.0000000 325.2393098 325.2717693 
146.0000000 325.0428913 325.0753507 
147.0000000 324.8464727 324.8789322 
148.0000000 324.6500542 324.6825136 
149.0000000 324.4536356 324.4860951 
150.0000000 324.2572171 324.2896765 
151.0000000 324.0607985 324.0932580 
152.0000000 323.8643800 323.8968394 
153.0000000 323.6679614 323.7004209 
154.0000000 323.4715429 323.5040023 
155.0000000 323.2751243 323.3075838 
156.0000000 323.0787058 323.1111652 
157.0000000 322.8822872 322.9147466 
158.0000000 322.6858687 322.7183281 
159.0000000 322.4894501 322.5219095 
160.0000000 322.2930316 322.3254910 
161.0000000 322.0966130 322.1290724 
162.0000000 321.9001945 321.9326539 
163.0000000 321.7037759 321.7362353 
164.0000000 321.5073574 321.5398168 
165.0000000 321.3109388 321.3433982 
166.0000000 321.1145203 321.1469797 
167.0000000 320.9181017 320.9505611 
168.0000000 320.7216832 320.7541426 
169.0000000 320.5252646 320.5577240 
170.0000000 320.3288461 320.3613055 
171.0000000 320.1324275 320.1648869 
172.0000000 319.9360090 319.9684684 
173.0000000 319.7395904 319.7720498 
174.0000000 319.5431719 319.5756313 
175.0000000 319.3467533 319.3792127 
176.0000000 319.1503348 319.1827942 
177.0000000 318.9539162 318.9863756 
178.0000000 318.7574977 318.7899571 
179.0000000 318.5610791 318.5935385 
180.0000000 318.3646606 318.3971200 
181.0000000 318.1682420 318.2007014 
182.0000000 317.9718235 318.0042829 
183.0000000 317.7754049 317.8078643 
184.0000000 317.5789864 317.6114458 
185.0000000 317.3825678 317.4150272 
186.0000000 317.1861493 317.2186087 
187.0000000 316.9897307 317.0221901 
188.0000000 316.7933122 316.8257716 
189.0000000 316.5968936 316.6293530 
190.0000000 316.4004751 316.4329345 
191.0000000 316.2040565 316.2365159 
192.0000000 316.0076380 316.0400974 
193.0000000 315.8112194 315.8436788 
194.0000000 315.6148009 315.6472603 
195.0000000 315.4183823 315.4508417 
196.0000000 315.2219638 315.2544232 
197.0000000 315.0255452 315.0580046 
198.0000000 314.8291267 314.8615861 
199.0000000 314.6327081 314.6651675 
200.0000000 314.4362896 314.4687490 
201.0000000 314.2398710 314.2723304 
202.0000000 314.0434525 314.0759119 
203.0000000 313.8470339 313.8794933 
204.0000000 313.6506154 313.6830748 
205.0000000 313.4541968 313.4866562 
206.0000000 313.2577783 313.2902377 
207.0000000 313.0613597 313.0938191 
208.0000000 312.8649412 312.8974006 
209.0000000 312.6685226 312.7009820 
210.0000000 312.4721041 312.5045635 
211.0000000 312.2756855 312.3081449 
212.0000000 312.0792669 312.1117264 
213.0000000 311.8828484 311.9153078 
214.0000000 311.6864298 311.7188893 
215.0000000 311.4900113 311.5224707 
216.0000000 311.2935927 311.3260522 
217.0000000 311.0971742 311.1296336 
218.0000000 310.9007556 310.9332151 
219.0000000 310.7043371 310.7367965 
220.0000000 310.5079185 310.5403780 
221.0000000 310.3115000 310.3439594 
222.0000000 310.1150814 310.1475409 
223.0000000 309.9186629 309.9511223 
224.0000000 309.7222443 309.7547038 
225.0000000 309.5258258 309.5582852 
226.0000000 309.3294072 309.3618667 
227.0000000 309.1329887 309.1654481 
228.0000000 308.9365701 308.9690296 
229.0000000 308.7401516 308.7726110 
230.0000000 308.5437330 308.5761925 
231.0000000 308.3473145 308.3797739 
232.0000000 308.1508959 308.1833554 
233.0000000 307.9544774 307.9869368 
234.0000000 307.7580588 307.7905183 
235.0000000 307.5616403 307.5940997 
236.0000000 307.3652217 307.3976812 
237.0000000 307.1688032 307.2012626 
238.0000000 306.9723846 307.0048441 
239.0000000 306.7759661 306.8084255 
240.0000000 306.5795475 306.6120070 
241.0000000 306.3831290 306.4155884 
242.0000000 306.1867104 306.2191699 
243.0000000 305.9902919 306.0227513 
244.0000000 305.7938733 305.8263328 
245.0000000 305.5974548 305.6299142 
246.0000000 305.4010362 305.4334957 
247.0000000 305.2046177 305.2370771 
248.0000000 305.0081991 305.0406586 
249.0000000 304.8117806 304.8442400 
250.0000000 304.6153620 304.6478215 
251.0000000 304.4189435 304.4514029 
252.0000000 304.2225249 304.2549844 
253.0000000 304.0261064 304.0585658 
254.0000000 303.8296878 303.8621473 
255.0000000 303.6332693 303.6657287 
256.0000000 303.4368507 303.4693102 
257.0000000 303.2404322 303.2728916 
258.0000000 303.0440136 303.0764731 
259.0000000 302.8475951 302.8800545 
260.0000000 302.6511765 302.6836360 
261.0000000 302.4547580 302.4872174 
262.0000000 302.2583394 302.2907989 
263.0000000 302.0619209 302.0943803 
264.0000000 301.8655023 301.8979618 
265.0000000 301.6690838 301.7015432 
266.0000000 301.4726652 301.5051247 
267.0000000 301.2762467 301.3087061 
268.0000000 301.0798281 301.1122876 
269.0000000 300.8834096 300.9158690 
270.0000000 300.6869910 300.7194505 
271.0000000 300.4905725 300.5230319 
272.0000000 300.2941539 300.3266134 
273.0000000 300.0977354 300.1301948 
274.0000000 299.9013168 299.9337763 
275.0000000 299.7048983 299.7373577 
276.0000000 299.5084797 299.5409392 
277.0000000 299.3120612 299.3445206 
278.0000000 299.1156426 299.1481021 
279.0000000 298.9192241 298.9516835 
280.0000000 298.7228055 298.7552650 
281.0000000 298.5263870 298.5588464 
282.0000000 298.3299684 298.3624279 
283.0000000 298.1335499 298.1660093 
284.0000000 297.9371313 297.9695908 
285.0000000 297.7407128 297.7731722 
286.0000000 297.5442942 297.5767537 
287.0000000 297.3478757 297.3803351 
288.0000000 297.1514571 297.1839166 
289.0000000 296.9550386 296.9874980 
290.0000000 296.7586200 296.7910795 
291.0000000 296.5622015 296.5946609 
292.0000000 296.3657829 296.3982424 
293.0000000 296.1693644 296.2018238 
294.0000000 295.9729458 296.0054053 
295.0000000 295.7765273 295.8089867 
296.0000000 295.5801087 295.6125682 
297.0000000 295.3836902 295.4161496 
298.0000000 295.1872716 295.2197311 
299.0000000 294.9908531 295.0233125 
300.0000000 294.7944345 294.8268940 
301.0000000 294.5980160 294.6304754 
302.0000000 294.4015974 294.4340569 
303.0000000 294.2051789 294.2376383 
304.0000000 294.0087603 294.0412198 
305.0000000 293.8123418 293.8448012 
306.0000000 293.6159232 293.6483827 
307.0000000 293.4195047 293.4519641 
308.0000000 293.2230861 293.2555456 
309.0000000 293.0266676 293.0591270 
310.0000000 292.8302490 292.8627084 
311.0000000 292.6338305 292.6662899 
312.0000000 292.4374119 292.4698713 
313.0000000 292.2409934 292.2734528 
314.0000000 292.0445748 292.0770342 
315.0000000 291.8481563 291.8806157 
316.0000000 291.6517377 291.6841971 
317.0000000 291.4553192 291.4877786 
318.0000000 291.2589006 291.2913600 
319.0000000 291.0624821 291.0949415 
320.0000000 290.8660635 290.8985229 
321.0000000 290.6696450 290.7021044 
322.0000000 290.4732264 290.5056858 
323.0000000 290.2768079 290.3092673 
324.0000000 290.0803893 290.1128487 
325.0000000 289.8839708 289.9164302 
326.0000000 289.6875522 289.7200116 
327.0000000 289.4911337 289.5235931 
328.0000000 289.2947151 289.3271745 
329.0000000 289.0982966 289.1307560 
330.0000000 288.9018780 288.9343374 
331.0000000 288.7054595 288.7379189 
332.0000000 288.5090409 288.5415003 
333.0000000 288.3126224 288.3450818 
334.0000000 288.1162038 288.1486632 
335.0000000 287.9197853 287.9522447 
336.0000000 287.7233667 287.7558261 
337.0000000 287.5269482 287.5594076 
338.0000000 287.3305296 287.3629890 
339.0000000 287.1341111 287.1665705 
340.0000000 286.9376925 286.9701519 
341.0000000 286.7412740 286.7737334 
342.0000000 286.5448554 286.5773148 
343.0000000 286.3484369 286.3808963 
344.0000000 286.1520183 286.1844777 
345.0000000 285.9555998 285.9880592 
346.0000000 285.7591812 285.7916406 
347.0000000 285.5627627 285.5952221 
348.0000000 285.3663441 285.3988035 
349.0000000 285.1699256 285.2023850 
350.0000000 284.9735070 285.0059664 
351.0000000 284.7770885 284.8095479 
352.0000000 284.5806699 284.6131293 
353.0000000 284.3842514 284.4167108 
354.0000000 284.1878328 284.2202922 
355.0000000 283.9914143 284.0238737 
356.0000000 283.7949957 283.8274551 
357.0000000 283.5985772 283.6310366 
358.0000000 283.4021586 283.4346180 
359.0000000 283.2057401 283.2381995 
360.0000000 283.0093215 283.0417809 
361.0000000 282.8129030 282.8453624 
362.0000000 282.6164844 282.6489438 
363.0000000 282.4200659 282.4525253 
364.0000000 282.2236473 282.2561067 
365.0000000 282.0272287 282.0596882 
366.0000000 281.8308102 281.8632696 
367.0000000 281.6343916 281.6668511 
368.0000000 281.4379731 281.4704325 
369.0000000 281.2415545 281.2740140 
370.0000000 281.0451360 281.0775954 
371.0000000 280.8487174 280.8811769 
372.0000000 280.6522989 280.6847583 
373.0000000 280.4558803 280.4883398 
374.0000000 280.2594618 280.2919212 
375.0000000 280.0630432 280.0955027 
376.0000000 279.8666247 279.8990841 
377.0000000 279.6702061 279.7026656 
378.0000000 279.4737876 279.5062470 
379.0000000 279.2773690 279.3098285 
380.0000000 279.0809505 279.1134099 
381.0000000 278.8845319 278.9169914 
382.0000000 278.6881134 278.7205728 
383.0000000 278.4916948 278.5241543 
384.0000000 278.2952763 278.3277357 
385.0000000 278.0988577 278.1313172 
386.0000000 277.9024392 277.9348986 
387.0000000 277.7060206 277.7384801 
388.0000000 277.5096021 277.5420615 
389.0000000 277.3131835 277.3456430 
390.0000000 277.1167650 277.1492244 
391.0000000 276.9203464 276.9528059 
392.0000000 276.7239279 276.7563873 
393.0000000 276.5275093 276.5599688 
394.0000000 276.3310908 276.3635502 
395.0000000 276.1346722 276.1671317 
396.0000000 275.9382537 275.9707131 
397.0000000 275.7418351 275.7742946 
398.0000000 275.5454166 275.5778760 
399.0000000 275.3489980 275.3814575 
400.0000000 275.1525795 275.1850389 
401.0000000 274.9561609 274.9886204 
402.0000000 274.7597424 274.7922018 
403.0000000 274.5633238 274.5957833 
404.0000000 274.3669053 274.3993647 
405.0000000 274.1704867 274.2029462 
406.0000000 273.9740682 274.0065276 
407.0000000 273.7776496 273.8101091 
408.0000000 273.5812311 273.6136905 
409.0000000 273.3848125 273.4172720 
410.0000000 273.1883940 273.2208534 
411.0000000 272.9919754 273.0244349 
412.0000000 272.7955569 272.8280163 
413.0000000 272.5991383 272.6315978 
414.0000000 272.4027198 272.4351792 
415.0000000 272.2063012 272.2387607 
416.0000000 272.0098827 272.0423421 
417.0000000 271.8134641 271.8459236 
418.0000000 271.6170456 271.6495050 
419.0000000 271.4206270 271.4530865 
420.0000000 271.2242085 271.2566679 
421.0000000 271.0277899 271.0602494 
422.0000000 270.8313714 270.8638308 
423.0000000 270.6349528 270.6674123 
424.0000000 270.4385343 270.4709937 
425.0000000 270.2421157 270.2745752 
426.0000000 270.0456972 270.0781566 
427.0000000 269.8492786 269.8817381 
428.0000000 269.6528601 269.6853195 
429.0000000 269.4564415 269.4889010 
430.0000000 269.2600230 269.2924824 
431.0000000 269.0636044 269.0960639 
432.0000000 268.8671859 268.8996453 
433.0000000 268.6707673 268.7032268 
434.0000000 268.4743488 268.5068082 
435.0000000 268.2779302 268.3103897 
436.0000000 268.0815117 268.1139711 
437.0000000 267.8850931 267.9175526 
438.0000000 267.6886746 267.7211340 
439.0000000 267.4922560 267.5247155 
440.0000000 267.2958375 267.3282969 
441.0000000 267.0994189 267.1318784 
442.0000000 266.9030004 266.9354598 
443.0000000 266.7065818 266.7390413 
444.0000000 266.5101633 266.5426227 
445.0000000 266.3137447 266.3462042 
446.0000000 266.1173262 266.1497856 
447.0000000 265.9209076 265.9533671 
448.0000000 265.7244891 265.7569485 
449.0000000 265.5280705 265.5605300 
450.0000000 265.3316520 265.3641114 
451.0000000 265.1352334 265.1676929 
452.0000000 264.9388149 264.9712743 
453.0000000 264.7423963 264.7748558 
454.0000000 264.5459778 264.5784372 
455.0000000 264.3495592 264.3820187 
456.0000000 264.1531407 264.1856001 
457.0000000 263.9567221 263.9891816 
458.0000000 263.7603036 263.7927630 
459.0000000 263.5638850 263.5963445 
460.0000000 263.3674665 263.3999259 
461.0000000 263.1710479 263.2035073 
462.0000000 262.9746294 263.0070888 
463.0000000 262.7782108 262.8106702 
464.0000000 262.5817923 262.6142517 
465.0000000 262.3853737 262.4178331 
466.0000000 262.1889552 262.2214146 
467.0000000 261.9925366 262.0249960 
468.0000000 261.7961181 261.8285775 
469.0000000 261.5996995 261.6321589 
470.0000000 261.4032810 261.4357404 
471.0000000 261.2068624 261.2393218 
472.0000000 261.0104439 261.0429033 
473.0000000 260.8140253 260.8464847 
474.0000000 260.6176068 260.6500662 
475.0000000 260.4211882 260.4536476 
476.0000000 260.2247697 260.2572291 
477.0000000 260.0283511 260.0608105 
478.0000000 259.8319326 259.8643920 
479.0000000 259.6355140 259.6679734 
480.0000000 259.4390955 259.4715549 
481.0000000 259.2426769 259.2751363 
482.0000000 259.0462584 259.0787178 
483.0000000 258.8498398 258.8822992 
484.0000000 258.6534213 258.6858807 
485.0000000 258.4570027 258.4894621 
486.0000000 258.2605842 258.2930436 
487.0000000 258.0641656 258.0966250 
488.0000000 257.8677471 257.9002065 
489.0000000 257.6713285 257.7037879 
490.0000000 257.4749100 257.5073694 
491.0000000 257.2784914 257.3109508 
492.0000000 257.0820729 257.1145323 
493.0000000 256.8856543 256.9181137 
494.0000000 256.6892358 256.7216952 
495.0000000 256.4928172 256.5252766 
496.0000000 256.2963987 256.3288581 
497.0000000 256.0999801 256.1324395 
498.0000000 255.9035616 255.9360210 
499.0000000 255.7071430 255.7396024 
500.0000000 255.5107245 255.5431839 
501.0000000 255.3143059 255.3467653 
502.0000000 255.1178874 255.1503468 
503.0000000 254.9214688 254.9539282 
504.0000000 254.7250503 254.7575097 
505.0000000 254.5286317 254.5610911 
506.0000000 254.3322132 254.3646726 
507.0000000 254.1357946 254.1682540 
508.0000000 253.9393761 253.9718355 
509.0000000 253.7429575 253.7754169 
510.0000000 253.5465390 253.5789984 
511.0000000 253.3501204 253.3825798 
512.0000000 253.1537019 253.1861613 
513.0000000 252.9572833 252.9897427 
514.0000000 252.7608648 252.7933242 
515.0000000 252.5644462 252.5969056 
516.0000000 252.3680276 252.4004871 
517.0000000 252.1716091 252.2040685 
518.0000000 251.9751905 252.0076500 
519.0000000 251.7787720 251.8112314 
520.0000000 251.5823534 251.6148129 
521.0000000 251.3859349 251.4183943 
522.0000000 251.1895163 251.2219758 
523.0000000 250.9930978 251.0255572 
524.0000000 250.7966792 250.8291387 
525.0000000 250.6002607 250.6327201 
526.0000000 250.4038421 250.4363016 
527.0000000 250.2074236 250.2398830 
528.0000000 250.0110050 250.0434645 
529.0000000 249.8145865 249.8470459 
530.0000000 249.6181679 249.6506274 
531.0000000 249.4217494 249.4542088 
532.0000000 249.2253308 249.2577903 
533.0000000 249.0289123 249.0613717 
534.0000000 248.8324937 248.8649532 
535.0000000 248.6360752 248.6685346 
536.0000000 248.4396566 248.4721161 
537.0000000 248.2432381 248.2756975 
538.0000000 248.0468195 248.0792790 
539.0000000 247.8504010 247.8828604 
540.0000000 247.6539824 247.6864419 
541.0000000 247.4575639 247.4900233 
542.0000000 247.2611453 247.2936048 
543.0000000 247.0647268 247.0971862 
544.0000000 246.8683082 246.9007677 
545.0000000 246.6718897 246.7043491 
546.0000000 246.4754711 246.5079306 
547.0000000 246.2790526 246.3115120 
548.0000000 246.0826340 246.1150935 
549.0000000 245.8862155 245.9186749 
550.0000000 245.6897969 245.7222564 
551.0000000 245.4933784 245.5258378 
552.0000000 245.2969598 245.3294193 
553.0000000 245.1005413 245.1330007 
554.0000000 244.9041227 244.9365822 
555.0000000 244.7077042 244.7401636 
556.0000000 244.5112856 244.5437451 
557.0000000 244.3148671 244.3473265 
558.0000000 244.1184485 244.1509080 
559.0000000 243.9220300 243.9544894 
560.0000000 243.7256114 243.7580709 
561.0000000 243.5291929 243.5616523 
562.0000000 243.3327743 243.3652338 
563.0000000 243.1363558 243.1688152 
564.0000000 242.9399372 242.9723967 
565.0000000 242.7435187 242.7759781 
566.0000000 242.5471001 242.5795596 
567.0000000 242.3506816 242.3831410 
568.0000000 242.1542630 242.1867225 
569.0000000 241.9578445 241.9903039 
570.0000000 241.7614259 241.7938854 
571.0000000 241.5650074 241.5974668 
572.0000000 241.3685888 241.4010483 
573.0000000 241.1721703 241.2046297 
574.0000000 240.9757517 241.0082112 
575.0000000 240.7793332 240.8117926 
576.0000000 240.5829146 240.6153741 
577.0000000 240.3864961 240.4189555 
578.0000000 240.1900775 240.2225370 
579.0000000 239.9936590 240.0261184 
580.0000000 239.7972404 239.8296999 
581.0000000 239.6008219 239.6332813 
582.0000000 239.4044033 239.4368628 
583.0000000 239.2079848 239.2404442 
584.0000000 239.0115662 239.0440257 
585.0000000 238.8151477 238.8476071 
586.0000000 238.6187291 238.6511886 
587.0000000 238.4223106 238.4547700 
588.0000000 238.2258920 238.2583515 
589.0000000 238.0294735 238.0619329 
590.0000000 237.8330549 237.8655144 
591.0000000 237.6366364 237.6690958 
592.0000000 237.4402178 237.4726773 
593.0000000 237.2437993 237.2762587 
594.0000000 237.0473807 237.0798402 
595.0000000 236.8509622 236.8834216 
596.0000000 236.6545436 236.6870031 
597.0000000 236.4581251 236.4905845 
598.0000000 236.2617065 236.2941660 
599.0000000 236.0652880 236.0977474 
600.0000000 235.8688694 235.9013289 
601.0000000 235.6724509 235.7049103 
602.0000000 235.4760323 235.5084918 
603.0000000 235.2796138 235.3120732 
604.0000000 235.0831952 235.1156547 
605.0000000 234.8867767 234.9192361 
606.0000000 234.6903581 234.7228176 
607.0000000 234.4939396 234.5263990 
608.0000000 234.2975210 234.3299805 
609.0000000 234.1011025 234.1335619 
610.0000000 233.9046839 233.9371434 
611.0000000 233.7082654 233.7407248 
612.0000000 233.5118468 233.5443062 
613.0000000 233.3154283 233.3478877 
614.0000000 233.1190097 233.1514691 
615.0000000 232.9225912 232.9550506 
616.0000000 232.7261726 232.7586320 
617.0000000 232.5297541 232.5622135 
618.0000000 232.3333355 232.3657949 
619.0000000 232.1369170 232.1693764 
620.0000000 231.9404984 231.9729578 
621.0000000 231.7440799 231.7765393 
622.0000000 231.5476613 231.5801207 
623.0000000 231.3512428 231.3837022 
624.0000000 231.1548242 231.1872836 
625.0000000 230.9584057 230.9908651 
626.0000000 230.7619871 230.7944465 
627.0000000 230.5655686 230.5980280 
628.0000000 230.3691500 230.4016094 
629.0000000 230.1727315 230.2051909 
630.0000000 229.9763129 230.0087723 
631.0000000 229.7798944 229.8123538 
632.0000000 229.5834758 229.6159352 
633.0000000 229.3870573 229.4195167 
634.0000000 229.1906387 229.2230981 
635.0000000 228.9942202 229.0266796 
636.0000000 228.7978016 228.8302610 
637.0000000 228.6013831 228.6338425 
638.0000000 228.4049645 228.4374239 
639.0000000 228.2085460 228.2410054 
640.0000000 228.0121274 228.0445868 
641.0000000 227.8157089 227.8481683 
642.0000000 227.6192903 227.6517497 
643.0000000 227.4228718 227.4553312 
644.0000000 227.2264532 227.2589126 
645.0000000 227.0300347 227.0624941 
646.0000000 226.8336161 226.8660755 
647.0000000 226.6371976 226.6696570 
648.0000000 226.4407790 226.4732384 
649.0000000 226.2443605 226.2768199 
650.0000000 226.0479419 226.0804013 
651.0000000 225.8515234 225.8839828 
652.0000000 225.6551048 225.6875642 
653.0000000 225.4586863 225.4911457 
654.0000000 225.2622677 225.2947271 
655.0000000 225.0658492 225.0983086 
656.0000000 224.8694306 224.9018900 
657.0000000 224.6730121 224.7054715 
658.0000000 224.4765935 224.5090529 
659.0000000 224.2801750 224.3126344 
660.0000000 224.0837564 224.1162158 
661.0000000 223.8873379 223.9197973 
662.0000000 223.6909193 223.7233787 
663.0000000 223.4945008 223.5269602 
664.0000000 223.2980822 223.3305416 
665.0000000 223.1016637 223.1341231 
666.0000000 222.9052451 222.9377045 
667.0000000 222.7088265 222.7412860 
668.0000000 222.5124080 222.5448674 
669.0000000 222.3159894 222.3484489 
670.0000000 222.1195709 222.1520303 
671.0000000 221.9231523 221.9556118 
672.0000000 221.7267338 221.7591932 
673.0000000 221.5303152 221.5627747 
674.0000000 221.3338967 221.3663561 
675.0000000 221.1374781 221.1699376 
676.0000000 220.9410596 220.9735190 
677.0000000 220.7446410 220.7771005 
678.0000000 220.5482225 220.5806819 
679.0000000 220.3518039 220.3842634 
680.0000000 220.1553854 220.1878448 
681.0000000 219.9589668 219.9914263 
682.0000000 219.7625483 219.7950077 
683.0000000 219.5661297 219.5985892 
684.0000000 219.3697112 219.4021706 
685.0000000 219.1732926 219.2057521 
686.0000000 218.9768741 219.0093335 
687.0000000 218.7804555 218.8129150 
688.0000000 218.5840370 218.6164964 
689.0000000 218.3876184 218.4200779 
690.0000000 218.1911999 218.2236593 
691.0000000 217.9947813 218.0272408 
692.0000000 217.7983628 217.8308222 
693.0000000 217.6019442 217.6344037 
694.0000000 217.4055257 217.4379851 
695.0000000 217.2091071 217.2415666 
696.0000000 217.0126886 217.0451480 
697.0000000 216.8162700 216.8487295 
698.0000000 216.6198515 216.6523109 
699.0000000 216.4234329 216.4558924 
700.0000000 216.2270144 216.2594738 
701.0000000 216.0305958 216.0630553 
702.0000000 215.8341773 215.8666367 
703.0000000 215.6377587 215.6702182 
704.0000000 215.4413402 215.4737996 
705.0000000 215.2449216 215.2773811 
706.0000000 215.0485031 215.0809625 
707.0000000 214.8520845 214.8845440 
708.0000000 214.6556660 214.6881254 
709.0000000 214.4592474 214.4917069 
710.0000000 214.2628289 214.2952883 
711.0000000 214.0664103 214.0988698 
712.0000000 213.8699918 213.9024512 
713.0000000 213.6735732 213.7060327 
714.0000000 213.4771547 213.5096141 
715.0000000 213.2807361 213.3131956 
716.0000000 213.0843176 213.1167770 
717.0000000 212.8878990 212.9203585 
718.0000000 212.6914805 212.7239399 
719.0000000 212.4950619 212.5275214 
720.0000000 212.2986434 212.3311028 
721.0000000 212.1022248 212.1346843 
722.0000000 211.9058063 211.9382657 
723.0000000 211.7093877 211.7418472 
724.0000000 211.5129692 211.5454286 
725.0000000 211.3165506 211.3490101 
726.0000000 211.1201321 211.1525915 
727.0000000 210.9237135 210.9561730 
728.0000000 210.7272950 210.7597544 
729.0000000 210.5308764 210.5633359 
730.0000000 210.3344579 210.3669173 
731.0000000 210.1380393 210.1704988 
732.0000000 209.9416208 209.9740802 
733.0000000 209.7452022 209.7776617 
734.0000000 209.5487837 209.5812431 
735.0000000 209.3523651 209.3848246 
736.0000000 209.1559466 209.1884060 
737.0000000 208.9595280 208.9919875 
738.0000000 208.7631095 208.7955689 
739.0000000 208.5666909 208.5991504 
740.0000000 208.3702724 208.4027318 
741.0000000 208.1738538 208.2063133 
742.0000000 207.9774353 208.0098947 
743.0000000 207.7810167 207.8134762 
744.0000000 207.5845982 207.6170576 
745.0000000 207.3881796 207.4206391 
746.0000000 207.1917611 207.2242205 
747.0000000 206.9953425 207.0278020 
748.0000000 206.7989240 206.8313834 
749.0000000 206.6025054 206.6349649 
750.0000000 206.4060869 206.4385463 
751.0000000 206.2096683 206.2421278 
752.0000000 206.0132498 206.0457092 
753.0000000 205.8168312 205.8492907 
754.0000000 205.6204127 205.6528721 
755.0000000 205.4239941 205.4564536 
756.0000000 205.2275756 205.2600350 
757.0000000 205.0311570 205.0636165 
758.0000000 204.8347385 204.8671979 
759.0000000 204.6383199 204.6707794 
760.0000000 204.4419014 204.4743608 
761.0000000 204.2454828 204.2779423 
762.0000000 204.0490643 204.0815237 
763.0000000 203.8526457 203.8851052 
764.0000000 203.6562272 203.6886866 
765.0000000 203.4598086 203.4922680 
766.0000000 203.2633901 203.2958495 
767.0000000 203.0669715 203.0994309 
768.0000000 202.8705530 202.9030124 
769.0000000 202.6741344 202.7065938 
770.0000000 202.4777159 202.5101753 
771.0000000 202.2812973 202.3137567 
772.0000000 202.0848788 202.1173382 
773.0000000 201.8884602 201.9209196 
774.0000000 201.6920417 201.7245011 
775.0000000 201.4956231 201.5280825 
776.0000000 201.2992046 201.3316640 
777.0000000 201.1027860 201.1352454 
778.0000000 200.9063675 200.9388269 
779.0000000 200.7099489 200.7424083 
780.0000000 200.5135304 200.5459898 
781.0000000 200.3171118 200.3495712 
782.0000000 200.1206933 200.1531527 
783.0000000 199.9242747 199.9567341 
784.0000000 199.7278562 199.7603156 
785.0000000 199.5314376 199.5638970 
786.0000000 199.3350191 199.3674785 
787.0000000 199.1386005 199.1710599 
788.0000000 198.9421820 198.9746414 
789.0000000 198.7457634 198.7782228 
790.0000000 198.5493449 198.5818043 
791.0000000 198.3529263 198.3853857 
792.0000000 198.1565078 198.1889672 
793.0000000 197.9600892 197.9925486 
794.0000000 197.7636707 197.7961301 
795.0000000 197.5672521 197.5997115 
796.0000000 197.3708336 197.4032930 
797.0000000 197.1744150 197.2068744 
798.0000000 196.9779965 197.0104559 
799.0000000 196.7815779 196.8140373 
800.0000000 196.5851594 196.6176188 
801.0000000 196.3887408 196.4212002 
802.0000000 196.1923223 196.2247817 
803.0000000 195.9959037 196.0283631 
804.0000000 195.7994852 195.8319446 
805.0000000 195.6030666 195.6355260 
806.0000000 195.4066481 195.4391075 
807.0000000 195.2102295 195.2426889 
808.0000000 195.0138110 195.0462704 
809.0000000 194.8173924 194.8498518 
810.0000000 194.6209739 194.6534333 
811.0000000 194.4245553 194.4570147 
812.0000000 194.2281368 194.2605962 
813.0000000 194.0317182 194.0641776 
814.0000000 193.8352997 193.8677591 
815.0000000 193.6388811 193.6713405 
816.0000000 193.4424626 193.4749220 
817.0000000 193.2460440 193.2785034 
818.0000000 193.0496255 193.0820849 
819.0000000 192.8532069 192.8856663 
820.0000000 192.6567883 192.6892478 
821.0000000 192.4603698 192.4928292 
822.0000000 192.2639512 192.2964107 
823.0000000 192.0675327 192.0999921 
824.0000000 191.8711141 191.9035736 
825.0000000 191.6746956 191.7071550 
826.0000000 191.4782770 191.5107365 
827.0000000 191.2818585 191.3143179 
828.0000000 191.0854399 191.1178994 
829.0000000 190.8890214 190.9214808 
830.0000000 190.6926028 190.7250623 
831.0000000 190.4961843 190.5286437 
832.0000000 190.2997657 190.3322252 
833.0000000 190.1033472 190.1358066 
834.0000000 189.9069286 189.9393881 
835.0000000 189.7105101 189.7429695 
836.0000000 189.5140915 189.5465510 
837.0000000 189.3176730 189.3501324 
838.0000000 189.1212544 189.1537139 
839.0000000 188.9248359 188.9572953 
840.0000000 188.7284173 188.7608768 
841.0000000 188.5319988 188.5644582 
842.0000000 188.3355802 188.3680397 
843.0000000 188.1391617 188.1716211 
844.0000000 187.9427431 187.9752026 
845.0000000 187.7463246 187.7787840 
846.0000000 187.5499060 187.5823655 
847.0000000 187.3534875 187.3859469 
848.0000000 187.1570689 187.1895284 
849.0000000 186.9606504 186.9931098 
850.0000000 186.7642318 186.7966913 
851.0000000 186.5678133 186.6002727 
852.0000000 186.3713947 186.4038542 
853.0000000 186.1749762 186.2074356 
854.0000000 185.9785576 186.0110171 
855.0000000 185.7821391 185.8145985 
856.0000000 185.5857205 185.6181800 
857.0000000 185.3893020 185.4217614 
858.0000000 185.1928834 185.2253429 
859.0000000 184.9964649 185.0289243 
860.0000000 184.8000463 184.8325058 
861.0000000 184.6036278 184.6360872 
862.0000000 184.4072092 184.4396687 
863.0000000 184.2107907 184.2432501 
864.0000000 184.0143721 184.0468316 
865.0000000 183.8179536 183.8504130 
866.0000000 183.6215350 183.6539945 
867.0000000 183.4251165 183.4575759 
868.0000000 183.2286979 183.2611574 
869.0000000 183.0322794 183.0647388 
870.0000000 182.8358608 182.8683203 
871.0000000 182.6394423 182.6719017 
872.0000000 182.4430237 182.4754832 
873.0000000 182.2466052 182.2790646 
874.0000000 182.0501866 182.0826461 
875.0000000 181.8537681 181.8862275 
876.0000000 181.6573495 181.6898090 
877.0000000 181.4609310 181.4933904 
878.0000000 181.2645124 181.2969719 
879.0000000 181.0680939 181.1005533 
880.0000000 180.8716753 180.9041348 
881.0000000 180.6752568 180.7077162 
882.0000000 180.4788382 180.5112977 
883.0000000 180.2824197 180.3148791 
884.0000000 180.0860011 180.1184606 
885.0000000 179.8895826 179.9220420 
886.0000000 179.6931640 179.7256235 
887.0000000 179.4967455 179.5292049 
888.0000000 179.3003269 179.3327864 
889.0000000 179.1039084 179.1363678 
890.0000000 178.9074898 178.9399493 
891.0000000 178.7110713 178.7435307 
892.0000000 178.5146527 178.5471122 
893.0000000 178.3182342 178.3506936 
894.0000000 178.1218156 178.1542751 
895.0000000 177.9253971 177.9578565 
896.0000000 177.7289785 177.7614380 
897.0000000 177.5325600 177.5650194 
898.0000000 177.3361414 177.3686009 
899.0000000 177.1397229 177.1721823 
900.0000000 176.9433043 176.9757638 
901.0000000 176.7468858 176.7793452 
902.0000000 176.5504672 176.5829267 
903.0000000 176.3540487 176.3865081 
904.0000000 176.1576301 176.1900896 
905.0000000 175.9612116 175.9936710 
906.0000000 175.7647930 175.7972525 
907.0000000 175.5683745 175.6008339 
908.0000000 175.3719559 175.4044154 
909.0000000 175.1755374 175.2079968 
910.0000000 174.9791188 175.0115783 
911.0000000 174.7827003 174.8151597 
912.0000000 174.5862817 174.6187412 
913.0000000 174.3898632 174.4223226 
914.0000000 174.1934446 174.2259041 
915.0000000 173.9970261 174.0294855 
916.0000000 173.8006075 173.8330669 
917.0000000 173.6041890 173.6366484 
918.0000000 173.4077704 173.4402298 
919.0000000 173.2113519 173.2438113 
920.0000000 173.0149333 173.0473927 
921.0000000 172.8185148 172.8509742 
922.0000000 172.6220962 172.6545556 
923.0000000 172.4256777 172.4581371 
924.0000000 172.2292591 172.2617185 
925.0000000 172.0328406 172.0653000 
926.0000000 171.8364220 171.8688814 
927.0000000 171.6400035 171.6724629 
928.0000000 171.4435849 171.4760443 
929.0000000 171.2471664 171.2796258 
930.0000000 171.0507478 171.0832072 
931.0000000 170.8543293 170.8867887 
932.0000000 170.6579107 170.6903701 
933.0000000 170.4614922 170.4939516 
934.0000000 170.2650736 170.2975330 
935.0000000 170.0686551 170.1011145 
936.0000000 169.8722365 169.9046959 
937.0000000 169.6758180 169.7082774 
938.0000000 169.4793994 169.5118588 
939.0000000 169.2829809 169.3154403 
940.0000000 169.0865623 169.1190217 
941.0000000 168.8901438 168.9226032 
942.0000000 168.6937252 168.7261846 
943.0000000 168.4973067 168.5297661 
944.0000000 168.3008881 168.3333475 
945.0000000 168.1044696 168.1369290 
946.0000000 167.9080510 167.9405104 
947.0000000 167.7116325 167.7440919 
948.0000000 167.5152139 167.5476733 
949.0000000 167.3187954 167.3512548 
950.0000000 167.1223768 167.1548362 
951.0000000 166.9259583 166.9584177 
952.0000000 166.7295397 166.7619991 
953.0000000 166.5331212 166.5655806 
954.0000000 166.3367026 166.3691620 
955.0000000 166.1402841 166.1727435 
956.0000000 165.9438655 165.9763249 
957.0000000 165.7474470 165.7799064 
958.0000000 165.5510284 165.5834878 
959.0000000 165.3546099 165.3870693 
960.0000000 165.1581913 165.1906507 
961.0000000 164.9617728 164.9942322 
962.0000000 164.7653542 164.7978136 
963.0000000 164.5689357 164.6013951 
964.0000000 164.3725171 164.4049765 
965.0000000 164.1760986 164.2085580 
966.0000000 163.9796800 164.0121394 
967.0000000 163.7832615 163.8157209 
968.0000000 163.5868429 163.6193023 
969.0000000 163.3904244 163.4228838 
970.0000000 163.1940058 163.2264652 
971.0000000 162.9975872 163.0300467 
972.0000000 162.8011687 162.8336281 
973.0000000 162.6047501 162.6372096 
974.0000000 162.4083316 162.4407910 
975.0000000 162.2119130 162.2443725 
976.0000000 162.0154945 162.0479539 
977.0000000 161.8190759 161.8515354 
978.0000000 161.6226574 161.6551168 
979.0000000 161.4262388 161.4586983 
980.0000000 161.2298203 161.2622797 
981.0000000 161.0334017 161.0658612 
982.0000000 160.8369832 160.8694426 
983.0000000 160.6405646 160.6730241 
984.0000000 160.4441461 160.4766055 
985.0000000 160.2477275 160.2801870 
986.0000000 160.0513090 160.0837684 
987.0000000 159.8548904 159.8873499 
988.0000000 159.6584719 159.6909313 
989.0000000 159.4620533 159.4945128 
990.0000000 159.2656348 159.2980942 
991.0000000 159.0692162 159.1016757 
992.0000000 158.8727977 158.9052571 
993.0000000 158.6763791 158.7088386 
994.0000000 158.4799606 158.5124200 
995.0000000 158.2835420 158.3160015 
996.0000000 158.0871235 158.1195829 
997.0000000 157.8907049 157.9231644 
998.0000000 157.6942864 157.7267458 
999.0000000 157.4978678 157.5303273 
1000.0000000 157.3014493 157.3339087 
1001.0000000 157.1050307 157.1374902 
1002.0000000 156.9086122 156.9410716 
1003.0000000 156.7121936 156.7446531 
1004.0000000 156.5157751 156.5482345 
1005.0000000 156.3193565 156.3518160 
1006.0000000 156.1229380 156.1553974 
1007.0000000 155.9265194 155.9589789 
1008.0000000 155.7301009 155.7625603 
1009.0000000 155.5336823 155.5661418 
1010.0000000 155.3372638 155.3697232 
1011.0000000 155.1408452 155.1733047 
1012.0000000 154.9444267 154.9768861 
1013.0000000 154.7480081 154.7804676 
1014.0000000 154.5515896 154.5840490 
1015.0000000 154.3551710 154.3876305 
1016.0000000 154.1587525 154.1912119 
1017.0000000 153.9623339 153.9947934 
1018.0000000 153.7659154 153.7983748 
1019.0000000 153.5694968 153.6019563 
1020.0000000 153.3730783 153.4055377 
1021.0000000 153.1766597 153.2091192 
1022.0000000 152.9802412 153.0127006 
1023.0000000 152.7838226 152.8162821 
1024.0000000 152.5874041 152.6198635 
1025.0000000 152.3909855 152.4234450 
1026.0000000 152.1945670 152.2270264 
1027.0000000 151.9981484 152.0306079 
1028.0000000 151.8017299 151.8341893 
1029.0000000 151.6053113 151.6377708 
1030.0000000 151.4088928 151.4413522 
1031.0000000 151.2124742 151.2449337 
1032.0000000 151.0160557 151.0485151 
1033.0000000 150.8196371 150.8520966 
1034.0000000 150.6232186 150.6556780 
1035.0000000 150.4268000 150.4592595 
1036.0000000 150.2303815 150.2628409 
1037.0000000 150.0339629 150.0664224 
1038.0000000 149.8375444 149.8700038 
1039.0000000 149.6411258 149.6735853 
1040.0000000 149.4447073 149.4771667 
1041.0000000 149.2482887 149.2807482 
1042.0000000 149.0518702 149.0843296 
1043.0000000 148.8554516 148.8879111 
1044.0000000 148.6590331 148.6914925 
1045.0000000 148.4626145 148.4950740 
1046.0000000 148.2661960 148.2986554 
1047.0000000 148.0697774 148.1022369 
1048.0000000 147.8733589 147.9058183 
1049.0000000 147.6769403 147.7093998 
1050.0000000 147.4805218 147.5129812 
1051.0000000 147.2841032 147.3165627 
1052.0000000 147.0876847 147.1201441 
1053.0000000 146.8912661 146.9237256 
1054.0000000 146.6948476 146.7273070 
1055.0000000 146.4984290 146.5308885 
1056.0000000 146.3020105 146.3344699 
1057.0000000 146.1055919 146.1380514 
1058.0000000 145.9091734 145.9416328 
1059.0000000 145.7127548 145.7452143 
1060.0000000 145.5163363 145.5487957 
1061.0000000 145.3199177 145.3523772 
1062.0000000 145.1234992 145.1559586 
1063.0000000 144.9270806 144.9595401 
1064.0000000 144.7306621 144.7631215 
1065.0000000 144.5342435 144.5667030 
1066.0000000 144.3378250 144.3702844 
1067.0000000 144.1414064 144.1738658 
1068.0000000 143.9449879 143.9774473 
1069.0000000 143.7485693 143.7810287 
1070.0000000 143.5521508 143.5846102 
1071.0000000 143.3557322 143.3881916 
1072.0000000 143.1593137 143.1917731 
1073.0000000 142.9628951 142.9953545 
1074.0000000 142.7664766 142.7989360 
1075.0000000 142.5700580 142.6025174 
1076.0000000 142.3736395 142.4060989 
1077.0000000 142.1772209 142.2096803 
1078.0000000 141.9808024 142.0132618 
1079.0000000 141.7843838 141.8168432 
1080.0000000 141.5879653 141.6204247 
1081.0000000 141.3915467 141.4240061 
1082.0000000 141.1951282 141.2275876 
1083.0000000 140.9987096 141.0311690 
1084.0000000 140.8022911 140.8347505 
1085.0000000 140.6058725 140.6383319 
1086.0000000 140.4094540 140.4419134 
1087.0000000 140.2130354 140.2454948 
1088.0000000 140.0166169 140.0490763 
1089.0000000 139.8201983 139.8526577 
1090.0000000 139.6237798 139.6562392 
1091.0000000 139.4273612 139.4598206 
1092.0000000 139.2309427 139.2634021 
1093.0000000 139.0345241 139.0669835 
1094.0000000 138.8381056 138.8705650 
1095.0000000 138.6416870 138.6741464 
1096.0000000 138.4452685 138.4777279 
1097.0000000 138.2488499 138.2813093 
1098.0000000 138.0524314 138.0848908 
1099.0000000 137.8560128 137.8884722 
1100.0000000 137.6595943 137.6920537 
1101.0000000 137.4631757 137.4956351 
1102.0000000 137.2667572 137.2992166 
1103.0000000 137.0703386 137.1027980 
1104.0000000 136.8739201 136.9063795 
1105.0000000 136.6775015 136.7099609 
1106.0000000 136.4810830 136.5135424 
1107.0000000 136.2846644 136.3171238 
1108.0000000 136.0882459 136.1207053 
1109.0000000 135.8918273 135.9242867 
1110.0000000 135.6954088 135.7278682 
1111.0000000 135.4989902 135.5314496 
1112.0000000 135.3025717 135.3350311 
1113.0000000 135.1061531 135.1386125 
1114.0000000 134.9097346 134.9421940 
1115.0000000 134.7133160 134.7457754 
1116.0000000 134.5168975 134.5493569 
1117.0000000 134.3204789 134.3529383 
1118.0000000 134.1240604 134.1565198 
1119.0000000 133.9276418 133.9601012 
1120.0000000 133.7312233 133.7636827 
1121.0000000 133.5348047 133.5672641 
1122.0000000 133.3383861 133.3708456 
1123.0000000 133.1419676 133.1744270 
1124.0000000 132.9455490 132.9780085 
1125.0000000 132.7491305 132.7815899 
1126.0000000 132.5527119 132.5851714 
1127.0000000 132.3562934 132.3887528 
1128.0000000 132.1598748 132.1923343 
1129.0000000 131.9634563 131.9959157 
1130.0000000 131.7670377 131.7994972 
1131.0000000 131.5706192 131.6030786 
1132.0000000 131.3742006 131.4066601 
1133.0000000 131.1777821 131.2102415 
1134.0000000 130.9813635 131.0138230 
1135.0000000 130.7849450 130.8174044 
1136.0000000 130.5885264 130.6209859 
1137.0000000 130.3921079 130.4245673 
1138.0000000 130.1956893 130.2281488 
1139.0000000 129.9992708 130.0317302 
1140.0000000 129.8028522 129.8353117 
1141.0000000 129.6064337 129.6388931 
1142.0000000 129.4100151 129.4424746 
1143.0000000 129.2135966 129.2460560 
1144.0000000 129.0171780 129.0496375 
1145.0000000 128.8207595 128.8532189 
1146.0000000 128.6243409 128.6568004 
1147.0000000 128.4279224 128.4603818 
1148.0000000 128.2315038 128.2639633 
1149.0000000 128.0350853 128.0675447 
1150.0000000 127.8386667 127.8711262 
1151.0000000 127.6422482 127.6747076 
1152.0000000 127.4458296 127.4782891 
1153.0000000 127.2494111 127.2818705 
1154.0000000 127.0529925 127.0854520 
1155.0000000 126.8565740 126.8890334 
1156.0000000 126.6601554 126.6926149 
1157.0000000 126.4637369 126.4961963 
1158.0000000 126.2673183 126.2997778 
1159.0000000 126.0708998 126.1033592 
1160.0000000 125.8744812 125.9069407 
1161.0000000 125.6780627 125.7105221 
1162.0000000 125.4816441 125.5141036 
1163.0000000 125.2852256 125.3176850 
1164.0000000 125.0888070 125.1212665 
1165.0000000 124.8923885 124.9248479 
1166.0000000 124.6959699 124.7284294 
1167.0000000 124.4995514 124.5320108 
1168.0000000 124.3031328 124.3355923 
1169.0000000 124.1067143 124.1391737 
1170.0000000 123.9102957 123.9427552 
1171.0000000 123.7138772 123.7463366 
1172.0000000 123.5174586 123.5499181 
1173.0000000 123.3210401 123.3534995 
1174.0000000 123.1246215 123.1570810 
1175.0000000 122.9282030 122.9606624 
1176.0000000 122.7317844 122.7642439 
1177.0000000 122.5353659 122.5678253 
1178.0000000 122.3389473 122.3714068 
1179.0000000 122.1425288 122.1749882 
1180.0000000 121.9461102 121.9785697 
1181.0000000 121.7496917 121.7821511 
1182.0000000 121.5532731 121.5857326 
1183.0000000 121.3568546 121.3893140 
1184.0000000 121.1604360 121.1928955 
1185.0000000 120.9640175 120.9964769 
1186.0000000 120.7675989 120.8000584 
1187.0000000 120.5711804 120.6036398 
1188.0000000 120.3747618 120.4072213 
1189.0000000 120.1783433 120.2108027 
1190.0000000 119.9819247 120.0143842 
1191.0000000 119.7855062 119.8179656 
1192.0000000 119.5890876 119.6215471 
1193.0000000 119.3926691 119.4251285 
1194.0000000 119.1962505 119.2287100 
1195.0000000 118.9998320 119.0322914 
1196.0000000 118.8034134 118.8358729 
1197.0000000 118.6069949 118.6394543 
1198.0000000 118.4105763 118.4430358 
1199.0000000 118.2141578 118.2466172 
1200.0000000 118.0177392 118.0501987 
1201.0000000 117.8213207 117.8537801 
1202.0000000 117.6249021 117.6573616 
1203.0000000 117.4284836 117.4609430 
1204.0000000 117.2320650 117.2645245 
1205.0000000 117.0356465 117.0681059 
1206.0000000 116.8392279 116.8716874 
1207.0000000 116.6428094 116.6752688 
1208.0000000 116.4463908 116.4788503 
1209.0000000 116.2499723 116.2824317 
1210.0000000 116.0535537 116.0860132 
1211.0000000 115.8571352 115.8895946 
1212.0000000 115.6607166 115.6931761 
1213.0000000 115.4642981 115.4967575 
1214.0000000 115.2678795 115.3003390 
1215.0000000 115.0714610 115.1039204 
1216.0000000 114.8750424 114.9075019 
1217.0000000 114.6786239 114.7110833 
1218.0000000 114.4822053 114.5146648 
1219.0000000 114.2857868 114.3182462 
1220.0000000 114.0893682 114.1218276 
1221.0000000 113.8929497 113.9254091 
1222.0000000 113.6965311 113.7289905 
1223.0000000 113.5001126 113.5325720 
1224.0000000 113.3036940 113.3361534 
1225.0000000 113.1072755 113.1397349 
1226.0000000 112.9108569 112.9433163 
1227.0000000 112.7144384 112.7468978 
1228.0000000 112.5180198 112.5504792 
1229.0000000 112.3216013 112.3540607 
1230.0000000 112.1251827 112.1576421 
1231.0000000 111.9287642 111.9612236 
1232.0000000 111.7323456 111.7648050 
1233.0000000 111.5359271 111.5683865 
1234.0000000 111.3395085 111.3719679 
1235.0000000 111.1430900 111.1755494 
1236.0000000 110.9466714 110.9791308 
1237.0000000 110.7502529 110.7827123 
1238.0000000 110.5538343 110.5862937 
1239.0000000 110.3574158 110.3898752 
1240.0000000 110.1609972 110.1934566 
1241.0000000 109.9645787 109.9970381 
1242.0000000 109.7681601 109.8006195 
1243.0000000 109.5717416 109.6042010 
1244.0000000 109.3753230 109.4077824 
1245.0000000 109.1789045 109.2113639 
1246.0000000 108.9824859 109.0149453 
1247.0000000 108.7860674 108.8185268 
1248.0000000 108.5896488 108.6221082 
1249.0000000 108.3932303 108.4256897 
1250.0000000 108.1968117 108.2292711 
1251.0000000 108.0003932 108.0328526 
1252.0000000 107.8039746 107.8364340 
1253.0000000 107.6075561 107.6400155 
1254.0000000 107.4111375 107.4435969 
1255.0000000 107.2147190 107.2471784 
1256.0000000 107.0183004 107.0507598 
1257.0000000 106.8218819 106.8543413 
1258.0000000 106.6254633 106.6579227 
1259.0000000 106.4290448 106.4615042 
1260.0000000 106.2326262 106.2650856 
1261.0000000 106.0362077 106.0686671 
1262.0000000 105.8397891 105.8722485 
1263.0000000 105.6433706 105.6758300 
1264.0000000 105.4469520 105.4794114 
1265.0000000 105.2505335 105.2829929 
1266.0000000 105.0541149 105.0865743 
1267.0000000 104.8576964 104.8901558 
1268.0000000 104.6612778 104.6937372 
1269.0000000 104.4648593 104.4973187 
1270.0000000 104.2684407 104.3009001 
1271.0000000 104.0720222 104.1044816 
1272.0000000 103.8756036 103.9080630 
1273.0000000 103.6791851 103.7116445 
1274.0000000 103.4827665 103.5152259 
1275.0000000 103.2863479 103.3188074 
1276.0000000 103.0899294 103.1223888 
1277.0000000 102.8935108 102.9259703 
1278.0000000 102.6970923 102.7295517 
1279.0000000 102.5006737 102.5331332 
1280.0000000 102.3042552 102.3367146 
1281.0000000 102.1078366 102.1402961 
1282.0000000 101.9114181 101.9438775 
1283.0000000 101.7149995 101.7474590 
1284.0000000 101.5185810 101.5510404 
1285.0000000 101.3221624 101.3546219 
1286.0000000 101.1257439 101.1582033 
1287.0000000 100.9293253 100.9617848 
1288.0000000 100.7329068 100.7653662 
1289.0000000 100.5364882 100.5689477 
1290.0000000 100.3400697 100.3725291 
1291.0000000 100.1436511 100.1761106 
1292.0000000 99.9472326 99.9796920 
1293.0000000 99.7508140 99.7832735 
1294.0000000 99.5543955 99.5868549 
1295.0000000 99.3579769 99.3904364 
1296.0000000 99.1615584 99.1940178 
1297.0000000 98.9651398 98.9975993 
1298.0000000 98.7687213 98.8011807 
1299.0000000 98.5723027 98.6047622 
1300.0000000 98.3758842 98.4083436 
1301.0000000 98.1794656 98.2119251 
1302.0000000 97.9830471 98.0155065 
1303.0000000 97.7866285 97.8190880 
1304.0000000 97.5902100 97.6226694 
1305.0000000 97.3937914 97.4262509 
1306.0000000 97.1973729 97.2298323 
1307.0000000 97.0009543 97.0334138 
1308.0000000 96.8045358 96.8369952 
1309.0000000 96.6081172 96.6405767 
1310.0000000 96.4116987 96.4441581 
1311.0000000 96.2152801 96.2477396 
1312.0000000 96.0188616 96.0513210 
1313.0000000 95.8224430 95.8549025 
1314.0000000 95.6260245 95.6584839 
1315.0000000 95.4296059 95.4620654 
1316.0000000 95.2331874 95.2656468 
1317.0000000 95.0367688 95.0692283 
1318.0000000 94.8403503 94.8728097 
1319.0000000 94.6439317 94.6763912 
1320.0000000 94.4475132 94.4799726 
1321.0000000 94.2510946 94.2835541 
1322.0000000 94.0546761 94.0871355 
1323.0000000 93.8582575 93.8907170 
1324.0000000 93.6618390 93.6942984 
1325.0000000 93.4654204 93.4978799 
1326.0000000 93.2690019 93.3014613 
1327.0000000 93.0725833 93.1050428 
1328.0000000 92.8761648 92.9086242 
1329.0000000 92.6797462 92.7122057 
1330.0000000 92.4833277 92.5157871 
1331.0000000 92.2869091 92.3193686 
1332.0000000 92.0904906 92.1229500 
1333.0000000 91.8940720 91.9265315 
1334.0000000 91.6976535 91.7301129 
1335.0000000 91.5012349 91.5336944 
1336.0000000 91.3048164 91.3372758 
1337.0000000 91.1083978 91.1408573 
1338.0000000 90.9119793 90.9444387 
1339.0000000 90.7155607 90.7480202 
1340.0000000 90.5191422 90.5516016 
1341.0000000 90.3227236 90.3551831 
1342.0000000 90.1263051 90.1587645 
1343.0000000 89.9298865 89.9623460 
1344.0000000 89.7334680 89.7659274 
1345.0000000 89.5370494 89.5695089 
1346.0000000 89.3406309 89.3730903 
1347.0000000 89.1442123 89.1766718 
1348.0000000 88.9477938 88.9802532 
1349.0000000 88.7513752 88.7838347 
1350.0000000 88.5549567 88.5874161 
1351.0000000 88.3585381 88.3909976 
1352.0000000 88.1621196 88.1945790 
1353.0000000 87.9657010 87.9981605 
1354.0000000 87.7692825 87.8017419 
1355.0000000 87.5728639 87.6053234 
1356.0000000 87.3764454 87.4089048 
1357.0000000 87.1800268 87.2124863 
1358.0000000 86.9836083 87.0160677 
1359.0000000 86.7871897 86.8196492 
1360.0000000 86.5907712 86.6232306 
1361.0000000 86.3943526 86.4268121 
1362.0000000 86.1979341 86.2303935 
1363.0000000 86.0015155 86.0339750 
1364.0000000 85.8050970 85.8375564 
1365.0000000 85.6086784 85.6411379 
1366.0000000 85.4122599 85.4447193 
1367.0000000 85.2158413 85.2483008 
1368.0000000 85.0194228 85.0518822 
1369.0000000 84.8230042 84.8554637 
1370.0000000 84.6265857 84.6590451 
1371.0000000 84.4301671 84.4626265 
1372.0000000 84.2337486 84.2662080 
1373.0000000 84.0373300 84.0697894 
1374.0000000 83.8409115 83.8733709 
1375.0000000 83.6444929 83.6769523 
1376.0000000 83.4480744 83.4805338 
1377.0000000 83.2516558 83.2841152 
1378.0000000 83.0552373 83.0876967 
1379.0000000 82.8588187 82.8912781 
1380.0000000 82.6624002 82.6948596 
1381.0000000 82.4659816 82.4984410 
1382.0000000 82.2695631 82.3020225 
1383.0000000 82.0731445 82.1056039 
1384.0000000 81.8767260 81.9091854 
1385.0000000 81.6803074 81.7127668 
1386.0000000 81.4838889 81.5163483 
1387.0000000 81.2874703 81.3199297 
1388.0000000 81.0910518 81.1235112 
1389.0000000 80.8946332 80.9270926 
1390.0000000 80.6982147 80.7306741 
1391.0000000 80.5017961 80.5342555 
1392.0000000 80.3053776 80.3378370 
1393.0000000 80.1089590 80.1414184 
1394.0000000 79.9125405 79.9449999 
1395.0000000 79.7161219 79.7485813 
1396.0000000 79.5197034 79.5521628 
1397.0000000 79.3232848 79.3557442 
1398.0000000 79.1268663 79.1593257 
1399.0000000 78.9304477 78.9629071 
1400.0000000 78.7340292 78.7664886 
1401.0000000 78.5376106 78.5700700 
1402.0000000 78.3411921 78.3736515 
1403.0000000 78.1447735 78.1772329 
1404.0000000 77.9483550 77.9808144 
1405.0000000 77.7519364 77.7843958 
1406.0000000 77.5555179 77.5879773 
1407.0000000 77.3590993 77.3915587 
1408.0000000 77.1626808 77.1951402 
1409.0000000 76.9662622 76.9987216 
1410.0000000 76.7698437 76.8023031 
1411.0000000 76.5734251 76.6058845 
1412.0000000 76.3770066 76.4094660 
1413.0000000 76.1805880 76.2130474 
1414.0000000 75.9841695 76.0166289 
1415.0000000 75.7877509 75.8202103 
1416.0000000 75.5913324 75.6237918 
1417.0000000 75.3949138 75.4273732 
1418.0000000 75.1984953 75.2309547 
1419.0000000 75.0020767 75.0345361 
1420.0000000 74.8056582 74.8381176 
1421.0000000 74.6092396 74.6416990 
1422.0000000 74.4128211 74.4452805 
1423.0000000 74.2164025 74.2488619 
1424.0000000 74.0199840 74.0524434 
1425.0000000 73.8235654 73.8560248 
1426.0000000 73.6271468 73.6596063 
1427.0000000 73.4307283 73.4631877 
1428.0000000 73.2343097 73.2667692 
1429.0000000 73.0378912 73.0703506 
1430.0000000 72.8414726 72.8739321 
1431.0000000 72.6450541 72.6775135 
1432.0000000 72.4486355 72.4810950 
1433.0000000 72.2522170 72.2846764 
1434.0000000 72.0557984 72.0882579 
1435.0000000 71.8593799 71.8918393 
1436.0000000 71.6629613 71.6954208 
1437.0000000 71.4665428 71.4990022 
1438.0000000 71.2701242 71.3025837 
1439.0000000 71.0737057 71.1061651 
1440.0000000 70.8772871 70.9097466 
1441.0000000 70.6808686 70.7133280 
1442.0000000 70.4844500 70.5169095 
1443.0000000 70.2880315 70.3204909 
1444.0000000 70.0916129 70.1240724 
1445.0000000 69.8951944 69.9276538 
1446.0000000 69.6987758 69.7312353 
1447.0000000 69.5023573 69.5348167 
1448.0000000 69.3059387 69.3383982 
1449.0000000 69.1095202 69.1419796 
1450.0000000 68.9131016 68.9455611 
1451.0000000 68.7166831 68.7491425 
1452.0000000 68.5202645 68.5527240 
1453.0000000 68.3238460 68.3563054 
1454.0000000 68.1274274 68.1598869 
1455.0000000 67.9310089 67.9634683 
1456.0000000 67.7345903 67.7670498 
1457.0000000 67.5381718 67.5706312 
1458.0000000 67.3417532 67.3742127 
1459.0000000 67.1453347 67.1777941 
1460.0000000 66.9489161 66.9813756 
1461.0000000 66.7524976 66.7849570 
1462.0000000 66.5560790 66.5885385 
1463.0000000 66.3596605 66.3921199 
1464.0000000 66.1632419 66.1957014 
1465.0000000 65.9668234 65.9992828 
1466.0000000 65.7704048 65.8028643 
1467.0000000 65.5739863 65.6064457 
1468.0000000 65.3775677 65.4100272 
1469.0000000 65.1811492 65.2136086 
1470.0000000 64.9847306 65.0171901 
1471.0000000 64.7883121 64.8207715 
1472.0000000 64.5918935 64.6243530 
1473.0000000 64.3954750 64.4279344 
1474.0000000 64.1990564 64.2315159 
1475.0000000 64.0026379 64.0350973 
1476.0000000 63.8062193 63.8386788 
1477.0000000 63.6098008 63.6422602 
1478.0000000 63.4133822 63.4458417 
1479.0000000 63.2169637 63.2494231 
1480.0000000 63.0205451 63.0530046 
1481.0000000 62.8241266 62.8565860 
1482.0000000 62.6277080 62.6601675 
1483.0000000 62.4312895 62.4637489 
1484.0000000 62.2348709 62.2673304 
1485.0000000 62.0384524 62.0709118 
1486.0000000 61.8420338 61.8744933 
1487.0000000 61.6456153 61.6780747 
1488.0000000 61.4491967 61.4816562 
1489.0000000 61.2527782 61.2852376 
1490.0000000 61.0563596 61.0888191 
1491.0000000 60.8599411 60.8924005 
1492.0000000 60.6635225 60.6959820 
1493.0000000 60.4671040 60.4995634 
1494.0000000 60.2706854 60.3031449 
1495.0000000 60.0742669 60.1067263 
1496.0000000 59.8778483 59.9103078 
1497.0000000 59.6814298 59.7138892 
1498.0000000 59.4850112 59.5174707 
1499.0000000 59.2885927 59.3210521 
1500.0000000 59.0921741 59.1246336 
1501.0000000 58.8957556 58.9282150 
1502.0000000 58.6993370 58.7317965 
1503.0000000 58.5029185 58.5353779 
1504.0000000 58.3064999 58.3389594 
1505.0000000 58.1100814 58.1425408 
1506.0000000 57.9136628 57.9461223 
1507.0000000 57.7172443 57.7497037 
1508.0000000 57.5208257 57.5532852 
1509.0000000 57.3244072 57.3568666 
1510.0000000 57.1279886 57.1604481 
1511.0000000 56.9315701 56.9640295 
1512.0000000 56.7351515 56.7676110 
1513.0000000 56.5387330 56.5711924 
1514.0000000 56.3423144 56.3747739 
1515.0000000 56.1458959 56.1783553 
1516.0000000 55.9494773 55.9819368 
1517.0000000 55.7530588 55.7855182 
1518.0000000 55.5566402 55.5890997 
1519.0000000 55.3602217 55.3926811 
1520.0000000 55.1638031 55.1962626 
1521.0000000 54.9673846 54.9998440 
1522.0000000 54.7709660 54.8034254 
1523.0000000 54.5745475 54.6070069 
1524.0000000 54.3781289 54.4105883 
1525.0000000 54.1817104 54.2141698 
1526.0000000 53.9852918 54.0177512 
1527.0000000 53.7888733 53.8213327 
1528.0000000 53.5924547 53.6249141 
1529.0000000 53.3960362 53.4284956 
1530.0000000 53.1996176 53.2320770 
1531.0000000 53.0031991 53.0356585 
1532.0000000 52.8067805 52.8392399 
1533.0000000 52.6103620 52.6428214 
1534.0000000 52.4139434 52.4464028 
1535.0000000 52.2175249 52.2499843 
1536.0000000 52.0211063 52.0535657 
1537.0000000 51.8246878 51.8571472 
1538.0000000 51.6282692 51.6607286 
1539.0000000 51.4318507 51.4643101 
1540.0000000 51.2354321 51.2678915 
1541.0000000 51.0390136 51.0714730 
1542.0000000 50.8425950 50.8750544 
1543.0000000 50.6461765 50.6786359 
1544.0000000 50.4497579 50.4822173 
1545.0000000 50.2533394 50.2857988 
1546.0000000 50.0569208 50.0893802 
1547.0000000 49.8605023 49.8929617 
1548.0000000 49.6640837 49.6965431 
1549.0000000 49.4676652 49.5001246 
1550.0000000 49.2712466 49.3037060 
1551.0000000 49.0748281 49.1072875 
1552.0000000 48.8784095 48.9108689 
1553.0000000 48.6819910 48.7144504 
1554.0000000 48.4855724 48.5180318 
1555.0000000 48.2891539 48.3216133 
1556.0000000 48.0927353 48.1251947 
1557.0000000 47.8963168 47.9287762 
1558.0000000 47.6998982 47.7323576 
1559.0000000 47.5034797 47.5359391 
1560.0000000 47.3070611 47.3395205 
1561.0000000 47.1106426 47.1431020 
1562.0000000 46.9142240 46.9466834 
1563.0000000 46.7178055 46.7502649 
1564.0000000 46.5213869 46.5538463 
1565.0000000 46.3249684 46.3574278 
1566.0000000 46.1285498 46.1610092 
1567.0000000 45.9321313 45.9645907 
1568.0000000 45.7357127 45.7681721 
1569.0000000 45.5392942 45.5717536 
1570.0000000 45.3428756 45.3753350 
1571.0000000 45.1464571 45.1789165 
1572.0000000 44.9500385 44.9824979 
1573.0000000 44.7536200 44.7860794 
1574.0000000 44.5572014 44.5896608 
1575.0000000 44.3607829 44.3932423 
1576.0000000 44.1643643 44.1968237 
1577.0000000 43.9679457 44.0004052 
1578.0000000 43.7715272 43.8039866 
1579.0000000 43.5751086 43.6075681 
1580.0000000 43.3786901 43.4111495 
1581.0000000 43.1822715 43.2147310 
1582.0000000 42.9858530 43.0183124 
1583.0000000 42.7894344 42.8218939 
1584.0000000 42.5930159 42.6254753 
1585.0000000 42.3965973 42.4290568 
1586.0000000 42.2001788 42.2326382 
1587.0000000 42.0037602 42.0362197 
1588.0000000 41.8073417 41.8398011 
1589.0000000 41.6109231 41.6433826 
1590.0000000 41.4145046 41.4469640 
1591.0000000 41.2180860 41.2505455 
1592.0000000 41.0216675 41.0541269 
1593.0000000 40.8252489 40.8577084 
1594.0000000 40.6288304 40.6612898 
1595.0000000 40.4324118 40.4648713 
1596.0000000 40.2359933 40.2684527 
1597.0000000 40.0395747 40.0720342 
1598.0000000 39.8431562 39.8756156 
1599.0000000 39.6467376 39.6791971 
1600.0000000 39.4503191 39.4827785 
1601.0000000 39.2539005 39.2863600 
1602.0000000 39.0574820 39.0899414 
1603.0000000 38.8610634 38.8935229 
1604.0000000 38.6646449 38.6971043 
1605.0000000 38.4682263 38.5006858 
1606.0000000 38.2718078 38.3042672 
1607.0000000 38.0753892 38.1078487 
1608.0000000 37.8789707 37.9114301 
1609.0000000 37.6825521 37.7150116 
1610.0000000 37.4861336 37.5185930 
1611.0000000 37.2897150 37.3221745 
1612.0000000 37.0932965 37.1257559 
1613.0000000 36.8968779 36.9293374 
1614.0000000 36.7004594 36.7329188 
1615.0000000 36.5040408 36.5365003 
1616.0000000 36.3076223 36.3400817 
1617.0000000 36.1112037 36.1436632 
1618.0000000 35.9147852 35.9472446 
1619.0000000 35.7183666 35.7508261 
1620.0000000 35.5219481 35.5544075 
1621.0000000 35.3255295 35.3579890 
1622.0000000 35.1291110 35.1615704 
1623.0000000 34.9326924 34.9651519 
1624.0000000 34.7362739 34.7687333 
1625.0000000 34.5398553 34.5723148 
1626.0000000 34.3434368 34.3758962 
1627.0000000 34.1470182 34.1794777 
1628.0000000 33.9505997 33.9830591 
1629.0000000 33.7541811 33.7866406 
1630.0000000 33.5577626 33.5902220 
1631.0000000 33.3613440 33.3938035 
1632.0000000 33.1649255 33.1973849 
1633.0000000 32.9685069 33.0009664 
1634.0000000 32.7720884 32.8045478 
1635.0000000 32.5756698 32.6081293 
1636.0000000 32.3792513 32.4117107 
1637.0000000 32.1828327 32.2152922 
1638.0000000 31.9864142 32.0188736 
1639.0000000 31.7899956 31.8224551 
1640.0000000 31.5935771 31.6260365 
1641.0000000 31.3971585 31.4296180 
1642.0000000 31.2007400 31.2331994 
1643.0000000 31.0043214 31.0367809 
1644.0000000 30.8079029 30.8403623 
1645.0000000 30.6114843 30.6439438 
1646.0000000 30.4150658 30.4475252 
1647.0000000 30.2186472 30.2511067 
1648.0000000 30.0222287 30.0546881 
1649.0000000 29.8258101 29.8582696 
1650.0000000 29.6293916 29.6618510 
1651.0000000 29.4329730 29.4654325 
1652.0000000 29.2365545 29.2690139 
1653.0000000 29.0401359 29.0725954 
1654.0000000 28.8437174 28.8761768 
1655.0000000 28.6472988 28.6797583 
1656.0000000 28.4508803 28.4833397 
1657.0000000 28.2544617 28.2869212 
1658.0000000 28.0580432 28.0905026 
1659.0000000 27.8616246 27.8940841 
1660.0000000 27.6652061 27.6976655 
1661.0000000 27.4687875 27.5012470 
1662.0000000 27.2723690 27.3048284 
1663.0000000 27.0759504 27.1084099 
1664.0000000 26.8795319 26.9119913 
1665.0000000 26.6831133 26.7155728 
1666.0000000 26.4866948 26.5191542 
1667.0000000 26.2902762 26.3227357 
1668.0000000 26.0938577 26.1263171 
1669.0000000 25.8974391 25.9298986 
1670.0000000 25.7010206 25.7334800 
1671.0000000 25.5046020 25.5370615 
1672.0000000 25.3081835 25.3406429 
1673.0000000 25.1117649 25.1442244 
1674.0000000 24.9153464 24.9478058 
1675.0000000 24.7189278 24.7513872 
1676.0000000 24.5225093 24.5549687 
1677.0000000 24.3260907 24.3585501 
1678.0000000 24.1296722 24.1621316 
1679.0000000 23.9332536 23.9657130 
1680.0000000 23.7368351 23.7692945 
1681.0000000 23.5404165 23.5728759 
1682.0000000 23.3439980 23.3764574 
1683.0000000 23.1475794 23.1800388 
1684.0000000 22.9511609 22.9836203 
1685.0000000 22.7547423 22.7872017 
1686.0000000 22.5583238 22.5907832 
1687.0000000 22.3619052 22.3943646 
1688.0000000 22.1654867 22.1979461 
1689.0000000 21.9690681 22.0015275 
1690.0000000 21.7726496 21.8051090 
1691.0000000 21.5762310 21.6086904 
1692.0000000 21.3798125 21.4122719 
1693.0000000 21.1833939 21.2158533 
1694.0000000 20.9869754 21.0194348 
1695.0000000 20.7905568 20.8230162 
1696.0000000 20.5941383 20.6265977 
1697.0000000 20.3977197 20.4301791 
1698.0000000 20.2013012 20.2337606 
1699.0000000 20.0048826 20.0373420 
1700.0000000 19.8084641 19.8409235 
1701.0000000 19.6120455 19.6445049 
1702.0000000 19.4156270 19.4480864 
1703.0000000 19.2192084 19.2516678 
1704.0000000 19.0227899 19.0552493 
1705.0000000 18.8263713 18.8588307 
1706.0000000 18.6299528 18.6624122 
1707.0000000 18.4335342 18.4659936 
1708.0000000 18.2371157 18.2695751 
1709.0000000 18.0406971 18.0731565 
1710.0000000 17.8442786 17.8767380 
1711.0000000 17.6478600 17.6803194 
1712.0000000 17.4514415 17.4839009 
1713.0000000 17.2550229 17.2874823 
1714.0000000 17.0586044 17.0910638 
1715.0000000 16.8621858 16.8946452 
1716.0000000 16.6657673 16.6982267 
1717.0000000 16.4693487 16.5018081 
1718.0000000 16.2729302 16.3053896 
1719.0000000 16.0765116 16.1089710 
1720.0000000 15.8800931 15.9125525 
1721.0000000 15.6836745 15.7161339 
1722.0000000 15.4872560 15.5197154 
1723.0000000 15.2908374 15.3232968 
1724.0000000 15.0944189 15.1268783 
1725.0000000 14.8980003 14.9304597 
1726.0000000 14.7015818 14.7340412 
1727.0000000 14.5051632 14.5376226 
1728.0000000 14.3087447 14.3412041 
1729.0000000 14.1123261 14.1447855 
1730.0000000 13.9159075 13.9483670 
1731.0000000 13.7194890 13.7519484 
1732.0000000 13.5230704 13.5555299 
1733.0000000 13.3266519 13.3591113 
1734.0000000 13.1302333 13.1626928 
1735.0000000 12.9338148 12.9662742 
1736.0000000 12.7373962 12.7698557 
1737.0000000 12.5409777 12.5734371 
1738.0000000 12.3445591 12.3770186 
1739.0000000 12.1481406 12.1806000 
1740.0000000 11.9517220 11.9841815 
1741.0000000 11.7553035 11.7877629 
1742.0000000 11.5588849 11.5913444 
1743.0000000 11.3624664 11.3949258 
1744.0000000 11.1660478 11.1985073 
1745.0000000 10.9696293 11.0020887 
1746.0000000 10.7732107 10.8056702 
1747.0000000 10.5767922 10.6092516 
1748.0000000 10.3803736 10.4128331 
1749.0000000 10.1839551 10.2164145 
1750.0000000 9.9875365 10.0199960 
1751.0000000 9.7911180 9.8235774 
1752.0000000 9.5946994 9.6271589 
1753.0000000 9.3982809 9.4307403 
1754.0000000 9.2018623 9.2343218 
1755.0000000 9.0054438 9.0379032 
1756.0000000 8.8090252 8.8414847 
1757.0000000 8.6126067 8.6450661 
1758.0000000 8.4161881 8.4486476 
1759.0000000 8.2197696 8.2522290 
1760.0000000 8.0233510 8.0558105 
1761.0000000 7.8269325 7.8593919 
1762.0000000 7.6305139 7.6629734 
1763.0000000 7.4340954 7.4665548 
1764.0000000 7.2376768 7.2701363 
1765.0000000 7.0412583 7.0737177 
1766.0000000 6.8448397 6.8772992 
1767.0000000 6.6484212 6.6808806 
1768.0000000 6.4520026 6.4844621 
1769.0000000 6.2555841 6.2880435 
1770.0000000 6.0591655 6.0916250 
1771.0000000 5.8627470 5.8952064 
1772.0000000 5.6663284 5.6987879 
1773.0000000 5.4699099 5.5023693 
1774.0000000 5.2734913 5.3059508 
1775.0000000 5.0770728 5.1095322 
1776.0000000 4.8806542 4.9131137 
1777.0000000 4.6842357 4.7166951 
1778.0000000 4.4878171 4.5202766 
1779.0000000 4.2913986 4.3238580 
1780.0000000 4.0949800 4.1274395 
1781.0000000 3.8985615 3.9310209 
1782.0000000 3.7021429 3.7346024 
1783.0000000 3.5057244 3.5381838 
1784.0000000 3.3093058 3.3417653 
1785.0000000 3.1128873 3.1453467 
1786.0000000 2.9164687 2.9489282 
1787.0000000 2.7200502 2.7525096 
1788.0000000 2.5236316 2.5560911 
1789.0000000 2.3272131 2.3596725 
1790.0000000 2.1307945 2.1632540 
1791.0000000 1.9343760 1.9668354 
1792.0000000 1.7379574 1.7704169 
1793.0000000 1.5415389 1.5739983 
1794.0000000 1.3451203 1.3775798 
1795.0000000 1.1487018 1.1811612 
1796.0000000 0.9522832 0.9847427 
1797.0000000 0.7558647 0.7883241 
1798.0000000 0.5594461 0.5919056 
1799.0000000 0.3630276 0.3954870 
1800.0000000 0.1666090 0.1990685 

