1.0000000 353.5507489 353.5405623 
2.0000000 353.3543304 353.3441438 
3.0000000 353.1579118 353.1477252 
4.0000000 352.9614933 352.9513067 
5.0000000 352.7650747 352.7548881 
6.0000000 352.5686562 352.5584696 
7.0000000 352.3722376 352.3620510 
8.0000000 352.1758191 352.1656325 
9.0000000 351.9794005 351.9692139 
10.0000000 351.7829820 351.7727954 
11.0000000 351.5865634 351.5763768 
12.0000000 351.3901449 351.3799583 
13.0000000 351.1937263 351.1835397 
14.0000000 350.9973078 350.9871212 
15.0000000 350.8008892 350.7907026 
16.0000000 350.6044707 350.5942841 
17.0000000 350.4080521 350.3978655 
18.0000000 350.2116336 350.2014470 
19.0000000 350.0152150 350.0050284 
20.0000000 349.8187965 349.8086099 
21.0000000 349.6223779 349.6121913 
22.0000000 349.4259594 349.4157728 
23.0000000 349.2295408 349.2193542 
24.0000000 349.0331223 349.0229357 
25.0000000 348.8367037 348.8265171 
26.0000000 348.6402852 348.6300986 
27.0000000 348.4438666 348.4336800 
28.0000000 348.2474481 348.2372615 
29.0000000 348.0510295 348.0408429 
30.0000000 347.8546110 347.8444244 
31.0000000 347.6581924 347.6480058 
32.0000000 347.4617739 347.4515873 
33.0000000 347.2653553 347.2551687 
34.0000000 347.0689368 347.0587502 
35.0000000 346.8725182 346.8623316 
36.0000000 346.6760997 346.6659130 
37.0000000 346.4796811 346.4694945 
38.0000000 346.2832626 346.2730759 
39.0000000 346.0868440 346.0766574 
40.0000000 345.8904255 345.8802388 
41.0000000 345.6940069 345.6838203 
42.0000000 345.4975884 345.4874017 
43.0000000 345.3011698 345.2909832 
44.0000000 345.1047513 345.0945646 
45.0000000 344.9083327 344.8981461 
46.0000000 344.7119142 344.7017275 
47.0000000 344.5154956 344.5053090 
48.0000000 344.3190771 344.3088904 
49.0000000 344.1226585 344.1124719 
50.0000000 343.9262400 343.9160533 
51.0000000 343.7298214 343.7196348 
52.0000000 343.5334029 343.5232162 
53.0000000 343.3369843 343.3267977 
54.0000000 343.1405658 343.1303791 
55.0000000 342.9441472 342.9339606 
56.0000000 342.7477287 342.7375420 
57.0000000 342.5513101 342.5411235 
58.0000000 342.3548916 342.3447049 
59.0000000 342.1584730 342.1482864 
60.0000000 341.9620545 341.9518678 
61.0000000 341.7656359 341.7554493 
62.0000000 341.5692173 341.5590307 
63.0000000 341.3727988 341.3626122 
64.0000000 341.1763802 341.1661936 
65.0000000 340.9799617 340.9697751 
66.0000000 340.7835431 340.7733565 
67.0000000 340.5871246 340.5769380 
68.0000000 340.3907060 340.3805194 
69.0000000 340.1942875 340.1841009 
70.0000000 339.9978689 339.9876823 
71.0000000 339.8014504 339.7912638 
72.0000000 339.6050318 339.5948452 
73.0000000 339.4086133 339.3984267 
74.0000000 339.2121947 339.2020081 
75.0000000 339.0157762 339.0055896 
76.0000000 338.8193576 338.8091710 
77.0000000 338.6229391 338.6127525 
78.0000000 338.4265205 338.4163339 
79.0000000 338.2301020 338.2199154 
80.0000000 338.0336834 338.0234968 
81.0000000 337.8372649 337.8270783 
82.0000000 337.6408463 337.6306597 
83.0000000 337.4444278 337.4342412 
84.0000000 337.2480092 337.2378226 
85.0000000 337.0515907 337.0414041 
86.0000000 336.8551721 336.8449855 
87.0000000 336.6587536 336.6485670 
88.0000000 336.4623350 336.4521484 
89.0000000 336.2659165 336.2557299 
90.0000000 336.0694979 336.0593113 
91.0000000 335.8730794 335.8628928 
92.0000000 335.6766608 335.6664742 
93.0000000 335.4802423 335.4700557 
94.0000000 335.2838237 335.2736371 
95.0000000 335.0874052 335.0772186 
96.0000000 334.8909866 334.8808000 
97.0000000 334.6945681 334.6843815 
98.0000000 334.4981495 334.4879629 
99.0000000 334.3017310 334.2915444 
100.0000000 334.1053124 334.0951258 
101.0000000 333.9088939 333.8987073 
102.0000000 333.7124753 333.7022887 
103.0000000 333.5160568 333.5058702 
104.0000000 333.3196382 333.3094516 
105.0000000 333.1232197 333.1130331 
106.0000000 332.9268011 332.9166145 
107.0000000 332.7303826 332.7201960 
108.0000000 332.5339640 332.5237774 
109.0000000 332.3375455 332.3273589 
110.0000000 332.1411269 332.1309403 
111.0000000 331.9447084 331.9345218 
112.0000000 331.7482898 331.7381032 
113.0000000 331.5518713 331.5416847 
114.0000000 331.3554527 331.3452661 
115.0000000 331.1590342 331.1488476 
116.0000000 330.9626156 330.9524290 
117.0000000 330.7661971 330.7560105 
118.0000000 330.5697785 330.5595919 
119.0000000 330.3733600 330.3631734 
120.0000000 330.1769414 330.1667548 
121.0000000 329.9805229 329.9703363 
122.0000000 329.7841043 329.7739177 
123.0000000 329.5876858 329.5774992 
124.0000000 329.3912672 329.3810806 
125.0000000 329.1948487 329.1846621 
126.0000000 328.9984301 328.9882435 
127.0000000 328.8020116 328.7918250 
128.0000000 328.6055930 328.5954064 
129.0000000 328.4091745 328.3989879 
130.0000000 328.2127559 328.2025693 
131.0000000 328.0163374 328.0061508 
132.0000000 327.8199188 327.8097322 
133.0000000 327.6235003 327.6133137 
134.0000000 327.4270817 327.4168951 
135.0000000 327.2306632 327.2204766 
136.0000000 327.0342446 327.0240580 
137.0000000 326.8378261 326.8276395 
138.0000000 326.6414075 326.6312209 
139.0000000 326.4449890 326.4348024 
140.0000000 326.2485704 326.2383838 
141.0000000 326.0521519 326.0419653 
142.0000000 325.8557333 325.8455467 
143.0000000 325.6593148 325.6491282 
144.0000000 325.4628962 325.4527096 
145.0000000 325.2664777 325.2562911 
146.0000000 325.0700591 325.0598725 
147.0000000 324.8736406 324.8634540 
148.0000000 324.6772220 324.6670354 
149.0000000 324.4808035 324.4706169 
150.0000000 324.2843849 324.2741983 
151.0000000 324.0879664 324.0777798 
152.0000000 323.8915478 323.8813612 
153.0000000 323.6951293 323.6849427 
154.0000000 323.4987107 323.4885241 
155.0000000 323.3022922 323.2921056 
156.0000000 323.1058736 323.0956870 
157.0000000 322.9094551 322.8992685 
158.0000000 322.7130365 322.7028499 
159.0000000 322.5166180 322.5064314 
160.0000000 322.3201994 322.3100128 
161.0000000 322.1237809 322.1135943 
162.0000000 321.9273623 321.9171757 
163.0000000 321.7309438 321.7207572 
164.0000000 321.5345252 321.5243386 
165.0000000 321.3381067 321.3279201 
166.0000000 321.1416881 321.1315015 
167.0000000 320.9452696 320.9350830 
168.0000000 320.7488510 320.7386644 
169.0000000 320.5524325 320.5422459 
170.0000000 320.3560139 320.3458273 
171.0000000 320.1595954 320.1494088 
172.0000000 319.9631768 319.9529902 
173.0000000 319.7667583 319.7565717 
174.0000000 319.5703397 319.5601531 
175.0000000 319.3739212 319.3637346 
176.0000000 319.1775026 319.1673160 
177.0000000 318.9810841 318.9708975 
178.0000000 318.7846655 318.7744789 
179.0000000 318.5882470 318.5780604 
180.0000000 318.3918284 318.3816418 
181.0000000 318.1954099 318.1852233 
182.0000000 317.9989913 317.9888047 
183.0000000 317.8025728 317.7923862 
184.0000000 317.6061542 317.5959676 
185.0000000 317.4097357 317.3995491 
186.0000000 317.2133171 317.2031305 
187.0000000 317.0168986 317.0067119 
188.0000000 316.8204800 316.8102934 
189.0000000 316.6240615 316.6138748 
190.0000000 316.4276429 316.4174563 
191.0000000 316.2312244 316.2210377 
192.0000000 316.0348058 316.0246192 
193.0000000 315.8383873 315.8282006 
194.0000000 315.6419687 315.6317821 
195.0000000 315.4455502 315.4353635 
196.0000000 315.2491316 315.2389450 
197.0000000 315.0527131 315.0425264 
198.0000000 314.8562945 314.8461079 
199.0000000 314.6598760 314.6496893 
200.0000000 314.4634574 314.4532708 
201.0000000 314.2670389 314.2568522 
202.0000000 314.0706203 314.0604337 
203.0000000 313.8742018 313.8640151 
204.0000000 313.6777832 313.6675966 
205.0000000 313.4813647 313.4711780 
206.0000000 313.2849461 313.2747595 
207.0000000 313.0885276 313.0783409 
208.0000000 312.8921090 312.8819224 
209.0000000 312.6956905 312.6855038 
210.0000000 312.4992719 312.4890853 
211.0000000 312.3028534 312.2926667 
212.0000000 312.1064348 312.0962482 
213.0000000 311.9100162 311.8998296 
214.0000000 311.7135977 311.7034111 
215.0000000 311.5171791 311.5069925 
216.0000000 311.3207606 311.3105740 
217.0000000 311.1243420 311.1141554 
218.0000000 310.9279235 310.9177369 
219.0000000 310.7315049 310.7213183 
220.0000000 310.5350864 310.5248998 
221.0000000 310.3386678 310.3284812 
222.0000000 310.1422493 310.1320627 
223.0000000 309.9458307 309.9356441 
224.0000000 309.7494122 309.7392256 
225.0000000 309.5529936 309.5428070 
226.0000000 309.3565751 309.3463885 
227.0000000 309.1601565 309.1499699 
228.0000000 308.9637380 308.9535514 
229.0000000 308.7673194 308.7571328 
230.0000000 308.5709009 308.5607143 
231.0000000 308.3744823 308.3642957 
232.0000000 308.1780638 308.1678772 
233.0000000 307.9816452 307.9714586 
234.0000000 307.7852267 307.7750401 
235.0000000 307.5888081 307.5786215 
236.0000000 307.3923896 307.3822030 
237.0000000 307.1959710 307.1857844 
238.0000000 306.9995525 306.9893659 
239.0000000 306.8031339 306.7929473 
240.0000000 306.6067154 306.5965288 
241.0000000 306.4102968 306.4001102 
242.0000000 306.2138783 306.2036917 
243.0000000 306.0174597 306.0072731 
244.0000000 305.8210412 305.8108546 
245.0000000 305.6246226 305.6144360 
246.0000000 305.4282041 305.4180175 
247.0000000 305.2317855 305.2215989 
248.0000000 305.0353670 305.0251804 
249.0000000 304.8389484 304.8287618 
250.0000000 304.6425299 304.6323433 
251.0000000 304.4461113 304.4359247 
252.0000000 304.2496928 304.2395062 
253.0000000 304.0532742 304.0430876 
254.0000000 303.8568557 303.8466691 
255.0000000 303.6604371 303.6502505 
256.0000000 303.4640186 303.4538320 
257.0000000 303.2676000 303.2574134 
258.0000000 303.0711815 303.0609949 
259.0000000 302.8747629 302.8645763 
260.0000000 302.6783444 302.6681578 
261.0000000 302.4819258 302.4717392 
262.0000000 302.2855073 302.2753207 
263.0000000 302.0890887 302.0789021 
264.0000000 301.8926702 301.8824836 
265.0000000 301.6962516 301.6860650 
266.0000000 301.4998331 301.4896465 
267.0000000 301.3034145 301.2932279 
268.0000000 301.1069960 301.0968094 
269.0000000 300.9105774 300.9003908 
270.0000000 300.7141589 300.7039723 
271.0000000 300.5177403 300.5075537 
272.0000000 300.3213218 300.3111352 
273.0000000 300.1249032 300.1147166 
274.0000000 299.9284847 299.9182981 
275.0000000 299.7320661 299.7218795 
276.0000000 299.5356476 299.5254610 
277.0000000 299.3392290 299.3290424 
278.0000000 299.1428105 299.1326239 
279.0000000 298.9463919 298.9362053 
280.0000000 298.7499734 298.7397868 
281.0000000 298.5535548 298.5433682 
282.0000000 298.3571363 298.3469497 
283.0000000 298.1607177 298.1505311 
284.0000000 297.9642992 297.9541126 
285.0000000 297.7678806 297.7576940 
286.0000000 297.5714621 297.5612755 
287.0000000 297.3750435 297.3648569 
288.0000000 297.1786250 297.1684384 
289.0000000 296.9822064 296.9720198 
290.0000000 296.7857879 296.7756013 
291.0000000 296.5893693 296.5791827 
292.0000000 296.3929508 296.3827642 
293.0000000 296.1965322 296.1863456 
294.0000000 296.0001137 295.9899271 
295.0000000 295.8036951 295.7935085 
296.0000000 295.6072766 295.5970900 
297.0000000 295.4108580 295.4006714 
298.0000000 295.2144395 295.2042529 
299.0000000 295.0180209 295.0078343 
300.0000000 294.8216024 294.8114158 
301.0000000 294.6251838 294.6149972 
302.0000000 294.4287653 294.4185787 
303.0000000 294.2323467 294.2221601 
304.0000000 294.0359282 294.0257416 
305.0000000 293.8395096 293.8293230 
306.0000000 293.6430911 293.6329045 
307.0000000 293.4466725 293.4364859 
308.0000000 293.2502540 293.2400674 
309.0000000 293.0538354 293.0436488 
310.0000000 292.8574169 292.8472303 
311.0000000 292.6609983 292.6508117 
312.0000000 292.4645798 292.4543932 
313.0000000 292.2681612 292.2579746 
314.0000000 292.0717427 292.0615561 
315.0000000 291.8753241 291.8651375 
316.0000000 291.6789056 291.6687190 
317.0000000 291.4824870 291.4723004 
318.0000000 291.2860685 291.2758819 
319.0000000 291.0896499 291.0794633 
320.0000000 290.8932314 290.8830448 
321.0000000 290.6968128 290.6866262 
322.0000000 290.5003943 290.4902077 
323.0000000 290.3039757 290.2937891 
324.0000000 290.1075572 290.0973706 
325.0000000 289.9111386 289.9009520 
326.0000000 289.7147201 289.7045335 
327.0000000 289.5183015 289.5081149 
328.0000000 289.3218830 289.3116964 
329.0000000 289.1254644 289.1152778 
330.0000000 288.9290459 288.9188593 
331.0000000 288.7326273 288.7224407 
332.0000000 288.5362088 288.5260222 
333.0000000 288.3397902 288.3296036 
334.0000000 288.1433717 288.1331851 
335.0000000 287.9469531 287.9367665 
336.0000000 287.7505346 287.7403480 
337.0000000 287.5541160 287.5439294 
338.0000000 287.3576975 287.3475108 
339.0000000 287.1612789 287.1510923 
340.0000000 286.9648604 286.9546737 
341.0000000 286.7684418 286.7582552 
342.0000000 286.5720233 286.5618366 
343.0000000 286.3756047 286.3654181 
344.0000000 286.1791862 286.1689995 
345.0000000 285.9827676 285.9725810 
346.0000000 285.7863491 285.7761624 
347.0000000 285.5899305 285.5797439 
348.0000000 285.3935120 285.3833253 
349.0000000 285.1970934 285.1869068 
350.0000000 285.0006749 284.9904882 
351.0000000 284.8042563 284.7940697 
352.0000000 284.6078378 284.5976511 
353.0000000 284.4114192 284.4012326 
354.0000000 284.2150007 284.2048140 
355.0000000 284.0185821 284.0083955 
356.0000000 283.8221636 283.8119769 
357.0000000 283.6257450 283.6155584 
358.0000000 283.4293265 283.4191398 
359.0000000 283.2329079 283.2227213 
360.0000000 283.0364894 283.0263027 
361.0000000 282.8400708 282.8298842 
362.0000000 282.6436523 282.6334656 
363.0000000 282.4472337 282.4370471 
364.0000000 282.2508152 282.2406285 
365.0000000 282.0543966 282.0442100 
366.0000000 281.8579780 281.8477914 
367.0000000 281.6615595 281.6513729 
368.0000000 281.4651409 281.4549543 
369.0000000 281.2687224 281.2585358 
370.0000000 281.0723038 281.0621172 
371.0000000 280.8758853 280.8656987 
372.0000000 280.6794667 280.6692801 
373.0000000 280.4830482 280.4728616 
374.0000000 280.2866296 280.2764430 
375.0000000 280.0902111 280.0800245 
376.0000000 279.8937925 279.8836059 
377.0000000 279.6973740 279.6871874 
378.0000000 279.5009554 279.4907688 
379.0000000 279.3045369 279.2943503 
380.0000000 279.1081183 279.0979317 
381.0000000 278.9116998 278.9015132 
382.0000000 278.7152812 278.7050946 
383.0000000 278.5188627 278.5086761 
384.0000000 278.3224441 278.3122575 
385.0000000 278.1260256 278.1158390 
386.0000000 277.9296070 277.9194204 
387.0000000 277.7331885 277.7230019 
388.0000000 277.5367699 277.5265833 
389.0000000 277.3403514 277.3301648 
390.0000000 277.1439328 277.1337462 
391.0000000 276.9475143 276.9373277 
392.0000000 276.7510957 276.7409091 
393.0000000 276.5546772 276.5444906 
394.0000000 276.3582586 276.3480720 
395.0000000 276.1618401 276.1516535 
396.0000000 275.9654215 275.9552349 
397.0000000 275.7690030 275.7588164 
398.0000000 275.5725844 275.5623978 
399.0000000 275.3761659 275.3659793 
400.0000000 275.1797473 275.1695607 
401.0000000 274.9833288 274.9731422 
402.0000000 274.7869102 274.7767236 
403.0000000 274.5904917 274.5803051 
404.0000000 274.3940731 274.3838865 
405.0000000 274.1976546 274.1874680 
406.0000000 274.0012360 273.9910494 
407.0000000 273.8048175 273.7946309 
408.0000000 273.6083989 273.5982123 
409.0000000 273.4119804 273.4017938 
410.0000000 273.2155618 273.2053752 
411.0000000 273.0191433 273.0089567 
412.0000000 272.8227247 272.8125381 
413.0000000 272.6263062 272.6161196 
414.0000000 272.4298876 272.4197010 
415.0000000 272.2334691 272.2232825 
416.0000000 272.0370505 272.0268639 
417.0000000 271.8406320 271.8304454 
418.0000000 271.6442134 271.6340268 
419.0000000 271.4477949 271.4376083 
420.0000000 271.2513763 271.2411897 
421.0000000 271.0549578 271.0447712 
422.0000000 270.8585392 270.8483526 
423.0000000 270.6621207 270.6519341 
424.0000000 270.4657021 270.4555155 
425.0000000 270.2692836 270.2590970 
426.0000000 270.0728650 270.0626784 
427.0000000 269.8764465 269.8662599 
428.0000000 269.6800279 269.6698413 
429.0000000 269.4836094 269.4734228 
430.0000000 269.2871908 269.2770042 
431.0000000 269.0907723 269.0805857 
432.0000000 268.8943537 268.8841671 
433.0000000 268.6979352 268.6877486 
434.0000000 268.5015166 268.4913300 
435.0000000 268.3050981 268.2949115 
436.0000000 268.1086795 268.0984929 
437.0000000 267.9122610 267.9020744 
438.0000000 267.7158424 267.7056558 
439.0000000 267.5194239 267.5092373 
440.0000000 267.3230053 267.3128187 
441.0000000 267.1265868 267.1164002 
442.0000000 266.9301682 266.9199816 
443.0000000 266.7337497 266.7235631 
444.0000000 266.5373311 266.5271445 
445.0000000 266.3409126 266.3307260 
446.0000000 266.1444940 266.1343074 
447.0000000 265.9480755 265.9378889 
448.0000000 265.7516569 265.7414703 
449.0000000 265.5552384 265.5450518 
450.0000000 265.3588198 265.3486332 
451.0000000 265.1624013 265.1522147 
452.0000000 264.9659827 264.9557961 
453.0000000 264.7695642 264.7593776 
454.0000000 264.5731456 264.5629590 
455.0000000 264.3767271 264.3665405 
456.0000000 264.1803085 264.1701219 
457.0000000 263.9838900 263.9737034 
458.0000000 263.7874714 263.7772848 
459.0000000 263.5910529 263.5808663 
460.0000000 263.3946343 263.3844477 
461.0000000 263.1982158 263.1880292 
462.0000000 263.0017972 262.9916106 
463.0000000 262.8053787 262.7951921 
464.0000000 262.6089601 262.5987735 
465.0000000 262.4125416 262.4023550 
466.0000000 262.2161230 262.2059364 
467.0000000 262.0197045 262.0095179 
468.0000000 261.8232859 261.8130993 
469.0000000 261.6268674 261.6166808 
470.0000000 261.4304488 261.4202622 
471.0000000 261.2340303 261.2238437 
472.0000000 261.0376117 261.0274251 
473.0000000 260.8411932 260.8310066 
474.0000000 260.6447746 260.6345880 
475.0000000 260.4483561 260.4381695 
476.0000000 260.2519375 260.2417509 
477.0000000 260.0555190 260.0453324 
478.0000000 259.8591004 259.8489138 
479.0000000 259.6626819 259.6524953 
480.0000000 259.4662633 259.4560767 
481.0000000 259.2698448 259.2596582 
482.0000000 259.0734262 259.0632396 
483.0000000 258.8770077 258.8668211 
484.0000000 258.6805891 258.6704025 
485.0000000 258.4841706 258.4739840 
486.0000000 258.2877520 258.2775654 
487.0000000 258.0913335 258.0811469 
488.0000000 257.8949149 257.8847283 
489.0000000 257.6984964 257.6883098 
490.0000000 257.5020778 257.4918912 
491.0000000 257.3056593 257.2954726 
492.0000000 257.1092407 257.0990541 
493.0000000 256.9128222 256.9026355 
494.0000000 256.7164036 256.7062170 
495.0000000 256.5199851 256.5097984 
496.0000000 256.3235665 256.3133799 
497.0000000 256.1271480 256.1169613 
498.0000000 255.9307294 255.9205428 
499.0000000 255.7343109 255.7241242 
500.0000000 255.5378923 255.5277057 
501.0000000 255.3414738 255.3312871 
502.0000000 255.1450552 255.1348686 
503.0000000 254.9486367 254.9384500 
504.0000000 254.7522181 254.7420315 
505.0000000 254.5557996 254.5456129 
506.0000000 254.3593810 254.3491944 
507.0000000 254.1629625 254.1527758 
508.0000000 253.9665439 253.9563573 
509.0000000 253.7701254 253.7599387 
510.0000000 253.5737068 253.5635202 
511.0000000 253.3772883 253.3671016 
512.0000000 253.1808697 253.1706831 
513.0000000 252.9844512 252.9742645 
514.0000000 252.7880326 252.7778460 
515.0000000 252.5916141 252.5814274 
516.0000000 252.3951955 252.3850089 
517.0000000 252.1987769 252.1885903 
518.0000000 252.0023584 251.9921718 
519.0000000 251.8059398 251.7957532 
520.0000000 251.6095213 251.5993347 
521.0000000 251.4131027 251.4029161 
522.0000000 251.2166842 251.2064976 
523.0000000 251.0202656 251.0100790 
524.0000000 250.8238471 250.8136605 
525.0000000 250.6274285 250.6172419 
526.0000000 250.4310100 250.4208234 
527.0000000 250.2345914 250.2244048 
528.0000000 250.0381729 250.0279863 
529.0000000 249.8417543 249.8315677 
530.0000000 249.6453358 249.6351492 
531.0000000 249.4489172 249.4387306 
532.0000000 249.2524987 249.2423121 
533.0000000 249.0560801 249.0458935 
534.0000000 248.8596616 248.8494750 
535.0000000 248.6632430 248.6530564 
536.0000000 248.4668245 248.4566379 
537.0000000 248.2704059 248.2602193 
538.0000000 248.0739874 248.0638008 
539.0000000 247.8775688 247.8673822 
540.0000000 247.6811503 247.6709637 
541.0000000 247.4847317 247.4745451 
542.0000000 247.2883132 247.2781266 
543.0000000 247.0918946 247.0817080 
544.0000000 246.8954761 246.8852895 
545.0000000 246.6990575 246.6888709 
546.0000000 246.5026390 246.4924524 
547.0000000 246.3062204 246.2960338 
548.0000000 246.1098019 246.0996153 
549.0000000 245.9133833 245.9031967 
550.0000000 245.7169648 245.7067782 
551.0000000 245.5205462 245.5103596 
552.0000000 245.3241277 245.3139411 
553.0000000 245.1277091 245.1175225 
554.0000000 244.9312906 244.9211040 
555.0000000 244.7348720 244.7246854 
556.0000000 244.5384535 244.5282669 
557.0000000 244.3420349 244.3318483 
558.0000000 244.1456164 244.1354298 
559.0000000 243.9491978 243.9390112 
560.0000000 243.7527793 243.7425927 
561.0000000 243.5563607 243.5461741 
562.0000000 243.3599422 243.3497556 
563.0000000 243.1635236 243.1533370 
564.0000000 242.9671051 242.9569185 
565.0000000 242.7706865 242.7604999 
566.0000000 242.5742680 242.5640814 
567.0000000 242.3778494 242.3676628 
568.0000000 242.1814309 242.1712443 
569.0000000 241.9850123 241.9748257 
570.0000000 241.7885938 241.7784072 
571.0000000 241.5921752 241.5819886 
572.0000000 241.3957567 241.3855701 
573.0000000 241.1993381 241.1891515 
574.0000000 241.0029196 240.9927330 
575.0000000 240.8065010 240.7963144 
576.0000000 240.6100825 240.5998959 
577.0000000 240.4136639 240.4034773 
578.0000000 240.2172454 240.2070588 
579.0000000 240.0208268 240.0106402 
580.0000000 239.8244083 239.8142217 
581.0000000 239.6279897 239.6178031 
582.0000000 239.4315712 239.4213846 
583.0000000 239.2351526 239.2249660 
584.0000000 239.0387341 239.0285475 
585.0000000 238.8423155 238.8321289 
586.0000000 238.6458970 238.6357104 
587.0000000 238.4494784 238.4392918 
588.0000000 238.2530599 238.2428733 
589.0000000 238.0566413 238.0464547 
590.0000000 237.8602228 237.8500362 
591.0000000 237.6638042 237.6536176 
592.0000000 237.4673857 237.4571991 
593.0000000 237.2709671 237.2607805 
594.0000000 237.0745486 237.0643620 
595.0000000 236.8781300 236.8679434 
596.0000000 236.6817115 236.6715249 
597.0000000 236.4852929 236.4751063 
598.0000000 236.2888744 236.2786878 
599.0000000 236.0924558 236.0822692 
600.0000000 235.8960373 235.8858507 
601.0000000 235.6996187 235.6894321 
602.0000000 235.5032002 235.4930136 
603.0000000 235.3067816 235.2965950 
604.0000000 235.1103631 235.1001765 
605.0000000 234.9139445 234.9037579 
606.0000000 234.7175260 234.7073394 
607.0000000 234.5211074 234.5109208 
608.0000000 234.3246889 234.3145023 
609.0000000 234.1282703 234.1180837 
610.0000000 233.9318518 233.9216652 
611.0000000 233.7354332 233.7252466 
612.0000000 233.5390147 233.5288281 
613.0000000 233.3425961 233.3324095 
614.0000000 233.1461776 233.1359910 
615.0000000 232.9497590 232.9395724 
616.0000000 232.7533405 232.7431539 
617.0000000 232.5569219 232.5467353 
618.0000000 232.3605034 232.3503168 
619.0000000 232.1640848 232.1538982 
620.0000000 231.9676663 231.9574797 
621.0000000 231.7712477 231.7610611 
622.0000000 231.5748292 231.5646426 
623.0000000 231.3784106 231.3682240 
624.0000000 231.1819921 231.1718055 
625.0000000 230.9855735 230.9753869 
626.0000000 230.7891550 230.7789684 
627.0000000 230.5927364 230.5825498 
628.0000000 230.3963179 230.3861313 
629.0000000 230.1998993 230.1897127 
630.0000000 230.0034808 229.9932942 
631.0000000 229.8070622 229.7968756 
632.0000000 229.6106437 229.6004571 
633.0000000 229.4142251 229.4040385 
634.0000000 229.2178066 229.2076200 
635.0000000 229.0213880 229.0112014 
636.0000000 228.8249695 228.8147829 
637.0000000 228.6285509 228.6183643 
638.0000000 228.4321324 228.4219458 
639.0000000 228.2357138 228.2255272 
640.0000000 228.0392953 228.0291087 
641.0000000 227.8428767 227.8326901 
642.0000000 227.6464582 227.6362715 
643.0000000 227.4500396 227.4398530 
644.0000000 227.2536211 227.2434344 
645.0000000 227.0572025 227.0470159 
646.0000000 226.8607840 226.8505973 
647.0000000 226.6643654 226.6541788 
648.0000000 226.4679469 226.4577602 
649.0000000 226.2715283 226.2613417 
650.0000000 226.0751098 226.0649231 
651.0000000 225.8786912 225.8685046 
652.0000000 225.6822727 225.6720860 
653.0000000 225.4858541 225.4756675 
654.0000000 225.2894356 225.2792489 
655.0000000 225.0930170 225.0828304 
656.0000000 224.8965985 224.8864118 
657.0000000 224.7001799 224.6899933 
658.0000000 224.5037614 224.4935747 
659.0000000 224.3073428 224.2971562 
660.0000000 224.1109243 224.1007376 
661.0000000 223.9145057 223.9043191 
662.0000000 223.7180872 223.7079005 
663.0000000 223.5216686 223.5114820 
664.0000000 223.3252501 223.3150634 
665.0000000 223.1288315 223.1186449 
666.0000000 222.9324130 222.9222263 
667.0000000 222.7359944 222.7258078 
668.0000000 222.5395758 222.5293892 
669.0000000 222.3431573 222.3329707 
670.0000000 222.1467387 222.1365521 
671.0000000 221.9503202 221.9401336 
672.0000000 221.7539016 221.7437150 
673.0000000 221.5574831 221.5472965 
674.0000000 221.3610645 221.3508779 
675.0000000 221.1646460 221.1544594 
676.0000000 220.9682274 220.9580408 
677.0000000 220.7718089 220.7616223 
678.0000000 220.5753903 220.5652037 
679.0000000 220.3789718 220.3687852 
680.0000000 220.1825532 220.1723666 
681.0000000 219.9861347 219.9759481 
682.0000000 219.7897161 219.7795295 
683.0000000 219.5932976 219.5831110 
684.0000000 219.3968790 219.3866924 
685.0000000 219.2004605 219.1902739 
686.0000000 219.0040419 218.9938553 
687.0000000 218.8076234 218.7974368 
688.0000000 218.6112048 218.6010182 
689.0000000 218.4147863 218.4045997 
690.0000000 218.2183677 218.2081811 
691.0000000 218.0219492 218.0117626 
692.0000000 217.8255306 217.8153440 
693.0000000 217.6291121 217.6189255 
694.0000000 217.4326935 217.4225069 
695.0000000 217.2362750 217.2260884 
696.0000000 217.0398564 217.0296698 
697.0000000 216.8434379 216.8332513 
698.0000000 216.6470193 216.6368327 
699.0000000 216.4506008 216.4404142 
700.0000000 216.2541822 216.2439956 
701.0000000 216.0577637 216.0475771 
702.0000000 215.8613451 215.8511585 
703.0000000 215.6649266 215.6547400 
704.0000000 215.4685080 215.4583214 
705.0000000 215.2720895 215.2619029 
706.0000000 215.0756709 215.0654843 
707.0000000 214.8792524 214.8690658 
708.0000000 214.6828338 214.6726472 
709.0000000 214.4864153 214.4762287 
710.0000000 214.2899967 214.2798101 
711.0000000 214.0935782 214.0833916 
712.0000000 213.8971596 213.8869730 
713.0000000 213.7007411 213.6905545 
714.0000000 213.5043225 213.4941359 
715.0000000 213.3079040 213.2977174 
716.0000000 213.1114854 213.1012988 
717.0000000 212.9150669 212.9048803 
718.0000000 212.7186483 212.7084617 
719.0000000 212.5222298 212.5120432 
720.0000000 212.3258112 212.3156246 
721.0000000 212.1293927 212.1192061 
722.0000000 211.9329741 211.9227875 
723.0000000 211.7365556 211.7263690 
724.0000000 211.5401370 211.5299504 
725.0000000 211.3437185 211.3335319 
726.0000000 211.1472999 211.1371133 
727.0000000 210.9508814 210.9406948 
728.0000000 210.7544628 210.7442762 
729.0000000 210.5580443 210.5478577 
730.0000000 210.3616257 210.3514391 
731.0000000 210.1652072 210.1550206 
732.0000000 209.9687886 209.9586020 
733.0000000 209.7723701 209.7621835 
734.0000000 209.5759515 209.5657649 
735.0000000 209.3795330 209.3693464 
736.0000000 209.1831144 209.1729278 
737.0000000 208.9866959 208.9765093 
738.0000000 208.7902773 208.7800907 
739.0000000 208.5938588 208.5836722 
740.0000000 208.3974402 208.3872536 
741.0000000 208.2010217 208.1908351 
742.0000000 208.0046031 207.9944165 
743.0000000 207.8081846 207.7979980 
744.0000000 207.6117660 207.6015794 
745.0000000 207.4153475 207.4051609 
746.0000000 207.2189289 207.2087423 
747.0000000 207.0225104 207.0123238 
748.0000000 206.8260918 206.8159052 
749.0000000 206.6296733 206.6194867 
750.0000000 206.4332547 206.4230681 
751.0000000 206.2368362 206.2266496 
752.0000000 206.0404176 206.0302310 
753.0000000 205.8439991 205.8338125 
754.0000000 205.6475805 205.6373939 
755.0000000 205.4511620 205.4409754 
756.0000000 205.2547434 205.2445568 
757.0000000 205.0583249 205.0481383 
758.0000000 204.8619063 204.8517197 
759.0000000 204.6654878 204.6553012 
760.0000000 204.4690692 204.4588826 
761.0000000 204.2726507 204.2624641 
762.0000000 204.0762321 204.0660455 
763.0000000 203.8798136 203.8696270 
764.0000000 203.6833950 203.6732084 
765.0000000 203.4869765 203.4767899 
766.0000000 203.2905579 203.2803713 
767.0000000 203.0941394 203.0839528 
768.0000000 202.8977208 202.8875342 
769.0000000 202.7013023 202.6911157 
770.0000000 202.5048837 202.4946971 
771.0000000 202.3084652 202.2982786 
772.0000000 202.1120466 202.1018600 
773.0000000 201.9156281 201.9054415 
774.0000000 201.7192095 201.7090229 
775.0000000 201.5227910 201.5126044 
776.0000000 201.3263724 201.3161858 
777.0000000 201.1299539 201.1197673 
778.0000000 200.9335353 200.9233487 
779.0000000 200.7371168 200.7269302 
780.0000000 200.5406982 200.5305116 
781.0000000 200.3442797 200.3340931 
782.0000000 200.1478611 200.1376745 
783.0000000 199.9514426 199.9412560 
784.0000000 199.7550240 199.7448374 
785.0000000 199.5586055 199.5484189 
786.0000000 199.3621869 199.3520003 
787.0000000 199.1657684 199.1555818 
788.0000000 198.9693498 198.9591632 
789.0000000 198.7729313 198.7627447 
790.0000000 198.5765127 198.5663261 
791.0000000 198.3800942 198.3699076 
792.0000000 198.1836756 198.1734890 
793.0000000 197.9872571 197.9770704 
794.0000000 197.7908385 197.7806519 
795.0000000 197.5944200 197.5842333 
796.0000000 197.3980014 197.3878148 
797.0000000 197.2015829 197.1913962 
798.0000000 197.0051643 196.9949777 
799.0000000 196.8087458 196.7985591 
800.0000000 196.6123272 196.6021406 
801.0000000 196.4159087 196.4057220 
802.0000000 196.2194901 196.2093035 
803.0000000 196.0230716 196.0128849 
804.0000000 195.8266530 195.8164664 
805.0000000 195.6302345 195.6200478 
806.0000000 195.4338159 195.4236293 
807.0000000 195.2373974 195.2272107 
808.0000000 195.0409788 195.0307922 
809.0000000 194.8445603 194.8343736 
810.0000000 194.6481417 194.6379551 
811.0000000 194.4517232 194.4415365 
812.0000000 194.2553046 194.2451180 
813.0000000 194.0588861 194.0486994 
814.0000000 193.8624675 193.8522809 
815.0000000 193.6660490 193.6558623 
816.0000000 193.4696304 193.4594438 
817.0000000 193.2732119 193.2630252 
818.0000000 193.0767933 193.0666067 
819.0000000 192.8803748 192.8701881 
820.0000000 192.6839562 192.6737696 
821.0000000 192.4875376 192.4773510 
822.0000000 192.2911191 192.2809325 
823.0000000 192.0947005 192.0845139 
824.0000000 191.8982820 191.8880954 
825.0000000 191.7018634 191.6916768 
826.0000000 191.5054449 191.4952583 
827.0000000 191.3090263 191.2988397 
828.0000000 191.1126078 191.1024212 
829.0000000 190.9161892 190.9060026 
830.0000000 190.7197707 190.7095841 
831.0000000 190.5233521 190.5131655 
832.0000000 190.3269336 190.3167470 
833.0000000 190.1305150 190.1203284 
834.0000000 189.9340965 189.9239099 
835.0000000 189.7376779 189.7274913 
836.0000000 189.5412594 189.5310728 
837.0000000 189.3448408 189.3346542 
838.0000000 189.1484223 189.1382357 
839.0000000 188.9520037 188.9418171 
840.0000000 188.7555852 188.7453986 
841.0000000 188.5591666 188.5489800 
842.0000000 188.3627481 188.3525615 
843.0000000 188.1663295 188.1561429 
844.0000000 187.9699110 187.9597244 
845.0000000 187.7734924 187.7633058 
846.0000000 187.5770739 187.5668873 
847.0000000 187.3806553 187.3704687 
848.0000000 187.1842368 187.1740502 
849.0000000 186.9878182 186.9776316 
850.0000000 186.7913997 186.7812131 
851.0000000 186.5949811 186.5847945 
852.0000000 186.3985626 186.3883760 
853.0000000 186.2021440 186.1919574 
854.0000000 186.0057255 185.9955389 
855.0000000 185.8093069 185.7991203 
856.0000000 185.6128884 185.6027018 
857.0000000 185.4164698 185.4062832 
858.0000000 185.2200513 185.2098647 
859.0000000 185.0236327 185.0134461 
860.0000000 184.8272142 184.8170276 
861.0000000 184.6307956 184.6206090 
862.0000000 184.4343771 184.4241905 
863.0000000 184.2379585 184.2277719 
864.0000000 184.0415400 184.0313534 
865.0000000 183.8451214 183.8349348 
866.0000000 183.6487029 183.6385163 
867.0000000 183.4522843 183.4420977 
868.0000000 183.2558658 183.2456792 
869.0000000 183.0594472 183.0492606 
870.0000000 182.8630287 182.8528421 
871.0000000 182.6666101 182.6564235 
872.0000000 182.4701916 182.4600050 
873.0000000 182.2737730 182.2635864 
874.0000000 182.0773545 182.0671679 
875.0000000 181.8809359 181.8707493 
876.0000000 181.6845174 181.6743308 
877.0000000 181.4880988 181.4779122 
878.0000000 181.2916803 181.2814937 
879.0000000 181.0952617 181.0850751 
880.0000000 180.8988432 180.8886566 
881.0000000 180.7024246 180.6922380 
882.0000000 180.5060061 180.4958195 
883.0000000 180.3095875 180.2994009 
884.0000000 180.1131690 180.1029824 
885.0000000 179.9167504 179.9065638 
886.0000000 179.7203319 179.7101453 
887.0000000 179.5239133 179.5137267 
888.0000000 179.3274948 179.3173082 
889.0000000 179.1310762 179.1208896 
890.0000000 178.9346577 178.9244711 
891.0000000 178.7382391 178.7280525 
892.0000000 178.5418206 178.5316340 
893.0000000 178.3454020 178.3352154 
894.0000000 178.1489835 178.1387969 
895.0000000 177.9525649 177.9423783 
896.0000000 177.7561464 177.7459598 
897.0000000 177.5597278 177.5495412 
898.0000000 177.3633093 177.3531227 
899.0000000 177.1668907 177.1567041 
900.0000000 176.9704722 176.9602856 
901.0000000 176.7740536 176.7638670 
902.0000000 176.5776351 176.5674485 
903.0000000 176.3812165 176.3710299 
904.0000000 176.1847980 176.1746114 
905.0000000 175.9883794 175.9781928 
906.0000000 175.7919609 175.7817743 
907.0000000 175.5955423 175.5853557 
908.0000000 175.3991238 175.3889372 
909.0000000 175.2027052 175.1925186 
910.0000000 175.0062867 174.9961001 
911.0000000 174.8098681 174.7996815 
912.0000000 174.6134496 174.6032630 
913.0000000 174.4170310 174.4068444 
914.0000000 174.2206125 174.2104259 
915.0000000 174.0241939 174.0140073 
916.0000000 173.8277754 173.8175888 
917.0000000 173.6313568 173.6211702 
918.0000000 173.4349383 173.4247517 
919.0000000 173.2385197 173.2283331 
920.0000000 173.0421012 173.0319146 
921.0000000 172.8456826 172.8354960 
922.0000000 172.6492641 172.6390775 
923.0000000 172.4528455 172.4426589 
924.0000000 172.2564270 172.2462404 
925.0000000 172.0600084 172.0498218 
926.0000000 171.8635899 171.8534033 
927.0000000 171.6671713 171.6569847 
928.0000000 171.4707528 171.4605662 
929.0000000 171.2743342 171.2641476 
930.0000000 171.0779157 171.0677291 
931.0000000 170.8814971 170.8713105 
932.0000000 170.6850786 170.6748920 
933.0000000 170.4886600 170.4784734 
934.0000000 170.2922415 170.2820549 
935.0000000 170.0958229 170.0856363 
936.0000000 169.8994044 169.8892178 
937.0000000 169.7029858 169.6927992 
938.0000000 169.5065673 169.4963807 
939.0000000 169.3101487 169.2999621 
940.0000000 169.1137302 169.1035436 
941.0000000 168.9173116 168.9071250 
942.0000000 168.7208931 168.7107065 
943.0000000 168.5244745 168.5142879 
944.0000000 168.3280560 168.3178694 
945.0000000 168.1316374 168.1214508 
946.0000000 167.9352189 167.9250322 
947.0000000 167.7388003 167.7286137 
948.0000000 167.5423818 167.5321951 
949.0000000 167.3459632 167.3357766 
950.0000000 167.1495447 167.1393580 
951.0000000 166.9531261 166.9429395 
952.0000000 166.7567076 166.7465209 
953.0000000 166.5602890 166.5501024 
954.0000000 166.3638705 166.3536838 
955.0000000 166.1674519 166.1572653 
956.0000000 165.9710334 165.9608467 
957.0000000 165.7746148 165.7644282 
958.0000000 165.5781963 165.5680096 
959.0000000 165.3817777 165.3715911 
960.0000000 165.1853592 165.1751725 
961.0000000 164.9889406 164.9787540 
962.0000000 164.7925221 164.7823354 
963.0000000 164.5961035 164.5859169 
964.0000000 164.3996850 164.3894983 
965.0000000 164.2032664 164.1930798 
966.0000000 164.0068479 163.9966612 
967.0000000 163.8104293 163.8002427 
968.0000000 163.6140108 163.6038241 
969.0000000 163.4175922 163.4074056 
970.0000000 163.2211737 163.2109870 
971.0000000 163.0247551 163.0145685 
972.0000000 162.8283365 162.8181499 
973.0000000 162.6319180 162.6217314 
974.0000000 162.4354994 162.4253128 
975.0000000 162.2390809 162.2288943 
976.0000000 162.0426623 162.0324757 
977.0000000 161.8462438 161.8360572 
978.0000000 161.6498252 161.6396386 
979.0000000 161.4534067 161.4432201 
980.0000000 161.2569881 161.2468015 
981.0000000 161.0605696 161.0503830 
982.0000000 160.8641510 160.8539644 
983.0000000 160.6677325 160.6575459 
984.0000000 160.4713139 160.4611273 
985.0000000 160.2748954 160.2647088 
986.0000000 160.0784768 160.0682902 
987.0000000 159.8820583 159.8718717 
988.0000000 159.6856397 159.6754531 
989.0000000 159.4892212 159.4790346 
990.0000000 159.2928026 159.2826160 
991.0000000 159.0963841 159.0861975 
992.0000000 158.8999655 158.8897789 
993.0000000 158.7035470 158.6933604 
994.0000000 158.5071284 158.4969418 
995.0000000 158.3107099 158.3005233 
996.0000000 158.1142913 158.1041047 
997.0000000 157.9178728 157.9076862 
998.0000000 157.7214542 157.7112676 
999.0000000 157.5250357 157.5148491 
1000.0000000 157.3286171 157.3184305 
1001.0000000 157.1321986 157.1220120 
1002.0000000 156.9357800 156.9255934 
1003.0000000 156.7393615 156.7291749 
1004.0000000 156.5429429 156.5327563 
1005.0000000 156.3465244 156.3363378 
1006.0000000 156.1501058 156.1399192 
1007.0000000 155.9536873 155.9435007 
1008.0000000 155.7572687 155.7470821 
1009.0000000 155.5608502 155.5506636 
1010.0000000 155.3644316 155.3542450 
1011.0000000 155.1680131 155.1578265 
1012.0000000 154.9715945 154.9614079 
1013.0000000 154.7751760 154.7649894 
1014.0000000 154.5787574 154.5685708 
1015.0000000 154.3823389 154.3721523 
1016.0000000 154.1859203 154.1757337 
1017.0000000 153.9895018 153.9793152 
1018.0000000 153.7930832 153.7828966 
1019.0000000 153.5966647 153.5864781 
1020.0000000 153.4002461 153.3900595 
1021.0000000 153.2038276 153.1936410 
1022.0000000 153.0074090 152.9972224 
1023.0000000 152.8109905 152.8008039 
1024.0000000 152.6145719 152.6043853 
1025.0000000 152.4181534 152.4079668 
1026.0000000 152.2217348 152.2115482 
1027.0000000 152.0253163 152.0151297 
1028.0000000 151.8288977 151.8187111 
1029.0000000 151.6324792 151.6222926 
1030.0000000 151.4360606 151.4258740 
1031.0000000 151.2396421 151.2294555 
1032.0000000 151.0432235 151.0330369 
1033.0000000 150.8468050 150.8366184 
1034.0000000 150.6503864 150.6401998 
1035.0000000 150.4539679 150.4437813 
1036.0000000 150.2575493 150.2473627 
1037.0000000 150.0611308 150.0509442 
1038.0000000 149.8647122 149.8545256 
1039.0000000 149.6682937 149.6581071 
1040.0000000 149.4718751 149.4616885 
1041.0000000 149.2754566 149.2652700 
1042.0000000 149.0790380 149.0688514 
1043.0000000 148.8826195 148.8724329 
1044.0000000 148.6862009 148.6760143 
1045.0000000 148.4897824 148.4795958 
1046.0000000 148.2933638 148.2831772 
1047.0000000 148.0969453 148.0867587 
1048.0000000 147.9005267 147.8903401 
1049.0000000 147.7041082 147.6939216 
1050.0000000 147.5076896 147.4975030 
1051.0000000 147.3112711 147.3010845 
1052.0000000 147.1148525 147.1046659 
1053.0000000 146.9184340 146.9082474 
1054.0000000 146.7220154 146.7118288 
1055.0000000 146.5255969 146.5154103 
1056.0000000 146.3291783 146.3189917 
1057.0000000 146.1327598 146.1225732 
1058.0000000 145.9363412 145.9261546 
1059.0000000 145.7399227 145.7297361 
1060.0000000 145.5435041 145.5333175 
1061.0000000 145.3470856 145.3368990 
1062.0000000 145.1506670 145.1404804 
1063.0000000 144.9542485 144.9440619 
1064.0000000 144.7578299 144.7476433 
1065.0000000 144.5614114 144.5512248 
1066.0000000 144.3649928 144.3548062 
1067.0000000 144.1685743 144.1583877 
1068.0000000 143.9721557 143.9619691 
1069.0000000 143.7757372 143.7655506 
1070.0000000 143.5793186 143.5691320 
1071.0000000 143.3829001 143.3727135 
1072.0000000 143.1864815 143.1762949 
1073.0000000 142.9900630 142.9798764 
1074.0000000 142.7936444 142.7834578 
1075.0000000 142.5972259 142.5870393 
1076.0000000 142.4008073 142.3906207 
1077.0000000 142.2043888 142.1942022 
1078.0000000 142.0079702 141.9977836 
1079.0000000 141.8115517 141.8013651 
1080.0000000 141.6151331 141.6049465 
1081.0000000 141.4187146 141.4085280 
1082.0000000 141.2222960 141.2121094 
1083.0000000 141.0258775 141.0156909 
1084.0000000 140.8294589 140.8192723 
1085.0000000 140.6330404 140.6228538 
1086.0000000 140.4366218 140.4264352 
1087.0000000 140.2402033 140.2300167 
1088.0000000 140.0437847 140.0335981 
1089.0000000 139.8473662 139.8371796 
1090.0000000 139.6509476 139.6407610 
1091.0000000 139.4545291 139.4443425 
1092.0000000 139.2581105 139.2479239 
1093.0000000 139.0616920 139.0515054 
1094.0000000 138.8652734 138.8550868 
1095.0000000 138.6688549 138.6586683 
1096.0000000 138.4724363 138.4622497 
1097.0000000 138.2760178 138.2658311 
1098.0000000 138.0795992 138.0694126 
1099.0000000 137.8831807 137.8729940 
1100.0000000 137.6867621 137.6765755 
1101.0000000 137.4903436 137.4801569 
1102.0000000 137.2939250 137.2837384 
1103.0000000 137.0975065 137.0873198 
1104.0000000 136.9010879 136.8909013 
1105.0000000 136.7046694 136.6944827 
1106.0000000 136.5082508 136.4980642 
1107.0000000 136.3118323 136.3016456 
1108.0000000 136.1154137 136.1052271 
1109.0000000 135.9189952 135.9088085 
1110.0000000 135.7225766 135.7123900 
1111.0000000 135.5261581 135.5159714 
1112.0000000 135.3297395 135.3195529 
1113.0000000 135.1333210 135.1231343 
1114.0000000 134.9369024 134.9267158 
1115.0000000 134.7404839 134.7302972 
1116.0000000 134.5440653 134.5338787 
1117.0000000 134.3476468 134.3374601 
1118.0000000 134.1512282 134.1410416 
1119.0000000 133.9548097 133.9446230 
1120.0000000 133.7583911 133.7482045 
1121.0000000 133.5619726 133.5517859 
1122.0000000 133.3655540 133.3553674 
1123.0000000 133.1691354 133.1589488 
1124.0000000 132.9727169 132.9625303 
1125.0000000 132.7762983 132.7661117 
1126.0000000 132.5798798 132.5696932 
1127.0000000 132.3834612 132.3732746 
1128.0000000 132.1870427 132.1768561 
1129.0000000 131.9906241 131.9804375 
1130.0000000 131.7942056 131.7840190 
1131.0000000 131.5977870 131.5876004 
1132.0000000 131.4013685 131.3911819 
1133.0000000 131.2049499 131.1947633 
1134.0000000 131.0085314 130.9983448 
1135.0000000 130.8121128 130.8019262 
1136.0000000 130.6156943 130.6055077 
1137.0000000 130.4192757 130.4090891 
1138.0000000 130.2228572 130.2126706 
1139.0000000 130.0264386 130.0162520 
1140.0000000 129.8300201 129.8198335 
1141.0000000 129.6336015 129.6234149 
1142.0000000 129.4371830 129.4269964 
1143.0000000 129.2407644 129.2305778 
1144.0000000 129.0443459 129.0341593 
1145.0000000 128.8479273 128.8377407 
1146.0000000 128.6515088 128.6413222 
1147.0000000 128.4550902 128.4449036 
1148.0000000 128.2586717 128.2484851 
1149.0000000 128.0622531 128.0520665 
1150.0000000 127.8658346 127.8556480 
1151.0000000 127.6694160 127.6592294 
1152.0000000 127.4729975 127.4628109 
1153.0000000 127.2765789 127.2663923 
1154.0000000 127.0801604 127.0699738 
1155.0000000 126.8837418 126.8735552 
1156.0000000 126.6873233 126.6771367 
1157.0000000 126.4909047 126.4807181 
1158.0000000 126.2944862 126.2842996 
1159.0000000 126.0980676 126.0878810 
1160.0000000 125.9016491 125.8914625 
1161.0000000 125.7052305 125.6950439 
1162.0000000 125.5088120 125.4986254 
1163.0000000 125.3123934 125.3022068 
1164.0000000 125.1159749 125.1057883 
1165.0000000 124.9195563 124.9093697 
1166.0000000 124.7231378 124.7129512 
1167.0000000 124.5267192 124.5165326 
1168.0000000 124.3303007 124.3201141 
1169.0000000 124.1338821 124.1236955 
1170.0000000 123.9374636 123.9272770 
1171.0000000 123.7410450 123.7308584 
1172.0000000 123.5446265 123.5344399 
1173.0000000 123.3482079 123.3380213 
1174.0000000 123.1517894 123.1416028 
1175.0000000 122.9553708 122.9451842 
1176.0000000 122.7589523 122.7487657 
1177.0000000 122.5625337 122.5523471 
1178.0000000 122.3661152 122.3559286 
1179.0000000 122.1696966 122.1595100 
1180.0000000 121.9732781 121.9630915 
1181.0000000 121.7768595 121.7666729 
1182.0000000 121.5804410 121.5702544 
1183.0000000 121.3840224 121.3738358 
1184.0000000 121.1876039 121.1774173 
1185.0000000 120.9911853 120.9809987 
1186.0000000 120.7947668 120.7845802 
1187.0000000 120.5983482 120.5881616 
1188.0000000 120.4019297 120.3917431 
1189.0000000 120.2055111 120.1953245 
1190.0000000 120.0090926 119.9989060 
1191.0000000 119.8126740 119.8024874 
1192.0000000 119.6162555 119.6060689 
1193.0000000 119.4198369 119.4096503 
1194.0000000 119.2234184 119.2132318 
1195.0000000 119.0269998 119.0168132 
1196.0000000 118.8305813 118.8203947 
1197.0000000 118.6341627 118.6239761 
1198.0000000 118.4377442 118.4275576 
1199.0000000 118.2413256 118.2311390 
1200.0000000 118.0449071 118.0347205 
1201.0000000 117.8484885 117.8383019 
1202.0000000 117.6520700 117.6418834 
1203.0000000 117.4556514 117.4454648 
1204.0000000 117.2592329 117.2490463 
1205.0000000 117.0628143 117.0526277 
1206.0000000 116.8663958 116.8562092 
1207.0000000 116.6699772 116.6597906 
1208.0000000 116.4735587 116.4633721 
1209.0000000 116.2771401 116.2669535 
1210.0000000 116.0807216 116.0705350 
1211.0000000 115.8843030 115.8741164 
1212.0000000 115.6878845 115.6776979 
1213.0000000 115.4914659 115.4812793 
1214.0000000 115.2950474 115.2848608 
1215.0000000 115.0986288 115.0884422 
1216.0000000 114.9022103 114.8920237 
1217.0000000 114.7057917 114.6956051 
1218.0000000 114.5093732 114.4991866 
1219.0000000 114.3129546 114.3027680 
1220.0000000 114.1165361 114.1063495 
1221.0000000 113.9201175 113.9099309 
1222.0000000 113.7236990 113.7135124 
1223.0000000 113.5272804 113.5170938 
1224.0000000 113.3308619 113.3206753 
1225.0000000 113.1344433 113.1242567 
1226.0000000 112.9380248 112.9278382 
1227.0000000 112.7416062 112.7314196 
1228.0000000 112.5451877 112.5350011 
1229.0000000 112.3487691 112.3385825 
1230.0000000 112.1523506 112.1421640 
1231.0000000 111.9559320 111.9457454 
1232.0000000 111.7595135 111.7493269 
1233.0000000 111.5630949 111.5529083 
1234.0000000 111.3666764 111.3564898 
1235.0000000 111.1702578 111.1600712 
1236.0000000 110.9738393 110.9636527 
1237.0000000 110.7774207 110.7672341 
1238.0000000 110.5810022 110.5708156 
1239.0000000 110.3845836 110.3743970 
1240.0000000 110.1881651 110.1779785 
1241.0000000 109.9917465 109.9815599 
1242.0000000 109.7953280 109.7851414 
1243.0000000 109.5989094 109.5887228 
1244.0000000 109.4024909 109.3923043 
1245.0000000 109.2060723 109.1958857 
1246.0000000 109.0096538 108.9994672 
1247.0000000 108.8132352 108.8030486 
1248.0000000 108.6168167 108.6066300 
1249.0000000 108.4203981 108.4102115 
1250.0000000 108.2239796 108.2137929 
1251.0000000 108.0275610 108.0173744 
1252.0000000 107.8311425 107.8209558 
1253.0000000 107.6347239 107.6245373 
1254.0000000 107.4383054 107.4281187 
1255.0000000 107.2418868 107.2317002 
1256.0000000 107.0454683 107.0352816 
1257.0000000 106.8490497 106.8388631 
1258.0000000 106.6526312 106.6424445 
1259.0000000 106.4562126 106.4460260 
1260.0000000 106.2597941 106.2496074 
1261.0000000 106.0633755 106.0531889 
1262.0000000 105.8669570 105.8567703 
1263.0000000 105.6705384 105.6603518 
1264.0000000 105.4741199 105.4639332 
1265.0000000 105.2777013 105.2675147 
1266.0000000 105.0812828 105.0710961 
1267.0000000 104.8848642 104.8746776 
1268.0000000 104.6884457 104.6782590 
1269.0000000 104.4920271 104.4818405 
1270.0000000 104.2956086 104.2854219 
1271.0000000 104.0991900 104.0890034 
1272.0000000 103.9027715 103.8925848 
1273.0000000 103.7063529 103.6961663 
1274.0000000 103.5099344 103.4997477 
1275.0000000 103.3135158 103.3033292 
1276.0000000 103.1170972 103.1069106 
1277.0000000 102.9206787 102.9104921 
1278.0000000 102.7242601 102.7140735 
1279.0000000 102.5278416 102.5176550 
1280.0000000 102.3314230 102.3212364 
1281.0000000 102.1350045 102.1248179 
1282.0000000 101.9385859 101.9283993 
1283.0000000 101.7421674 101.7319808 
1284.0000000 101.5457488 101.5355622 
1285.0000000 101.3493303 101.3391437 
1286.0000000 101.1529117 101.1427251 
1287.0000000 100.9564932 100.9463066 
1288.0000000 100.7600746 100.7498880 
1289.0000000 100.5636561 100.5534695 
1290.0000000 100.3672375 100.3570509 
1291.0000000 100.1708190 100.1606324 
1292.0000000 99.9744004 99.9642138 
1293.0000000 99.7779819 99.7677953 
1294.0000000 99.5815633 99.5713767 
1295.0000000 99.3851448 99.3749582 
1296.0000000 99.1887262 99.1785396 
1297.0000000 98.9923077 98.9821211 
1298.0000000 98.7958891 98.7857025 
1299.0000000 98.5994706 98.5892840 
1300.0000000 98.4030520 98.3928654 
1301.0000000 98.2066335 98.1964469 
1302.0000000 98.0102149 98.0000283 
1303.0000000 97.8137964 97.8036098 
1304.0000000 97.6173778 97.6071912 
1305.0000000 97.4209593 97.4107727 
1306.0000000 97.2245407 97.2143541 
1307.0000000 97.0281222 97.0179356 
1308.0000000 96.8317036 96.8215170 
1309.0000000 96.6352851 96.6250985 
1310.0000000 96.4388665 96.4286799 
1311.0000000 96.2424480 96.2322614 
1312.0000000 96.0460294 96.0358428 
1313.0000000 95.8496109 95.8394243 
1314.0000000 95.6531923 95.6430057 
1315.0000000 95.4567738 95.4465872 
1316.0000000 95.2603552 95.2501686 
1317.0000000 95.0639367 95.0537501 
1318.0000000 94.8675181 94.8573315 
1319.0000000 94.6710996 94.6609130 
1320.0000000 94.4746810 94.4644944 
1321.0000000 94.2782625 94.2680759 
1322.0000000 94.0818439 94.0716573 
1323.0000000 93.8854254 93.8752388 
1324.0000000 93.6890068 93.6788202 
1325.0000000 93.4925883 93.4824017 
1326.0000000 93.2961697 93.2859831 
1327.0000000 93.0997512 93.0895646 
1328.0000000 92.9033326 92.8931460 
1329.0000000 92.7069141 92.6967275 
1330.0000000 92.5104955 92.5003089 
1331.0000000 92.3140770 92.3038904 
1332.0000000 92.1176584 92.1074718 
1333.0000000 91.9212399 91.9110533 
1334.0000000 91.7248213 91.7146347 
1335.0000000 91.5284028 91.5182162 
1336.0000000 91.3319842 91.3217976 
1337.0000000 91.1355657 91.1253791 
1338.0000000 90.9391471 90.9289605 
1339.0000000 90.7427286 90.7325420 
1340.0000000 90.5463100 90.5361234 
1341.0000000 90.3498915 90.3397049 
1342.0000000 90.1534729 90.1432863 
1343.0000000 89.9570544 89.9468678 
1344.0000000 89.7606358 89.7504492 
1345.0000000 89.5642173 89.5540307 
1346.0000000 89.3677987 89.3576121 
1347.0000000 89.1713802 89.1611936 
1348.0000000 88.9749616 88.9647750 
1349.0000000 88.7785431 88.7683565 
1350.0000000 88.5821245 88.5719379 
1351.0000000 88.3857060 88.3755194 
1352.0000000 88.1892874 88.1791008 
1353.0000000 87.9928689 87.9826823 
1354.0000000 87.7964503 87.7862637 
1355.0000000 87.6000318 87.5898452 
1356.0000000 87.4036132 87.3934266 
1357.0000000 87.2071947 87.1970081 
1358.0000000 87.0107761 87.0005895 
1359.0000000 86.8143576 86.8041710 
1360.0000000 86.6179390 86.6077524 
1361.0000000 86.4215205 86.4113339 
1362.0000000 86.2251019 86.2149153 
1363.0000000 86.0286834 86.0184968 
1364.0000000 85.8322648 85.8220782 
1365.0000000 85.6358463 85.6256597 
1366.0000000 85.4394277 85.4292411 
1367.0000000 85.2430092 85.2328226 
1368.0000000 85.0465906 85.0364040 
1369.0000000 84.8501721 84.8399855 
1370.0000000 84.6537535 84.6435669 
1371.0000000 84.4573350 84.4471484 
1372.0000000 84.2609164 84.2507298 
1373.0000000 84.0644979 84.0543113 
1374.0000000 83.8680793 83.8578927 
1375.0000000 83.6716608 83.6614742 
1376.0000000 83.4752422 83.4650556 
1377.0000000 83.2788237 83.2686371 
1378.0000000 83.0824051 83.0722185 
1379.0000000 82.8859866 82.8758000 
1380.0000000 82.6895680 82.6793814 
1381.0000000 82.4931495 82.4829629 
1382.0000000 82.2967309 82.2865443 
1383.0000000 82.1003124 82.0901258 
1384.0000000 81.9038938 81.8937072 
1385.0000000 81.7074753 81.6972887 
1386.0000000 81.5110567 81.5008701 
1387.0000000 81.3146382 81.3044516 
1388.0000000 81.1182196 81.1080330 
1389.0000000 80.9218011 80.9116145 
1390.0000000 80.7253825 80.7151959 
1391.0000000 80.5289640 80.5187774 
1392.0000000 80.3325454 80.3223588 
1393.0000000 80.1361269 80.1259403 
1394.0000000 79.9397083 79.9295217 
1395.0000000 79.7432898 79.7331032 
1396.0000000 79.5468712 79.5366846 
1397.0000000 79.3504527 79.3402661 
1398.0000000 79.1540341 79.1438475 
1399.0000000 78.9576156 78.9474290 
1400.0000000 78.7611970 78.7510104 
1401.0000000 78.5647785 78.5545918 
1402.0000000 78.3683599 78.3581733 
1403.0000000 78.1719414 78.1617547 
1404.0000000 77.9755228 77.9653362 
1405.0000000 77.7791043 77.7689176 
1406.0000000 77.5826857 77.5724991 
1407.0000000 77.3862672 77.3760805 
1408.0000000 77.1898486 77.1796620 
1409.0000000 76.9934301 76.9832434 
1410.0000000 76.7970115 76.7868249 
1411.0000000 76.6005930 76.5904063 
1412.0000000 76.4041744 76.3939878 
1413.0000000 76.2077559 76.1975692 
1414.0000000 76.0113373 76.0011507 
1415.0000000 75.8149188 75.8047321 
1416.0000000 75.6185002 75.6083136 
1417.0000000 75.4220817 75.4118950 
1418.0000000 75.2256631 75.2154765 
1419.0000000 75.0292446 75.0190579 
1420.0000000 74.8328260 74.8226394 
1421.0000000 74.6364075 74.6262208 
1422.0000000 74.4399889 74.4298023 
1423.0000000 74.2435704 74.2333837 
1424.0000000 74.0471518 74.0369652 
1425.0000000 73.8507333 73.8405466 
1426.0000000 73.6543147 73.6441281 
1427.0000000 73.4578961 73.4477095 
1428.0000000 73.2614776 73.2512910 
1429.0000000 73.0650590 73.0548724 
1430.0000000 72.8686405 72.8584539 
1431.0000000 72.6722219 72.6620353 
1432.0000000 72.4758034 72.4656168 
1433.0000000 72.2793848 72.2691982 
1434.0000000 72.0829663 72.0727797 
1435.0000000 71.8865477 71.8763611 
1436.0000000 71.6901292 71.6799426 
1437.0000000 71.4937106 71.4835240 
1438.0000000 71.2972921 71.2871055 
1439.0000000 71.1008735 71.0906869 
1440.0000000 70.9044550 70.8942684 
1441.0000000 70.7080364 70.6978498 
1442.0000000 70.5116179 70.5014313 
1443.0000000 70.3151993 70.3050127 
1444.0000000 70.1187808 70.1085942 
1445.0000000 69.9223622 69.9121756 
1446.0000000 69.7259437 69.7157571 
1447.0000000 69.5295251 69.5193385 
1448.0000000 69.3331066 69.3229200 
1449.0000000 69.1366880 69.1265014 
1450.0000000 68.9402695 68.9300829 
1451.0000000 68.7438509 68.7336643 
1452.0000000 68.5474324 68.5372458 
1453.0000000 68.3510138 68.3408272 
1454.0000000 68.1545953 68.1444087 
1455.0000000 67.9581767 67.9479901 
1456.0000000 67.7617582 67.7515716 
1457.0000000 67.5653396 67.5551530 
1458.0000000 67.3689211 67.3587345 
1459.0000000 67.1725025 67.1623159 
1460.0000000 66.9760840 66.9658974 
1461.0000000 66.7796654 66.7694788 
1462.0000000 66.5832469 66.5730603 
1463.0000000 66.3868283 66.3766417 
1464.0000000 66.1904098 66.1802232 
1465.0000000 65.9939912 65.9838046 
1466.0000000 65.7975727 65.7873861 
1467.0000000 65.6011541 65.5909675 
1468.0000000 65.4047356 65.3945490 
1469.0000000 65.2083170 65.1981304 
1470.0000000 65.0118985 65.0017119 
1471.0000000 64.8154799 64.8052933 
1472.0000000 64.6190614 64.6088748 
1473.0000000 64.4226428 64.4124562 
1474.0000000 64.2262243 64.2160377 
1475.0000000 64.0298057 64.0196191 
1476.0000000 63.8333872 63.8232006 
1477.0000000 63.6369686 63.6267820 
1478.0000000 63.4405501 63.4303635 
1479.0000000 63.2441315 63.2339449 
1480.0000000 63.0477130 63.0375264 
1481.0000000 62.8512944 62.8411078 
1482.0000000 62.6548759 62.6446893 
1483.0000000 62.4584573 62.4482707 
1484.0000000 62.2620388 62.2518522 
1485.0000000 62.0656202 62.0554336 
1486.0000000 61.8692017 61.8590151 
1487.0000000 61.6727831 61.6625965 
1488.0000000 61.4763646 61.4661780 
1489.0000000 61.2799460 61.2697594 
1490.0000000 61.0835275 61.0733409 
1491.0000000 60.8871089 60.8769223 
1492.0000000 60.6906904 60.6805038 
1493.0000000 60.4942718 60.4840852 
1494.0000000 60.2978533 60.2876667 
1495.0000000 60.1014347 60.0912481 
1496.0000000 59.9050162 59.8948296 
1497.0000000 59.7085976 59.6984110 
1498.0000000 59.5121791 59.5019925 
1499.0000000 59.3157605 59.3055739 
1500.0000000 59.1193420 59.1091554 
1501.0000000 58.9229234 58.9127368 
1502.0000000 58.7265049 58.7163183 
1503.0000000 58.5300863 58.5198997 
1504.0000000 58.3336678 58.3234812 
1505.0000000 58.1372492 58.1270626 
1506.0000000 57.9408307 57.9306441 
1507.0000000 57.7444121 57.7342255 
1508.0000000 57.5479936 57.5378070 
1509.0000000 57.3515750 57.3413884 
1510.0000000 57.1551565 57.1449699 
1511.0000000 56.9587379 56.9485513 
1512.0000000 56.7623194 56.7521328 
1513.0000000 56.5659008 56.5557142 
1514.0000000 56.3694823 56.3592957 
1515.0000000 56.1730637 56.1628771 
1516.0000000 55.9766452 55.9664586 
1517.0000000 55.7802266 55.7700400 
1518.0000000 55.5838081 55.5736215 
1519.0000000 55.3873895 55.3772029 
1520.0000000 55.1909710 55.1807844 
1521.0000000 54.9945524 54.9843658 
1522.0000000 54.7981339 54.7879473 
1523.0000000 54.6017153 54.5915287 
1524.0000000 54.4052968 54.3951102 
1525.0000000 54.2088782 54.1986916 
1526.0000000 54.0124597 54.0022731 
1527.0000000 53.8160411 53.8058545 
1528.0000000 53.6196226 53.6094360 
1529.0000000 53.4232040 53.4130174 
1530.0000000 53.2267855 53.2165989 
1531.0000000 53.0303669 53.0201803 
1532.0000000 52.8339484 52.8237618 
1533.0000000 52.6375298 52.6273432 
1534.0000000 52.4411113 52.4309247 
1535.0000000 52.2446927 52.2345061 
1536.0000000 52.0482742 52.0380876 
1537.0000000 51.8518556 51.8416690 
1538.0000000 51.6554371 51.6452505 
1539.0000000 51.4590185 51.4488319 
1540.0000000 51.2626000 51.2524134 
1541.0000000 51.0661814 51.0559948 
1542.0000000 50.8697629 50.8595763 
1543.0000000 50.6733443 50.6631577 
1544.0000000 50.4769258 50.4667392 
1545.0000000 50.2805072 50.2703206 
1546.0000000 50.0840887 50.0739021 
1547.0000000 49.8876701 49.8774835 
1548.0000000 49.6912516 49.6810650 
1549.0000000 49.4948330 49.4846464 
1550.0000000 49.2984145 49.2882279 
1551.0000000 49.1019959 49.0918093 
1552.0000000 48.9055774 48.8953907 
1553.0000000 48.7091588 48.6989722 
1554.0000000 48.5127403 48.5025536 
1555.0000000 48.3163217 48.3061351 
1556.0000000 48.1199032 48.1097165 
1557.0000000 47.9234846 47.9132980 
1558.0000000 47.7270661 47.7168794 
1559.0000000 47.5306475 47.5204609 
1560.0000000 47.3342290 47.3240423 
1561.0000000 47.1378104 47.1276238 
1562.0000000 46.9413919 46.9312052 
1563.0000000 46.7449733 46.7347867 
1564.0000000 46.5485548 46.5383681 
1565.0000000 46.3521362 46.3419496 
1566.0000000 46.1557177 46.1455310 
1567.0000000 45.9592991 45.9491125 
1568.0000000 45.7628806 45.7526939 
1569.0000000 45.5664620 45.5562754 
1570.0000000 45.3700435 45.3598568 
1571.0000000 45.1736249 45.1634383 
1572.0000000 44.9772064 44.9670197 
1573.0000000 44.7807878 44.7706012 
1574.0000000 44.5843693 44.5741826 
1575.0000000 44.3879507 44.3777641 
1576.0000000 44.1915322 44.1813455 
1577.0000000 43.9951136 43.9849270 
1578.0000000 43.7986950 43.7885084 
1579.0000000 43.6022765 43.5920899 
1580.0000000 43.4058579 43.3956713 
1581.0000000 43.2094394 43.1992528 
1582.0000000 43.0130208 43.0028342 
1583.0000000 42.8166023 42.8064157 
1584.0000000 42.6201837 42.6099971 
1585.0000000 42.4237652 42.4135786 
1586.0000000 42.2273466 42.2171600 
1587.0000000 42.0309281 42.0207415 
1588.0000000 41.8345095 41.8243229 
1589.0000000 41.6380910 41.6279044 
1590.0000000 41.4416724 41.4314858 
1591.0000000 41.2452539 41.2350673 
1592.0000000 41.0488353 41.0386487 
1593.0000000 40.8524168 40.8422302 
1594.0000000 40.6559982 40.6458116 
1595.0000000 40.4595797 40.4493931 
1596.0000000 40.2631611 40.2529745 
1597.0000000 40.0667426 40.0565560 
1598.0000000 39.8703240 39.8601374 
1599.0000000 39.6739055 39.6637189 
1600.0000000 39.4774869 39.4673003 
1601.0000000 39.2810684 39.2708818 
1602.0000000 39.0846498 39.0744632 
1603.0000000 38.8882313 38.8780447 
1604.0000000 38.6918127 38.6816261 
1605.0000000 38.4953942 38.4852076 
1606.0000000 38.2989756 38.2887890 
1607.0000000 38.1025571 38.0923705 
1608.0000000 37.9061385 37.8959519 
1609.0000000 37.7097200 37.6995334 
1610.0000000 37.5133014 37.5031148 
1611.0000000 37.3168829 37.3066963 
1612.0000000 37.1204643 37.1102777 
1613.0000000 36.9240458 36.9138592 
1614.0000000 36.7276272 36.7174406 
1615.0000000 36.5312087 36.5210221 
1616.0000000 36.3347901 36.3246035 
1617.0000000 36.1383716 36.1281850 
1618.0000000 35.9419530 35.9317664 
1619.0000000 35.7455345 35.7353479 
1620.0000000 35.5491159 35.5389293 
1621.0000000 35.3526974 35.3425108 
1622.0000000 35.1562788 35.1460922 
1623.0000000 34.9598603 34.9496737 
1624.0000000 34.7634417 34.7532551 
1625.0000000 34.5670232 34.5568366 
1626.0000000 34.3706046 34.3604180 
1627.0000000 34.1741861 34.1639995 
1628.0000000 33.9777675 33.9675809 
1629.0000000 33.7813490 33.7711624 
1630.0000000 33.5849304 33.5747438 
1631.0000000 33.3885119 33.3783253 
1632.0000000 33.1920933 33.1819067 
1633.0000000 32.9956748 32.9854882 
1634.0000000 32.7992562 32.7890696 
1635.0000000 32.6028377 32.5926511 
1636.0000000 32.4064191 32.3962325 
1637.0000000 32.2100006 32.1998140 
1638.0000000 32.0135820 32.0033954 
1639.0000000 31.8171635 31.8069769 
1640.0000000 31.6207449 31.6105583 
1641.0000000 31.4243264 31.4141398 
1642.0000000 31.2279078 31.2177212 
1643.0000000 31.0314893 31.0213027 
1644.0000000 30.8350707 30.8248841 
1645.0000000 30.6386522 30.6284656 
1646.0000000 30.4422336 30.4320470 
1647.0000000 30.2458151 30.2356285 
1648.0000000 30.0493965 30.0392099 
1649.0000000 29.8529780 29.8427914 
1650.0000000 29.6565594 29.6463728 
1651.0000000 29.4601409 29.4499543 
1652.0000000 29.2637223 29.2535357 
1653.0000000 29.0673038 29.0571172 
1654.0000000 28.8708852 28.8606986 
1655.0000000 28.6744667 28.6642801 
1656.0000000 28.4780481 28.4678615 
1657.0000000 28.2816296 28.2714430 
1658.0000000 28.0852110 28.0750244 
1659.0000000 27.8887925 27.8786059 
1660.0000000 27.6923739 27.6821873 
1661.0000000 27.4959554 27.4857688 
1662.0000000 27.2995368 27.2893502 
1663.0000000 27.1031183 27.0929317 
1664.0000000 26.9066997 26.8965131 
1665.0000000 26.7102812 26.7000946 
1666.0000000 26.5138626 26.5036760 
1667.0000000 26.3174441 26.3072575 
1668.0000000 26.1210255 26.1108389 
1669.0000000 25.9246070 25.9144204 
1670.0000000 25.7281884 25.7180018 
1671.0000000 25.5317699 25.5215833 
1672.0000000 25.3353513 25.3251647 
1673.0000000 25.1389328 25.1287462 
1674.0000000 24.9425142 24.9323276 
1675.0000000 24.7460957 24.7359091 
1676.0000000 24.5496771 24.5394905 
1677.0000000 24.3532586 24.3430720 
1678.0000000 24.1568400 24.1466534 
1679.0000000 23.9604215 23.9502349 
1680.0000000 23.7640029 23.7538163 
1681.0000000 23.5675844 23.5573978 
1682.0000000 23.3711658 23.3609792 
1683.0000000 23.1747473 23.1645607 
1684.0000000 22.9783287 22.9681421 
1685.0000000 22.7819102 22.7717236 
1686.0000000 22.5854916 22.5753050 
1687.0000000 22.3890731 22.3788865 
1688.0000000 22.1926545 22.1824679 
1689.0000000 21.9962360 21.9860494 
1690.0000000 21.7998174 21.7896308 
1691.0000000 21.6033989 21.5932123 
1692.0000000 21.4069803 21.3967937 
1693.0000000 21.2105618 21.2003752 
1694.0000000 21.0141432 21.0039566 
1695.0000000 20.8177247 20.8075381 
1696.0000000 20.6213061 20.6111195 
1697.0000000 20.4248876 20.4147010 
1698.0000000 20.2284690 20.2182824 
1699.0000000 20.0320505 20.0218639 
1700.0000000 19.8356319 19.8254453 
1701.0000000 19.6392134 19.6290268 
1702.0000000 19.4427948 19.4326082 
1703.0000000 19.2463763 19.2361897 
1704.0000000 19.0499577 19.0397711 
1705.0000000 18.8535392 18.8433525 
1706.0000000 18.6571206 18.6469340 
1707.0000000 18.4607021 18.4505154 
1708.0000000 18.2642835 18.2540969 
1709.0000000 18.0678650 18.0576783 
1710.0000000 17.8714464 17.8612598 
1711.0000000 17.6750279 17.6648412 
1712.0000000 17.4786093 17.4684227 
1713.0000000 17.2821908 17.2720041 
1714.0000000 17.0857722 17.0755856 
1715.0000000 16.8893537 16.8791670 
1716.0000000 16.6929351 16.6827485 
1717.0000000 16.4965166 16.4863299 
1718.0000000 16.3000980 16.2899114 
1719.0000000 16.1036795 16.0934928 
1720.0000000 15.9072609 15.8970743 
1721.0000000 15.7108424 15.7006557 
1722.0000000 15.5144238 15.5042372 
1723.0000000 15.3180053 15.3078186 
1724.0000000 15.1215867 15.1114001 
1725.0000000 14.9251682 14.9149815 
1726.0000000 14.7287496 14.7185630 
1727.0000000 14.5323311 14.5221444 
1728.0000000 14.3359125 14.3257259 
1729.0000000 14.1394940 14.1293073 
1730.0000000 13.9430754 13.9328888 
1731.0000000 13.7466568 13.7364702 
1732.0000000 13.5502383 13.5400517 
1733.0000000 13.3538197 13.3436331 
1734.0000000 13.1574012 13.1472146 
1735.0000000 12.9609826 12.9507960 
1736.0000000 12.7645641 12.7543775 
1737.0000000 12.5681455 12.5579589 
1738.0000000 12.3717270 12.3615404 
1739.0000000 12.1753084 12.1651218 
1740.0000000 11.9788899 11.9687033 
1741.0000000 11.7824713 11.7722847 
1742.0000000 11.5860528 11.5758662 
1743.0000000 11.3896342 11.3794476 
1744.0000000 11.1932157 11.1830291 
1745.0000000 10.9967971 10.9866105 
1746.0000000 10.8003786 10.7901920 
1747.0000000 10.6039600 10.5937734 
1748.0000000 10.4075415 10.3973549 
1749.0000000 10.2111229 10.2009363 
1750.0000000 10.0147044 10.0045178 
1751.0000000 9.8182858 9.8080992 
1752.0000000 9.6218673 9.6116807 
1753.0000000 9.4254487 9.4152621 
1754.0000000 9.2290302 9.2188436 
1755.0000000 9.0326116 9.0224250 
1756.0000000 8.8361931 8.8260065 
1757.0000000 8.6397745 8.6295879 
1758.0000000 8.4433560 8.4331694 
1759.0000000 8.2469374 8.2367508 
1760.0000000 8.0505189 8.0403323 
1761.0000000 7.8541003 7.8439137 
1762.0000000 7.6576818 7.6474952 
1763.0000000 7.4612632 7.4510766 
1764.0000000 7.2648447 7.2546581 
1765.0000000 7.0684261 7.0582395 
1766.0000000 6.8720076 6.8618210 
1767.0000000 6.6755890 6.6654024 
1768.0000000 6.4791705 6.4689839 
1769.0000000 6.2827519 6.2725653 
1770.0000000 6.0863334 6.0761468 
1771.0000000 5.8899148 5.8797282 
1772.0000000 5.6934963 5.6833097 
1773.0000000 5.4970777 5.4868911 
1774.0000000 5.3006592 5.2904726 
1775.0000000 5.1042406 5.0940540 
1776.0000000 4.9078221 4.8976355 
1777.0000000 4.7114035 4.7012169 
1778.0000000 4.5149850 4.5047984 
1779.0000000 4.3185664 4.3083798 
1780.0000000 4.1221479 4.1119613 
1781.0000000 3.9257293 3.9155427 
1782.0000000 3.7293108 3.7191242 
1783.0000000 3.5328922 3.5227056 
1784.0000000 3.3364737 3.3262871 
1785.0000000 3.1400551 3.1298685 
1786.0000000 2.9436366 2.9334500 
1787.0000000 2.7472180 2.7370314 
1788.0000000 2.5507995 2.5406129 
1789.0000000 2.3543809 2.3441943 
1790.0000000 2.1579624 2.1477758 
1791.0000000 1.9615438 1.9513572 
1792.0000000 1.7651253 1.7549387 
1793.0000000 1.5687067 1.5585201 
1794.0000000 1.3722882 1.3621016 
1795.0000000 1.1758696 1.1656830 
1796.0000000 0.9794511 0.9692645 
1797.0000000 0.7830325 0.7728459 
1798.0000000 0.5866140 0.5764274 
1799.0000000 0.3901954 0.3800088 
1800.0000000 0.1937769 0.1835903 

