1.0000000 353.5427473 353.5146605 
2.0000000 353.3463288 353.3182419 
3.0000000 353.1499102 353.1218234 
4.0000000 352.9534917 352.9254048 
5.0000000 352.7570731 352.7289863 
6.0000000 352.5606546 352.5325677 
7.0000000 352.3642360 352.3361492 
8.0000000 352.1678175 352.1397306 
9.0000000 351.9713989 351.9433121 
10.0000000 351.7749804 351.7468935 
11.0000000 351.5785618 351.5504750 
12.0000000 351.3821433 351.3540564 
13.0000000 351.1857247 351.1576379 
14.0000000 350.9893062 350.9612193 
15.0000000 350.7928876 350.7648008 
16.0000000 350.5964691 350.5683822 
17.0000000 350.4000505 350.3719637 
18.0000000 350.2036320 350.1755451 
19.0000000 350.0072134 349.9791266 
20.0000000 349.8107949 349.7827080 
21.0000000 349.6143763 349.5862895 
22.0000000 349.4179578 349.3898709 
23.0000000 349.2215392 349.1934524 
24.0000000 349.0251207 348.9970338 
25.0000000 348.8287021 348.8006153 
26.0000000 348.6322836 348.6041967 
27.0000000 348.4358650 348.4077782 
28.0000000 348.2394465 348.2113596 
29.0000000 348.0430279 348.0149411 
30.0000000 347.8466094 347.8185225 
31.0000000 347.6501908 347.6221040 
32.0000000 347.4537723 347.4256854 
33.0000000 347.2573537 347.2292669 
34.0000000 347.0609352 347.0328483 
35.0000000 346.8645166 346.8364298 
36.0000000 346.6680981 346.6400112 
37.0000000 346.4716795 346.4435927 
38.0000000 346.2752610 346.2471741 
39.0000000 346.0788424 346.0507556 
40.0000000 345.8824239 345.8543370 
41.0000000 345.6860053 345.6579185 
42.0000000 345.4895868 345.4614999 
43.0000000 345.2931682 345.2650814 
44.0000000 345.0967497 345.0686628 
45.0000000 344.9003311 344.8722443 
46.0000000 344.7039126 344.6758257 
47.0000000 344.5074940 344.4794072 
48.0000000 344.3110755 344.2829886 
49.0000000 344.1146569 344.0865701 
50.0000000 343.9182384 343.8901515 
51.0000000 343.7218198 343.6937330 
52.0000000 343.5254013 343.4973144 
53.0000000 343.3289827 343.3008959 
54.0000000 343.1325642 343.1044773 
55.0000000 342.9361456 342.9080588 
56.0000000 342.7397271 342.7116402 
57.0000000 342.5433085 342.5152217 
58.0000000 342.3468900 342.3188031 
59.0000000 342.1504714 342.1223846 
60.0000000 341.9540529 341.9259660 
61.0000000 341.7576343 341.7295475 
62.0000000 341.5612158 341.5331289 
63.0000000 341.3647972 341.3367104 
64.0000000 341.1683787 341.1402918 
65.0000000 340.9719601 340.9438733 
66.0000000 340.7755416 340.7474547 
67.0000000 340.5791230 340.5510362 
68.0000000 340.3827045 340.3546176 
69.0000000 340.1862859 340.1581991 
70.0000000 339.9898674 339.9617805 
71.0000000 339.7934488 339.7653620 
72.0000000 339.5970303 339.5689434 
73.0000000 339.4006117 339.3725249 
74.0000000 339.2041932 339.1761063 
75.0000000 339.0077746 338.9796878 
76.0000000 338.8113561 338.7832692 
77.0000000 338.6149375 338.5868507 
78.0000000 338.4185190 338.3904321 
79.0000000 338.2221004 338.1940136 
80.0000000 338.0256819 337.9975950 
81.0000000 337.8292633 337.8011765 
82.0000000 337.6328448 337.6047579 
83.0000000 337.4364262 337.4083394 
84.0000000 337.2400077 337.2119208 
85.0000000 337.0435891 337.0155023 
86.0000000 336.8471706 336.8190837 
87.0000000 336.6507520 336.6226652 
88.0000000 336.4543335 336.4262466 
89.0000000 336.2579149 336.2298281 
90.0000000 336.0614964 336.0334095 
91.0000000 335.8650778 335.8369910 
92.0000000 335.6686593 335.6405724 
93.0000000 335.4722407 335.4441539 
94.0000000 335.2758222 335.2477353 
95.0000000 335.0794036 335.0513168 
96.0000000 334.8829851 334.8548982 
97.0000000 334.6865665 334.6584797 
98.0000000 334.4901480 334.4620611 
99.0000000 334.2937294 334.2656426 
100.0000000 334.0973109 334.0692240 
101.0000000 333.9008923 333.8728055 
102.0000000 333.7044738 333.6763869 
103.0000000 333.5080552 333.4799684 
104.0000000 333.3116367 333.2835498 
105.0000000 333.1152181 333.0871313 
106.0000000 332.9187996 332.8907127 
107.0000000 332.7223810 332.6942942 
108.0000000 332.5259625 332.4978756 
109.0000000 332.3295439 332.3014571 
110.0000000 332.1331254 332.1050385 
111.0000000 331.9367068 331.9086200 
112.0000000 331.7402883 331.7122014 
113.0000000 331.5438697 331.5157829 
114.0000000 331.3474512 331.3193643 
115.0000000 331.1510326 331.1229458 
116.0000000 330.9546141 330.9265272 
117.0000000 330.7581955 330.7301086 
118.0000000 330.5617770 330.5336901 
119.0000000 330.3653584 330.3372715 
120.0000000 330.1689399 330.1408530 
121.0000000 329.9725213 329.9444344 
122.0000000 329.7761028 329.7480159 
123.0000000 329.5796842 329.5515973 
124.0000000 329.3832657 329.3551788 
125.0000000 329.1868471 329.1587602 
126.0000000 328.9904286 328.9623417 
127.0000000 328.7940100 328.7659231 
128.0000000 328.5975915 328.5695046 
129.0000000 328.4011729 328.3730860 
130.0000000 328.2047544 328.1766675 
131.0000000 328.0083358 327.9802489 
132.0000000 327.8119172 327.7838304 
133.0000000 327.6154987 327.5874118 
134.0000000 327.4190801 327.3909933 
135.0000000 327.2226616 327.1945747 
136.0000000 327.0262430 326.9981562 
137.0000000 326.8298245 326.8017376 
138.0000000 326.6334059 326.6053191 
139.0000000 326.4369874 326.4089005 
140.0000000 326.2405688 326.2124820 
141.0000000 326.0441503 326.0160634 
142.0000000 325.8477317 325.8196449 
143.0000000 325.6513132 325.6232263 
144.0000000 325.4548946 325.4268078 
145.0000000 325.2584761 325.2303892 
146.0000000 325.0620575 325.0339707 
147.0000000 324.8656390 324.8375521 
148.0000000 324.6692204 324.6411336 
149.0000000 324.4728019 324.4447150 
150.0000000 324.2763833 324.2482965 
151.0000000 324.0799648 324.0518779 
152.0000000 323.8835462 323.8554594 
153.0000000 323.6871277 323.6590408 
154.0000000 323.4907091 323.4626223 
155.0000000 323.2942906 323.2662037 
156.0000000 323.0978720 323.0697852 
157.0000000 322.9014535 322.8733666 
158.0000000 322.7050349 322.6769481 
159.0000000 322.5086164 322.4805295 
160.0000000 322.3121978 322.2841110 
161.0000000 322.1157793 322.0876924 
162.0000000 321.9193607 321.8912739 
163.0000000 321.7229422 321.6948553 
164.0000000 321.5265236 321.4984368 
165.0000000 321.3301051 321.3020182 
166.0000000 321.1336865 321.1055997 
167.0000000 320.9372680 320.9091811 
168.0000000 320.7408494 320.7127626 
169.0000000 320.5444309 320.5163440 
170.0000000 320.3480123 320.3199255 
171.0000000 320.1515938 320.1235069 
172.0000000 319.9551752 319.9270884 
173.0000000 319.7587567 319.7306698 
174.0000000 319.5623381 319.5342513 
175.0000000 319.3659196 319.3378327 
176.0000000 319.1695010 319.1414142 
177.0000000 318.9730825 318.9449956 
178.0000000 318.7766639 318.7485771 
179.0000000 318.5802454 318.5521585 
180.0000000 318.3838268 318.3557400 
181.0000000 318.1874083 318.1593214 
182.0000000 317.9909897 317.9629029 
183.0000000 317.7945712 317.7664843 
184.0000000 317.5981526 317.5700658 
185.0000000 317.4017341 317.3736472 
186.0000000 317.2053155 317.1772287 
187.0000000 317.0088970 316.9808101 
188.0000000 316.8124784 316.7843916 
189.0000000 316.6160599 316.5879730 
190.0000000 316.4196413 316.3915545 
191.0000000 316.2232228 316.1951359 
192.0000000 316.0268042 315.9987174 
193.0000000 315.8303857 315.8022988 
194.0000000 315.6339671 315.6058803 
195.0000000 315.4375486 315.4094617 
196.0000000 315.2411300 315.2130432 
197.0000000 315.0447115 315.0166246 
198.0000000 314.8482929 314.8202061 
199.0000000 314.6518744 314.6237875 
200.0000000 314.4554558 314.4273690 
201.0000000 314.2590373 314.2309504 
202.0000000 314.0626187 314.0345319 
203.0000000 313.8662002 313.8381133 
204.0000000 313.6697816 313.6416948 
205.0000000 313.4733631 313.4452762 
206.0000000 313.2769445 313.2488577 
207.0000000 313.0805260 313.0524391 
208.0000000 312.8841074 312.8560206 
209.0000000 312.6876889 312.6596020 
210.0000000 312.4912703 312.4631835 
211.0000000 312.2948518 312.2667649 
212.0000000 312.0984332 312.0703464 
213.0000000 311.9020147 311.8739278 
214.0000000 311.7055961 311.6775093 
215.0000000 311.5091776 311.4810907 
216.0000000 311.3127590 311.2846722 
217.0000000 311.1163405 311.0882536 
218.0000000 310.9199219 310.8918351 
219.0000000 310.7235034 310.6954165 
220.0000000 310.5270848 310.4989980 
221.0000000 310.3306663 310.3025794 
222.0000000 310.1342477 310.1061609 
223.0000000 309.9378292 309.9097423 
224.0000000 309.7414106 309.7133238 
225.0000000 309.5449921 309.5169052 
226.0000000 309.3485735 309.3204867 
227.0000000 309.1521550 309.1240681 
228.0000000 308.9557364 308.9276496 
229.0000000 308.7593179 308.7312310 
230.0000000 308.5628993 308.5348125 
231.0000000 308.3664808 308.3383939 
232.0000000 308.1700622 308.1419754 
233.0000000 307.9736437 307.9455568 
234.0000000 307.7772251 307.7491383 
235.0000000 307.5808066 307.5527197 
236.0000000 307.3843880 307.3563012 
237.0000000 307.1879695 307.1598826 
238.0000000 306.9915509 306.9634641 
239.0000000 306.7951324 306.7670455 
240.0000000 306.5987138 306.5706270 
241.0000000 306.4022953 306.3742084 
242.0000000 306.2058767 306.1777899 
243.0000000 306.0094582 305.9813713 
244.0000000 305.8130396 305.7849528 
245.0000000 305.6166211 305.5885342 
246.0000000 305.4202025 305.3921157 
247.0000000 305.2237840 305.1956971 
248.0000000 305.0273654 304.9992786 
249.0000000 304.8309469 304.8028600 
250.0000000 304.6345283 304.6064415 
251.0000000 304.4381098 304.4100229 
252.0000000 304.2416912 304.2136044 
253.0000000 304.0452727 304.0171858 
254.0000000 303.8488541 303.8207673 
255.0000000 303.6524356 303.6243487 
256.0000000 303.4560170 303.4279302 
257.0000000 303.2595985 303.2315116 
258.0000000 303.0631799 303.0350931 
259.0000000 302.8667614 302.8386745 
260.0000000 302.6703428 302.6422560 
261.0000000 302.4739243 302.4458374 
262.0000000 302.2775057 302.2494189 
263.0000000 302.0810872 302.0530003 
264.0000000 301.8846686 301.8565818 
265.0000000 301.6882501 301.6601632 
266.0000000 301.4918315 301.4637447 
267.0000000 301.2954130 301.2673261 
268.0000000 301.0989944 301.0709075 
269.0000000 300.9025759 300.8744890 
270.0000000 300.7061573 300.6780704 
271.0000000 300.5097388 300.4816519 
272.0000000 300.3133202 300.2852333 
273.0000000 300.1169017 300.0888148 
274.0000000 299.9204831 299.8923962 
275.0000000 299.7240646 299.6959777 
276.0000000 299.5276460 299.4995591 
277.0000000 299.3312275 299.3031406 
278.0000000 299.1348089 299.1067220 
279.0000000 298.9383904 298.9103035 
280.0000000 298.7419718 298.7138849 
281.0000000 298.5455533 298.5174664 
282.0000000 298.3491347 298.3210478 
283.0000000 298.1527162 298.1246293 
284.0000000 297.9562976 297.9282107 
285.0000000 297.7598790 297.7317922 
286.0000000 297.5634605 297.5353736 
287.0000000 297.3670419 297.3389551 
288.0000000 297.1706234 297.1425365 
289.0000000 296.9742048 296.9461180 
290.0000000 296.7777863 296.7496994 
291.0000000 296.5813677 296.5532809 
292.0000000 296.3849492 296.3568623 
293.0000000 296.1885306 296.1604438 
294.0000000 295.9921121 295.9640252 
295.0000000 295.7956935 295.7676067 
296.0000000 295.5992750 295.5711881 
297.0000000 295.4028564 295.3747696 
298.0000000 295.2064379 295.1783510 
299.0000000 295.0100193 294.9819325 
300.0000000 294.8136008 294.7855139 
301.0000000 294.6171822 294.5890954 
302.0000000 294.4207637 294.3926768 
303.0000000 294.2243451 294.1962583 
304.0000000 294.0279266 293.9998397 
305.0000000 293.8315080 293.8034212 
306.0000000 293.6350895 293.6070026 
307.0000000 293.4386709 293.4105841 
308.0000000 293.2422524 293.2141655 
309.0000000 293.0458338 293.0177470 
310.0000000 292.8494153 292.8213284 
311.0000000 292.6529967 292.6249099 
312.0000000 292.4565782 292.4284913 
313.0000000 292.2601596 292.2320728 
314.0000000 292.0637411 292.0356542 
315.0000000 291.8673225 291.8392357 
316.0000000 291.6709040 291.6428171 
317.0000000 291.4744854 291.4463986 
318.0000000 291.2780669 291.2499800 
319.0000000 291.0816483 291.0535615 
320.0000000 290.8852298 290.8571429 
321.0000000 290.6888112 290.6607244 
322.0000000 290.4923927 290.4643058 
323.0000000 290.2959741 290.2678873 
324.0000000 290.0995556 290.0714687 
325.0000000 289.9031370 289.8750502 
326.0000000 289.7067185 289.6786316 
327.0000000 289.5102999 289.4822131 
328.0000000 289.3138814 289.2857945 
329.0000000 289.1174628 289.0893760 
330.0000000 288.9210443 288.8929574 
331.0000000 288.7246257 288.6965389 
332.0000000 288.5282072 288.5001203 
333.0000000 288.3317886 288.3037018 
334.0000000 288.1353701 288.1072832 
335.0000000 287.9389515 287.9108647 
336.0000000 287.7425330 287.7144461 
337.0000000 287.5461144 287.5180276 
338.0000000 287.3496959 287.3216090 
339.0000000 287.1532773 287.1251905 
340.0000000 286.9568588 286.9287719 
341.0000000 286.7604402 286.7323534 
342.0000000 286.5640217 286.5359348 
343.0000000 286.3676031 286.3395163 
344.0000000 286.1711846 286.1430977 
345.0000000 285.9747660 285.9466792 
346.0000000 285.7783475 285.7502606 
347.0000000 285.5819289 285.5538421 
348.0000000 285.3855104 285.3574235 
349.0000000 285.1890918 285.1610050 
350.0000000 284.9926733 284.9645864 
351.0000000 284.7962547 284.7681679 
352.0000000 284.5998362 284.5717493 
353.0000000 284.4034176 284.3753308 
354.0000000 284.2069991 284.1789122 
355.0000000 284.0105805 283.9824937 
356.0000000 283.8141620 283.7860751 
357.0000000 283.6177434 283.5896566 
358.0000000 283.4213249 283.3932380 
359.0000000 283.2249063 283.1968195 
360.0000000 283.0284878 283.0004009 
361.0000000 282.8320692 282.8039824 
362.0000000 282.6356507 282.6075638 
363.0000000 282.4392321 282.4111453 
364.0000000 282.2428136 282.2147267 
365.0000000 282.0463950 282.0183082 
366.0000000 281.8499765 281.8218896 
367.0000000 281.6535579 281.6254711 
368.0000000 281.4571394 281.4290525 
369.0000000 281.2607208 281.2326340 
370.0000000 281.0643023 281.0362154 
371.0000000 280.8678837 280.8397969 
372.0000000 280.6714652 280.6433783 
373.0000000 280.4750466 280.4469598 
374.0000000 280.2786281 280.2505412 
375.0000000 280.0822095 280.0541227 
376.0000000 279.8857910 279.8577041 
377.0000000 279.6893724 279.6612856 
378.0000000 279.4929539 279.4648670 
379.0000000 279.2965353 279.2684485 
380.0000000 279.1001168 279.0720299 
381.0000000 278.9036982 278.8756114 
382.0000000 278.7072797 278.6791928 
383.0000000 278.5108611 278.4827743 
384.0000000 278.3144426 278.2863557 
385.0000000 278.1180240 278.0899372 
386.0000000 277.9216055 277.8935186 
387.0000000 277.7251869 277.6971001 
388.0000000 277.5287684 277.5006815 
389.0000000 277.3323498 277.3042630 
390.0000000 277.1359313 277.1078444 
391.0000000 276.9395127 276.9114259 
392.0000000 276.7430942 276.7150073 
393.0000000 276.5466756 276.5185888 
394.0000000 276.3502571 276.3221702 
395.0000000 276.1538385 276.1257517 
396.0000000 275.9574200 275.9293331 
397.0000000 275.7610014 275.7329146 
398.0000000 275.5645829 275.5364960 
399.0000000 275.3681643 275.3400775 
400.0000000 275.1717458 275.1436589 
401.0000000 274.9753272 274.9472404 
402.0000000 274.7789087 274.7508218 
403.0000000 274.5824901 274.5544033 
404.0000000 274.3860716 274.3579847 
405.0000000 274.1896530 274.1615662 
406.0000000 273.9932345 273.9651476 
407.0000000 273.7968159 273.7687291 
408.0000000 273.6003974 273.5723105 
409.0000000 273.4039788 273.3758920 
410.0000000 273.2075603 273.1794734 
411.0000000 273.0111417 272.9830549 
412.0000000 272.8147232 272.7866363 
413.0000000 272.6183046 272.5902178 
414.0000000 272.4218861 272.3937992 
415.0000000 272.2254675 272.1973807 
416.0000000 272.0290490 272.0009621 
417.0000000 271.8326304 271.8045436 
418.0000000 271.6362119 271.6081250 
419.0000000 271.4397933 271.4117064 
420.0000000 271.2433748 271.2152879 
421.0000000 271.0469562 271.0188693 
422.0000000 270.8505377 270.8224508 
423.0000000 270.6541191 270.6260322 
424.0000000 270.4577006 270.4296137 
425.0000000 270.2612820 270.2331951 
426.0000000 270.0648635 270.0367766 
427.0000000 269.8684449 269.8403580 
428.0000000 269.6720264 269.6439395 
429.0000000 269.4756078 269.4475209 
430.0000000 269.2791893 269.2511024 
431.0000000 269.0827707 269.0546838 
432.0000000 268.8863522 268.8582653 
433.0000000 268.6899336 268.6618467 
434.0000000 268.4935151 268.4654282 
435.0000000 268.2970965 268.2690096 
436.0000000 268.1006779 268.0725911 
437.0000000 267.9042594 267.8761725 
438.0000000 267.7078408 267.6797540 
439.0000000 267.5114223 267.4833354 
440.0000000 267.3150037 267.2869169 
441.0000000 267.1185852 267.0904983 
442.0000000 266.9221666 266.8940798 
443.0000000 266.7257481 266.6976612 
444.0000000 266.5293295 266.5012427 
445.0000000 266.3329110 266.3048241 
446.0000000 266.1364924 266.1084056 
447.0000000 265.9400739 265.9119870 
448.0000000 265.7436553 265.7155685 
449.0000000 265.5472368 265.5191499 
450.0000000 265.3508182 265.3227314 
451.0000000 265.1543997 265.1263128 
452.0000000 264.9579811 264.9298943 
453.0000000 264.7615626 264.7334757 
454.0000000 264.5651440 264.5370572 
455.0000000 264.3687255 264.3406386 
456.0000000 264.1723069 264.1442201 
457.0000000 263.9758884 263.9478015 
458.0000000 263.7794698 263.7513830 
459.0000000 263.5830513 263.5549644 
460.0000000 263.3866327 263.3585459 
461.0000000 263.1902142 263.1621273 
462.0000000 262.9937956 262.9657088 
463.0000000 262.7973771 262.7692902 
464.0000000 262.6009585 262.5728717 
465.0000000 262.4045400 262.3764531 
466.0000000 262.2081214 262.1800346 
467.0000000 262.0117029 261.9836160 
468.0000000 261.8152843 261.7871975 
469.0000000 261.6188658 261.5907789 
470.0000000 261.4224472 261.3943604 
471.0000000 261.2260287 261.1979418 
472.0000000 261.0296101 261.0015233 
473.0000000 260.8331916 260.8051047 
474.0000000 260.6367730 260.6086862 
475.0000000 260.4403545 260.4122676 
476.0000000 260.2439359 260.2158491 
477.0000000 260.0475174 260.0194305 
478.0000000 259.8510988 259.8230120 
479.0000000 259.6546803 259.6265934 
480.0000000 259.4582617 259.4301749 
481.0000000 259.2618432 259.2337563 
482.0000000 259.0654246 259.0373378 
483.0000000 258.8690061 258.8409192 
484.0000000 258.6725875 258.6445007 
485.0000000 258.4761690 258.4480821 
486.0000000 258.2797504 258.2516636 
487.0000000 258.0833319 258.0552450 
488.0000000 257.8869133 257.8588265 
489.0000000 257.6904948 257.6624079 
490.0000000 257.4940762 257.4659894 
491.0000000 257.2976577 257.2695708 
492.0000000 257.1012391 257.0731523 
493.0000000 256.9048206 256.8767337 
494.0000000 256.7084020 256.6803152 
495.0000000 256.5119835 256.4838966 
496.0000000 256.3155649 256.2874781 
497.0000000 256.1191464 256.0910595 
498.0000000 255.9227278 255.8946410 
499.0000000 255.7263093 255.6982224 
500.0000000 255.5298907 255.5018039 
501.0000000 255.3334722 255.3053853 
502.0000000 255.1370536 255.1089668 
503.0000000 254.9406351 254.9125482 
504.0000000 254.7442165 254.7161297 
505.0000000 254.5477980 254.5197111 
506.0000000 254.3513794 254.3232926 
507.0000000 254.1549609 254.1268740 
508.0000000 253.9585423 253.9304555 
509.0000000 253.7621238 253.7340369 
510.0000000 253.5657052 253.5376184 
511.0000000 253.3692867 253.3411998 
512.0000000 253.1728681 253.1447813 
513.0000000 252.9764496 252.9483627 
514.0000000 252.7800310 252.7519442 
515.0000000 252.5836125 252.5555256 
516.0000000 252.3871939 252.3591071 
517.0000000 252.1907754 252.1626885 
518.0000000 251.9943568 251.9662700 
519.0000000 251.7979383 251.7698514 
520.0000000 251.6015197 251.5734329 
521.0000000 251.4051012 251.3770143 
522.0000000 251.2086826 251.1805958 
523.0000000 251.0122641 250.9841772 
524.0000000 250.8158455 250.7877587 
525.0000000 250.6194270 250.5913401 
526.0000000 250.4230084 250.3949216 
527.0000000 250.2265899 250.1985030 
528.0000000 250.0301713 250.0020845 
529.0000000 249.8337528 249.8056659 
530.0000000 249.6373342 249.6092474 
531.0000000 249.4409157 249.4128288 
532.0000000 249.2444971 249.2164103 
533.0000000 249.0480786 249.0199917 
534.0000000 248.8516600 248.8235732 
535.0000000 248.6552415 248.6271546 
536.0000000 248.4588229 248.4307361 
537.0000000 248.2624044 248.2343175 
538.0000000 248.0659858 248.0378990 
539.0000000 247.8695673 247.8414804 
540.0000000 247.6731487 247.6450619 
541.0000000 247.4767302 247.4486433 
542.0000000 247.2803116 247.2522248 
543.0000000 247.0838931 247.0558062 
544.0000000 246.8874745 246.8593877 
545.0000000 246.6910560 246.6629691 
546.0000000 246.4946374 246.4665506 
547.0000000 246.2982189 246.2701320 
548.0000000 246.1018003 246.0737135 
549.0000000 245.9053818 245.8772949 
550.0000000 245.7089632 245.6808764 
551.0000000 245.5125447 245.4844578 
552.0000000 245.3161261 245.2880393 
553.0000000 245.1197076 245.0916207 
554.0000000 244.9232890 244.8952022 
555.0000000 244.7268705 244.6987836 
556.0000000 244.5304519 244.5023651 
557.0000000 244.3340334 244.3059465 
558.0000000 244.1376148 244.1095280 
559.0000000 243.9411963 243.9131094 
560.0000000 243.7447777 243.7166909 
561.0000000 243.5483592 243.5202723 
562.0000000 243.3519406 243.3238538 
563.0000000 243.1555221 243.1274352 
564.0000000 242.9591035 242.9310167 
565.0000000 242.7626850 242.7345981 
566.0000000 242.5662664 242.5381796 
567.0000000 242.3698479 242.3417610 
568.0000000 242.1734293 242.1453425 
569.0000000 241.9770108 241.9489239 
570.0000000 241.7805922 241.7525054 
571.0000000 241.5841737 241.5560868 
572.0000000 241.3877551 241.3596682 
573.0000000 241.1913366 241.1632497 
574.0000000 240.9949180 240.9668311 
575.0000000 240.7984995 240.7704126 
576.0000000 240.6020809 240.5739940 
577.0000000 240.4056624 240.3775755 
578.0000000 240.2092438 240.1811569 
579.0000000 240.0128253 239.9847384 
580.0000000 239.8164067 239.7883198 
581.0000000 239.6199882 239.5919013 
582.0000000 239.4235696 239.3954827 
583.0000000 239.2271511 239.1990642 
584.0000000 239.0307325 239.0026456 
585.0000000 238.8343140 238.8062271 
586.0000000 238.6378954 238.6098085 
587.0000000 238.4414769 238.4133900 
588.0000000 238.2450583 238.2169714 
589.0000000 238.0486397 238.0205529 
590.0000000 237.8522212 237.8241343 
591.0000000 237.6558026 237.6277158 
592.0000000 237.4593841 237.4312972 
593.0000000 237.2629655 237.2348787 
594.0000000 237.0665470 237.0384601 
595.0000000 236.8701284 236.8420416 
596.0000000 236.6737099 236.6456230 
597.0000000 236.4772913 236.4492045 
598.0000000 236.2808728 236.2527859 
599.0000000 236.0844542 236.0563674 
600.0000000 235.8880357 235.8599488 
601.0000000 235.6916171 235.6635303 
602.0000000 235.4951986 235.4671117 
603.0000000 235.2987800 235.2706932 
604.0000000 235.1023615 235.0742746 
605.0000000 234.9059429 234.8778561 
606.0000000 234.7095244 234.6814375 
607.0000000 234.5131058 234.4850190 
608.0000000 234.3166873 234.2886004 
609.0000000 234.1202687 234.0921819 
610.0000000 233.9238502 233.8957633 
611.0000000 233.7274316 233.6993448 
612.0000000 233.5310131 233.5029262 
613.0000000 233.3345945 233.3065077 
614.0000000 233.1381760 233.1100891 
615.0000000 232.9417574 232.9136706 
616.0000000 232.7453389 232.7172520 
617.0000000 232.5489203 232.5208335 
618.0000000 232.3525018 232.3244149 
619.0000000 232.1560832 232.1279964 
620.0000000 231.9596647 231.9315778 
621.0000000 231.7632461 231.7351593 
622.0000000 231.5668276 231.5387407 
623.0000000 231.3704090 231.3423222 
624.0000000 231.1739905 231.1459036 
625.0000000 230.9775719 230.9494851 
626.0000000 230.7811534 230.7530665 
627.0000000 230.5847348 230.5566480 
628.0000000 230.3883163 230.3602294 
629.0000000 230.1918977 230.1638109 
630.0000000 229.9954792 229.9673923 
631.0000000 229.7990606 229.7709738 
632.0000000 229.6026421 229.5745552 
633.0000000 229.4062235 229.3781367 
634.0000000 229.2098050 229.1817181 
635.0000000 229.0133864 228.9852996 
636.0000000 228.8169679 228.7888810 
637.0000000 228.6205493 228.5924625 
638.0000000 228.4241308 228.3960439 
639.0000000 228.2277122 228.1996254 
640.0000000 228.0312937 228.0032068 
641.0000000 227.8348751 227.8067883 
642.0000000 227.6384566 227.6103697 
643.0000000 227.4420380 227.4139512 
644.0000000 227.2456195 227.2175326 
645.0000000 227.0492009 227.0211141 
646.0000000 226.8527824 226.8246955 
647.0000000 226.6563638 226.6282770 
648.0000000 226.4599453 226.4318584 
649.0000000 226.2635267 226.2354399 
650.0000000 226.0671082 226.0390213 
651.0000000 225.8706896 225.8426028 
652.0000000 225.6742711 225.6461842 
653.0000000 225.4778525 225.4497657 
654.0000000 225.2814340 225.2533471 
655.0000000 225.0850154 225.0569286 
656.0000000 224.8885969 224.8605100 
657.0000000 224.6921783 224.6640915 
658.0000000 224.4957598 224.4676729 
659.0000000 224.2993412 224.2712544 
660.0000000 224.1029227 224.0748358 
661.0000000 223.9065041 223.8784173 
662.0000000 223.7100856 223.6819987 
663.0000000 223.5136670 223.4855802 
664.0000000 223.3172485 223.2891616 
665.0000000 223.1208299 223.0927431 
666.0000000 222.9244114 222.8963245 
667.0000000 222.7279928 222.6999060 
668.0000000 222.5315743 222.5034874 
669.0000000 222.3351557 222.3070689 
670.0000000 222.1387372 222.1106503 
671.0000000 221.9423186 221.9142318 
672.0000000 221.7459001 221.7178132 
673.0000000 221.5494815 221.5213947 
674.0000000 221.3530630 221.3249761 
675.0000000 221.1566444 221.1285576 
676.0000000 220.9602259 220.9321390 
677.0000000 220.7638073 220.7357205 
678.0000000 220.5673888 220.5393019 
679.0000000 220.3709702 220.3428834 
680.0000000 220.1745517 220.1464648 
681.0000000 219.9781331 219.9500463 
682.0000000 219.7817146 219.7536277 
683.0000000 219.5852960 219.5572092 
684.0000000 219.3888775 219.3607906 
685.0000000 219.1924589 219.1643721 
686.0000000 218.9960404 218.9679535 
687.0000000 218.7996218 218.7715350 
688.0000000 218.6032033 218.5751164 
689.0000000 218.4067847 218.3786979 
690.0000000 218.2103662 218.1822793 
691.0000000 218.0139476 217.9858608 
692.0000000 217.8175291 217.7894422 
693.0000000 217.6211105 217.5930237 
694.0000000 217.4246920 217.3966051 
695.0000000 217.2282734 217.2001866 
696.0000000 217.0318549 217.0037680 
697.0000000 216.8354363 216.8073495 
698.0000000 216.6390178 216.6109309 
699.0000000 216.4425992 216.4145124 
700.0000000 216.2461807 216.2180938 
701.0000000 216.0497621 216.0216753 
702.0000000 215.8533436 215.8252567 
703.0000000 215.6569250 215.6288382 
704.0000000 215.4605065 215.4324196 
705.0000000 215.2640879 215.2360011 
706.0000000 215.0676694 215.0395825 
707.0000000 214.8712508 214.8431640 
708.0000000 214.6748323 214.6467454 
709.0000000 214.4784137 214.4503269 
710.0000000 214.2819952 214.2539083 
711.0000000 214.0855766 214.0574898 
712.0000000 213.8891581 213.8610712 
713.0000000 213.6927395 213.6646527 
714.0000000 213.4963210 213.4682341 
715.0000000 213.2999024 213.2718156 
716.0000000 213.1034839 213.0753970 
717.0000000 212.9070653 212.8789785 
718.0000000 212.7106468 212.6825599 
719.0000000 212.5142282 212.4861414 
720.0000000 212.3178097 212.2897228 
721.0000000 212.1213911 212.0933043 
722.0000000 211.9249726 211.8968857 
723.0000000 211.7285540 211.7004671 
724.0000000 211.5321355 211.5040486 
725.0000000 211.3357169 211.3076300 
726.0000000 211.1392984 211.1112115 
727.0000000 210.9428798 210.9147929 
728.0000000 210.7464613 210.7183744 
729.0000000 210.5500427 210.5219558 
730.0000000 210.3536242 210.3255373 
731.0000000 210.1572056 210.1291187 
732.0000000 209.9607871 209.9327002 
733.0000000 209.7643685 209.7362816 
734.0000000 209.5679500 209.5398631 
735.0000000 209.3715314 209.3434445 
736.0000000 209.1751129 209.1470260 
737.0000000 208.9786943 208.9506074 
738.0000000 208.7822758 208.7541889 
739.0000000 208.5858572 208.5577703 
740.0000000 208.3894386 208.3613518 
741.0000000 208.1930201 208.1649332 
742.0000000 207.9966015 207.9685147 
743.0000000 207.8001830 207.7720961 
744.0000000 207.6037644 207.5756776 
745.0000000 207.4073459 207.3792590 
746.0000000 207.2109273 207.1828405 
747.0000000 207.0145088 206.9864219 
748.0000000 206.8180902 206.7900034 
749.0000000 206.6216717 206.5935848 
750.0000000 206.4252531 206.3971663 
751.0000000 206.2288346 206.2007477 
752.0000000 206.0324160 206.0043292 
753.0000000 205.8359975 205.8079106 
754.0000000 205.6395789 205.6114921 
755.0000000 205.4431604 205.4150735 
756.0000000 205.2467418 205.2186550 
757.0000000 205.0503233 205.0222364 
758.0000000 204.8539047 204.8258179 
759.0000000 204.6574862 204.6293993 
760.0000000 204.4610676 204.4329808 
761.0000000 204.2646491 204.2365622 
762.0000000 204.0682305 204.0401437 
763.0000000 203.8718120 203.8437251 
764.0000000 203.6753934 203.6473066 
765.0000000 203.4789749 203.4508880 
766.0000000 203.2825563 203.2544695 
767.0000000 203.0861378 203.0580509 
768.0000000 202.8897192 202.8616324 
769.0000000 202.6933007 202.6652138 
770.0000000 202.4968821 202.4687953 
771.0000000 202.3004636 202.2723767 
772.0000000 202.1040450 202.0759582 
773.0000000 201.9076265 201.8795396 
774.0000000 201.7112079 201.6831211 
775.0000000 201.5147894 201.4867025 
776.0000000 201.3183708 201.2902840 
777.0000000 201.1219523 201.0938654 
778.0000000 200.9255337 200.8974469 
779.0000000 200.7291152 200.7010283 
780.0000000 200.5326966 200.5046098 
781.0000000 200.3362781 200.3081912 
782.0000000 200.1398595 200.1117727 
783.0000000 199.9434410 199.9153541 
784.0000000 199.7470224 199.7189356 
785.0000000 199.5506039 199.5225170 
786.0000000 199.3541853 199.3260985 
787.0000000 199.1577668 199.1296799 
788.0000000 198.9613482 198.9332614 
789.0000000 198.7649297 198.7368428 
790.0000000 198.5685111 198.5404243 
791.0000000 198.3720926 198.3440057 
792.0000000 198.1756740 198.1475872 
793.0000000 197.9792555 197.9511686 
794.0000000 197.7828369 197.7547501 
795.0000000 197.5864184 197.5583315 
796.0000000 197.3899998 197.3619130 
797.0000000 197.1935813 197.1654944 
798.0000000 196.9971627 196.9690759 
799.0000000 196.8007442 196.7726573 
800.0000000 196.6043256 196.5762388 
801.0000000 196.4079071 196.3798202 
802.0000000 196.2114885 196.1834017 
803.0000000 196.0150700 195.9869831 
804.0000000 195.8186514 195.7905646 
805.0000000 195.6222329 195.5941460 
806.0000000 195.4258143 195.3977275 
807.0000000 195.2293958 195.2013089 
808.0000000 195.0329772 195.0048904 
809.0000000 194.8365587 194.8084718 
810.0000000 194.6401401 194.6120533 
811.0000000 194.4437216 194.4156347 
812.0000000 194.2473030 194.2192162 
813.0000000 194.0508845 194.0227976 
814.0000000 193.8544659 193.8263791 
815.0000000 193.6580474 193.6299605 
816.0000000 193.4616288 193.4335420 
817.0000000 193.2652103 193.2371234 
818.0000000 193.0687917 193.0407049 
819.0000000 192.8723732 192.8442863 
820.0000000 192.6759546 192.6478678 
821.0000000 192.4795361 192.4514492 
822.0000000 192.2831175 192.2550307 
823.0000000 192.0866990 192.0586121 
824.0000000 191.8902804 191.8621936 
825.0000000 191.6938619 191.6657750 
826.0000000 191.4974433 191.4693565 
827.0000000 191.3010248 191.2729379 
828.0000000 191.1046062 191.0765194 
829.0000000 190.9081877 190.8801008 
830.0000000 190.7117691 190.6836823 
831.0000000 190.5153506 190.4872637 
832.0000000 190.3189320 190.2908452 
833.0000000 190.1225135 190.0944266 
834.0000000 189.9260949 189.8980081 
835.0000000 189.7296764 189.7015895 
836.0000000 189.5332578 189.5051710 
837.0000000 189.3368393 189.3087524 
838.0000000 189.1404207 189.1123339 
839.0000000 188.9440022 188.9159153 
840.0000000 188.7475836 188.7194968 
841.0000000 188.5511651 188.5230782 
842.0000000 188.3547465 188.3266597 
843.0000000 188.1583280 188.1302411 
844.0000000 187.9619094 187.9338226 
845.0000000 187.7654909 187.7374040 
846.0000000 187.5690723 187.5409855 
847.0000000 187.3726538 187.3445669 
848.0000000 187.1762352 187.1481484 
849.0000000 186.9798167 186.9517298 
850.0000000 186.7833981 186.7553113 
851.0000000 186.5869796 186.5588927 
852.0000000 186.3905610 186.3624742 
853.0000000 186.1941425 186.1660556 
854.0000000 185.9977239 185.9696371 
855.0000000 185.8013054 185.7732185 
856.0000000 185.6048868 185.5768000 
857.0000000 185.4084683 185.3803814 
858.0000000 185.2120497 185.1839629 
859.0000000 185.0156312 184.9875443 
860.0000000 184.8192126 184.7911258 
861.0000000 184.6227941 184.5947072 
862.0000000 184.4263755 184.3982887 
863.0000000 184.2299570 184.2018701 
864.0000000 184.0335384 184.0054516 
865.0000000 183.8371199 183.8090330 
866.0000000 183.6407013 183.6126145 
867.0000000 183.4442828 183.4161959 
868.0000000 183.2478642 183.2197774 
869.0000000 183.0514457 183.0233588 
870.0000000 182.8550271 182.8269403 
871.0000000 182.6586086 182.6305217 
872.0000000 182.4621900 182.4341032 
873.0000000 182.2657715 182.2376846 
874.0000000 182.0693529 182.0412660 
875.0000000 181.8729344 181.8448475 
876.0000000 181.6765158 181.6484289 
877.0000000 181.4800973 181.4520104 
878.0000000 181.2836787 181.2555918 
879.0000000 181.0872602 181.0591733 
880.0000000 180.8908416 180.8627547 
881.0000000 180.6944231 180.6663362 
882.0000000 180.4980045 180.4699176 
883.0000000 180.3015860 180.2734991 
884.0000000 180.1051674 180.0770805 
885.0000000 179.9087489 179.8806620 
886.0000000 179.7123303 179.6842434 
887.0000000 179.5159118 179.4878249 
888.0000000 179.3194932 179.2914063 
889.0000000 179.1230747 179.0949878 
890.0000000 178.9266561 178.8985692 
891.0000000 178.7302375 178.7021507 
892.0000000 178.5338190 178.5057321 
893.0000000 178.3374004 178.3093136 
894.0000000 178.1409819 178.1128950 
895.0000000 177.9445633 177.9164765 
896.0000000 177.7481448 177.7200579 
897.0000000 177.5517262 177.5236394 
898.0000000 177.3553077 177.3272208 
899.0000000 177.1588891 177.1308023 
900.0000000 176.9624706 176.9343837 
901.0000000 176.7660520 176.7379652 
902.0000000 176.5696335 176.5415466 
903.0000000 176.3732149 176.3451281 
904.0000000 176.1767964 176.1487095 
905.0000000 175.9803778 175.9522910 
906.0000000 175.7839593 175.7558724 
907.0000000 175.5875407 175.5594539 
908.0000000 175.3911222 175.3630353 
909.0000000 175.1947036 175.1666168 
910.0000000 174.9982851 174.9701982 
911.0000000 174.8018665 174.7737797 
912.0000000 174.6054480 174.5773611 
913.0000000 174.4090294 174.3809426 
914.0000000 174.2126109 174.1845240 
915.0000000 174.0161923 173.9881055 
916.0000000 173.8197738 173.7916869 
917.0000000 173.6233552 173.5952684 
918.0000000 173.4269367 173.3988498 
919.0000000 173.2305181 173.2024313 
920.0000000 173.0340996 173.0060127 
921.0000000 172.8376810 172.8095942 
922.0000000 172.6412625 172.6131756 
923.0000000 172.4448439 172.4167571 
924.0000000 172.2484254 172.2203385 
925.0000000 172.0520068 172.0239200 
926.0000000 171.8555883 171.8275014 
927.0000000 171.6591697 171.6310829 
928.0000000 171.4627512 171.4346643 
929.0000000 171.2663326 171.2382458 
930.0000000 171.0699141 171.0418272 
931.0000000 170.8734955 170.8454087 
932.0000000 170.6770770 170.6489901 
933.0000000 170.4806584 170.4525716 
934.0000000 170.2842399 170.2561530 
935.0000000 170.0878213 170.0597345 
936.0000000 169.8914028 169.8633159 
937.0000000 169.6949842 169.6668974 
938.0000000 169.4985657 169.4704788 
939.0000000 169.3021471 169.2740603 
940.0000000 169.1057286 169.0776417 
941.0000000 168.9093100 168.8812232 
942.0000000 168.7128915 168.6848046 
943.0000000 168.5164729 168.4883861 
944.0000000 168.3200544 168.2919675 
945.0000000 168.1236358 168.0955490 
946.0000000 167.9272173 167.8991304 
947.0000000 167.7307987 167.7027119 
948.0000000 167.5343802 167.5062933 
949.0000000 167.3379616 167.3098748 
950.0000000 167.1415431 167.1134562 
951.0000000 166.9451245 166.9170377 
952.0000000 166.7487060 166.7206191 
953.0000000 166.5522874 166.5242006 
954.0000000 166.3558689 166.3277820 
955.0000000 166.1594503 166.1313635 
956.0000000 165.9630318 165.9349449 
957.0000000 165.7666132 165.7385264 
958.0000000 165.5701947 165.5421078 
959.0000000 165.3737761 165.3456893 
960.0000000 165.1773576 165.1492707 
961.0000000 164.9809390 164.9528522 
962.0000000 164.7845205 164.7564336 
963.0000000 164.5881019 164.5600151 
964.0000000 164.3916834 164.3635965 
965.0000000 164.1952648 164.1671780 
966.0000000 163.9988463 163.9707594 
967.0000000 163.8024277 163.7743409 
968.0000000 163.6060092 163.5779223 
969.0000000 163.4095906 163.3815038 
970.0000000 163.2131721 163.1850852 
971.0000000 163.0167535 162.9886667 
972.0000000 162.8203350 162.7922481 
973.0000000 162.6239164 162.5958296 
974.0000000 162.4274979 162.3994110 
975.0000000 162.2310793 162.2029925 
976.0000000 162.0346608 162.0065739 
977.0000000 161.8382422 161.8101554 
978.0000000 161.6418237 161.6137368 
979.0000000 161.4454051 161.4173183 
980.0000000 161.2489866 161.2208997 
981.0000000 161.0525680 161.0244812 
982.0000000 160.8561495 160.8280626 
983.0000000 160.6597309 160.6316441 
984.0000000 160.4633124 160.4352255 
985.0000000 160.2668938 160.2388070 
986.0000000 160.0704753 160.0423884 
987.0000000 159.8740567 159.8459699 
988.0000000 159.6776382 159.6495513 
989.0000000 159.4812196 159.4531328 
990.0000000 159.2848011 159.2567142 
991.0000000 159.0883825 159.0602957 
992.0000000 158.8919640 158.8638771 
993.0000000 158.6955454 158.6674586 
994.0000000 158.4991269 158.4710400 
995.0000000 158.3027083 158.2746215 
996.0000000 158.1062898 158.0782029 
997.0000000 157.9098712 157.8817844 
998.0000000 157.7134527 157.6853658 
999.0000000 157.5170341 157.4889473 
1000.0000000 157.3206156 157.2925287 
1001.0000000 157.1241970 157.0961102 
1002.0000000 156.9277785 156.8996916 
1003.0000000 156.7313599 156.7032731 
1004.0000000 156.5349414 156.5068545 
1005.0000000 156.3385228 156.3104360 
1006.0000000 156.1421043 156.1140174 
1007.0000000 155.9456857 155.9175989 
1008.0000000 155.7492672 155.7211803 
1009.0000000 155.5528486 155.5247618 
1010.0000000 155.3564301 155.3283432 
1011.0000000 155.1600115 155.1319247 
1012.0000000 154.9635930 154.9355061 
1013.0000000 154.7671744 154.7390876 
1014.0000000 154.5707559 154.5426690 
1015.0000000 154.3743373 154.3462505 
1016.0000000 154.1779188 154.1498319 
1017.0000000 153.9815002 153.9534134 
1018.0000000 153.7850817 153.7569948 
1019.0000000 153.5886631 153.5605763 
1020.0000000 153.3922446 153.3641577 
1021.0000000 153.1958260 153.1677392 
1022.0000000 152.9994075 152.9713206 
1023.0000000 152.8029889 152.7749021 
1024.0000000 152.6065704 152.5784835 
1025.0000000 152.4101518 152.3820650 
1026.0000000 152.2137333 152.1856464 
1027.0000000 152.0173147 151.9892278 
1028.0000000 151.8208962 151.7928093 
1029.0000000 151.6244776 151.5963907 
1030.0000000 151.4280591 151.3999722 
1031.0000000 151.2316405 151.2035536 
1032.0000000 151.0352220 151.0071351 
1033.0000000 150.8388034 150.8107165 
1034.0000000 150.6423849 150.6142980 
1035.0000000 150.4459663 150.4178794 
1036.0000000 150.2495478 150.2214609 
1037.0000000 150.0531292 150.0250423 
1038.0000000 149.8567107 149.8286238 
1039.0000000 149.6602921 149.6322052 
1040.0000000 149.4638736 149.4357867 
1041.0000000 149.2674550 149.2393681 
1042.0000000 149.0710365 149.0429496 
1043.0000000 148.8746179 148.8465310 
1044.0000000 148.6781993 148.6501125 
1045.0000000 148.4817808 148.4536939 
1046.0000000 148.2853622 148.2572754 
1047.0000000 148.0889437 148.0608568 
1048.0000000 147.8925251 147.8644383 
1049.0000000 147.6961066 147.6680197 
1050.0000000 147.4996880 147.4716012 
1051.0000000 147.3032695 147.2751826 
1052.0000000 147.1068509 147.0787641 
1053.0000000 146.9104324 146.8823455 
1054.0000000 146.7140138 146.6859270 
1055.0000000 146.5175953 146.4895084 
1056.0000000 146.3211767 146.2930899 
1057.0000000 146.1247582 146.0966713 
1058.0000000 145.9283396 145.9002528 
1059.0000000 145.7319211 145.7038342 
1060.0000000 145.5355025 145.5074157 
1061.0000000 145.3390840 145.3109971 
1062.0000000 145.1426654 145.1145786 
1063.0000000 144.9462469 144.9181600 
1064.0000000 144.7498283 144.7217415 
1065.0000000 144.5534098 144.5253229 
1066.0000000 144.3569912 144.3289044 
1067.0000000 144.1605727 144.1324858 
1068.0000000 143.9641541 143.9360673 
1069.0000000 143.7677356 143.7396487 
1070.0000000 143.5713170 143.5432302 
1071.0000000 143.3748985 143.3468116 
1072.0000000 143.1784799 143.1503931 
1073.0000000 142.9820614 142.9539745 
1074.0000000 142.7856428 142.7575560 
1075.0000000 142.5892243 142.5611374 
1076.0000000 142.3928057 142.3647189 
1077.0000000 142.1963872 142.1683003 
1078.0000000 141.9999686 141.9718818 
1079.0000000 141.8035501 141.7754632 
1080.0000000 141.6071315 141.5790447 
1081.0000000 141.4107130 141.3826261 
1082.0000000 141.2142944 141.1862076 
1083.0000000 141.0178759 140.9897890 
1084.0000000 140.8214573 140.7933705 
1085.0000000 140.6250388 140.5969519 
1086.0000000 140.4286202 140.4005334 
1087.0000000 140.2322017 140.2041148 
1088.0000000 140.0357831 140.0076963 
1089.0000000 139.8393646 139.8112777 
1090.0000000 139.6429460 139.6148592 
1091.0000000 139.4465275 139.4184406 
1092.0000000 139.2501089 139.2220221 
1093.0000000 139.0536904 139.0256035 
1094.0000000 138.8572718 138.8291850 
1095.0000000 138.6608533 138.6327664 
1096.0000000 138.4644347 138.4363479 
1097.0000000 138.2680162 138.2399293 
1098.0000000 138.0715976 138.0435108 
1099.0000000 137.8751791 137.8470922 
1100.0000000 137.6787605 137.6506737 
1101.0000000 137.4823420 137.4542551 
1102.0000000 137.2859234 137.2578366 
1103.0000000 137.0895049 137.0614180 
1104.0000000 136.8930863 136.8649995 
1105.0000000 136.6966678 136.6685809 
1106.0000000 136.5002492 136.4721624 
1107.0000000 136.3038307 136.2757438 
1108.0000000 136.1074121 136.0793253 
1109.0000000 135.9109936 135.8829067 
1110.0000000 135.7145750 135.6864882 
1111.0000000 135.5181565 135.4900696 
1112.0000000 135.3217379 135.2936511 
1113.0000000 135.1253194 135.0972325 
1114.0000000 134.9289008 134.9008140 
1115.0000000 134.7324823 134.7043954 
1116.0000000 134.5360637 134.5079769 
1117.0000000 134.3396452 134.3115583 
1118.0000000 134.1432266 134.1151398 
1119.0000000 133.9468081 133.9187212 
1120.0000000 133.7503895 133.7223027 
1121.0000000 133.5539710 133.5258841 
1122.0000000 133.3575524 133.3294656 
1123.0000000 133.1611339 133.1330470 
1124.0000000 132.9647153 132.9366285 
1125.0000000 132.7682968 132.7402099 
1126.0000000 132.5718782 132.5437914 
1127.0000000 132.3754597 132.3473728 
1128.0000000 132.1790411 132.1509543 
1129.0000000 131.9826226 131.9545357 
1130.0000000 131.7862040 131.7581172 
1131.0000000 131.5897855 131.5616986 
1132.0000000 131.3933669 131.3652801 
1133.0000000 131.1969484 131.1688615 
1134.0000000 131.0005298 130.9724430 
1135.0000000 130.8041113 130.7760244 
1136.0000000 130.6076927 130.5796059 
1137.0000000 130.4112742 130.3831873 
1138.0000000 130.2148556 130.1867688 
1139.0000000 130.0184371 129.9903502 
1140.0000000 129.8220185 129.7939317 
1141.0000000 129.6256000 129.5975131 
1142.0000000 129.4291814 129.4010946 
1143.0000000 129.2327629 129.2046760 
1144.0000000 129.0363443 129.0082575 
1145.0000000 128.8399258 128.8118389 
1146.0000000 128.6435072 128.6154204 
1147.0000000 128.4470887 128.4190018 
1148.0000000 128.2506701 128.2225833 
1149.0000000 128.0542516 128.0261647 
1150.0000000 127.8578330 127.8297462 
1151.0000000 127.6614145 127.6333276 
1152.0000000 127.4649959 127.4369091 
1153.0000000 127.2685774 127.2404905 
1154.0000000 127.0721588 127.0440720 
1155.0000000 126.8757403 126.8476534 
1156.0000000 126.6793217 126.6512349 
1157.0000000 126.4829032 126.4548163 
1158.0000000 126.2864846 126.2583978 
1159.0000000 126.0900661 126.0619792 
1160.0000000 125.8936475 125.8655607 
1161.0000000 125.6972290 125.6691421 
1162.0000000 125.5008104 125.4727236 
1163.0000000 125.3043919 125.2763050 
1164.0000000 125.1079733 125.0798865 
1165.0000000 124.9115548 124.8834679 
1166.0000000 124.7151362 124.6870494 
1167.0000000 124.5187177 124.4906308 
1168.0000000 124.3222991 124.2942123 
1169.0000000 124.1258806 124.0977937 
1170.0000000 123.9294620 123.9013752 
1171.0000000 123.7330435 123.7049566 
1172.0000000 123.5366249 123.5085381 
1173.0000000 123.3402064 123.3121195 
1174.0000000 123.1437878 123.1157010 
1175.0000000 122.9473693 122.9192824 
1176.0000000 122.7509507 122.7228639 
1177.0000000 122.5545322 122.5264453 
1178.0000000 122.3581136 122.3300267 
1179.0000000 122.1616951 122.1336082 
1180.0000000 121.9652765 121.9371896 
1181.0000000 121.7688580 121.7407711 
1182.0000000 121.5724394 121.5443525 
1183.0000000 121.3760209 121.3479340 
1184.0000000 121.1796023 121.1515154 
1185.0000000 120.9831838 120.9550969 
1186.0000000 120.7867652 120.7586783 
1187.0000000 120.5903467 120.5622598 
1188.0000000 120.3939281 120.3658412 
1189.0000000 120.1975096 120.1694227 
1190.0000000 120.0010910 119.9730041 
1191.0000000 119.8046725 119.7765856 
1192.0000000 119.6082539 119.5801670 
1193.0000000 119.4118354 119.3837485 
1194.0000000 119.2154168 119.1873299 
1195.0000000 119.0189982 118.9909114 
1196.0000000 118.8225797 118.7944928 
1197.0000000 118.6261611 118.5980743 
1198.0000000 118.4297426 118.4016557 
1199.0000000 118.2333240 118.2052372 
1200.0000000 118.0369055 118.0088186 
1201.0000000 117.8404869 117.8124001 
1202.0000000 117.6440684 117.6159815 
1203.0000000 117.4476498 117.4195630 
1204.0000000 117.2512313 117.2231444 
1205.0000000 117.0548127 117.0267259 
1206.0000000 116.8583942 116.8303073 
1207.0000000 116.6619756 116.6338888 
1208.0000000 116.4655571 116.4374702 
1209.0000000 116.2691385 116.2410517 
1210.0000000 116.0727200 116.0446331 
1211.0000000 115.8763014 115.8482146 
1212.0000000 115.6798829 115.6517960 
1213.0000000 115.4834643 115.4553775 
1214.0000000 115.2870458 115.2589589 
1215.0000000 115.0906272 115.0625404 
1216.0000000 114.8942087 114.8661218 
1217.0000000 114.6977901 114.6697033 
1218.0000000 114.5013716 114.4732847 
1219.0000000 114.3049530 114.2768662 
1220.0000000 114.1085345 114.0804476 
1221.0000000 113.9121159 113.8840291 
1222.0000000 113.7156974 113.6876105 
1223.0000000 113.5192788 113.4911920 
1224.0000000 113.3228603 113.2947734 
1225.0000000 113.1264417 113.0983549 
1226.0000000 112.9300232 112.9019363 
1227.0000000 112.7336046 112.7055178 
1228.0000000 112.5371861 112.5090992 
1229.0000000 112.3407675 112.3126807 
1230.0000000 112.1443490 112.1162621 
1231.0000000 111.9479304 111.9198436 
1232.0000000 111.7515119 111.7234250 
1233.0000000 111.5550933 111.5270065 
1234.0000000 111.3586748 111.3305879 
1235.0000000 111.1622562 111.1341694 
1236.0000000 110.9658377 110.9377508 
1237.0000000 110.7694191 110.7413323 
1238.0000000 110.5730006 110.5449137 
1239.0000000 110.3765820 110.3484952 
1240.0000000 110.1801635 110.1520766 
1241.0000000 109.9837449 109.9556581 
1242.0000000 109.7873264 109.7592395 
1243.0000000 109.5909078 109.5628210 
1244.0000000 109.3944893 109.3664024 
1245.0000000 109.1980707 109.1699839 
1246.0000000 109.0016522 108.9735653 
1247.0000000 108.8052336 108.7771468 
1248.0000000 108.6088151 108.5807282 
1249.0000000 108.4123965 108.3843097 
1250.0000000 108.2159780 108.1878911 
1251.0000000 108.0195594 107.9914726 
1252.0000000 107.8231409 107.7950540 
1253.0000000 107.6267223 107.5986355 
1254.0000000 107.4303038 107.4022169 
1255.0000000 107.2338852 107.2057984 
1256.0000000 107.0374667 107.0093798 
1257.0000000 106.8410481 106.8129613 
1258.0000000 106.6446296 106.6165427 
1259.0000000 106.4482110 106.4201242 
1260.0000000 106.2517925 106.2237056 
1261.0000000 106.0553739 106.0272871 
1262.0000000 105.8589554 105.8308685 
1263.0000000 105.6625368 105.6344500 
1264.0000000 105.4661183 105.4380314 
1265.0000000 105.2696997 105.2416129 
1266.0000000 105.0732812 105.0451943 
1267.0000000 104.8768626 104.8487758 
1268.0000000 104.6804441 104.6523572 
1269.0000000 104.4840255 104.4559387 
1270.0000000 104.2876070 104.2595201 
1271.0000000 104.0911884 104.0631016 
1272.0000000 103.8947699 103.8666830 
1273.0000000 103.6983513 103.6702645 
1274.0000000 103.5019328 103.4738459 
1275.0000000 103.3055142 103.2774274 
1276.0000000 103.1090957 103.0810088 
1277.0000000 102.9126771 102.8845903 
1278.0000000 102.7162586 102.6881717 
1279.0000000 102.5198400 102.4917532 
1280.0000000 102.3234215 102.2953346 
1281.0000000 102.1270029 102.0989161 
1282.0000000 101.9305844 101.9024975 
1283.0000000 101.7341658 101.7060790 
1284.0000000 101.5377473 101.5096604 
1285.0000000 101.3413287 101.3132419 
1286.0000000 101.1449102 101.1168233 
1287.0000000 100.9484916 100.9204048 
1288.0000000 100.7520731 100.7239862 
1289.0000000 100.5556545 100.5275677 
1290.0000000 100.3592360 100.3311491 
1291.0000000 100.1628174 100.1347306 
1292.0000000 99.9663989 99.9383120 
1293.0000000 99.7699803 99.7418935 
1294.0000000 99.5735618 99.5454749 
1295.0000000 99.3771432 99.3490564 
1296.0000000 99.1807247 99.1526378 
1297.0000000 98.9843061 98.9562193 
1298.0000000 98.7878876 98.7598007 
1299.0000000 98.5914690 98.5633822 
1300.0000000 98.3950505 98.3669636 
1301.0000000 98.1986319 98.1705451 
1302.0000000 98.0022134 97.9741265 
1303.0000000 97.8057948 97.7777080 
1304.0000000 97.6093763 97.5812894 
1305.0000000 97.4129577 97.3848709 
1306.0000000 97.2165392 97.1884523 
1307.0000000 97.0201206 96.9920338 
1308.0000000 96.8237021 96.7956152 
1309.0000000 96.6272835 96.5991967 
1310.0000000 96.4308650 96.4027781 
1311.0000000 96.2344464 96.2063596 
1312.0000000 96.0380279 96.0099410 
1313.0000000 95.8416093 95.8135225 
1314.0000000 95.6451908 95.6171039 
1315.0000000 95.4487722 95.4206854 
1316.0000000 95.2523537 95.2242668 
1317.0000000 95.0559351 95.0278483 
1318.0000000 94.8595166 94.8314297 
1319.0000000 94.6630980 94.6350112 
1320.0000000 94.4666795 94.4385926 
1321.0000000 94.2702609 94.2421741 
1322.0000000 94.0738424 94.0457555 
1323.0000000 93.8774238 93.8493370 
1324.0000000 93.6810053 93.6529184 
1325.0000000 93.4845867 93.4564999 
1326.0000000 93.2881682 93.2600813 
1327.0000000 93.0917496 93.0636628 
1328.0000000 92.8953311 92.8672442 
1329.0000000 92.6989125 92.6708256 
1330.0000000 92.5024940 92.4744071 
1331.0000000 92.3060754 92.2779885 
1332.0000000 92.1096569 92.0815700 
1333.0000000 91.9132383 91.8851514 
1334.0000000 91.7168198 91.6887329 
1335.0000000 91.5204012 91.4923143 
1336.0000000 91.3239827 91.2958958 
1337.0000000 91.1275641 91.0994772 
1338.0000000 90.9311456 90.9030587 
1339.0000000 90.7347270 90.7066401 
1340.0000000 90.5383085 90.5102216 
1341.0000000 90.3418899 90.3138030 
1342.0000000 90.1454714 90.1173845 
1343.0000000 89.9490528 89.9209659 
1344.0000000 89.7526343 89.7245474 
1345.0000000 89.5562157 89.5281288 
1346.0000000 89.3597971 89.3317103 
1347.0000000 89.1633786 89.1352917 
1348.0000000 88.9669600 88.9388732 
1349.0000000 88.7705415 88.7424546 
1350.0000000 88.5741229 88.5460361 
1351.0000000 88.3777044 88.3496175 
1352.0000000 88.1812858 88.1531990 
1353.0000000 87.9848673 87.9567804 
1354.0000000 87.7884487 87.7603619 
1355.0000000 87.5920302 87.5639433 
1356.0000000 87.3956116 87.3675248 
1357.0000000 87.1991931 87.1711062 
1358.0000000 87.0027745 86.9746877 
1359.0000000 86.8063560 86.7782691 
1360.0000000 86.6099374 86.5818506 
1361.0000000 86.4135189 86.3854320 
1362.0000000 86.2171003 86.1890135 
1363.0000000 86.0206818 85.9925949 
1364.0000000 85.8242632 85.7961764 
1365.0000000 85.6278447 85.5997578 
1366.0000000 85.4314261 85.4033393 
1367.0000000 85.2350076 85.2069207 
1368.0000000 85.0385890 85.0105022 
1369.0000000 84.8421705 84.8140836 
1370.0000000 84.6457519 84.6176651 
1371.0000000 84.4493334 84.4212465 
1372.0000000 84.2529148 84.2248280 
1373.0000000 84.0564963 84.0284094 
1374.0000000 83.8600777 83.8319909 
1375.0000000 83.6636592 83.6355723 
1376.0000000 83.4672406 83.4391538 
1377.0000000 83.2708221 83.2427352 
1378.0000000 83.0744035 83.0463167 
1379.0000000 82.8779850 82.8498981 
1380.0000000 82.6815664 82.6534796 
1381.0000000 82.4851479 82.4570610 
1382.0000000 82.2887293 82.2606425 
1383.0000000 82.0923108 82.0642239 
1384.0000000 81.8958922 81.8678054 
1385.0000000 81.6994737 81.6713868 
1386.0000000 81.5030551 81.4749683 
1387.0000000 81.3066366 81.2785497 
1388.0000000 81.1102180 81.0821312 
1389.0000000 80.9137995 80.8857126 
1390.0000000 80.7173809 80.6892941 
1391.0000000 80.5209624 80.4928755 
1392.0000000 80.3245438 80.2964570 
1393.0000000 80.1281253 80.1000384 
1394.0000000 79.9317067 79.9036199 
1395.0000000 79.7352882 79.7072013 
1396.0000000 79.5388696 79.5107828 
1397.0000000 79.3424511 79.3143642 
1398.0000000 79.1460325 79.1179457 
1399.0000000 78.9496140 78.9215271 
1400.0000000 78.7531954 78.7251086 
1401.0000000 78.5567769 78.5286900 
1402.0000000 78.3603583 78.3322715 
1403.0000000 78.1639398 78.1358529 
1404.0000000 77.9675212 77.9394344 
1405.0000000 77.7711027 77.7430158 
1406.0000000 77.5746841 77.5465973 
1407.0000000 77.3782656 77.3501787 
1408.0000000 77.1818470 77.1537602 
1409.0000000 76.9854285 76.9573416 
1410.0000000 76.7890099 76.7609231 
1411.0000000 76.5925914 76.5645045 
1412.0000000 76.3961728 76.3680860 
1413.0000000 76.1997543 76.1716674 
1414.0000000 76.0033357 75.9752489 
1415.0000000 75.8069172 75.7788303 
1416.0000000 75.6104986 75.5824118 
1417.0000000 75.4140801 75.3859932 
1418.0000000 75.2176615 75.1895747 
1419.0000000 75.0212430 74.9931561 
1420.0000000 74.8248244 74.7967376 
1421.0000000 74.6284059 74.6003190 
1422.0000000 74.4319873 74.4039005 
1423.0000000 74.2355688 74.2074819 
1424.0000000 74.0391502 74.0110634 
1425.0000000 73.8427317 73.8146448 
1426.0000000 73.6463131 73.6182263 
1427.0000000 73.4498946 73.4218077 
1428.0000000 73.2534760 73.2253892 
1429.0000000 73.0570575 73.0289706 
1430.0000000 72.8606389 72.8325521 
1431.0000000 72.6642204 72.6361335 
1432.0000000 72.4678018 72.4397150 
1433.0000000 72.2713833 72.2432964 
1434.0000000 72.0749647 72.0468779 
1435.0000000 71.8785462 71.8504593 
1436.0000000 71.6821276 71.6540408 
1437.0000000 71.4857091 71.4576222 
1438.0000000 71.2892905 71.2612037 
1439.0000000 71.0928720 71.0647851 
1440.0000000 70.8964534 70.8683666 
1441.0000000 70.7000349 70.6719480 
1442.0000000 70.5036163 70.4755295 
1443.0000000 70.3071978 70.2791109 
1444.0000000 70.1107792 70.0826924 
1445.0000000 69.9143607 69.8862738 
1446.0000000 69.7179421 69.6898553 
1447.0000000 69.5215236 69.4934367 
1448.0000000 69.3251050 69.2970182 
1449.0000000 69.1286865 69.1005996 
1450.0000000 68.9322679 68.9041811 
1451.0000000 68.7358494 68.7077625 
1452.0000000 68.5394308 68.5113440 
1453.0000000 68.3430123 68.3149254 
1454.0000000 68.1465937 68.1185069 
1455.0000000 67.9501752 67.9220883 
1456.0000000 67.7537566 67.7256698 
1457.0000000 67.5573381 67.5292512 
1458.0000000 67.3609195 67.3328327 
1459.0000000 67.1645010 67.1364141 
1460.0000000 66.9680824 66.9399956 
1461.0000000 66.7716639 66.7435770 
1462.0000000 66.5752453 66.5471585 
1463.0000000 66.3788268 66.3507399 
1464.0000000 66.1824082 66.1543214 
1465.0000000 65.9859897 65.9579028 
1466.0000000 65.7895711 65.7614843 
1467.0000000 65.5931526 65.5650657 
1468.0000000 65.3967340 65.3686472 
1469.0000000 65.2003155 65.1722286 
1470.0000000 65.0038969 64.9758101 
1471.0000000 64.8074784 64.7793915 
1472.0000000 64.6110598 64.5829730 
1473.0000000 64.4146413 64.3865544 
1474.0000000 64.2182227 64.1901359 
1475.0000000 64.0218042 63.9937173 
1476.0000000 63.8253856 63.7972988 
1477.0000000 63.6289671 63.6008802 
1478.0000000 63.4325485 63.4044617 
1479.0000000 63.2361300 63.2080431 
1480.0000000 63.0397114 63.0116246 
1481.0000000 62.8432929 62.8152060 
1482.0000000 62.6468743 62.6187874 
1483.0000000 62.4504558 62.4223689 
1484.0000000 62.2540372 62.2259503 
1485.0000000 62.0576187 62.0295318 
1486.0000000 61.8612001 61.8331132 
1487.0000000 61.6647816 61.6366947 
1488.0000000 61.4683630 61.4402761 
1489.0000000 61.2719445 61.2438576 
1490.0000000 61.0755259 61.0474390 
1491.0000000 60.8791074 60.8510205 
1492.0000000 60.6826888 60.6546019 
1493.0000000 60.4862703 60.4581834 
1494.0000000 60.2898517 60.2617648 
1495.0000000 60.0934332 60.0653463 
1496.0000000 59.8970146 59.8689277 
1497.0000000 59.7005961 59.6725092 
1498.0000000 59.5041775 59.4760906 
1499.0000000 59.3077589 59.2796721 
1500.0000000 59.1113404 59.0832535 
1501.0000000 58.9149218 58.8868350 
1502.0000000 58.7185033 58.6904164 
1503.0000000 58.5220847 58.4939979 
1504.0000000 58.3256662 58.2975793 
1505.0000000 58.1292476 58.1011608 
1506.0000000 57.9328291 57.9047422 
1507.0000000 57.7364105 57.7083237 
1508.0000000 57.5399920 57.5119051 
1509.0000000 57.3435734 57.3154866 
1510.0000000 57.1471549 57.1190680 
1511.0000000 56.9507363 56.9226495 
1512.0000000 56.7543178 56.7262309 
1513.0000000 56.5578992 56.5298124 
1514.0000000 56.3614807 56.3333938 
1515.0000000 56.1650621 56.1369753 
1516.0000000 55.9686436 55.9405567 
1517.0000000 55.7722250 55.7441382 
1518.0000000 55.5758065 55.5477196 
1519.0000000 55.3793879 55.3513011 
1520.0000000 55.1829694 55.1548825 
1521.0000000 54.9865508 54.9584640 
1522.0000000 54.7901323 54.7620454 
1523.0000000 54.5937137 54.5656269 
1524.0000000 54.3972952 54.3692083 
1525.0000000 54.2008766 54.1727898 
1526.0000000 54.0044581 53.9763712 
1527.0000000 53.8080395 53.7799527 
1528.0000000 53.6116210 53.5835341 
1529.0000000 53.4152024 53.3871156 
1530.0000000 53.2187839 53.1906970 
1531.0000000 53.0223653 52.9942785 
1532.0000000 52.8259468 52.7978599 
1533.0000000 52.6295282 52.6014414 
1534.0000000 52.4331097 52.4050228 
1535.0000000 52.2366911 52.2086043 
1536.0000000 52.0402726 52.0121857 
1537.0000000 51.8438540 51.8157672 
1538.0000000 51.6474355 51.6193486 
1539.0000000 51.4510169 51.4229301 
1540.0000000 51.2545984 51.2265115 
1541.0000000 51.0581798 51.0300930 
1542.0000000 50.8617613 50.8336744 
1543.0000000 50.6653427 50.6372559 
1544.0000000 50.4689242 50.4408373 
1545.0000000 50.2725056 50.2444188 
1546.0000000 50.0760871 50.0480002 
1547.0000000 49.8796685 49.8515817 
1548.0000000 49.6832500 49.6551631 
1549.0000000 49.4868314 49.4587446 
1550.0000000 49.2904129 49.2623260 
1551.0000000 49.0939943 49.0659075 
1552.0000000 48.8975758 48.8694889 
1553.0000000 48.7011572 48.6730704 
1554.0000000 48.5047387 48.4766518 
1555.0000000 48.3083201 48.2802333 
1556.0000000 48.1119016 48.0838147 
1557.0000000 47.9154830 47.8873962 
1558.0000000 47.7190645 47.6909776 
1559.0000000 47.5226459 47.4945591 
1560.0000000 47.3262274 47.2981405 
1561.0000000 47.1298088 47.1017220 
1562.0000000 46.9333903 46.9053034 
1563.0000000 46.7369717 46.7088849 
1564.0000000 46.5405532 46.5124663 
1565.0000000 46.3441346 46.3160478 
1566.0000000 46.1477161 46.1196292 
1567.0000000 45.9512975 45.9232107 
1568.0000000 45.7548790 45.7267921 
1569.0000000 45.5584604 45.5303736 
1570.0000000 45.3620419 45.3339550 
1571.0000000 45.1656233 45.1375365 
1572.0000000 44.9692048 44.9411179 
1573.0000000 44.7727862 44.7446994 
1574.0000000 44.5763677 44.5482808 
1575.0000000 44.3799491 44.3518623 
1576.0000000 44.1835306 44.1554437 
1577.0000000 43.9871120 43.9590252 
1578.0000000 43.7906935 43.7626066 
1579.0000000 43.5942749 43.5661881 
1580.0000000 43.3978564 43.3697695 
1581.0000000 43.2014378 43.1733510 
1582.0000000 43.0050193 42.9769324 
1583.0000000 42.8086007 42.7805139 
1584.0000000 42.6121822 42.5840953 
1585.0000000 42.4157636 42.3876768 
1586.0000000 42.2193451 42.1912582 
1587.0000000 42.0229265 41.9948397 
1588.0000000 41.8265080 41.7984211 
1589.0000000 41.6300894 41.6020026 
1590.0000000 41.4336709 41.4055840 
1591.0000000 41.2372523 41.2091655 
1592.0000000 41.0408338 41.0127469 
1593.0000000 40.8444152 40.8163284 
1594.0000000 40.6479967 40.6199098 
1595.0000000 40.4515781 40.4234913 
1596.0000000 40.2551596 40.2270727 
1597.0000000 40.0587410 40.0306542 
1598.0000000 39.8623225 39.8342356 
1599.0000000 39.6659039 39.6378171 
1600.0000000 39.4694854 39.4413985 
1601.0000000 39.2730668 39.2449800 
1602.0000000 39.0766483 39.0485614 
1603.0000000 38.8802297 38.8521429 
1604.0000000 38.6838112 38.6557243 
1605.0000000 38.4873926 38.4593058 
1606.0000000 38.2909741 38.2628872 
1607.0000000 38.0945555 38.0664687 
1608.0000000 37.8981370 37.8700501 
1609.0000000 37.7017184 37.6736316 
1610.0000000 37.5052999 37.4772130 
1611.0000000 37.3088813 37.2807945 
1612.0000000 37.1124628 37.0843759 
1613.0000000 36.9160442 36.8879574 
1614.0000000 36.7196257 36.6915388 
1615.0000000 36.5232071 36.4951203 
1616.0000000 36.3267886 36.2987017 
1617.0000000 36.1303700 36.1022832 
1618.0000000 35.9339515 35.9058646 
1619.0000000 35.7375329 35.7094461 
1620.0000000 35.5411144 35.5130275 
1621.0000000 35.3446958 35.3166090 
1622.0000000 35.1482773 35.1201904 
1623.0000000 34.9518587 34.9237719 
1624.0000000 34.7554402 34.7273533 
1625.0000000 34.5590216 34.5309348 
1626.0000000 34.3626031 34.3345162 
1627.0000000 34.1661845 34.1380977 
1628.0000000 33.9697660 33.9416791 
1629.0000000 33.7733474 33.7452606 
1630.0000000 33.5769289 33.5488420 
1631.0000000 33.3805103 33.3524235 
1632.0000000 33.1840918 33.1560049 
1633.0000000 32.9876732 32.9595863 
1634.0000000 32.7912547 32.7631678 
1635.0000000 32.5948361 32.5667492 
1636.0000000 32.3984176 32.3703307 
1637.0000000 32.2019990 32.1739121 
1638.0000000 32.0055805 31.9774936 
1639.0000000 31.8091619 31.7810750 
1640.0000000 31.6127434 31.5846565 
1641.0000000 31.4163248 31.3882379 
1642.0000000 31.2199063 31.1918194 
1643.0000000 31.0234877 30.9954008 
1644.0000000 30.8270692 30.7989823 
1645.0000000 30.6306506 30.6025637 
1646.0000000 30.4342321 30.4061452 
1647.0000000 30.2378135 30.2097266 
1648.0000000 30.0413950 30.0133081 
1649.0000000 29.8449764 29.8168895 
1650.0000000 29.6485578 29.6204710 
1651.0000000 29.4521393 29.4240524 
1652.0000000 29.2557207 29.2276339 
1653.0000000 29.0593022 29.0312153 
1654.0000000 28.8628836 28.8347968 
1655.0000000 28.6664651 28.6383782 
1656.0000000 28.4700465 28.4419597 
1657.0000000 28.2736280 28.2455411 
1658.0000000 28.0772094 28.0491226 
1659.0000000 27.8807909 27.8527040 
1660.0000000 27.6843723 27.6562855 
1661.0000000 27.4879538 27.4598669 
1662.0000000 27.2915352 27.2634484 
1663.0000000 27.0951167 27.0670298 
1664.0000000 26.8986981 26.8706113 
1665.0000000 26.7022796 26.6741927 
1666.0000000 26.5058610 26.4777742 
1667.0000000 26.3094425 26.2813556 
1668.0000000 26.1130239 26.0849371 
1669.0000000 25.9166054 25.8885185 
1670.0000000 25.7201868 25.6921000 
1671.0000000 25.5237683 25.4956814 
1672.0000000 25.3273497 25.2992629 
1673.0000000 25.1309312 25.1028443 
1674.0000000 24.9345126 24.9064258 
1675.0000000 24.7380941 24.7100072 
1676.0000000 24.5416755 24.5135887 
1677.0000000 24.3452570 24.3171701 
1678.0000000 24.1488384 24.1207516 
1679.0000000 23.9524199 23.9243330 
1680.0000000 23.7560013 23.7279145 
1681.0000000 23.5595828 23.5314959 
1682.0000000 23.3631642 23.3350774 
1683.0000000 23.1667457 23.1386588 
1684.0000000 22.9703271 22.9422403 
1685.0000000 22.7739086 22.7458217 
1686.0000000 22.5774900 22.5494032 
1687.0000000 22.3810715 22.3529846 
1688.0000000 22.1846529 22.1565661 
1689.0000000 21.9882344 21.9601475 
1690.0000000 21.7918158 21.7637290 
1691.0000000 21.5953973 21.5673104 
1692.0000000 21.3989787 21.3708919 
1693.0000000 21.2025602 21.1744733 
1694.0000000 21.0061416 20.9780548 
1695.0000000 20.8097231 20.7816362 
1696.0000000 20.6133045 20.5852177 
1697.0000000 20.4168860 20.3887991 
1698.0000000 20.2204674 20.1923806 
1699.0000000 20.0240489 19.9959620 
1700.0000000 19.8276303 19.7995435 
1701.0000000 19.6312118 19.6031249 
1702.0000000 19.4347932 19.4067064 
1703.0000000 19.2383747 19.2102878 
1704.0000000 19.0419561 19.0138693 
1705.0000000 18.8455376 18.8174507 
1706.0000000 18.6491190 18.6210322 
1707.0000000 18.4527005 18.4246136 
1708.0000000 18.2562819 18.2281951 
1709.0000000 18.0598634 18.0317765 
1710.0000000 17.8634448 17.8353580 
1711.0000000 17.6670263 17.6389394 
1712.0000000 17.4706077 17.4425209 
1713.0000000 17.2741892 17.2461023 
1714.0000000 17.0777706 17.0496838 
1715.0000000 16.8813521 16.8532652 
1716.0000000 16.6849335 16.6568467 
1717.0000000 16.4885150 16.4604281 
1718.0000000 16.2920964 16.2640096 
1719.0000000 16.0956779 16.0675910 
1720.0000000 15.8992593 15.8711725 
1721.0000000 15.7028408 15.6747539 
1722.0000000 15.5064222 15.4783354 
1723.0000000 15.3100037 15.2819168 
1724.0000000 15.1135851 15.0854983 
1725.0000000 14.9171666 14.8890797 
1726.0000000 14.7207480 14.6926612 
1727.0000000 14.5243295 14.4962426 
1728.0000000 14.3279109 14.2998241 
1729.0000000 14.1314924 14.1034055 
1730.0000000 13.9350738 13.9069870 
1731.0000000 13.7386553 13.7105684 
1732.0000000 13.5422367 13.5141499 
1733.0000000 13.3458182 13.3177313 
1734.0000000 13.1493996 13.1213128 
1735.0000000 12.9529811 12.9248942 
1736.0000000 12.7565625 12.7284757 
1737.0000000 12.5601440 12.5320571 
1738.0000000 12.3637254 12.3356386 
1739.0000000 12.1673069 12.1392200 
1740.0000000 11.9708883 11.9428015 
1741.0000000 11.7744698 11.7463829 
1742.0000000 11.5780512 11.5499644 
1743.0000000 11.3816327 11.3535458 
1744.0000000 11.1852141 11.1571273 
1745.0000000 10.9887956 10.9607087 
1746.0000000 10.7923770 10.7642902 
1747.0000000 10.5959585 10.5678716 
1748.0000000 10.3995399 10.3714531 
1749.0000000 10.2031214 10.1750345 
1750.0000000 10.0067028 9.9786160 
1751.0000000 9.8102843 9.7821974 
1752.0000000 9.6138657 9.5857789 
1753.0000000 9.4174472 9.3893603 
1754.0000000 9.2210286 9.1929418 
1755.0000000 9.0246101 8.9965232 
1756.0000000 8.8281915 8.8001047 
1757.0000000 8.6317730 8.6036861 
1758.0000000 8.4353544 8.4072676 
1759.0000000 8.2389359 8.2108490 
1760.0000000 8.0425173 8.0144305 
1761.0000000 7.8460988 7.8180119 
1762.0000000 7.6496802 7.6215934 
1763.0000000 7.4532617 7.4251748 
1764.0000000 7.2568431 7.2287563 
1765.0000000 7.0604246 7.0323377 
1766.0000000 6.8640060 6.8359192 
1767.0000000 6.6675875 6.6395006 
1768.0000000 6.4711689 6.4430821 
1769.0000000 6.2747504 6.2466635 
1770.0000000 6.0783318 6.0502450 
1771.0000000 5.8819133 5.8538264 
1772.0000000 5.6854947 5.6574079 
1773.0000000 5.4890762 5.4609893 
1774.0000000 5.2926576 5.2645708 
1775.0000000 5.0962391 5.0681522 
1776.0000000 4.8998205 4.8717337 
1777.0000000 4.7034020 4.6753151 
1778.0000000 4.5069834 4.4788966 
1779.0000000 4.3105649 4.2824780 
1780.0000000 4.1141463 4.0860595 
1781.0000000 3.9177278 3.8896409 
1782.0000000 3.7213092 3.6932224 
1783.0000000 3.5248907 3.4968038 
1784.0000000 3.3284721 3.3003852 
1785.0000000 3.1320536 3.1039667 
1786.0000000 2.9356350 2.9075481 
1787.0000000 2.7392165 2.7111296 
1788.0000000 2.5427979 2.5147110 
1789.0000000 2.3463794 2.3182925 
1790.0000000 2.1499608 2.1218739 
1791.0000000 1.9535423 1.9254554 
1792.0000000 1.7571237 1.7290368 
1793.0000000 1.5607052 1.5326183 
1794.0000000 1.3642866 1.3361997 
1795.0000000 1.1678681 1.1397812 
1796.0000000 0.9714495 0.9433626 
1797.0000000 0.7750310 0.7469441 
1798.0000000 0.5786124 0.5505255 
1799.0000000 0.3821939 0.3541070 
1800.0000000 0.1857753 0.1576884 

