1.0000000 353.6157067 353.5599557 
2.0000000 353.4192881 353.3635372 
3.0000000 353.2228696 353.1671186 
4.0000000 353.0264510 352.9707001 
5.0000000 352.8300325 352.7742815 
6.0000000 352.6336139 352.5778630 
7.0000000 352.4371954 352.3814444 
8.0000000 352.2407768 352.1850259 
9.0000000 352.0443583 351.9886073 
10.0000000 351.8479397 351.7921888 
11.0000000 351.6515212 351.5957702 
12.0000000 351.4551026 351.3993517 
13.0000000 351.2586841 351.2029331 
14.0000000 351.0622655 351.0065146 
15.0000000 350.8658470 350.8100960 
16.0000000 350.6694284 350.6136775 
17.0000000 350.4730099 350.4172589 
18.0000000 350.2765913 350.2208404 
19.0000000 350.0801728 350.0244218 
20.0000000 349.8837542 349.8280033 
21.0000000 349.6873357 349.6315847 
22.0000000 349.4909171 349.4351662 
23.0000000 349.2944986 349.2387476 
24.0000000 349.0980800 349.0423291 
25.0000000 348.9016615 348.8459105 
26.0000000 348.7052429 348.6494920 
27.0000000 348.5088244 348.4530734 
28.0000000 348.3124058 348.2566549 
29.0000000 348.1159873 348.0602363 
30.0000000 347.9195687 347.8638178 
31.0000000 347.7231502 347.6673992 
32.0000000 347.5267316 347.4709807 
33.0000000 347.3303131 347.2745621 
34.0000000 347.1338945 347.0781436 
35.0000000 346.9374760 346.8817250 
36.0000000 346.7410574 346.6853064 
37.0000000 346.5446389 346.4888879 
38.0000000 346.3482203 346.2924693 
39.0000000 346.1518018 346.0960508 
40.0000000 345.9553832 345.8996322 
41.0000000 345.7589647 345.7032137 
42.0000000 345.5625461 345.5067951 
43.0000000 345.3661276 345.3103766 
44.0000000 345.1697090 345.1139580 
45.0000000 344.9732905 344.9175395 
46.0000000 344.7768719 344.7211209 
47.0000000 344.5804534 344.5247024 
48.0000000 344.3840348 344.3282838 
49.0000000 344.1876163 344.1318653 
50.0000000 343.9911977 343.9354467 
51.0000000 343.7947792 343.7390282 
52.0000000 343.5983606 343.5426096 
53.0000000 343.4019421 343.3461911 
54.0000000 343.2055235 343.1497725 
55.0000000 343.0091050 342.9533540 
56.0000000 342.8126864 342.7569354 
57.0000000 342.6162679 342.5605169 
58.0000000 342.4198493 342.3640983 
59.0000000 342.2234308 342.1676798 
60.0000000 342.0270122 341.9712612 
61.0000000 341.8305937 341.7748427 
62.0000000 341.6341751 341.5784241 
63.0000000 341.4377566 341.3820056 
64.0000000 341.2413380 341.1855870 
65.0000000 341.0449195 340.9891685 
66.0000000 340.8485009 340.7927499 
67.0000000 340.6520824 340.5963314 
68.0000000 340.4556638 340.3999128 
69.0000000 340.2592453 340.2034943 
70.0000000 340.0628267 340.0070757 
71.0000000 339.8664082 339.8106572 
72.0000000 339.6699896 339.6142386 
73.0000000 339.4735711 339.4178201 
74.0000000 339.2771525 339.2214015 
75.0000000 339.0807340 339.0249830 
76.0000000 338.8843154 338.8285644 
77.0000000 338.6878969 338.6321459 
78.0000000 338.4914783 338.4357273 
79.0000000 338.2950598 338.2393088 
80.0000000 338.0986412 338.0428902 
81.0000000 337.9022227 337.8464717 
82.0000000 337.7058041 337.6500531 
83.0000000 337.5093856 337.4536346 
84.0000000 337.3129670 337.2572160 
85.0000000 337.1165485 337.0607975 
86.0000000 336.9201299 336.8643789 
87.0000000 336.7237114 336.6679604 
88.0000000 336.5272928 336.4715418 
89.0000000 336.3308743 336.2751233 
90.0000000 336.1344557 336.0787047 
91.0000000 335.9380372 335.8822862 
92.0000000 335.7416186 335.6858676 
93.0000000 335.5452001 335.4894491 
94.0000000 335.3487815 335.2930305 
95.0000000 335.1523630 335.0966120 
96.0000000 334.9559444 334.9001934 
97.0000000 334.7595259 334.7037749 
98.0000000 334.5631073 334.5073563 
99.0000000 334.3666888 334.3109378 
100.0000000 334.1702702 334.1145192 
101.0000000 333.9738517 333.9181007 
102.0000000 333.7774331 333.7216821 
103.0000000 333.5810146 333.5252636 
104.0000000 333.3845960 333.3288450 
105.0000000 333.1881775 333.1324265 
106.0000000 332.9917589 332.9360079 
107.0000000 332.7953403 332.7395894 
108.0000000 332.5989218 332.5431708 
109.0000000 332.4025032 332.3467523 
110.0000000 332.2060847 332.1503337 
111.0000000 332.0096661 331.9539152 
112.0000000 331.8132476 331.7574966 
113.0000000 331.6168290 331.5610781 
114.0000000 331.4204105 331.3646595 
115.0000000 331.2239919 331.1682410 
116.0000000 331.0275734 330.9718224 
117.0000000 330.8311548 330.7754039 
118.0000000 330.6347363 330.5789853 
119.0000000 330.4383177 330.3825668 
120.0000000 330.2418992 330.1861482 
121.0000000 330.0454806 329.9897297 
122.0000000 329.8490621 329.7933111 
123.0000000 329.6526435 329.5968926 
124.0000000 329.4562250 329.4004740 
125.0000000 329.2598064 329.2040555 
126.0000000 329.0633879 329.0076369 
127.0000000 328.8669693 328.8112184 
128.0000000 328.6705508 328.6147998 
129.0000000 328.4741322 328.4183813 
130.0000000 328.2777137 328.2219627 
131.0000000 328.0812951 328.0255442 
132.0000000 327.8848766 327.8291256 
133.0000000 327.6884580 327.6327071 
134.0000000 327.4920395 327.4362885 
135.0000000 327.2956209 327.2398700 
136.0000000 327.0992024 327.0434514 
137.0000000 326.9027838 326.8470329 
138.0000000 326.7063653 326.6506143 
139.0000000 326.5099467 326.4541958 
140.0000000 326.3135282 326.2577772 
141.0000000 326.1171096 326.0613587 
142.0000000 325.9206911 325.8649401 
143.0000000 325.7242725 325.6685216 
144.0000000 325.5278540 325.4721030 
145.0000000 325.3314354 325.2756845 
146.0000000 325.1350169 325.0792659 
147.0000000 324.9385983 324.8828474 
148.0000000 324.7421798 324.6864288 
149.0000000 324.5457612 324.4900103 
150.0000000 324.3493427 324.2935917 
151.0000000 324.1529241 324.0971732 
152.0000000 323.9565056 323.9007546 
153.0000000 323.7600870 323.7043361 
154.0000000 323.5636685 323.5079175 
155.0000000 323.3672499 323.3114990 
156.0000000 323.1708314 323.1150804 
157.0000000 322.9744128 322.9186619 
158.0000000 322.7779943 322.7222433 
159.0000000 322.5815757 322.5258248 
160.0000000 322.3851572 322.3294062 
161.0000000 322.1887386 322.1329877 
162.0000000 321.9923201 321.9365691 
163.0000000 321.7959015 321.7401506 
164.0000000 321.5994830 321.5437320 
165.0000000 321.4030644 321.3473135 
166.0000000 321.2066459 321.1508949 
167.0000000 321.0102273 320.9544764 
168.0000000 320.8138088 320.7580578 
169.0000000 320.6173902 320.5616393 
170.0000000 320.4209717 320.3652207 
171.0000000 320.2245531 320.1688022 
172.0000000 320.0281346 319.9723836 
173.0000000 319.8317160 319.7759651 
174.0000000 319.6352975 319.5795465 
175.0000000 319.4388789 319.3831280 
176.0000000 319.2424604 319.1867094 
177.0000000 319.0460418 318.9902909 
178.0000000 318.8496233 318.7938723 
179.0000000 318.6532047 318.5974538 
180.0000000 318.4567862 318.4010352 
181.0000000 318.2603676 318.2046167 
182.0000000 318.0639491 318.0081981 
183.0000000 317.8675305 317.8117796 
184.0000000 317.6711120 317.6153610 
185.0000000 317.4746934 317.4189425 
186.0000000 317.2782749 317.2225239 
187.0000000 317.0818563 317.0261053 
188.0000000 316.8854378 316.8296868 
189.0000000 316.6890192 316.6332682 
190.0000000 316.4926007 316.4368497 
191.0000000 316.2961821 316.2404311 
192.0000000 316.0997636 316.0440126 
193.0000000 315.9033450 315.8475940 
194.0000000 315.7069265 315.6511755 
195.0000000 315.5105079 315.4547569 
196.0000000 315.3140894 315.2583384 
197.0000000 315.1176708 315.0619198 
198.0000000 314.9212523 314.8655013 
199.0000000 314.7248337 314.6690827 
200.0000000 314.5284152 314.4726642 
201.0000000 314.3319966 314.2762456 
202.0000000 314.1355781 314.0798271 
203.0000000 313.9391595 313.8834085 
204.0000000 313.7427410 313.6869900 
205.0000000 313.5463224 313.4905714 
206.0000000 313.3499039 313.2941529 
207.0000000 313.1534853 313.0977343 
208.0000000 312.9570668 312.9013158 
209.0000000 312.7606482 312.7048972 
210.0000000 312.5642297 312.5084787 
211.0000000 312.3678111 312.3120601 
212.0000000 312.1713926 312.1156416 
213.0000000 311.9749740 311.9192230 
214.0000000 311.7785555 311.7228045 
215.0000000 311.5821369 311.5263859 
216.0000000 311.3857184 311.3299674 
217.0000000 311.1892998 311.1335488 
218.0000000 310.9928813 310.9371303 
219.0000000 310.7964627 310.7407117 
220.0000000 310.6000442 310.5442932 
221.0000000 310.4036256 310.3478746 
222.0000000 310.2072071 310.1514561 
223.0000000 310.0107885 309.9550375 
224.0000000 309.8143700 309.7586190 
225.0000000 309.6179514 309.5622004 
226.0000000 309.4215329 309.3657819 
227.0000000 309.2251143 309.1693633 
228.0000000 309.0286958 308.9729448 
229.0000000 308.8322772 308.7765262 
230.0000000 308.6358587 308.5801077 
231.0000000 308.4394401 308.3836891 
232.0000000 308.2430216 308.1872706 
233.0000000 308.0466030 307.9908520 
234.0000000 307.8501845 307.7944335 
235.0000000 307.6537659 307.5980149 
236.0000000 307.4573474 307.4015964 
237.0000000 307.2609288 307.2051778 
238.0000000 307.0645103 307.0087593 
239.0000000 306.8680917 306.8123407 
240.0000000 306.6716732 306.6159222 
241.0000000 306.4752546 306.4195036 
242.0000000 306.2788361 306.2230851 
243.0000000 306.0824175 306.0266665 
244.0000000 305.8859990 305.8302480 
245.0000000 305.6895804 305.6338294 
246.0000000 305.4931619 305.4374109 
247.0000000 305.2967433 305.2409923 
248.0000000 305.1003248 305.0445738 
249.0000000 304.9039062 304.8481552 
250.0000000 304.7074877 304.6517367 
251.0000000 304.5110691 304.4553181 
252.0000000 304.3146506 304.2588996 
253.0000000 304.1182320 304.0624810 
254.0000000 303.9218135 303.8660625 
255.0000000 303.7253949 303.6696439 
256.0000000 303.5289764 303.4732254 
257.0000000 303.3325578 303.2768068 
258.0000000 303.1361393 303.0803883 
259.0000000 302.9397207 302.8839697 
260.0000000 302.7433021 302.6875512 
261.0000000 302.5468836 302.4911326 
262.0000000 302.3504650 302.2947141 
263.0000000 302.1540465 302.0982955 
264.0000000 301.9576279 301.9018770 
265.0000000 301.7612094 301.7054584 
266.0000000 301.5647908 301.5090399 
267.0000000 301.3683723 301.3126213 
268.0000000 301.1719537 301.1162028 
269.0000000 300.9755352 300.9197842 
270.0000000 300.7791166 300.7233657 
271.0000000 300.5826981 300.5269471 
272.0000000 300.3862795 300.3305286 
273.0000000 300.1898610 300.1341100 
274.0000000 299.9934424 299.9376915 
275.0000000 299.7970239 299.7412729 
276.0000000 299.6006053 299.5448544 
277.0000000 299.4041868 299.3484358 
278.0000000 299.2077682 299.1520173 
279.0000000 299.0113497 298.9555987 
280.0000000 298.8149311 298.7591802 
281.0000000 298.6185126 298.5627616 
282.0000000 298.4220940 298.3663431 
283.0000000 298.2256755 298.1699245 
284.0000000 298.0292569 297.9735060 
285.0000000 297.8328384 297.7770874 
286.0000000 297.6364198 297.5806689 
287.0000000 297.4400013 297.3842503 
288.0000000 297.2435827 297.1878318 
289.0000000 297.0471642 296.9914132 
290.0000000 296.8507456 296.7949947 
291.0000000 296.6543271 296.5985761 
292.0000000 296.4579085 296.4021576 
293.0000000 296.2614900 296.2057390 
294.0000000 296.0650714 296.0093205 
295.0000000 295.8686529 295.8129019 
296.0000000 295.6722343 295.6164834 
297.0000000 295.4758158 295.4200648 
298.0000000 295.2793972 295.2236463 
299.0000000 295.0829787 295.0272277 
300.0000000 294.8865601 294.8308092 
301.0000000 294.6901416 294.6343906 
302.0000000 294.4937230 294.4379721 
303.0000000 294.2973045 294.2415535 
304.0000000 294.1008859 294.0451350 
305.0000000 293.9044674 293.8487164 
306.0000000 293.7080488 293.6522979 
307.0000000 293.5116303 293.4558793 
308.0000000 293.3152117 293.2594608 
309.0000000 293.1187932 293.0630422 
310.0000000 292.9223746 292.8666237 
311.0000000 292.7259561 292.6702051 
312.0000000 292.5295375 292.4737866 
313.0000000 292.3331190 292.2773680 
314.0000000 292.1367004 292.0809495 
315.0000000 291.9402819 291.8845309 
316.0000000 291.7438633 291.6881124 
317.0000000 291.5474448 291.4916938 
318.0000000 291.3510262 291.2952753 
319.0000000 291.1546077 291.0988567 
320.0000000 290.9581891 290.9024382 
321.0000000 290.7617706 290.7060196 
322.0000000 290.5653520 290.5096011 
323.0000000 290.3689335 290.3131825 
324.0000000 290.1725149 290.1167640 
325.0000000 289.9760964 289.9203454 
326.0000000 289.7796778 289.7239269 
327.0000000 289.5832593 289.5275083 
328.0000000 289.3868407 289.3310898 
329.0000000 289.1904222 289.1346712 
330.0000000 288.9940036 288.9382527 
331.0000000 288.7975851 288.7418341 
332.0000000 288.6011665 288.5454156 
333.0000000 288.4047480 288.3489970 
334.0000000 288.2083294 288.1525785 
335.0000000 288.0119109 287.9561599 
336.0000000 287.8154923 287.7597414 
337.0000000 287.6190738 287.5633228 
338.0000000 287.4226552 287.3669042 
339.0000000 287.2262367 287.1704857 
340.0000000 287.0298181 286.9740671 
341.0000000 286.8333996 286.7776486 
342.0000000 286.6369810 286.5812300 
343.0000000 286.4405625 286.3848115 
344.0000000 286.2441439 286.1883929 
345.0000000 286.0477254 285.9919744 
346.0000000 285.8513068 285.7955558 
347.0000000 285.6548883 285.5991373 
348.0000000 285.4584697 285.4027187 
349.0000000 285.2620512 285.2063002 
350.0000000 285.0656326 285.0098816 
351.0000000 284.8692141 284.8134631 
352.0000000 284.6727955 284.6170445 
353.0000000 284.4763770 284.4206260 
354.0000000 284.2799584 284.2242074 
355.0000000 284.0835399 284.0277889 
356.0000000 283.8871213 283.8313703 
357.0000000 283.6907028 283.6349518 
358.0000000 283.4942842 283.4385332 
359.0000000 283.2978657 283.2421147 
360.0000000 283.1014471 283.0456961 
361.0000000 282.9050286 282.8492776 
362.0000000 282.7086100 282.6528590 
363.0000000 282.5121915 282.4564405 
364.0000000 282.3157729 282.2600219 
365.0000000 282.1193544 282.0636034 
366.0000000 281.9229358 281.8671848 
367.0000000 281.7265173 281.6707663 
368.0000000 281.5300987 281.4743477 
369.0000000 281.3336802 281.2779292 
370.0000000 281.1372616 281.0815106 
371.0000000 280.9408431 280.8850921 
372.0000000 280.7444245 280.6886735 
373.0000000 280.5480060 280.4922550 
374.0000000 280.3515874 280.2958364 
375.0000000 280.1551689 280.0994179 
376.0000000 279.9587503 279.9029993 
377.0000000 279.7623318 279.7065808 
378.0000000 279.5659132 279.5101622 
379.0000000 279.3694947 279.3137437 
380.0000000 279.1730761 279.1173251 
381.0000000 278.9766576 278.9209066 
382.0000000 278.7802390 278.7244880 
383.0000000 278.5838205 278.5280695 
384.0000000 278.3874019 278.3316509 
385.0000000 278.1909834 278.1352324 
386.0000000 277.9945648 277.9388138 
387.0000000 277.7981463 277.7423953 
388.0000000 277.6017277 277.5459767 
389.0000000 277.4053092 277.3495582 
390.0000000 277.2088906 277.1531396 
391.0000000 277.0124721 276.9567211 
392.0000000 276.8160535 276.7603025 
393.0000000 276.6196350 276.5638840 
394.0000000 276.4232164 276.3674654 
395.0000000 276.2267979 276.1710469 
396.0000000 276.0303793 275.9746283 
397.0000000 275.8339608 275.7782098 
398.0000000 275.6375422 275.5817912 
399.0000000 275.4411237 275.3853727 
400.0000000 275.2447051 275.1889541 
401.0000000 275.0482866 274.9925356 
402.0000000 274.8518680 274.7961170 
403.0000000 274.6554495 274.5996985 
404.0000000 274.4590309 274.4032799 
405.0000000 274.2626124 274.2068614 
406.0000000 274.0661938 274.0104428 
407.0000000 273.8697753 273.8140243 
408.0000000 273.6733567 273.6176057 
409.0000000 273.4769382 273.4211872 
410.0000000 273.2805196 273.2247686 
411.0000000 273.0841010 273.0283501 
412.0000000 272.8876825 272.8319315 
413.0000000 272.6912639 272.6355130 
414.0000000 272.4948454 272.4390944 
415.0000000 272.2984268 272.2426759 
416.0000000 272.1020083 272.0462573 
417.0000000 271.9055897 271.8498388 
418.0000000 271.7091712 271.6534202 
419.0000000 271.5127526 271.4570017 
420.0000000 271.3163341 271.2605831 
421.0000000 271.1199155 271.0641646 
422.0000000 270.9234970 270.8677460 
423.0000000 270.7270784 270.6713275 
424.0000000 270.5306599 270.4749089 
425.0000000 270.3342413 270.2784904 
426.0000000 270.1378228 270.0820718 
427.0000000 269.9414042 269.8856533 
428.0000000 269.7449857 269.6892347 
429.0000000 269.5485671 269.4928162 
430.0000000 269.3521486 269.2963976 
431.0000000 269.1557300 269.0999791 
432.0000000 268.9593115 268.9035605 
433.0000000 268.7628929 268.7071420 
434.0000000 268.5664744 268.5107234 
435.0000000 268.3700558 268.3143049 
436.0000000 268.1736373 268.1178863 
437.0000000 267.9772187 267.9214678 
438.0000000 267.7808002 267.7250492 
439.0000000 267.5843816 267.5286307 
440.0000000 267.3879631 267.3322121 
441.0000000 267.1915445 267.1357936 
442.0000000 266.9951260 266.9393750 
443.0000000 266.7987074 266.7429565 
444.0000000 266.6022889 266.5465379 
445.0000000 266.4058703 266.3501194 
446.0000000 266.2094518 266.1537008 
447.0000000 266.0130332 265.9572823 
448.0000000 265.8166147 265.7608637 
449.0000000 265.6201961 265.5644452 
450.0000000 265.4237776 265.3680266 
451.0000000 265.2273590 265.1716081 
452.0000000 265.0309405 264.9751895 
453.0000000 264.8345219 264.7787710 
454.0000000 264.6381034 264.5823524 
455.0000000 264.4416848 264.3859339 
456.0000000 264.2452663 264.1895153 
457.0000000 264.0488477 263.9930968 
458.0000000 263.8524292 263.7966782 
459.0000000 263.6560106 263.6002597 
460.0000000 263.4595921 263.4038411 
461.0000000 263.2631735 263.2074226 
462.0000000 263.0667550 263.0110040 
463.0000000 262.8703364 262.8145855 
464.0000000 262.6739179 262.6181669 
465.0000000 262.4774993 262.4217484 
466.0000000 262.2810808 262.2253298 
467.0000000 262.0846622 262.0289113 
468.0000000 261.8882437 261.8324927 
469.0000000 261.6918251 261.6360742 
470.0000000 261.4954066 261.4396556 
471.0000000 261.2989880 261.2432371 
472.0000000 261.1025695 261.0468185 
473.0000000 260.9061509 260.8504000 
474.0000000 260.7097324 260.6539814 
475.0000000 260.5133138 260.4575629 
476.0000000 260.3168953 260.2611443 
477.0000000 260.1204767 260.0647258 
478.0000000 259.9240582 259.8683072 
479.0000000 259.7276396 259.6718887 
480.0000000 259.5312211 259.4754701 
481.0000000 259.3348025 259.2790516 
482.0000000 259.1383840 259.0826330 
483.0000000 258.9419654 258.8862145 
484.0000000 258.7455469 258.6897959 
485.0000000 258.5491283 258.4933774 
486.0000000 258.3527098 258.2969588 
487.0000000 258.1562912 258.1005403 
488.0000000 257.9598727 257.9041217 
489.0000000 257.7634541 257.7077032 
490.0000000 257.5670356 257.5112846 
491.0000000 257.3706170 257.3148660 
492.0000000 257.1741985 257.1184475 
493.0000000 256.9777799 256.9220289 
494.0000000 256.7813614 256.7256104 
495.0000000 256.5849428 256.5291918 
496.0000000 256.3885243 256.3327733 
497.0000000 256.1921057 256.1363547 
498.0000000 255.9956872 255.9399362 
499.0000000 255.7992686 255.7435176 
500.0000000 255.6028501 255.5470991 
501.0000000 255.4064315 255.3506805 
502.0000000 255.2100130 255.1542620 
503.0000000 255.0135944 254.9578434 
504.0000000 254.8171759 254.7614249 
505.0000000 254.6207573 254.5650063 
506.0000000 254.4243388 254.3685878 
507.0000000 254.2279202 254.1721692 
508.0000000 254.0315017 253.9757507 
509.0000000 253.8350831 253.7793321 
510.0000000 253.6386646 253.5829136 
511.0000000 253.4422460 253.3864950 
512.0000000 253.2458275 253.1900765 
513.0000000 253.0494089 252.9936579 
514.0000000 252.8529904 252.7972394 
515.0000000 252.6565718 252.6008208 
516.0000000 252.4601533 252.4044023 
517.0000000 252.2637347 252.2079837 
518.0000000 252.0673162 252.0115652 
519.0000000 251.8708976 251.8151466 
520.0000000 251.6744791 251.6187281 
521.0000000 251.4780605 251.4223095 
522.0000000 251.2816420 251.2258910 
523.0000000 251.0852234 251.0294724 
524.0000000 250.8888049 250.8330539 
525.0000000 250.6923863 250.6366353 
526.0000000 250.4959678 250.4402168 
527.0000000 250.2995492 250.2437982 
528.0000000 250.1031307 250.0473797 
529.0000000 249.9067121 249.8509611 
530.0000000 249.7102936 249.6545426 
531.0000000 249.5138750 249.4581240 
532.0000000 249.3174565 249.2617055 
533.0000000 249.1210379 249.0652869 
534.0000000 248.9246194 248.8688684 
535.0000000 248.7282008 248.6724498 
536.0000000 248.5317823 248.4760313 
537.0000000 248.3353637 248.2796127 
538.0000000 248.1389452 248.0831942 
539.0000000 247.9425266 247.8867756 
540.0000000 247.7461081 247.6903571 
541.0000000 247.5496895 247.4939385 
542.0000000 247.3532710 247.2975200 
543.0000000 247.1568524 247.1011014 
544.0000000 246.9604339 246.9046829 
545.0000000 246.7640153 246.7082643 
546.0000000 246.5675968 246.5118458 
547.0000000 246.3711782 246.3154272 
548.0000000 246.1747597 246.1190087 
549.0000000 245.9783411 245.9225901 
550.0000000 245.7819226 245.7261716 
551.0000000 245.5855040 245.5297530 
552.0000000 245.3890855 245.3333345 
553.0000000 245.1926669 245.1369159 
554.0000000 244.9962484 244.9404974 
555.0000000 244.7998298 244.7440788 
556.0000000 244.6034113 244.5476603 
557.0000000 244.4069927 244.3512417 
558.0000000 244.2105742 244.1548232 
559.0000000 244.0141556 243.9584046 
560.0000000 243.8177371 243.7619861 
561.0000000 243.6213185 243.5655675 
562.0000000 243.4249000 243.3691490 
563.0000000 243.2284814 243.1727304 
564.0000000 243.0320628 242.9763119 
565.0000000 242.8356443 242.7798933 
566.0000000 242.6392257 242.5834748 
567.0000000 242.4428072 242.3870562 
568.0000000 242.2463886 242.1906377 
569.0000000 242.0499701 241.9942191 
570.0000000 241.8535515 241.7978006 
571.0000000 241.6571330 241.6013820 
572.0000000 241.4607144 241.4049635 
573.0000000 241.2642959 241.2085449 
574.0000000 241.0678773 241.0121264 
575.0000000 240.8714588 240.8157078 
576.0000000 240.6750402 240.6192893 
577.0000000 240.4786217 240.4228707 
578.0000000 240.2822031 240.2264522 
579.0000000 240.0857846 240.0300336 
580.0000000 239.8893660 239.8336151 
581.0000000 239.6929475 239.6371965 
582.0000000 239.4965289 239.4407780 
583.0000000 239.3001104 239.2443594 
584.0000000 239.1036918 239.0479409 
585.0000000 238.9072733 238.8515223 
586.0000000 238.7108547 238.6551038 
587.0000000 238.5144362 238.4586852 
588.0000000 238.3180176 238.2622667 
589.0000000 238.1215991 238.0658481 
590.0000000 237.9251805 237.8694296 
591.0000000 237.7287620 237.6730110 
592.0000000 237.5323434 237.4765925 
593.0000000 237.3359249 237.2801739 
594.0000000 237.1395063 237.0837554 
595.0000000 236.9430878 236.8873368 
596.0000000 236.7466692 236.6909183 
597.0000000 236.5502507 236.4944997 
598.0000000 236.3538321 236.2980812 
599.0000000 236.1574136 236.1016626 
600.0000000 235.9609950 235.9052441 
601.0000000 235.7645765 235.7088255 
602.0000000 235.5681579 235.5124070 
603.0000000 235.3717394 235.3159884 
604.0000000 235.1753208 235.1195699 
605.0000000 234.9789023 234.9231513 
606.0000000 234.7824837 234.7267328 
607.0000000 234.5860652 234.5303142 
608.0000000 234.3896466 234.3338957 
609.0000000 234.1932281 234.1374771 
610.0000000 233.9968095 233.9410586 
611.0000000 233.8003910 233.7446400 
612.0000000 233.6039724 233.5482215 
613.0000000 233.4075539 233.3518029 
614.0000000 233.2111353 233.1553844 
615.0000000 233.0147168 232.9589658 
616.0000000 232.8182982 232.7625473 
617.0000000 232.6218797 232.5661287 
618.0000000 232.4254611 232.3697102 
619.0000000 232.2290426 232.1732916 
620.0000000 232.0326240 231.9768731 
621.0000000 231.8362055 231.7804545 
622.0000000 231.6397869 231.5840360 
623.0000000 231.4433684 231.3876174 
624.0000000 231.2469498 231.1911989 
625.0000000 231.0505313 230.9947803 
626.0000000 230.8541127 230.7983618 
627.0000000 230.6576942 230.6019432 
628.0000000 230.4612756 230.4055247 
629.0000000 230.2648571 230.2091061 
630.0000000 230.0684385 230.0126876 
631.0000000 229.8720200 229.8162690 
632.0000000 229.6756014 229.6198505 
633.0000000 229.4791829 229.4234319 
634.0000000 229.2827643 229.2270134 
635.0000000 229.0863458 229.0305948 
636.0000000 228.8899272 228.8341763 
637.0000000 228.6935087 228.6377577 
638.0000000 228.4970901 228.4413392 
639.0000000 228.3006716 228.2449206 
640.0000000 228.1042530 228.0485021 
641.0000000 227.9078345 227.8520835 
642.0000000 227.7114159 227.6556649 
643.0000000 227.5149974 227.4592464 
644.0000000 227.3185788 227.2628278 
645.0000000 227.1221603 227.0664093 
646.0000000 226.9257417 226.8699907 
647.0000000 226.7293232 226.6735722 
648.0000000 226.5329046 226.4771536 
649.0000000 226.3364861 226.2807351 
650.0000000 226.1400675 226.0843165 
651.0000000 225.9436490 225.8878980 
652.0000000 225.7472304 225.6914794 
653.0000000 225.5508119 225.4950609 
654.0000000 225.3543933 225.2986423 
655.0000000 225.1579748 225.1022238 
656.0000000 224.9615562 224.9058052 
657.0000000 224.7651377 224.7093867 
658.0000000 224.5687191 224.5129681 
659.0000000 224.3723006 224.3165496 
660.0000000 224.1758820 224.1201310 
661.0000000 223.9794635 223.9237125 
662.0000000 223.7830449 223.7272939 
663.0000000 223.5866264 223.5308754 
664.0000000 223.3902078 223.3344568 
665.0000000 223.1937893 223.1380383 
666.0000000 222.9973707 222.9416197 
667.0000000 222.8009522 222.7452012 
668.0000000 222.6045336 222.5487826 
669.0000000 222.4081151 222.3523641 
670.0000000 222.2116965 222.1559455 
671.0000000 222.0152780 221.9595270 
672.0000000 221.8188594 221.7631084 
673.0000000 221.6224409 221.5666899 
674.0000000 221.4260223 221.3702713 
675.0000000 221.2296038 221.1738528 
676.0000000 221.0331852 220.9774342 
677.0000000 220.8367667 220.7810157 
678.0000000 220.6403481 220.5845971 
679.0000000 220.4439296 220.3881786 
680.0000000 220.2475110 220.1917600 
681.0000000 220.0510925 219.9953415 
682.0000000 219.8546739 219.7989229 
683.0000000 219.6582554 219.6025044 
684.0000000 219.4618368 219.4060858 
685.0000000 219.2654183 219.2096673 
686.0000000 219.0689997 219.0132487 
687.0000000 218.8725812 218.8168302 
688.0000000 218.6761626 218.6204116 
689.0000000 218.4797441 218.4239931 
690.0000000 218.2833255 218.2275745 
691.0000000 218.0869070 218.0311560 
692.0000000 217.8904884 217.8347374 
693.0000000 217.6940699 217.6383189 
694.0000000 217.4976513 217.4419003 
695.0000000 217.3012328 217.2454818 
696.0000000 217.1048142 217.0490632 
697.0000000 216.9083957 216.8526447 
698.0000000 216.7119771 216.6562261 
699.0000000 216.5155586 216.4598076 
700.0000000 216.3191400 216.2633890 
701.0000000 216.1227215 216.0669705 
702.0000000 215.9263029 215.8705519 
703.0000000 215.7298844 215.6741334 
704.0000000 215.5334658 215.4777148 
705.0000000 215.3370473 215.2812963 
706.0000000 215.1406287 215.0848777 
707.0000000 214.9442102 214.8884592 
708.0000000 214.7477916 214.6920406 
709.0000000 214.5513731 214.4956221 
710.0000000 214.3549545 214.2992035 
711.0000000 214.1585360 214.1027850 
712.0000000 213.9621174 213.9063664 
713.0000000 213.7656989 213.7099479 
714.0000000 213.5692803 213.5135293 
715.0000000 213.3728617 213.3171108 
716.0000000 213.1764432 213.1206922 
717.0000000 212.9800246 212.9242737 
718.0000000 212.7836061 212.7278551 
719.0000000 212.5871875 212.5314366 
720.0000000 212.3907690 212.3350180 
721.0000000 212.1943504 212.1385995 
722.0000000 211.9979319 211.9421809 
723.0000000 211.8015133 211.7457624 
724.0000000 211.6050948 211.5493438 
725.0000000 211.4086762 211.3529253 
726.0000000 211.2122577 211.1565067 
727.0000000 211.0158391 210.9600882 
728.0000000 210.8194206 210.7636696 
729.0000000 210.6230020 210.5672511 
730.0000000 210.4265835 210.3708325 
731.0000000 210.2301649 210.1744140 
732.0000000 210.0337464 209.9779954 
733.0000000 209.8373278 209.7815769 
734.0000000 209.6409093 209.5851583 
735.0000000 209.4444907 209.3887398 
736.0000000 209.2480722 209.1923212 
737.0000000 209.0516536 208.9959027 
738.0000000 208.8552351 208.7994841 
739.0000000 208.6588165 208.6030656 
740.0000000 208.4623980 208.4066470 
741.0000000 208.2659794 208.2102285 
742.0000000 208.0695609 208.0138099 
743.0000000 207.8731423 207.8173914 
744.0000000 207.6767238 207.6209728 
745.0000000 207.4803052 207.4245543 
746.0000000 207.2838867 207.2281357 
747.0000000 207.0874681 207.0317172 
748.0000000 206.8910496 206.8352986 
749.0000000 206.6946310 206.6388801 
750.0000000 206.4982125 206.4424615 
751.0000000 206.3017939 206.2460430 
752.0000000 206.1053754 206.0496244 
753.0000000 205.9089568 205.8532059 
754.0000000 205.7125383 205.6567873 
755.0000000 205.5161197 205.4603688 
756.0000000 205.3197012 205.2639502 
757.0000000 205.1232826 205.0675317 
758.0000000 204.9268641 204.8711131 
759.0000000 204.7304455 204.6746946 
760.0000000 204.5340270 204.4782760 
761.0000000 204.3376084 204.2818575 
762.0000000 204.1411899 204.0854389 
763.0000000 203.9447713 203.8890204 
764.0000000 203.7483528 203.6926018 
765.0000000 203.5519342 203.4961833 
766.0000000 203.3555157 203.2997647 
767.0000000 203.1590971 203.1033462 
768.0000000 202.9626786 202.9069276 
769.0000000 202.7662600 202.7105091 
770.0000000 202.5698415 202.5140905 
771.0000000 202.3734229 202.3176720 
772.0000000 202.1770044 202.1212534 
773.0000000 201.9805858 201.9248349 
774.0000000 201.7841673 201.7284163 
775.0000000 201.5877487 201.5319978 
776.0000000 201.3913302 201.3355792 
777.0000000 201.1949116 201.1391607 
778.0000000 200.9984931 200.9427421 
779.0000000 200.8020745 200.7463236 
780.0000000 200.6056560 200.5499050 
781.0000000 200.4092374 200.3534865 
782.0000000 200.2128189 200.1570679 
783.0000000 200.0164003 199.9606494 
784.0000000 199.8199818 199.7642308 
785.0000000 199.6235632 199.5678123 
786.0000000 199.4271447 199.3713937 
787.0000000 199.2307261 199.1749752 
788.0000000 199.0343076 198.9785566 
789.0000000 198.8378890 198.7821381 
790.0000000 198.6414705 198.5857195 
791.0000000 198.4450519 198.3893010 
792.0000000 198.2486334 198.1928824 
793.0000000 198.0522148 197.9964638 
794.0000000 197.8557963 197.8000453 
795.0000000 197.6593777 197.6036267 
796.0000000 197.4629592 197.4072082 
797.0000000 197.2665406 197.2107896 
798.0000000 197.0701221 197.0143711 
799.0000000 196.8737035 196.8179525 
800.0000000 196.6772850 196.6215340 
801.0000000 196.4808664 196.4251154 
802.0000000 196.2844479 196.2286969 
803.0000000 196.0880293 196.0322783 
804.0000000 195.8916108 195.8358598 
805.0000000 195.6951922 195.6394412 
806.0000000 195.4987737 195.4430227 
807.0000000 195.3023551 195.2466041 
808.0000000 195.1059366 195.0501856 
809.0000000 194.9095180 194.8537670 
810.0000000 194.7130995 194.6573485 
811.0000000 194.5166809 194.4609299 
812.0000000 194.3202624 194.2645114 
813.0000000 194.1238438 194.0680928 
814.0000000 193.9274253 193.8716743 
815.0000000 193.7310067 193.6752557 
816.0000000 193.5345882 193.4788372 
817.0000000 193.3381696 193.2824186 
818.0000000 193.1417511 193.0860001 
819.0000000 192.9453325 192.8895815 
820.0000000 192.7489140 192.6931630 
821.0000000 192.5524954 192.4967444 
822.0000000 192.3560769 192.3003259 
823.0000000 192.1596583 192.1039073 
824.0000000 191.9632398 191.9074888 
825.0000000 191.7668212 191.7110702 
826.0000000 191.5704027 191.5146517 
827.0000000 191.3739841 191.3182331 
828.0000000 191.1775656 191.1218146 
829.0000000 190.9811470 190.9253960 
830.0000000 190.7847285 190.7289775 
831.0000000 190.5883099 190.5325589 
832.0000000 190.3918914 190.3361404 
833.0000000 190.1954728 190.1397218 
834.0000000 189.9990543 189.9433033 
835.0000000 189.8026357 189.7468847 
836.0000000 189.6062172 189.5504662 
837.0000000 189.4097986 189.3540476 
838.0000000 189.2133801 189.1576291 
839.0000000 189.0169615 188.9612105 
840.0000000 188.8205430 188.7647920 
841.0000000 188.6241244 188.5683734 
842.0000000 188.4277059 188.3719549 
843.0000000 188.2312873 188.1755363 
844.0000000 188.0348688 187.9791178 
845.0000000 187.8384502 187.7826992 
846.0000000 187.6420317 187.5862807 
847.0000000 187.4456131 187.3898621 
848.0000000 187.2491946 187.1934436 
849.0000000 187.0527760 186.9970250 
850.0000000 186.8563575 186.8006065 
851.0000000 186.6599389 186.6041879 
852.0000000 186.4635204 186.4077694 
853.0000000 186.2671018 186.2113508 
854.0000000 186.0706833 186.0149323 
855.0000000 185.8742647 185.8185137 
856.0000000 185.6778462 185.6220952 
857.0000000 185.4814276 185.4256766 
858.0000000 185.2850091 185.2292581 
859.0000000 185.0885905 185.0328395 
860.0000000 184.8921720 184.8364210 
861.0000000 184.6957534 184.6400024 
862.0000000 184.4993349 184.4435839 
863.0000000 184.3029163 184.2471653 
864.0000000 184.1064978 184.0507468 
865.0000000 183.9100792 183.8543282 
866.0000000 183.7136606 183.6579097 
867.0000000 183.5172421 183.4614911 
868.0000000 183.3208235 183.2650726 
869.0000000 183.1244050 183.0686540 
870.0000000 182.9279864 182.8722355 
871.0000000 182.7315679 182.6758169 
872.0000000 182.5351493 182.4793984 
873.0000000 182.3387308 182.2829798 
874.0000000 182.1423122 182.0865613 
875.0000000 181.9458937 181.8901427 
876.0000000 181.7494751 181.6937242 
877.0000000 181.5530566 181.4973056 
878.0000000 181.3566380 181.3008871 
879.0000000 181.1602195 181.1044685 
880.0000000 180.9638009 180.9080500 
881.0000000 180.7673824 180.7116314 
882.0000000 180.5709638 180.5152129 
883.0000000 180.3745453 180.3187943 
884.0000000 180.1781267 180.1223758 
885.0000000 179.9817082 179.9259572 
886.0000000 179.7852896 179.7295387 
887.0000000 179.5888711 179.5331201 
888.0000000 179.3924525 179.3367016 
889.0000000 179.1960340 179.1402830 
890.0000000 178.9996154 178.9438645 
891.0000000 178.8031969 178.7474459 
892.0000000 178.6067783 178.5510274 
893.0000000 178.4103598 178.3546088 
894.0000000 178.2139412 178.1581903 
895.0000000 178.0175227 177.9617717 
896.0000000 177.8211041 177.7653532 
897.0000000 177.6246856 177.5689346 
898.0000000 177.4282670 177.3725161 
899.0000000 177.2318485 177.1760975 
900.0000000 177.0354299 176.9796790 
901.0000000 176.8390114 176.7832604 
902.0000000 176.6425928 176.5868419 
903.0000000 176.4461743 176.3904233 
904.0000000 176.2497557 176.1940048 
905.0000000 176.0533372 175.9975862 
906.0000000 175.8569186 175.8011677 
907.0000000 175.6605001 175.6047491 
908.0000000 175.4640815 175.4083306 
909.0000000 175.2676630 175.2119120 
910.0000000 175.0712444 175.0154935 
911.0000000 174.8748259 174.8190749 
912.0000000 174.6784073 174.6226564 
913.0000000 174.4819888 174.4262378 
914.0000000 174.2855702 174.2298193 
915.0000000 174.0891517 174.0334007 
916.0000000 173.8927331 173.8369822 
917.0000000 173.6963146 173.6405636 
918.0000000 173.4998960 173.4441451 
919.0000000 173.3034775 173.2477265 
920.0000000 173.1070589 173.0513080 
921.0000000 172.9106404 172.8548894 
922.0000000 172.7142218 172.6584709 
923.0000000 172.5178033 172.4620523 
924.0000000 172.3213847 172.2656338 
925.0000000 172.1249662 172.0692152 
926.0000000 171.9285476 171.8727967 
927.0000000 171.7321291 171.6763781 
928.0000000 171.5357105 171.4799596 
929.0000000 171.3392920 171.2835410 
930.0000000 171.1428734 171.0871225 
931.0000000 170.9464549 170.8907039 
932.0000000 170.7500363 170.6942854 
933.0000000 170.5536178 170.4978668 
934.0000000 170.3571992 170.3014483 
935.0000000 170.1607807 170.1050297 
936.0000000 169.9643621 169.9086112 
937.0000000 169.7679436 169.7121926 
938.0000000 169.5715250 169.5157741 
939.0000000 169.3751065 169.3193555 
940.0000000 169.1786879 169.1229370 
941.0000000 168.9822694 168.9265184 
942.0000000 168.7858508 168.7300999 
943.0000000 168.5894323 168.5336813 
944.0000000 168.3930137 168.3372628 
945.0000000 168.1965952 168.1408442 
946.0000000 168.0001766 167.9444256 
947.0000000 167.8037581 167.7480071 
948.0000000 167.6073395 167.5515885 
949.0000000 167.4109210 167.3551700 
950.0000000 167.2145024 167.1587514 
951.0000000 167.0180839 166.9623329 
952.0000000 166.8216653 166.7659143 
953.0000000 166.6252468 166.5694958 
954.0000000 166.4288282 166.3730772 
955.0000000 166.2324097 166.1766587 
956.0000000 166.0359911 165.9802401 
957.0000000 165.8395726 165.7838216 
958.0000000 165.6431540 165.5874030 
959.0000000 165.4467355 165.3909845 
960.0000000 165.2503169 165.1945659 
961.0000000 165.0538984 164.9981474 
962.0000000 164.8574798 164.8017288 
963.0000000 164.6610613 164.6053103 
964.0000000 164.4646427 164.4088917 
965.0000000 164.2682242 164.2124732 
966.0000000 164.0718056 164.0160546 
967.0000000 163.8753871 163.8196361 
968.0000000 163.6789685 163.6232175 
969.0000000 163.4825500 163.4267990 
970.0000000 163.2861314 163.2303804 
971.0000000 163.0897129 163.0339619 
972.0000000 162.8932943 162.8375433 
973.0000000 162.6968758 162.6411248 
974.0000000 162.5004572 162.4447062 
975.0000000 162.3040387 162.2482877 
976.0000000 162.1076201 162.0518691 
977.0000000 161.9112016 161.8554506 
978.0000000 161.7147830 161.6590320 
979.0000000 161.5183645 161.4626135 
980.0000000 161.3219459 161.2661949 
981.0000000 161.1255274 161.0697764 
982.0000000 160.9291088 160.8733578 
983.0000000 160.7326903 160.6769393 
984.0000000 160.5362717 160.4805207 
985.0000000 160.3398532 160.2841022 
986.0000000 160.1434346 160.0876836 
987.0000000 159.9470161 159.8912651 
988.0000000 159.7505975 159.6948465 
989.0000000 159.5541790 159.4984280 
990.0000000 159.3577604 159.3020094 
991.0000000 159.1613419 159.1055909 
992.0000000 158.9649233 158.9091723 
993.0000000 158.7685048 158.7127538 
994.0000000 158.5720862 158.5163352 
995.0000000 158.3756677 158.3199167 
996.0000000 158.1792491 158.1234981 
997.0000000 157.9828306 157.9270796 
998.0000000 157.7864120 157.7306610 
999.0000000 157.5899935 157.5342425 
1000.0000000 157.3935749 157.3378239 
1001.0000000 157.1971564 157.1414054 
1002.0000000 157.0007378 156.9449868 
1003.0000000 156.8043193 156.7485683 
1004.0000000 156.6079007 156.5521497 
1005.0000000 156.4114822 156.3557312 
1006.0000000 156.2150636 156.1593126 
1007.0000000 156.0186451 155.9628941 
1008.0000000 155.8222265 155.7664755 
1009.0000000 155.6258080 155.5700570 
1010.0000000 155.4293894 155.3736384 
1011.0000000 155.2329709 155.1772199 
1012.0000000 155.0365523 154.9808013 
1013.0000000 154.8401338 154.7843828 
1014.0000000 154.6437152 154.5879642 
1015.0000000 154.4472967 154.3915457 
1016.0000000 154.2508781 154.1951271 
1017.0000000 154.0544596 153.9987086 
1018.0000000 153.8580410 153.8022900 
1019.0000000 153.6616224 153.6058715 
1020.0000000 153.4652039 153.4094529 
1021.0000000 153.2687853 153.2130344 
1022.0000000 153.0723668 153.0166158 
1023.0000000 152.8759482 152.8201973 
1024.0000000 152.6795297 152.6237787 
1025.0000000 152.4831111 152.4273602 
1026.0000000 152.2866926 152.2309416 
1027.0000000 152.0902740 152.0345231 
1028.0000000 151.8938555 151.8381045 
1029.0000000 151.6974369 151.6416860 
1030.0000000 151.5010184 151.4452674 
1031.0000000 151.3045998 151.2488489 
1032.0000000 151.1081813 151.0524303 
1033.0000000 150.9117627 150.8560118 
1034.0000000 150.7153442 150.6595932 
1035.0000000 150.5189256 150.4631747 
1036.0000000 150.3225071 150.2667561 
1037.0000000 150.1260885 150.0703376 
1038.0000000 149.9296700 149.8739190 
1039.0000000 149.7332514 149.6775005 
1040.0000000 149.5368329 149.4810819 
1041.0000000 149.3404143 149.2846634 
1042.0000000 149.1439958 149.0882448 
1043.0000000 148.9475772 148.8918263 
1044.0000000 148.7511587 148.6954077 
1045.0000000 148.5547401 148.4989892 
1046.0000000 148.3583216 148.3025706 
1047.0000000 148.1619030 148.1061521 
1048.0000000 147.9654845 147.9097335 
1049.0000000 147.7690659 147.7133150 
1050.0000000 147.5726474 147.5168964 
1051.0000000 147.3762288 147.3204779 
1052.0000000 147.1798103 147.1240593 
1053.0000000 146.9833917 146.9276408 
1054.0000000 146.7869732 146.7312222 
1055.0000000 146.5905546 146.5348037 
1056.0000000 146.3941361 146.3383851 
1057.0000000 146.1977175 146.1419666 
1058.0000000 146.0012990 145.9455480 
1059.0000000 145.8048804 145.7491295 
1060.0000000 145.6084619 145.5527109 
1061.0000000 145.4120433 145.3562924 
1062.0000000 145.2156248 145.1598738 
1063.0000000 145.0192062 144.9634553 
1064.0000000 144.8227877 144.7670367 
1065.0000000 144.6263691 144.5706182 
1066.0000000 144.4299506 144.3741996 
1067.0000000 144.2335320 144.1777811 
1068.0000000 144.0371135 143.9813625 
1069.0000000 143.8406949 143.7849440 
1070.0000000 143.6442764 143.5885254 
1071.0000000 143.4478578 143.3921069 
1072.0000000 143.2514393 143.1956883 
1073.0000000 143.0550207 142.9992698 
1074.0000000 142.8586022 142.8028512 
1075.0000000 142.6621836 142.6064327 
1076.0000000 142.4657651 142.4100141 
1077.0000000 142.2693465 142.2135956 
1078.0000000 142.0729280 142.0171770 
1079.0000000 141.8765094 141.8207585 
1080.0000000 141.6800909 141.6243399 
1081.0000000 141.4836723 141.4279214 
1082.0000000 141.2872538 141.2315028 
1083.0000000 141.0908352 141.0350843 
1084.0000000 140.8944167 140.8386657 
1085.0000000 140.6979981 140.6422472 
1086.0000000 140.5015796 140.4458286 
1087.0000000 140.3051610 140.2494101 
1088.0000000 140.1087425 140.0529915 
1089.0000000 139.9123239 139.8565730 
1090.0000000 139.7159054 139.6601544 
1091.0000000 139.5194868 139.4637359 
1092.0000000 139.3230683 139.2673173 
1093.0000000 139.1266497 139.0708988 
1094.0000000 138.9302312 138.8744802 
1095.0000000 138.7338126 138.6780617 
1096.0000000 138.5373941 138.4816431 
1097.0000000 138.3409755 138.2852245 
1098.0000000 138.1445570 138.0888060 
1099.0000000 137.9481384 137.8923874 
1100.0000000 137.7517199 137.6959689 
1101.0000000 137.5553013 137.4995503 
1102.0000000 137.3588828 137.3031318 
1103.0000000 137.1624642 137.1067132 
1104.0000000 136.9660457 136.9102947 
1105.0000000 136.7696271 136.7138761 
1106.0000000 136.5732086 136.5174576 
1107.0000000 136.3767900 136.3210390 
1108.0000000 136.1803715 136.1246205 
1109.0000000 135.9839529 135.9282019 
1110.0000000 135.7875344 135.7317834 
1111.0000000 135.5911158 135.5353648 
1112.0000000 135.3946973 135.3389463 
1113.0000000 135.1982787 135.1425277 
1114.0000000 135.0018602 134.9461092 
1115.0000000 134.8054416 134.7496906 
1116.0000000 134.6090231 134.5532721 
1117.0000000 134.4126045 134.3568535 
1118.0000000 134.2161860 134.1604350 
1119.0000000 134.0197674 133.9640164 
1120.0000000 133.8233489 133.7675979 
1121.0000000 133.6269303 133.5711793 
1122.0000000 133.4305118 133.3747608 
1123.0000000 133.2340932 133.1783422 
1124.0000000 133.0376747 132.9819237 
1125.0000000 132.8412561 132.7855051 
1126.0000000 132.6448376 132.5890866 
1127.0000000 132.4484190 132.3926680 
1128.0000000 132.2520005 132.1962495 
1129.0000000 132.0555819 131.9998309 
1130.0000000 131.8591634 131.8034124 
1131.0000000 131.6627448 131.6069938 
1132.0000000 131.4663263 131.4105753 
1133.0000000 131.2699077 131.2141567 
1134.0000000 131.0734892 131.0177382 
1135.0000000 130.8770706 130.8213196 
1136.0000000 130.6806521 130.6249011 
1137.0000000 130.4842335 130.4284825 
1138.0000000 130.2878150 130.2320640 
1139.0000000 130.0913964 130.0356454 
1140.0000000 129.8949779 129.8392269 
1141.0000000 129.6985593 129.6428083 
1142.0000000 129.5021408 129.4463898 
1143.0000000 129.3057222 129.2499712 
1144.0000000 129.1093037 129.0535527 
1145.0000000 128.9128851 128.8571341 
1146.0000000 128.7164666 128.6607156 
1147.0000000 128.5200480 128.4642970 
1148.0000000 128.3236295 128.2678785 
1149.0000000 128.1272109 128.0714599 
1150.0000000 127.9307924 127.8750414 
1151.0000000 127.7343738 127.6786228 
1152.0000000 127.5379553 127.4822043 
1153.0000000 127.3415367 127.2857857 
1154.0000000 127.1451182 127.0893672 
1155.0000000 126.9486996 126.8929486 
1156.0000000 126.7522811 126.6965301 
1157.0000000 126.5558625 126.5001115 
1158.0000000 126.3594440 126.3036930 
1159.0000000 126.1630254 126.1072744 
1160.0000000 125.9666069 125.9108559 
1161.0000000 125.7701883 125.7144373 
1162.0000000 125.5737698 125.5180188 
1163.0000000 125.3773512 125.3216002 
1164.0000000 125.1809327 125.1251817 
1165.0000000 124.9845141 124.9287631 
1166.0000000 124.7880956 124.7323446 
1167.0000000 124.5916770 124.5359260 
1168.0000000 124.3952585 124.3395075 
1169.0000000 124.1988399 124.1430889 
1170.0000000 124.0024213 123.9466704 
1171.0000000 123.8060028 123.7502518 
1172.0000000 123.6095842 123.5538333 
1173.0000000 123.4131657 123.3574147 
1174.0000000 123.2167471 123.1609962 
1175.0000000 123.0203286 122.9645776 
1176.0000000 122.8239100 122.7681591 
1177.0000000 122.6274915 122.5717405 
1178.0000000 122.4310729 122.3753220 
1179.0000000 122.2346544 122.1789034 
1180.0000000 122.0382358 121.9824849 
1181.0000000 121.8418173 121.7860663 
1182.0000000 121.6453987 121.5896478 
1183.0000000 121.4489802 121.3932292 
1184.0000000 121.2525616 121.1968107 
1185.0000000 121.0561431 121.0003921 
1186.0000000 120.8597245 120.8039736 
1187.0000000 120.6633060 120.6075550 
1188.0000000 120.4668874 120.4111365 
1189.0000000 120.2704689 120.2147179 
1190.0000000 120.0740503 120.0182994 
1191.0000000 119.8776318 119.8218808 
1192.0000000 119.6812132 119.6254623 
1193.0000000 119.4847947 119.4290437 
1194.0000000 119.2883761 119.2326252 
1195.0000000 119.0919576 119.0362066 
1196.0000000 118.8955390 118.8397881 
1197.0000000 118.6991205 118.6433695 
1198.0000000 118.5027019 118.4469510 
1199.0000000 118.3062834 118.2505324 
1200.0000000 118.1098648 118.0541139 
1201.0000000 117.9134463 117.8576953 
1202.0000000 117.7170277 117.6612768 
1203.0000000 117.5206092 117.4648582 
1204.0000000 117.3241906 117.2684397 
1205.0000000 117.1277721 117.0720211 
1206.0000000 116.9313535 116.8756026 
1207.0000000 116.7349350 116.6791840 
1208.0000000 116.5385164 116.4827655 
1209.0000000 116.3420979 116.2863469 
1210.0000000 116.1456793 116.0899284 
1211.0000000 115.9492608 115.8935098 
1212.0000000 115.7528422 115.6970913 
1213.0000000 115.5564237 115.5006727 
1214.0000000 115.3600051 115.3042542 
1215.0000000 115.1635866 115.1078356 
1216.0000000 114.9671680 114.9114171 
1217.0000000 114.7707495 114.7149985 
1218.0000000 114.5743309 114.5185800 
1219.0000000 114.3779124 114.3221614 
1220.0000000 114.1814938 114.1257429 
1221.0000000 113.9850753 113.9293243 
1222.0000000 113.7886567 113.7329058 
1223.0000000 113.5922382 113.5364872 
1224.0000000 113.3958196 113.3400687 
1225.0000000 113.1994011 113.1436501 
1226.0000000 113.0029825 112.9472316 
1227.0000000 112.8065640 112.7508130 
1228.0000000 112.6101454 112.5543945 
1229.0000000 112.4137269 112.3579759 
1230.0000000 112.2173083 112.1615574 
1231.0000000 112.0208898 111.9651388 
1232.0000000 111.8244712 111.7687203 
1233.0000000 111.6280527 111.5723017 
1234.0000000 111.4316341 111.3758832 
1235.0000000 111.2352156 111.1794646 
1236.0000000 111.0387970 110.9830461 
1237.0000000 110.8423785 110.7866275 
1238.0000000 110.6459599 110.5902090 
1239.0000000 110.4495414 110.3937904 
1240.0000000 110.2531228 110.1973719 
1241.0000000 110.0567043 110.0009533 
1242.0000000 109.8602857 109.8045348 
1243.0000000 109.6638672 109.6081162 
1244.0000000 109.4674486 109.4116977 
1245.0000000 109.2710301 109.2152791 
1246.0000000 109.0746115 109.0188606 
1247.0000000 108.8781930 108.8224420 
1248.0000000 108.6817744 108.6260235 
1249.0000000 108.4853559 108.4296049 
1250.0000000 108.2889373 108.2331863 
1251.0000000 108.0925188 108.0367678 
1252.0000000 107.8961002 107.8403492 
1253.0000000 107.6996817 107.6439307 
1254.0000000 107.5032631 107.4475121 
1255.0000000 107.3068446 107.2510936 
1256.0000000 107.1104260 107.0546750 
1257.0000000 106.9140075 106.8582565 
1258.0000000 106.7175889 106.6618379 
1259.0000000 106.5211704 106.4654194 
1260.0000000 106.3247518 106.2690008 
1261.0000000 106.1283333 106.0725823 
1262.0000000 105.9319147 105.8761637 
1263.0000000 105.7354962 105.6797452 
1264.0000000 105.5390776 105.4833266 
1265.0000000 105.3426591 105.2869081 
1266.0000000 105.1462405 105.0904895 
1267.0000000 104.9498220 104.8940710 
1268.0000000 104.7534034 104.6976524 
1269.0000000 104.5569849 104.5012339 
1270.0000000 104.3605663 104.3048153 
1271.0000000 104.1641478 104.1083968 
1272.0000000 103.9677292 103.9119782 
1273.0000000 103.7713107 103.7155597 
1274.0000000 103.5748921 103.5191411 
1275.0000000 103.3784736 103.3227226 
1276.0000000 103.1820550 103.1263040 
1277.0000000 102.9856365 102.9298855 
1278.0000000 102.7892179 102.7334669 
1279.0000000 102.5927994 102.5370484 
1280.0000000 102.3963808 102.3406298 
1281.0000000 102.1999623 102.1442113 
1282.0000000 102.0035437 101.9477927 
1283.0000000 101.8071252 101.7513742 
1284.0000000 101.6107066 101.5549556 
1285.0000000 101.4142881 101.3585371 
1286.0000000 101.2178695 101.1621185 
1287.0000000 101.0214510 100.9657000 
1288.0000000 100.8250324 100.7692814 
1289.0000000 100.6286139 100.5728629 
1290.0000000 100.4321953 100.3764443 
1291.0000000 100.2357768 100.1800258 
1292.0000000 100.0393582 99.9836072 
1293.0000000 99.8429397 99.7871887 
1294.0000000 99.6465211 99.5907701 
1295.0000000 99.4501026 99.3943516 
1296.0000000 99.2536840 99.1979330 
1297.0000000 99.0572655 99.0015145 
1298.0000000 98.8608469 98.8050959 
1299.0000000 98.6644284 98.6086774 
1300.0000000 98.4680098 98.4122588 
1301.0000000 98.2715913 98.2158403 
1302.0000000 98.0751727 98.0194217 
1303.0000000 97.8787542 97.8230032 
1304.0000000 97.6823356 97.6265846 
1305.0000000 97.4859171 97.4301661 
1306.0000000 97.2894985 97.2337475 
1307.0000000 97.0930800 97.0373290 
1308.0000000 96.8966614 96.8409104 
1309.0000000 96.7002429 96.6444919 
1310.0000000 96.5038243 96.4480733 
1311.0000000 96.3074058 96.2516548 
1312.0000000 96.1109872 96.0552362 
1313.0000000 95.9145687 95.8588177 
1314.0000000 95.7181501 95.6623991 
1315.0000000 95.5217316 95.4659806 
1316.0000000 95.3253130 95.2695620 
1317.0000000 95.1288945 95.0731435 
1318.0000000 94.9324759 94.8767249 
1319.0000000 94.7360574 94.6803064 
1320.0000000 94.5396388 94.4838878 
1321.0000000 94.3432202 94.2874693 
1322.0000000 94.1468017 94.0910507 
1323.0000000 93.9503831 93.8946322 
1324.0000000 93.7539646 93.6982136 
1325.0000000 93.5575460 93.5017951 
1326.0000000 93.3611275 93.3053765 
1327.0000000 93.1647089 93.1089580 
1328.0000000 92.9682904 92.9125394 
1329.0000000 92.7718718 92.7161209 
1330.0000000 92.5754533 92.5197023 
1331.0000000 92.3790347 92.3232838 
1332.0000000 92.1826162 92.1268652 
1333.0000000 91.9861976 91.9304467 
1334.0000000 91.7897791 91.7340281 
1335.0000000 91.5933605 91.5376096 
1336.0000000 91.3969420 91.3411910 
1337.0000000 91.2005234 91.1447725 
1338.0000000 91.0041049 90.9483539 
1339.0000000 90.8076863 90.7519354 
1340.0000000 90.6112678 90.5555168 
1341.0000000 90.4148492 90.3590983 
1342.0000000 90.2184307 90.1626797 
1343.0000000 90.0220121 89.9662612 
1344.0000000 89.8255936 89.7698426 
1345.0000000 89.6291750 89.5734241 
1346.0000000 89.4327565 89.3770055 
1347.0000000 89.2363379 89.1805870 
1348.0000000 89.0399194 88.9841684 
1349.0000000 88.8435008 88.7877499 
1350.0000000 88.6470823 88.5913313 
1351.0000000 88.4506637 88.3949128 
1352.0000000 88.2542452 88.1984942 
1353.0000000 88.0578266 88.0020757 
1354.0000000 87.8614081 87.8056571 
1355.0000000 87.6649895 87.6092386 
1356.0000000 87.4685710 87.4128200 
1357.0000000 87.2721524 87.2164015 
1358.0000000 87.0757339 87.0199829 
1359.0000000 86.8793153 86.8235644 
1360.0000000 86.6828968 86.6271458 
1361.0000000 86.4864782 86.4307273 
1362.0000000 86.2900597 86.2343087 
1363.0000000 86.0936411 86.0378902 
1364.0000000 85.8972226 85.8414716 
1365.0000000 85.7008040 85.6450531 
1366.0000000 85.5043855 85.4486345 
1367.0000000 85.3079669 85.2522160 
1368.0000000 85.1115484 85.0557974 
1369.0000000 84.9151298 84.8593789 
1370.0000000 84.7187113 84.6629603 
1371.0000000 84.5222927 84.4665418 
1372.0000000 84.3258742 84.2701232 
1373.0000000 84.1294556 84.0737047 
1374.0000000 83.9330371 83.8772861 
1375.0000000 83.7366185 83.6808676 
1376.0000000 83.5402000 83.4844490 
1377.0000000 83.3437814 83.2880305 
1378.0000000 83.1473629 83.0916119 
1379.0000000 82.9509443 82.8951934 
1380.0000000 82.7545258 82.6987748 
1381.0000000 82.5581072 82.5023563 
1382.0000000 82.3616887 82.3059377 
1383.0000000 82.1652701 82.1095192 
1384.0000000 81.9688516 81.9131006 
1385.0000000 81.7724330 81.7166821 
1386.0000000 81.5760145 81.5202635 
1387.0000000 81.3795959 81.3238450 
1388.0000000 81.1831774 81.1274264 
1389.0000000 80.9867588 80.9310079 
1390.0000000 80.7903403 80.7345893 
1391.0000000 80.5939217 80.5381708 
1392.0000000 80.3975032 80.3417522 
1393.0000000 80.2010846 80.1453337 
1394.0000000 80.0046661 79.9489151 
1395.0000000 79.8082475 79.7524966 
1396.0000000 79.6118290 79.5560780 
1397.0000000 79.4154104 79.3596595 
1398.0000000 79.2189919 79.1632409 
1399.0000000 79.0225733 78.9668224 
1400.0000000 78.8261548 78.7704038 
1401.0000000 78.6297362 78.5739852 
1402.0000000 78.4333177 78.3775667 
1403.0000000 78.2368991 78.1811481 
1404.0000000 78.0404806 77.9847296 
1405.0000000 77.8440620 77.7883110 
1406.0000000 77.6476435 77.5918925 
1407.0000000 77.4512249 77.3954739 
1408.0000000 77.2548064 77.1990554 
1409.0000000 77.0583878 77.0026368 
1410.0000000 76.8619693 76.8062183 
1411.0000000 76.6655507 76.6097997 
1412.0000000 76.4691322 76.4133812 
1413.0000000 76.2727136 76.2169626 
1414.0000000 76.0762951 76.0205441 
1415.0000000 75.8798765 75.8241255 
1416.0000000 75.6834580 75.6277070 
1417.0000000 75.4870394 75.4312884 
1418.0000000 75.2906209 75.2348699 
1419.0000000 75.0942023 75.0384513 
1420.0000000 74.8977838 74.8420328 
1421.0000000 74.7013652 74.6456142 
1422.0000000 74.5049467 74.4491957 
1423.0000000 74.3085281 74.2527771 
1424.0000000 74.1121096 74.0563586 
1425.0000000 73.9156910 73.8599400 
1426.0000000 73.7192725 73.6635215 
1427.0000000 73.5228539 73.4671029 
1428.0000000 73.3264354 73.2706844 
1429.0000000 73.1300168 73.0742658 
1430.0000000 72.9335983 72.8778473 
1431.0000000 72.7371797 72.6814287 
1432.0000000 72.5407612 72.4850102 
1433.0000000 72.3443426 72.2885916 
1434.0000000 72.1479241 72.0921731 
1435.0000000 71.9515055 71.8957545 
1436.0000000 71.7550870 71.6993360 
1437.0000000 71.5586684 71.5029174 
1438.0000000 71.3622499 71.3064989 
1439.0000000 71.1658313 71.1100803 
1440.0000000 70.9694128 70.9136618 
1441.0000000 70.7729942 70.7172432 
1442.0000000 70.5765757 70.5208247 
1443.0000000 70.3801571 70.3244061 
1444.0000000 70.1837386 70.1279876 
1445.0000000 69.9873200 69.9315690 
1446.0000000 69.7909015 69.7351505 
1447.0000000 69.5944829 69.5387319 
1448.0000000 69.3980644 69.3423134 
1449.0000000 69.2016458 69.1458948 
1450.0000000 69.0052273 68.9494763 
1451.0000000 68.8088087 68.7530577 
1452.0000000 68.6123902 68.5566392 
1453.0000000 68.4159716 68.3602206 
1454.0000000 68.2195531 68.1638021 
1455.0000000 68.0231345 67.9673835 
1456.0000000 67.8267160 67.7709650 
1457.0000000 67.6302974 67.5745464 
1458.0000000 67.4338789 67.3781279 
1459.0000000 67.2374603 67.1817093 
1460.0000000 67.0410418 66.9852908 
1461.0000000 66.8446232 66.7888722 
1462.0000000 66.6482047 66.5924537 
1463.0000000 66.4517861 66.3960351 
1464.0000000 66.2553676 66.1996166 
1465.0000000 66.0589490 66.0031980 
1466.0000000 65.8625305 65.8067795 
1467.0000000 65.6661119 65.6103609 
1468.0000000 65.4696934 65.4139424 
1469.0000000 65.2732748 65.2175238 
1470.0000000 65.0768563 65.0211053 
1471.0000000 64.8804377 64.8246867 
1472.0000000 64.6840192 64.6282682 
1473.0000000 64.4876006 64.4318496 
1474.0000000 64.2911820 64.2354311 
1475.0000000 64.0947635 64.0390125 
1476.0000000 63.8983449 63.8425940 
1477.0000000 63.7019264 63.6461754 
1478.0000000 63.5055078 63.4497569 
1479.0000000 63.3090893 63.2533383 
1480.0000000 63.1126707 63.0569198 
1481.0000000 62.9162522 62.8605012 
1482.0000000 62.7198336 62.6640827 
1483.0000000 62.5234151 62.4676641 
1484.0000000 62.3269965 62.2712456 
1485.0000000 62.1305780 62.0748270 
1486.0000000 61.9341594 61.8784085 
1487.0000000 61.7377409 61.6819899 
1488.0000000 61.5413223 61.4855714 
1489.0000000 61.3449038 61.2891528 
1490.0000000 61.1484852 61.0927343 
1491.0000000 60.9520667 60.8963157 
1492.0000000 60.7556481 60.6998972 
1493.0000000 60.5592296 60.5034786 
1494.0000000 60.3628110 60.3070601 
1495.0000000 60.1663925 60.1106415 
1496.0000000 59.9699739 59.9142230 
1497.0000000 59.7735554 59.7178044 
1498.0000000 59.5771368 59.5213859 
1499.0000000 59.3807183 59.3249673 
1500.0000000 59.1842997 59.1285488 
1501.0000000 58.9878812 58.9321302 
1502.0000000 58.7914626 58.7357117 
1503.0000000 58.5950441 58.5392931 
1504.0000000 58.3986255 58.3428746 
1505.0000000 58.2022070 58.1464560 
1506.0000000 58.0057884 57.9500375 
1507.0000000 57.8093699 57.7536189 
1508.0000000 57.6129513 57.5572004 
1509.0000000 57.4165328 57.3607818 
1510.0000000 57.2201142 57.1643633 
1511.0000000 57.0236957 56.9679447 
1512.0000000 56.8272771 56.7715262 
1513.0000000 56.6308586 56.5751076 
1514.0000000 56.4344400 56.3786891 
1515.0000000 56.2380215 56.1822705 
1516.0000000 56.0416029 55.9858520 
1517.0000000 55.8451844 55.7894334 
1518.0000000 55.6487658 55.5930149 
1519.0000000 55.4523473 55.3965963 
1520.0000000 55.2559287 55.2001778 
1521.0000000 55.0595102 55.0037592 
1522.0000000 54.8630916 54.8073407 
1523.0000000 54.6666731 54.6109221 
1524.0000000 54.4702545 54.4145036 
1525.0000000 54.2738360 54.2180850 
1526.0000000 54.0774174 54.0216665 
1527.0000000 53.8809989 53.8252479 
1528.0000000 53.6845803 53.6288294 
1529.0000000 53.4881618 53.4324108 
1530.0000000 53.2917432 53.2359923 
1531.0000000 53.0953247 53.0395737 
1532.0000000 52.8989061 52.8431552 
1533.0000000 52.7024876 52.6467366 
1534.0000000 52.5060690 52.4503181 
1535.0000000 52.3096505 52.2538995 
1536.0000000 52.1132319 52.0574810 
1537.0000000 51.9168134 51.8610624 
1538.0000000 51.7203948 51.6646439 
1539.0000000 51.5239763 51.4682253 
1540.0000000 51.3275577 51.2718068 
1541.0000000 51.1311392 51.0753882 
1542.0000000 50.9347206 50.8789697 
1543.0000000 50.7383021 50.6825511 
1544.0000000 50.5418835 50.4861326 
1545.0000000 50.3454650 50.2897140 
1546.0000000 50.1490464 50.0932955 
1547.0000000 49.9526279 49.8968769 
1548.0000000 49.7562093 49.7004584 
1549.0000000 49.5597908 49.5040398 
1550.0000000 49.3633722 49.3076213 
1551.0000000 49.1669537 49.1112027 
1552.0000000 48.9705351 48.9147841 
1553.0000000 48.7741166 48.7183656 
1554.0000000 48.5776980 48.5219470 
1555.0000000 48.3812795 48.3255285 
1556.0000000 48.1848609 48.1291099 
1557.0000000 47.9884424 47.9326914 
1558.0000000 47.7920238 47.7362728 
1559.0000000 47.5956053 47.5398543 
1560.0000000 47.3991867 47.3434357 
1561.0000000 47.2027682 47.1470172 
1562.0000000 47.0063496 46.9505986 
1563.0000000 46.8099311 46.7541801 
1564.0000000 46.6135125 46.5577615 
1565.0000000 46.4170940 46.3613430 
1566.0000000 46.2206754 46.1649244 
1567.0000000 46.0242569 45.9685059 
1568.0000000 45.8278383 45.7720873 
1569.0000000 45.6314198 45.5756688 
1570.0000000 45.4350012 45.3792502 
1571.0000000 45.2385827 45.1828317 
1572.0000000 45.0421641 44.9864131 
1573.0000000 44.8457456 44.7899946 
1574.0000000 44.6493270 44.5935760 
1575.0000000 44.4529085 44.3971575 
1576.0000000 44.2564899 44.2007389 
1577.0000000 44.0600714 44.0043204 
1578.0000000 43.8636528 43.8079018 
1579.0000000 43.6672343 43.6114833 
1580.0000000 43.4708157 43.4150647 
1581.0000000 43.2743972 43.2186462 
1582.0000000 43.0779786 43.0222276 
1583.0000000 42.8815601 42.8258091 
1584.0000000 42.6851415 42.6293905 
1585.0000000 42.4887230 42.4329720 
1586.0000000 42.2923044 42.2365534 
1587.0000000 42.0958859 42.0401349 
1588.0000000 41.8994673 41.8437163 
1589.0000000 41.7030488 41.6472978 
1590.0000000 41.5066302 41.4508792 
1591.0000000 41.3102117 41.2544607 
1592.0000000 41.1137931 41.0580421 
1593.0000000 40.9173746 40.8616236 
1594.0000000 40.7209560 40.6652050 
1595.0000000 40.5245375 40.4687865 
1596.0000000 40.3281189 40.2723679 
1597.0000000 40.1317004 40.0759494 
1598.0000000 39.9352818 39.8795308 
1599.0000000 39.7388633 39.6831123 
1600.0000000 39.5424447 39.4866937 
1601.0000000 39.3460262 39.2902752 
1602.0000000 39.1496076 39.0938566 
1603.0000000 38.9531891 38.8974381 
1604.0000000 38.7567705 38.7010195 
1605.0000000 38.5603520 38.5046010 
1606.0000000 38.3639334 38.3081824 
1607.0000000 38.1675149 38.1117639 
1608.0000000 37.9710963 37.9153453 
1609.0000000 37.7746778 37.7189268 
1610.0000000 37.5782592 37.5225082 
1611.0000000 37.3818407 37.3260897 
1612.0000000 37.1854221 37.1296711 
1613.0000000 36.9890036 36.9332526 
1614.0000000 36.7925850 36.7368340 
1615.0000000 36.5961665 36.5404155 
1616.0000000 36.3997479 36.3439969 
1617.0000000 36.2033294 36.1475784 
1618.0000000 36.0069108 35.9511598 
1619.0000000 35.8104923 35.7547413 
1620.0000000 35.6140737 35.5583227 
1621.0000000 35.4176552 35.3619042 
1622.0000000 35.2212366 35.1654856 
1623.0000000 35.0248181 34.9690671 
1624.0000000 34.8283995 34.7726485 
1625.0000000 34.6319809 34.5762300 
1626.0000000 34.4355624 34.3798114 
1627.0000000 34.2391438 34.1833929 
1628.0000000 34.0427253 33.9869743 
1629.0000000 33.8463067 33.7905558 
1630.0000000 33.6498882 33.5941372 
1631.0000000 33.4534696 33.3977187 
1632.0000000 33.2570511 33.2013001 
1633.0000000 33.0606325 33.0048816 
1634.0000000 32.8642140 32.8084630 
1635.0000000 32.6677954 32.6120445 
1636.0000000 32.4713769 32.4156259 
1637.0000000 32.2749583 32.2192074 
1638.0000000 32.0785398 32.0227888 
1639.0000000 31.8821212 31.8263703 
1640.0000000 31.6857027 31.6299517 
1641.0000000 31.4892841 31.4335332 
1642.0000000 31.2928656 31.2371146 
1643.0000000 31.0964470 31.0406961 
1644.0000000 30.9000285 30.8442775 
1645.0000000 30.7036099 30.6478590 
1646.0000000 30.5071914 30.4514404 
1647.0000000 30.3107728 30.2550219 
1648.0000000 30.1143543 30.0586033 
1649.0000000 29.9179357 29.8621848 
1650.0000000 29.7215172 29.6657662 
1651.0000000 29.5250986 29.4693477 
1652.0000000 29.3286801 29.2729291 
1653.0000000 29.1322615 29.0765106 
1654.0000000 28.9358430 28.8800920 
1655.0000000 28.7394244 28.6836735 
1656.0000000 28.5430059 28.4872549 
1657.0000000 28.3465873 28.2908364 
1658.0000000 28.1501688 28.0944178 
1659.0000000 27.9537502 27.8979993 
1660.0000000 27.7573317 27.7015807 
1661.0000000 27.5609131 27.5051622 
1662.0000000 27.3644946 27.3087436 
1663.0000000 27.1680760 27.1123251 
1664.0000000 26.9716575 26.9159065 
1665.0000000 26.7752389 26.7194880 
1666.0000000 26.5788204 26.5230694 
1667.0000000 26.3824018 26.3266509 
1668.0000000 26.1859833 26.1302323 
1669.0000000 25.9895647 25.9338138 
1670.0000000 25.7931462 25.7373952 
1671.0000000 25.5967276 25.5409767 
1672.0000000 25.4003091 25.3445581 
1673.0000000 25.2038905 25.1481396 
1674.0000000 25.0074720 24.9517210 
1675.0000000 24.8110534 24.7553025 
1676.0000000 24.6146349 24.5588839 
1677.0000000 24.4182163 24.3624654 
1678.0000000 24.2217978 24.1660468 
1679.0000000 24.0253792 23.9696283 
1680.0000000 23.8289607 23.7732097 
1681.0000000 23.6325421 23.5767912 
1682.0000000 23.4361236 23.3803726 
1683.0000000 23.2397050 23.1839541 
1684.0000000 23.0432865 22.9875355 
1685.0000000 22.8468679 22.7911170 
1686.0000000 22.6504494 22.5946984 
1687.0000000 22.4540308 22.3982799 
1688.0000000 22.2576123 22.2018613 
1689.0000000 22.0611937 22.0054428 
1690.0000000 21.8647752 21.8090242 
1691.0000000 21.6683566 21.6126057 
1692.0000000 21.4719381 21.4161871 
1693.0000000 21.2755195 21.2197686 
1694.0000000 21.0791010 21.0233500 
1695.0000000 20.8826824 20.8269315 
1696.0000000 20.6862639 20.6305129 
1697.0000000 20.4898453 20.4340944 
1698.0000000 20.2934268 20.2376758 
1699.0000000 20.0970082 20.0412573 
1700.0000000 19.9005897 19.8448387 
1701.0000000 19.7041711 19.6484202 
1702.0000000 19.5077526 19.4520016 
1703.0000000 19.3113340 19.2555831 
1704.0000000 19.1149155 19.0591645 
1705.0000000 18.9184969 18.8627459 
1706.0000000 18.7220784 18.6663274 
1707.0000000 18.5256598 18.4699088 
1708.0000000 18.3292413 18.2734903 
1709.0000000 18.1328227 18.0770717 
1710.0000000 17.9364042 17.8806532 
1711.0000000 17.7399856 17.6842346 
1712.0000000 17.5435671 17.4878161 
1713.0000000 17.3471485 17.2913975 
1714.0000000 17.1507300 17.0949790 
1715.0000000 16.9543114 16.8985604 
1716.0000000 16.7578929 16.7021419 
1717.0000000 16.5614743 16.5057233 
1718.0000000 16.3650558 16.3093048 
1719.0000000 16.1686372 16.1128862 
1720.0000000 15.9722187 15.9164677 
1721.0000000 15.7758001 15.7200491 
1722.0000000 15.5793816 15.5236306 
1723.0000000 15.3829630 15.3272120 
1724.0000000 15.1865445 15.1307935 
1725.0000000 14.9901259 14.9343749 
1726.0000000 14.7937074 14.7379564 
1727.0000000 14.5972888 14.5415378 
1728.0000000 14.4008703 14.3451193 
1729.0000000 14.2044517 14.1487007 
1730.0000000 14.0080332 13.9522822 
1731.0000000 13.8116146 13.7558636 
1732.0000000 13.6151961 13.5594451 
1733.0000000 13.4187775 13.3630265 
1734.0000000 13.2223590 13.1666080 
1735.0000000 13.0259404 12.9701894 
1736.0000000 12.8295219 12.7737709 
1737.0000000 12.6331033 12.5773523 
1738.0000000 12.4366848 12.3809338 
1739.0000000 12.2402662 12.1845152 
1740.0000000 12.0438477 11.9880967 
1741.0000000 11.8474291 11.7916781 
1742.0000000 11.6510106 11.5952596 
1743.0000000 11.4545920 11.3988410 
1744.0000000 11.2581735 11.2024225 
1745.0000000 11.0617549 11.0060039 
1746.0000000 10.8653364 10.8095854 
1747.0000000 10.6689178 10.6131668 
1748.0000000 10.4724993 10.4167483 
1749.0000000 10.2760807 10.2203297 
1750.0000000 10.0796622 10.0239112 
1751.0000000 9.8832436 9.8274926 
1752.0000000 9.6868251 9.6310741 
1753.0000000 9.4904065 9.4346555 
1754.0000000 9.2939880 9.2382370 
1755.0000000 9.0975694 9.0418184 
1756.0000000 8.9011509 8.8453999 
1757.0000000 8.7047323 8.6489813 
1758.0000000 8.5083138 8.4525628 
1759.0000000 8.3118952 8.2561442 
1760.0000000 8.1154767 8.0597257 
1761.0000000 7.9190581 7.8633071 
1762.0000000 7.7226396 7.6668886 
1763.0000000 7.5262210 7.4704700 
1764.0000000 7.3298025 7.2740515 
1765.0000000 7.1333839 7.0776329 
1766.0000000 6.9369654 6.8812144 
1767.0000000 6.7405468 6.6847958 
1768.0000000 6.5441283 6.4883773 
1769.0000000 6.3477097 6.2919587 
1770.0000000 6.1512912 6.0955402 
1771.0000000 5.9548726 5.8991216 
1772.0000000 5.7584541 5.7027031 
1773.0000000 5.5620355 5.5062845 
1774.0000000 5.3656170 5.3098660 
1775.0000000 5.1691984 5.1134474 
1776.0000000 4.9727798 4.9170289 
1777.0000000 4.7763613 4.7206103 
1778.0000000 4.5799427 4.5241918 
1779.0000000 4.3835242 4.3277732 
1780.0000000 4.1871056 4.1313547 
1781.0000000 3.9906871 3.9349361 
1782.0000000 3.7942685 3.7385176 
1783.0000000 3.5978500 3.5420990 
1784.0000000 3.4014314 3.3456805 
1785.0000000 3.2050129 3.1492619 
1786.0000000 3.0085943 2.9528434 
1787.0000000 2.8121758 2.7564248 
1788.0000000 2.6157572 2.5600063 
1789.0000000 2.4193387 2.3635877 
1790.0000000 2.2229201 2.1671692 
1791.0000000 2.0265016 1.9707506 
1792.0000000 1.8300830 1.7743321 
1793.0000000 1.6336645 1.5779135 
1794.0000000 1.4372459 1.3814950 
1795.0000000 1.2408274 1.1850764 
1796.0000000 1.0444088 0.9886579 
1797.0000000 0.8479903 0.7922393 
1798.0000000 0.6515717 0.5958208 
1799.0000000 0.4551532 0.3994022 
1800.0000000 0.2587346 0.2029837 

