1.0000000 353.6222524 353.4923435 
2.0000000 353.4258338 353.2959249 
3.0000000 353.2294153 353.0995064 
4.0000000 353.0329967 352.9030878 
5.0000000 352.8365782 352.7066692 
6.0000000 352.6401596 352.5102507 
7.0000000 352.4437410 352.3138321 
8.0000000 352.2473225 352.1174136 
9.0000000 352.0509039 351.9209950 
10.0000000 351.8544854 351.7245765 
11.0000000 351.6580668 351.5281579 
12.0000000 351.4616483 351.3317394 
13.0000000 351.2652297 351.1353208 
14.0000000 351.0688112 350.9389023 
15.0000000 350.8723926 350.7424837 
16.0000000 350.6759741 350.5460652 
17.0000000 350.4795555 350.3496466 
18.0000000 350.2831370 350.1532281 
19.0000000 350.0867184 349.9568095 
20.0000000 349.8902999 349.7603910 
21.0000000 349.6938813 349.5639724 
22.0000000 349.4974628 349.3675539 
23.0000000 349.3010442 349.1711353 
24.0000000 349.1046257 348.9747168 
25.0000000 348.9082071 348.7782982 
26.0000000 348.7117886 348.5818797 
27.0000000 348.5153700 348.3854611 
28.0000000 348.3189515 348.1890426 
29.0000000 348.1225329 347.9926240 
30.0000000 347.9261144 347.7962055 
31.0000000 347.7296958 347.5997869 
32.0000000 347.5332773 347.4033684 
33.0000000 347.3368587 347.2069498 
34.0000000 347.1404402 347.0105313 
35.0000000 346.9440216 346.8141127 
36.0000000 346.7476031 346.6176942 
37.0000000 346.5511845 346.4212756 
38.0000000 346.3547660 346.2248571 
39.0000000 346.1583474 346.0284385 
40.0000000 345.9619289 345.8320200 
41.0000000 345.7655103 345.6356014 
42.0000000 345.5690918 345.4391829 
43.0000000 345.3726732 345.2427643 
44.0000000 345.1762547 345.0463458 
45.0000000 344.9798361 344.8499272 
46.0000000 344.7834176 344.6535087 
47.0000000 344.5869990 344.4570901 
48.0000000 344.3905805 344.2606716 
49.0000000 344.1941619 344.0642530 
50.0000000 343.9977434 343.8678345 
51.0000000 343.8013248 343.6714159 
52.0000000 343.6049063 343.4749974 
53.0000000 343.4084877 343.2785788 
54.0000000 343.2120692 343.0821603 
55.0000000 343.0156506 342.8857417 
56.0000000 342.8192321 342.6893232 
57.0000000 342.6228135 342.4929046 
58.0000000 342.4263950 342.2964861 
59.0000000 342.2299764 342.1000675 
60.0000000 342.0335579 341.9036490 
61.0000000 341.8371393 341.7072304 
62.0000000 341.6407208 341.5108119 
63.0000000 341.4443022 341.3143933 
64.0000000 341.2478837 341.1179748 
65.0000000 341.0514651 340.9215562 
66.0000000 340.8550466 340.7251377 
67.0000000 340.6586280 340.5287191 
68.0000000 340.4622095 340.3323006 
69.0000000 340.2657909 340.1358820 
70.0000000 340.0693724 339.9394635 
71.0000000 339.8729538 339.7430449 
72.0000000 339.6765353 339.5466264 
73.0000000 339.4801167 339.3502078 
74.0000000 339.2836982 339.1537893 
75.0000000 339.0872796 338.9573707 
76.0000000 338.8908611 338.7609522 
77.0000000 338.6944425 338.5645336 
78.0000000 338.4980240 338.3681151 
79.0000000 338.3016054 338.1716965 
80.0000000 338.1051869 337.9752780 
81.0000000 337.9087683 337.7788594 
82.0000000 337.7123498 337.5824409 
83.0000000 337.5159312 337.3860223 
84.0000000 337.3195127 337.1896038 
85.0000000 337.1230941 336.9931852 
86.0000000 336.9266756 336.7967667 
87.0000000 336.7302570 336.6003481 
88.0000000 336.5338385 336.4039296 
89.0000000 336.3374199 336.2075110 
90.0000000 336.1410014 336.0110925 
91.0000000 335.9445828 335.8146739 
92.0000000 335.7481643 335.6182554 
93.0000000 335.5517457 335.4218368 
94.0000000 335.3553272 335.2254183 
95.0000000 335.1589086 335.0289997 
96.0000000 334.9624901 334.8325812 
97.0000000 334.7660715 334.6361626 
98.0000000 334.5696530 334.4397441 
99.0000000 334.3732344 334.2433255 
100.0000000 334.1768159 334.0469070 
101.0000000 333.9803973 333.8504884 
102.0000000 333.7839788 333.6540699 
103.0000000 333.5875602 333.4576513 
104.0000000 333.3911417 333.2612328 
105.0000000 333.1947231 333.0648142 
106.0000000 332.9983046 332.8683957 
107.0000000 332.8018860 332.6719771 
108.0000000 332.6054675 332.4755586 
109.0000000 332.4090489 332.2791400 
110.0000000 332.2126304 332.0827215 
111.0000000 332.0162118 331.8863029 
112.0000000 331.8197933 331.6898844 
113.0000000 331.6233747 331.4934658 
114.0000000 331.4269562 331.2970473 
115.0000000 331.2305376 331.1006287 
116.0000000 331.0341191 330.9042102 
117.0000000 330.8377005 330.7077916 
118.0000000 330.6412820 330.5113731 
119.0000000 330.4448634 330.3149545 
120.0000000 330.2484449 330.1185360 
121.0000000 330.0520263 329.9221174 
122.0000000 329.8556078 329.7256989 
123.0000000 329.6591892 329.5292803 
124.0000000 329.4627707 329.3328618 
125.0000000 329.2663521 329.1364432 
126.0000000 329.0699336 328.9400247 
127.0000000 328.8735150 328.7436061 
128.0000000 328.6770965 328.5471876 
129.0000000 328.4806779 328.3507690 
130.0000000 328.2842594 328.1543505 
131.0000000 328.0878408 327.9579319 
132.0000000 327.8914223 327.7615134 
133.0000000 327.6950037 327.5650948 
134.0000000 327.4985852 327.3686763 
135.0000000 327.3021666 327.1722577 
136.0000000 327.1057481 326.9758392 
137.0000000 326.9093295 326.7794206 
138.0000000 326.7129110 326.5830021 
139.0000000 326.5164924 326.3865835 
140.0000000 326.3200739 326.1901650 
141.0000000 326.1236553 325.9937464 
142.0000000 325.9272368 325.7973279 
143.0000000 325.7308182 325.6009093 
144.0000000 325.5343997 325.4044908 
145.0000000 325.3379811 325.2080722 
146.0000000 325.1415626 325.0116537 
147.0000000 324.9451440 324.8152351 
148.0000000 324.7487255 324.6188166 
149.0000000 324.5523069 324.4223980 
150.0000000 324.3558884 324.2259795 
151.0000000 324.1594698 324.0295609 
152.0000000 323.9630513 323.8331424 
153.0000000 323.7666327 323.6367238 
154.0000000 323.5702142 323.4403053 
155.0000000 323.3737956 323.2438867 
156.0000000 323.1773771 323.0474682 
157.0000000 322.9809585 322.8510496 
158.0000000 322.7845400 322.6546310 
159.0000000 322.5881214 322.4582125 
160.0000000 322.3917028 322.2617939 
161.0000000 322.1952843 322.0653754 
162.0000000 321.9988657 321.8689568 
163.0000000 321.8024472 321.6725383 
164.0000000 321.6060286 321.4761197 
165.0000000 321.4096101 321.2797012 
166.0000000 321.2131915 321.0832826 
167.0000000 321.0167730 320.8868641 
168.0000000 320.8203544 320.6904455 
169.0000000 320.6239359 320.4940270 
170.0000000 320.4275173 320.2976084 
171.0000000 320.2310988 320.1011899 
172.0000000 320.0346802 319.9047713 
173.0000000 319.8382617 319.7083528 
174.0000000 319.6418431 319.5119342 
175.0000000 319.4454246 319.3155157 
176.0000000 319.2490060 319.1190971 
177.0000000 319.0525875 318.9226786 
178.0000000 318.8561689 318.7262600 
179.0000000 318.6597504 318.5298415 
180.0000000 318.4633318 318.3334229 
181.0000000 318.2669133 318.1370044 
182.0000000 318.0704947 317.9405858 
183.0000000 317.8740762 317.7441673 
184.0000000 317.6776576 317.5477487 
185.0000000 317.4812391 317.3513302 
186.0000000 317.2848205 317.1549116 
187.0000000 317.0884020 316.9584931 
188.0000000 316.8919834 316.7620745 
189.0000000 316.6955649 316.5656560 
190.0000000 316.4991463 316.3692374 
191.0000000 316.3027278 316.1728189 
192.0000000 316.1063092 315.9764003 
193.0000000 315.9098907 315.7799818 
194.0000000 315.7134721 315.5835632 
195.0000000 315.5170536 315.3871447 
196.0000000 315.3206350 315.1907261 
197.0000000 315.1242165 314.9943076 
198.0000000 314.9277979 314.7978890 
199.0000000 314.7313794 314.6014705 
200.0000000 314.5349608 314.4050519 
201.0000000 314.3385423 314.2086334 
202.0000000 314.1421237 314.0122148 
203.0000000 313.9457052 313.8157963 
204.0000000 313.7492866 313.6193777 
205.0000000 313.5528681 313.4229592 
206.0000000 313.3564495 313.2265406 
207.0000000 313.1600310 313.0301221 
208.0000000 312.9636124 312.8337035 
209.0000000 312.7671939 312.6372850 
210.0000000 312.5707753 312.4408664 
211.0000000 312.3743568 312.2444479 
212.0000000 312.1779382 312.0480293 
213.0000000 311.9815197 311.8516108 
214.0000000 311.7851011 311.6551922 
215.0000000 311.5886826 311.4587737 
216.0000000 311.3922640 311.2623551 
217.0000000 311.1958455 311.0659366 
218.0000000 310.9994269 310.8695180 
219.0000000 310.8030084 310.6730995 
220.0000000 310.6065898 310.4766809 
221.0000000 310.4101713 310.2802624 
222.0000000 310.2137527 310.0838438 
223.0000000 310.0173342 309.8874253 
224.0000000 309.8209156 309.6910067 
225.0000000 309.6244971 309.4945882 
226.0000000 309.4280785 309.2981696 
227.0000000 309.2316600 309.1017511 
228.0000000 309.0352414 308.9053325 
229.0000000 308.8388229 308.7089140 
230.0000000 308.6424043 308.5124954 
231.0000000 308.4459858 308.3160769 
232.0000000 308.2495672 308.1196583 
233.0000000 308.0531487 307.9232398 
234.0000000 307.8567301 307.7268212 
235.0000000 307.6603116 307.5304027 
236.0000000 307.4638930 307.3339841 
237.0000000 307.2674745 307.1375656 
238.0000000 307.0710559 306.9411470 
239.0000000 306.8746374 306.7447285 
240.0000000 306.6782188 306.5483099 
241.0000000 306.4818003 306.3518914 
242.0000000 306.2853817 306.1554728 
243.0000000 306.0889632 305.9590543 
244.0000000 305.8925446 305.7626357 
245.0000000 305.6961261 305.5662172 
246.0000000 305.4997075 305.3697986 
247.0000000 305.3032890 305.1733801 
248.0000000 305.1068704 304.9769615 
249.0000000 304.9104519 304.7805430 
250.0000000 304.7140333 304.5841244 
251.0000000 304.5176148 304.3877059 
252.0000000 304.3211962 304.1912873 
253.0000000 304.1247777 303.9948688 
254.0000000 303.9283591 303.7984502 
255.0000000 303.7319406 303.6020317 
256.0000000 303.5355220 303.4056131 
257.0000000 303.3391035 303.2091946 
258.0000000 303.1426849 303.0127760 
259.0000000 302.9462664 302.8163575 
260.0000000 302.7498478 302.6199389 
261.0000000 302.5534293 302.4235204 
262.0000000 302.3570107 302.2271018 
263.0000000 302.1605922 302.0306833 
264.0000000 301.9641736 301.8342647 
265.0000000 301.7677551 301.6378462 
266.0000000 301.5713365 301.4414276 
267.0000000 301.3749180 301.2450091 
268.0000000 301.1784994 301.0485905 
269.0000000 300.9820809 300.8521720 
270.0000000 300.7856623 300.6557534 
271.0000000 300.5892438 300.4593349 
272.0000000 300.3928252 300.2629163 
273.0000000 300.1964067 300.0664978 
274.0000000 299.9999881 299.8700792 
275.0000000 299.8035696 299.6736607 
276.0000000 299.6071510 299.4772421 
277.0000000 299.4107325 299.2808236 
278.0000000 299.2143139 299.0844050 
279.0000000 299.0178954 298.8879865 
280.0000000 298.8214768 298.6915679 
281.0000000 298.6250583 298.4951494 
282.0000000 298.4286397 298.2987308 
283.0000000 298.2322212 298.1023123 
284.0000000 298.0358026 297.9058937 
285.0000000 297.8393841 297.7094752 
286.0000000 297.6429655 297.5130566 
287.0000000 297.4465470 297.3166381 
288.0000000 297.2501284 297.1202195 
289.0000000 297.0537099 296.9238010 
290.0000000 296.8572913 296.7273824 
291.0000000 296.6608728 296.5309639 
292.0000000 296.4644542 296.3345453 
293.0000000 296.2680357 296.1381268 
294.0000000 296.0716171 295.9417082 
295.0000000 295.8751986 295.7452897 
296.0000000 295.6787800 295.5488711 
297.0000000 295.4823615 295.3524526 
298.0000000 295.2859429 295.1560340 
299.0000000 295.0895244 294.9596155 
300.0000000 294.8931058 294.7631969 
301.0000000 294.6966873 294.5667784 
302.0000000 294.5002687 294.3703598 
303.0000000 294.3038502 294.1739413 
304.0000000 294.1074316 293.9775227 
305.0000000 293.9110131 293.7811042 
306.0000000 293.7145945 293.5846856 
307.0000000 293.5181760 293.3882671 
308.0000000 293.3217574 293.1918485 
309.0000000 293.1253389 292.9954299 
310.0000000 292.9289203 292.7990114 
311.0000000 292.7325017 292.6025928 
312.0000000 292.5360832 292.4061743 
313.0000000 292.3396646 292.2097557 
314.0000000 292.1432461 292.0133372 
315.0000000 291.9468275 291.8169186 
316.0000000 291.7504090 291.6205001 
317.0000000 291.5539904 291.4240815 
318.0000000 291.3575719 291.2276630 
319.0000000 291.1611533 291.0312444 
320.0000000 290.9647348 290.8348259 
321.0000000 290.7683162 290.6384073 
322.0000000 290.5718977 290.4419888 
323.0000000 290.3754791 290.2455702 
324.0000000 290.1790606 290.0491517 
325.0000000 289.9826420 289.8527331 
326.0000000 289.7862235 289.6563146 
327.0000000 289.5898049 289.4598960 
328.0000000 289.3933864 289.2634775 
329.0000000 289.1969678 289.0670589 
330.0000000 289.0005493 288.8706404 
331.0000000 288.8041307 288.6742218 
332.0000000 288.6077122 288.4778033 
333.0000000 288.4112936 288.2813847 
334.0000000 288.2148751 288.0849662 
335.0000000 288.0184565 287.8885476 
336.0000000 287.8220380 287.6921291 
337.0000000 287.6256194 287.4957105 
338.0000000 287.4292009 287.2992920 
339.0000000 287.2327823 287.1028734 
340.0000000 287.0363638 286.9064549 
341.0000000 286.8399452 286.7100363 
342.0000000 286.6435267 286.5136178 
343.0000000 286.4471081 286.3171992 
344.0000000 286.2506896 286.1207807 
345.0000000 286.0542710 285.9243621 
346.0000000 285.8578525 285.7279436 
347.0000000 285.6614339 285.5315250 
348.0000000 285.4650154 285.3351065 
349.0000000 285.2685968 285.1386879 
350.0000000 285.0721783 284.9422694 
351.0000000 284.8757597 284.7458508 
352.0000000 284.6793412 284.5494323 
353.0000000 284.4829226 284.3530137 
354.0000000 284.2865041 284.1565952 
355.0000000 284.0900855 283.9601766 
356.0000000 283.8936670 283.7637581 
357.0000000 283.6972484 283.5673395 
358.0000000 283.5008299 283.3709210 
359.0000000 283.3044113 283.1745024 
360.0000000 283.1079928 282.9780839 
361.0000000 282.9115742 282.7816653 
362.0000000 282.7151557 282.5852468 
363.0000000 282.5187371 282.3888282 
364.0000000 282.3223186 282.1924097 
365.0000000 282.1259000 281.9959911 
366.0000000 281.9294815 281.7995726 
367.0000000 281.7330629 281.6031540 
368.0000000 281.5366444 281.4067355 
369.0000000 281.3402258 281.2103169 
370.0000000 281.1438073 281.0138984 
371.0000000 280.9473887 280.8174798 
372.0000000 280.7509702 280.6210613 
373.0000000 280.5545516 280.4246427 
374.0000000 280.3581331 280.2282242 
375.0000000 280.1617145 280.0318056 
376.0000000 279.9652960 279.8353871 
377.0000000 279.7688774 279.6389685 
378.0000000 279.5724589 279.4425500 
379.0000000 279.3760403 279.2461314 
380.0000000 279.1796218 279.0497129 
381.0000000 278.9832032 278.8532943 
382.0000000 278.7867847 278.6568758 
383.0000000 278.5903661 278.4604572 
384.0000000 278.3939476 278.2640387 
385.0000000 278.1975290 278.0676201 
386.0000000 278.0011105 277.8712016 
387.0000000 277.8046919 277.6747830 
388.0000000 277.6082734 277.4783645 
389.0000000 277.4118548 277.2819459 
390.0000000 277.2154363 277.0855274 
391.0000000 277.0190177 276.8891088 
392.0000000 276.8225992 276.6926903 
393.0000000 276.6261806 276.4962717 
394.0000000 276.4297621 276.2998532 
395.0000000 276.2333435 276.1034346 
396.0000000 276.0369250 275.9070161 
397.0000000 275.8405064 275.7105975 
398.0000000 275.6440879 275.5141790 
399.0000000 275.4476693 275.3177604 
400.0000000 275.2512508 275.1213419 
401.0000000 275.0548322 274.9249233 
402.0000000 274.8584137 274.7285048 
403.0000000 274.6619951 274.5320862 
404.0000000 274.4655766 274.3356677 
405.0000000 274.2691580 274.1392491 
406.0000000 274.0727395 273.9428306 
407.0000000 273.8763209 273.7464120 
408.0000000 273.6799024 273.5499935 
409.0000000 273.4834838 273.3535749 
410.0000000 273.2870653 273.1571564 
411.0000000 273.0906467 272.9607378 
412.0000000 272.8942282 272.7643193 
413.0000000 272.6978096 272.5679007 
414.0000000 272.5013911 272.3714822 
415.0000000 272.3049725 272.1750636 
416.0000000 272.1085540 271.9786451 
417.0000000 271.9121354 271.7822265 
418.0000000 271.7157169 271.5858080 
419.0000000 271.5192983 271.3893894 
420.0000000 271.3228798 271.1929709 
421.0000000 271.1264612 270.9965523 
422.0000000 270.9300427 270.8001338 
423.0000000 270.7336241 270.6037152 
424.0000000 270.5372056 270.4072967 
425.0000000 270.3407870 270.2108781 
426.0000000 270.1443685 270.0144596 
427.0000000 269.9479499 269.8180410 
428.0000000 269.7515314 269.6216225 
429.0000000 269.5551128 269.4252039 
430.0000000 269.3586943 269.2287854 
431.0000000 269.1622757 269.0323668 
432.0000000 268.9658572 268.8359483 
433.0000000 268.7694386 268.6395297 
434.0000000 268.5730201 268.4431112 
435.0000000 268.3766015 268.2466926 
436.0000000 268.1801830 268.0502741 
437.0000000 267.9837644 267.8538555 
438.0000000 267.7873459 267.6574370 
439.0000000 267.5909273 267.4610184 
440.0000000 267.3945088 267.2645999 
441.0000000 267.1980902 267.0681813 
442.0000000 267.0016717 266.8717628 
443.0000000 266.8052531 266.6753442 
444.0000000 266.6088346 266.4789257 
445.0000000 266.4124160 266.2825071 
446.0000000 266.2159975 266.0860886 
447.0000000 266.0195789 265.8896700 
448.0000000 265.8231604 265.6932515 
449.0000000 265.6267418 265.4968329 
450.0000000 265.4303233 265.3004144 
451.0000000 265.2339047 265.1039958 
452.0000000 265.0374862 264.9075773 
453.0000000 264.8410676 264.7111587 
454.0000000 264.6446491 264.5147402 
455.0000000 264.4482305 264.3183216 
456.0000000 264.2518120 264.1219031 
457.0000000 264.0553934 263.9254845 
458.0000000 263.8589749 263.7290660 
459.0000000 263.6625563 263.5326474 
460.0000000 263.4661378 263.3362288 
461.0000000 263.2697192 263.1398103 
462.0000000 263.0733006 262.9433917 
463.0000000 262.8768821 262.7469732 
464.0000000 262.6804635 262.5505546 
465.0000000 262.4840450 262.3541361 
466.0000000 262.2876264 262.1577175 
467.0000000 262.0912079 261.9612990 
468.0000000 261.8947893 261.7648804 
469.0000000 261.6983708 261.5684619 
470.0000000 261.5019522 261.3720433 
471.0000000 261.3055337 261.1756248 
472.0000000 261.1091151 260.9792062 
473.0000000 260.9126966 260.7827877 
474.0000000 260.7162780 260.5863691 
475.0000000 260.5198595 260.3899506 
476.0000000 260.3234409 260.1935320 
477.0000000 260.1270224 259.9971135 
478.0000000 259.9306038 259.8006949 
479.0000000 259.7341853 259.6042764 
480.0000000 259.5377667 259.4078578 
481.0000000 259.3413482 259.2114393 
482.0000000 259.1449296 259.0150207 
483.0000000 258.9485111 258.8186022 
484.0000000 258.7520925 258.6221836 
485.0000000 258.5556740 258.4257651 
486.0000000 258.3592554 258.2293465 
487.0000000 258.1628369 258.0329280 
488.0000000 257.9664183 257.8365094 
489.0000000 257.7699998 257.6400909 
490.0000000 257.5735812 257.4436723 
491.0000000 257.3771627 257.2472538 
492.0000000 257.1807441 257.0508352 
493.0000000 256.9843256 256.8544167 
494.0000000 256.7879070 256.6579981 
495.0000000 256.5914885 256.4615796 
496.0000000 256.3950699 256.2651610 
497.0000000 256.1986514 256.0687425 
498.0000000 256.0022328 255.8723239 
499.0000000 255.8058143 255.6759054 
500.0000000 255.6093957 255.4794868 
501.0000000 255.4129772 255.2830683 
502.0000000 255.2165586 255.0866497 
503.0000000 255.0201401 254.8902312 
504.0000000 254.8237215 254.6938126 
505.0000000 254.6273030 254.4973941 
506.0000000 254.4308844 254.3009755 
507.0000000 254.2344659 254.1045570 
508.0000000 254.0380473 253.9081384 
509.0000000 253.8416288 253.7117199 
510.0000000 253.6452102 253.5153013 
511.0000000 253.4487917 253.3188828 
512.0000000 253.2523731 253.1224642 
513.0000000 253.0559546 252.9260457 
514.0000000 252.8595360 252.7296271 
515.0000000 252.6631175 252.5332086 
516.0000000 252.4666989 252.3367900 
517.0000000 252.2702804 252.1403715 
518.0000000 252.0738618 251.9439529 
519.0000000 251.8774433 251.7475344 
520.0000000 251.6810247 251.5511158 
521.0000000 251.4846062 251.3546973 
522.0000000 251.2881876 251.1582787 
523.0000000 251.0917691 250.9618602 
524.0000000 250.8953505 250.7654416 
525.0000000 250.6989320 250.5690231 
526.0000000 250.5025134 250.3726045 
527.0000000 250.3060949 250.1761860 
528.0000000 250.1096763 249.9797674 
529.0000000 249.9132578 249.7833489 
530.0000000 249.7168392 249.5869303 
531.0000000 249.5204207 249.3905118 
532.0000000 249.3240021 249.1940932 
533.0000000 249.1275836 248.9976747 
534.0000000 248.9311650 248.8012561 
535.0000000 248.7347465 248.6048376 
536.0000000 248.5383279 248.4084190 
537.0000000 248.3419094 248.2120005 
538.0000000 248.1454908 248.0155819 
539.0000000 247.9490723 247.8191634 
540.0000000 247.7526537 247.6227448 
541.0000000 247.5562352 247.4263263 
542.0000000 247.3598166 247.2299077 
543.0000000 247.1633981 247.0334892 
544.0000000 246.9669795 246.8370706 
545.0000000 246.7705610 246.6406521 
546.0000000 246.5741424 246.4442335 
547.0000000 246.3777239 246.2478150 
548.0000000 246.1813053 246.0513964 
549.0000000 245.9848868 245.8549779 
550.0000000 245.7884682 245.6585593 
551.0000000 245.5920497 245.4621408 
552.0000000 245.3956311 245.2657222 
553.0000000 245.1992126 245.0693037 
554.0000000 245.0027940 244.8728851 
555.0000000 244.8063755 244.6764666 
556.0000000 244.6099569 244.4800480 
557.0000000 244.4135384 244.2836295 
558.0000000 244.2171198 244.0872109 
559.0000000 244.0207013 243.8907924 
560.0000000 243.8242827 243.6943738 
561.0000000 243.6278642 243.4979553 
562.0000000 243.4314456 243.3015367 
563.0000000 243.2350271 243.1051182 
564.0000000 243.0386085 242.9086996 
565.0000000 242.8421900 242.7122811 
566.0000000 242.6457714 242.5158625 
567.0000000 242.4493529 242.3194440 
568.0000000 242.2529343 242.1230254 
569.0000000 242.0565158 241.9266069 
570.0000000 241.8600972 241.7301883 
571.0000000 241.6636787 241.5337698 
572.0000000 241.4672601 241.3373512 
573.0000000 241.2708416 241.1409327 
574.0000000 241.0744230 240.9445141 
575.0000000 240.8780045 240.7480956 
576.0000000 240.6815859 240.5516770 
577.0000000 240.4851674 240.3552585 
578.0000000 240.2887488 240.1588399 
579.0000000 240.0923303 239.9624214 
580.0000000 239.8959117 239.7660028 
581.0000000 239.6994932 239.5695843 
582.0000000 239.5030746 239.3731657 
583.0000000 239.3066561 239.1767472 
584.0000000 239.1102375 238.9803286 
585.0000000 238.9138190 238.7839101 
586.0000000 238.7174004 238.5874915 
587.0000000 238.5209819 238.3910730 
588.0000000 238.3245633 238.1946544 
589.0000000 238.1281448 237.9982359 
590.0000000 237.9317262 237.8018173 
591.0000000 237.7353077 237.6053988 
592.0000000 237.5388891 237.4089802 
593.0000000 237.3424706 237.2125617 
594.0000000 237.1460520 237.0161431 
595.0000000 236.9496335 236.8197246 
596.0000000 236.7532149 236.6233060 
597.0000000 236.5567964 236.4268875 
598.0000000 236.3603778 236.2304689 
599.0000000 236.1639593 236.0340504 
600.0000000 235.9675407 235.8376318 
601.0000000 235.7711222 235.6412133 
602.0000000 235.5747036 235.4447947 
603.0000000 235.3782851 235.2483762 
604.0000000 235.1818665 235.0519576 
605.0000000 234.9854480 234.8555391 
606.0000000 234.7890294 234.6591205 
607.0000000 234.5926109 234.4627020 
608.0000000 234.3961923 234.2662834 
609.0000000 234.1997738 234.0698649 
610.0000000 234.0033552 233.8734463 
611.0000000 233.8069367 233.6770278 
612.0000000 233.6105181 233.4806092 
613.0000000 233.4140996 233.2841906 
614.0000000 233.2176810 233.0877721 
615.0000000 233.0212624 232.8913535 
616.0000000 232.8248439 232.6949350 
617.0000000 232.6284253 232.4985164 
618.0000000 232.4320068 232.3020979 
619.0000000 232.2355882 232.1056793 
620.0000000 232.0391697 231.9092608 
621.0000000 231.8427511 231.7128422 
622.0000000 231.6463326 231.5164237 
623.0000000 231.4499140 231.3200051 
624.0000000 231.2534955 231.1235866 
625.0000000 231.0570769 230.9271680 
626.0000000 230.8606584 230.7307495 
627.0000000 230.6642398 230.5343309 
628.0000000 230.4678213 230.3379124 
629.0000000 230.2714027 230.1414938 
630.0000000 230.0749842 229.9450753 
631.0000000 229.8785656 229.7486567 
632.0000000 229.6821471 229.5522382 
633.0000000 229.4857285 229.3558196 
634.0000000 229.2893100 229.1594011 
635.0000000 229.0928914 228.9629825 
636.0000000 228.8964729 228.7665640 
637.0000000 228.7000543 228.5701454 
638.0000000 228.5036358 228.3737269 
639.0000000 228.3072172 228.1773083 
640.0000000 228.1107987 227.9808898 
641.0000000 227.9143801 227.7844712 
642.0000000 227.7179616 227.5880527 
643.0000000 227.5215430 227.3916341 
644.0000000 227.3251245 227.1952156 
645.0000000 227.1287059 226.9987970 
646.0000000 226.9322874 226.8023785 
647.0000000 226.7358688 226.6059599 
648.0000000 226.5394503 226.4095414 
649.0000000 226.3430317 226.2131228 
650.0000000 226.1466132 226.0167043 
651.0000000 225.9501946 225.8202857 
652.0000000 225.7537761 225.6238672 
653.0000000 225.5573575 225.4274486 
654.0000000 225.3609390 225.2310301 
655.0000000 225.1645204 225.0346115 
656.0000000 224.9681019 224.8381930 
657.0000000 224.7716833 224.6417744 
658.0000000 224.5752648 224.4453559 
659.0000000 224.3788462 224.2489373 
660.0000000 224.1824277 224.0525188 
661.0000000 223.9860091 223.8561002 
662.0000000 223.7895906 223.6596817 
663.0000000 223.5931720 223.4632631 
664.0000000 223.3967535 223.2668446 
665.0000000 223.2003349 223.0704260 
666.0000000 223.0039164 222.8740075 
667.0000000 222.8074978 222.6775889 
668.0000000 222.6110793 222.4811704 
669.0000000 222.4146607 222.2847518 
670.0000000 222.2182422 222.0883333 
671.0000000 222.0218236 221.8919147 
672.0000000 221.8254051 221.6954962 
673.0000000 221.6289865 221.4990776 
674.0000000 221.4325680 221.3026591 
675.0000000 221.2361494 221.1062405 
676.0000000 221.0397309 220.9098220 
677.0000000 220.8433123 220.7134034 
678.0000000 220.6468938 220.5169849 
679.0000000 220.4504752 220.3205663 
680.0000000 220.2540567 220.1241478 
681.0000000 220.0576381 219.9277292 
682.0000000 219.8612196 219.7313107 
683.0000000 219.6648010 219.5348921 
684.0000000 219.4683825 219.3384736 
685.0000000 219.2719639 219.1420550 
686.0000000 219.0755454 218.9456365 
687.0000000 218.8791268 218.7492179 
688.0000000 218.6827083 218.5527994 
689.0000000 218.4862897 218.3563808 
690.0000000 218.2898712 218.1599623 
691.0000000 218.0934526 217.9635437 
692.0000000 217.8970341 217.7671252 
693.0000000 217.7006155 217.5707066 
694.0000000 217.5041970 217.3742881 
695.0000000 217.3077784 217.1778695 
696.0000000 217.1113599 216.9814510 
697.0000000 216.9149413 216.7850324 
698.0000000 216.7185228 216.5886139 
699.0000000 216.5221042 216.3921953 
700.0000000 216.3256857 216.1957768 
701.0000000 216.1292671 215.9993582 
702.0000000 215.9328486 215.8029397 
703.0000000 215.7364300 215.6065211 
704.0000000 215.5400115 215.4101026 
705.0000000 215.3435929 215.2136840 
706.0000000 215.1471744 215.0172655 
707.0000000 214.9507558 214.8208469 
708.0000000 214.7543373 214.6244284 
709.0000000 214.5579187 214.4280098 
710.0000000 214.3615002 214.2315913 
711.0000000 214.1650816 214.0351727 
712.0000000 213.9686631 213.8387542 
713.0000000 213.7722445 213.6423356 
714.0000000 213.5758260 213.4459171 
715.0000000 213.3794074 213.2494985 
716.0000000 213.1829889 213.0530800 
717.0000000 212.9865703 212.8566614 
718.0000000 212.7901518 212.6602429 
719.0000000 212.5937332 212.4638243 
720.0000000 212.3973147 212.2674058 
721.0000000 212.2008961 212.0709872 
722.0000000 212.0044776 211.8745687 
723.0000000 211.8080590 211.6781501 
724.0000000 211.6116405 211.4817316 
725.0000000 211.4152219 211.2853130 
726.0000000 211.2188034 211.0888945 
727.0000000 211.0223848 210.8924759 
728.0000000 210.8259663 210.6960574 
729.0000000 210.6295477 210.4996388 
730.0000000 210.4331292 210.3032203 
731.0000000 210.2367106 210.1068017 
732.0000000 210.0402921 209.9103832 
733.0000000 209.8438735 209.7139646 
734.0000000 209.6474550 209.5175461 
735.0000000 209.4510364 209.3211275 
736.0000000 209.2546179 209.1247090 
737.0000000 209.0581993 208.9282904 
738.0000000 208.8617808 208.7318719 
739.0000000 208.6653622 208.5354533 
740.0000000 208.4689437 208.3390348 
741.0000000 208.2725251 208.1426162 
742.0000000 208.0761066 207.9461977 
743.0000000 207.8796880 207.7497791 
744.0000000 207.6832695 207.5533606 
745.0000000 207.4868509 207.3569420 
746.0000000 207.2904324 207.1605235 
747.0000000 207.0940138 206.9641049 
748.0000000 206.8975953 206.7676864 
749.0000000 206.7011767 206.5712678 
750.0000000 206.5047582 206.3748493 
751.0000000 206.3083396 206.1784307 
752.0000000 206.1119211 205.9820122 
753.0000000 205.9155025 205.7855936 
754.0000000 205.7190840 205.5891751 
755.0000000 205.5226654 205.3927565 
756.0000000 205.3262469 205.1963380 
757.0000000 205.1298283 204.9999194 
758.0000000 204.9334098 204.8035009 
759.0000000 204.7369912 204.6070823 
760.0000000 204.5405727 204.4106638 
761.0000000 204.3441541 204.2142452 
762.0000000 204.1477356 204.0178267 
763.0000000 203.9513170 203.8214081 
764.0000000 203.7548985 203.6249895 
765.0000000 203.5584799 203.4285710 
766.0000000 203.3620613 203.2321524 
767.0000000 203.1656428 203.0357339 
768.0000000 202.9692242 202.8393153 
769.0000000 202.7728057 202.6428968 
770.0000000 202.5763871 202.4464782 
771.0000000 202.3799686 202.2500597 
772.0000000 202.1835500 202.0536411 
773.0000000 201.9871315 201.8572226 
774.0000000 201.7907129 201.6608040 
775.0000000 201.5942944 201.4643855 
776.0000000 201.3978758 201.2679669 
777.0000000 201.2014573 201.0715484 
778.0000000 201.0050387 200.8751298 
779.0000000 200.8086202 200.6787113 
780.0000000 200.6122016 200.4822927 
781.0000000 200.4157831 200.2858742 
782.0000000 200.2193645 200.0894556 
783.0000000 200.0229460 199.8930371 
784.0000000 199.8265274 199.6966185 
785.0000000 199.6301089 199.5002000 
786.0000000 199.4336903 199.3037814 
787.0000000 199.2372718 199.1073629 
788.0000000 199.0408532 198.9109443 
789.0000000 198.8444347 198.7145258 
790.0000000 198.6480161 198.5181072 
791.0000000 198.4515976 198.3216887 
792.0000000 198.2551790 198.1252701 
793.0000000 198.0587605 197.9288516 
794.0000000 197.8623419 197.7324330 
795.0000000 197.6659234 197.5360145 
796.0000000 197.4695048 197.3395959 
797.0000000 197.2730863 197.1431774 
798.0000000 197.0766677 196.9467588 
799.0000000 196.8802492 196.7503403 
800.0000000 196.6838306 196.5539217 
801.0000000 196.4874121 196.3575032 
802.0000000 196.2909935 196.1610846 
803.0000000 196.0945750 195.9646661 
804.0000000 195.8981564 195.7682475 
805.0000000 195.7017379 195.5718290 
806.0000000 195.5053193 195.3754104 
807.0000000 195.3089008 195.1789919 
808.0000000 195.1124822 194.9825733 
809.0000000 194.9160637 194.7861548 
810.0000000 194.7196451 194.5897362 
811.0000000 194.5232266 194.3933177 
812.0000000 194.3268080 194.1968991 
813.0000000 194.1303895 194.0004806 
814.0000000 193.9339709 193.8040620 
815.0000000 193.7375524 193.6076435 
816.0000000 193.5411338 193.4112249 
817.0000000 193.3447153 193.2148064 
818.0000000 193.1482967 193.0183878 
819.0000000 192.9518782 192.8219693 
820.0000000 192.7554596 192.6255507 
821.0000000 192.5590411 192.4291322 
822.0000000 192.3626225 192.2327136 
823.0000000 192.1662040 192.0362951 
824.0000000 191.9697854 191.8398765 
825.0000000 191.7733669 191.6434580 
826.0000000 191.5769483 191.4470394 
827.0000000 191.3805298 191.2506209 
828.0000000 191.1841112 191.0542023 
829.0000000 190.9876927 190.8577838 
830.0000000 190.7912741 190.6613652 
831.0000000 190.5948556 190.4649467 
832.0000000 190.3984370 190.2685281 
833.0000000 190.2020185 190.0721096 
834.0000000 190.0055999 189.8756910 
835.0000000 189.8091814 189.6792725 
836.0000000 189.6127628 189.4828539 
837.0000000 189.4163443 189.2864354 
838.0000000 189.2199257 189.0900168 
839.0000000 189.0235072 188.8935983 
840.0000000 188.8270886 188.6971797 
841.0000000 188.6306701 188.5007612 
842.0000000 188.4342515 188.3043426 
843.0000000 188.2378330 188.1079241 
844.0000000 188.0414144 187.9115055 
845.0000000 187.8449959 187.7150870 
846.0000000 187.6485773 187.5186684 
847.0000000 187.4521588 187.3222499 
848.0000000 187.2557402 187.1258313 
849.0000000 187.0593217 186.9294128 
850.0000000 186.8629031 186.7329942 
851.0000000 186.6664846 186.5365757 
852.0000000 186.4700660 186.3401571 
853.0000000 186.2736475 186.1437386 
854.0000000 186.0772289 185.9473200 
855.0000000 185.8808104 185.7509015 
856.0000000 185.6843918 185.5544829 
857.0000000 185.4879733 185.3580644 
858.0000000 185.2915547 185.1616458 
859.0000000 185.0951362 184.9652273 
860.0000000 184.8987176 184.7688087 
861.0000000 184.7022991 184.5723902 
862.0000000 184.5058805 184.3759716 
863.0000000 184.3094620 184.1795531 
864.0000000 184.1130434 183.9831345 
865.0000000 183.9166249 183.7867160 
866.0000000 183.7202063 183.5902974 
867.0000000 183.5237878 183.3938789 
868.0000000 183.3273692 183.1974603 
869.0000000 183.1309507 183.0010418 
870.0000000 182.9345321 182.8046232 
871.0000000 182.7381136 182.6082047 
872.0000000 182.5416950 182.4117861 
873.0000000 182.3452765 182.2153676 
874.0000000 182.1488579 182.0189490 
875.0000000 181.9524394 181.8225305 
876.0000000 181.7560208 181.6261119 
877.0000000 181.5596023 181.4296934 
878.0000000 181.3631837 181.2332748 
879.0000000 181.1667652 181.0368563 
880.0000000 180.9703466 180.8404377 
881.0000000 180.7739281 180.6440192 
882.0000000 180.5775095 180.4476006 
883.0000000 180.3810910 180.2511821 
884.0000000 180.1846724 180.0547635 
885.0000000 179.9882539 179.8583450 
886.0000000 179.7918353 179.6619264 
887.0000000 179.5954168 179.4655079 
888.0000000 179.3989982 179.2690893 
889.0000000 179.2025797 179.0726708 
890.0000000 179.0061611 178.8762522 
891.0000000 178.8097426 178.6798337 
892.0000000 178.6133240 178.4834151 
893.0000000 178.4169055 178.2869966 
894.0000000 178.2204869 178.0905780 
895.0000000 178.0240684 177.8941595 
896.0000000 177.8276498 177.6977409 
897.0000000 177.6312313 177.5013224 
898.0000000 177.4348127 177.3049038 
899.0000000 177.2383942 177.1084853 
900.0000000 177.0419756 176.9120667 
901.0000000 176.8455571 176.7156482 
902.0000000 176.6491385 176.5192296 
903.0000000 176.4527200 176.3228111 
904.0000000 176.2563014 176.1263925 
905.0000000 176.0598829 175.9299740 
906.0000000 175.8634643 175.7335554 
907.0000000 175.6670458 175.5371369 
908.0000000 175.4706272 175.3407183 
909.0000000 175.2742087 175.1442998 
910.0000000 175.0777901 174.9478812 
911.0000000 174.8813716 174.7514627 
912.0000000 174.6849530 174.5550441 
913.0000000 174.4885345 174.3586256 
914.0000000 174.2921159 174.1622070 
915.0000000 174.0956974 173.9657884 
916.0000000 173.8992788 173.7693699 
917.0000000 173.7028602 173.5729513 
918.0000000 173.5064417 173.3765328 
919.0000000 173.3100231 173.1801142 
920.0000000 173.1136046 172.9836957 
921.0000000 172.9171860 172.7872771 
922.0000000 172.7207675 172.5908586 
923.0000000 172.5243489 172.3944400 
924.0000000 172.3279304 172.1980215 
925.0000000 172.1315118 172.0016029 
926.0000000 171.9350933 171.8051844 
927.0000000 171.7386747 171.6087658 
928.0000000 171.5422562 171.4123473 
929.0000000 171.3458376 171.2159287 
930.0000000 171.1494191 171.0195102 
931.0000000 170.9530005 170.8230916 
932.0000000 170.7565820 170.6266731 
933.0000000 170.5601634 170.4302545 
934.0000000 170.3637449 170.2338360 
935.0000000 170.1673263 170.0374174 
936.0000000 169.9709078 169.8409989 
937.0000000 169.7744892 169.6445803 
938.0000000 169.5780707 169.4481618 
939.0000000 169.3816521 169.2517432 
940.0000000 169.1852336 169.0553247 
941.0000000 168.9888150 168.8589061 
942.0000000 168.7923965 168.6624876 
943.0000000 168.5959779 168.4660690 
944.0000000 168.3995594 168.2696505 
945.0000000 168.2031408 168.0732319 
946.0000000 168.0067223 167.8768134 
947.0000000 167.8103037 167.6803948 
948.0000000 167.6138852 167.4839763 
949.0000000 167.4174666 167.2875577 
950.0000000 167.2210481 167.0911392 
951.0000000 167.0246295 166.8947206 
952.0000000 166.8282110 166.6983021 
953.0000000 166.6317924 166.5018835 
954.0000000 166.4353739 166.3054650 
955.0000000 166.2389553 166.1090464 
956.0000000 166.0425368 165.9126279 
957.0000000 165.8461182 165.7162093 
958.0000000 165.6496997 165.5197908 
959.0000000 165.4532811 165.3233722 
960.0000000 165.2568626 165.1269537 
961.0000000 165.0604440 164.9305351 
962.0000000 164.8640255 164.7341166 
963.0000000 164.6676069 164.5376980 
964.0000000 164.4711884 164.3412795 
965.0000000 164.2747698 164.1448609 
966.0000000 164.0783513 163.9484424 
967.0000000 163.8819327 163.7520238 
968.0000000 163.6855142 163.5556053 
969.0000000 163.4890956 163.3591867 
970.0000000 163.2926771 163.1627682 
971.0000000 163.0962585 162.9663496 
972.0000000 162.8998400 162.7699311 
973.0000000 162.7034214 162.5735125 
974.0000000 162.5070029 162.3770940 
975.0000000 162.3105843 162.1806754 
976.0000000 162.1141658 161.9842569 
977.0000000 161.9177472 161.7878383 
978.0000000 161.7213287 161.5914198 
979.0000000 161.5249101 161.3950012 
980.0000000 161.3284916 161.1985827 
981.0000000 161.1320730 161.0021641 
982.0000000 160.9356545 160.8057456 
983.0000000 160.7392359 160.6093270 
984.0000000 160.5428174 160.4129085 
985.0000000 160.3463988 160.2164899 
986.0000000 160.1499803 160.0200714 
987.0000000 159.9535617 159.8236528 
988.0000000 159.7571432 159.6272343 
989.0000000 159.5607246 159.4308157 
990.0000000 159.3643061 159.2343972 
991.0000000 159.1678875 159.0379786 
992.0000000 158.9714690 158.8415601 
993.0000000 158.7750504 158.6451415 
994.0000000 158.5786319 158.4487230 
995.0000000 158.3822133 158.2523044 
996.0000000 158.1857948 158.0558859 
997.0000000 157.9893762 157.8594673 
998.0000000 157.7929577 157.6630488 
999.0000000 157.5965391 157.4666302 
1000.0000000 157.4001206 157.2702117 
1001.0000000 157.2037020 157.0737931 
1002.0000000 157.0072835 156.8773746 
1003.0000000 156.8108649 156.6809560 
1004.0000000 156.6144464 156.4845375 
1005.0000000 156.4180278 156.2881189 
1006.0000000 156.2216093 156.0917004 
1007.0000000 156.0251907 155.8952818 
1008.0000000 155.8287722 155.6988633 
1009.0000000 155.6323536 155.5024447 
1010.0000000 155.4359351 155.3060262 
1011.0000000 155.2395165 155.1096076 
1012.0000000 155.0430980 154.9131891 
1013.0000000 154.8466794 154.7167705 
1014.0000000 154.6502609 154.5203520 
1015.0000000 154.4538423 154.3239334 
1016.0000000 154.2574238 154.1275149 
1017.0000000 154.0610052 153.9310963 
1018.0000000 153.8645867 153.7346778 
1019.0000000 153.6681681 153.5382592 
1020.0000000 153.4717496 153.3418407 
1021.0000000 153.2753310 153.1454221 
1022.0000000 153.0789125 152.9490036 
1023.0000000 152.8824939 152.7525850 
1024.0000000 152.6860754 152.5561665 
1025.0000000 152.4896568 152.3597479 
1026.0000000 152.2932383 152.1633294 
1027.0000000 152.0968197 151.9669108 
1028.0000000 151.9004012 151.7704923 
1029.0000000 151.7039826 151.5740737 
1030.0000000 151.5075641 151.3776552 
1031.0000000 151.3111455 151.1812366 
1032.0000000 151.1147270 150.9848181 
1033.0000000 150.9183084 150.7883995 
1034.0000000 150.7218899 150.5919810 
1035.0000000 150.5254713 150.3955624 
1036.0000000 150.3290528 150.1991439 
1037.0000000 150.1326342 150.0027253 
1038.0000000 149.9362157 149.8063068 
1039.0000000 149.7397971 149.6098882 
1040.0000000 149.5433786 149.4134697 
1041.0000000 149.3469600 149.2170511 
1042.0000000 149.1505415 149.0206326 
1043.0000000 148.9541229 148.8242140 
1044.0000000 148.7577044 148.6277955 
1045.0000000 148.5612858 148.4313769 
1046.0000000 148.3648673 148.2349584 
1047.0000000 148.1684487 148.0385398 
1048.0000000 147.9720302 147.8421213 
1049.0000000 147.7756116 147.6457027 
1050.0000000 147.5791931 147.4492842 
1051.0000000 147.3827745 147.2528656 
1052.0000000 147.1863560 147.0564471 
1053.0000000 146.9899374 146.8600285 
1054.0000000 146.7935189 146.6636100 
1055.0000000 146.5971003 146.4671914 
1056.0000000 146.4006818 146.2707729 
1057.0000000 146.2042632 146.0743543 
1058.0000000 146.0078447 145.8779358 
1059.0000000 145.8114261 145.6815172 
1060.0000000 145.6150076 145.4850987 
1061.0000000 145.4185890 145.2886801 
1062.0000000 145.2221705 145.0922616 
1063.0000000 145.0257519 144.8958430 
1064.0000000 144.8293334 144.6994245 
1065.0000000 144.6329148 144.5030059 
1066.0000000 144.4364963 144.3065874 
1067.0000000 144.2400777 144.1101688 
1068.0000000 144.0436592 143.9137502 
1069.0000000 143.8472406 143.7173317 
1070.0000000 143.6508220 143.5209131 
1071.0000000 143.4544035 143.3244946 
1072.0000000 143.2579849 143.1280760 
1073.0000000 143.0615664 142.9316575 
1074.0000000 142.8651478 142.7352389 
1075.0000000 142.6687293 142.5388204 
1076.0000000 142.4723107 142.3424018 
1077.0000000 142.2758922 142.1459833 
1078.0000000 142.0794736 141.9495647 
1079.0000000 141.8830551 141.7531462 
1080.0000000 141.6866365 141.5567276 
1081.0000000 141.4902180 141.3603091 
1082.0000000 141.2937994 141.1638905 
1083.0000000 141.0973809 140.9674720 
1084.0000000 140.9009623 140.7710534 
1085.0000000 140.7045438 140.5746349 
1086.0000000 140.5081252 140.3782163 
1087.0000000 140.3117067 140.1817978 
1088.0000000 140.1152881 139.9853792 
1089.0000000 139.9188696 139.7889607 
1090.0000000 139.7224510 139.5925421 
1091.0000000 139.5260325 139.3961236 
1092.0000000 139.3296139 139.1997050 
1093.0000000 139.1331954 139.0032865 
1094.0000000 138.9367768 138.8068679 
1095.0000000 138.7403583 138.6104494 
1096.0000000 138.5439397 138.4140308 
1097.0000000 138.3475212 138.2176123 
1098.0000000 138.1511026 138.0211937 
1099.0000000 137.9546841 137.8247752 
1100.0000000 137.7582655 137.6283566 
1101.0000000 137.5618470 137.4319381 
1102.0000000 137.3654284 137.2355195 
1103.0000000 137.1690099 137.0391010 
1104.0000000 136.9725913 136.8426824 
1105.0000000 136.7761728 136.6462639 
1106.0000000 136.5797542 136.4498453 
1107.0000000 136.3833357 136.2534268 
1108.0000000 136.1869171 136.0570082 
1109.0000000 135.9904986 135.8605897 
1110.0000000 135.7940800 135.6641711 
1111.0000000 135.5976615 135.4677526 
1112.0000000 135.4012429 135.2713340 
1113.0000000 135.2048244 135.0749155 
1114.0000000 135.0084058 134.8784969 
1115.0000000 134.8119873 134.6820784 
1116.0000000 134.6155687 134.4856598 
1117.0000000 134.4191502 134.2892413 
1118.0000000 134.2227316 134.0928227 
1119.0000000 134.0263131 133.8964042 
1120.0000000 133.8298945 133.6999856 
1121.0000000 133.6334760 133.5035671 
1122.0000000 133.4370574 133.3071485 
1123.0000000 133.2406389 133.1107300 
1124.0000000 133.0442203 132.9143114 
1125.0000000 132.8478018 132.7178929 
1126.0000000 132.6513832 132.5214743 
1127.0000000 132.4549647 132.3250558 
1128.0000000 132.2585461 132.1286372 
1129.0000000 132.0621276 131.9322187 
1130.0000000 131.8657090 131.7358001 
1131.0000000 131.6692905 131.5393816 
1132.0000000 131.4728719 131.3429630 
1133.0000000 131.2764534 131.1465445 
1134.0000000 131.0800348 130.9501259 
1135.0000000 130.8836163 130.7537074 
1136.0000000 130.6871977 130.5572888 
1137.0000000 130.4907792 130.3608703 
1138.0000000 130.2943606 130.1644517 
1139.0000000 130.0979421 129.9680332 
1140.0000000 129.9015235 129.7716146 
1141.0000000 129.7051050 129.5751961 
1142.0000000 129.5086864 129.3787775 
1143.0000000 129.3122679 129.1823590 
1144.0000000 129.1158493 128.9859404 
1145.0000000 128.9194308 128.7895219 
1146.0000000 128.7230122 128.5931033 
1147.0000000 128.5265937 128.3966848 
1148.0000000 128.3301751 128.2002662 
1149.0000000 128.1337566 128.0038477 
1150.0000000 127.9373380 127.8074291 
1151.0000000 127.7409195 127.6110106 
1152.0000000 127.5445009 127.4145920 
1153.0000000 127.3480824 127.2181735 
1154.0000000 127.1516638 127.0217549 
1155.0000000 126.9552453 126.8253364 
1156.0000000 126.7588267 126.6289178 
1157.0000000 126.5624082 126.4324993 
1158.0000000 126.3659896 126.2360807 
1159.0000000 126.1695711 126.0396622 
1160.0000000 125.9731525 125.8432436 
1161.0000000 125.7767340 125.6468251 
1162.0000000 125.5803154 125.4504065 
1163.0000000 125.3838969 125.2539880 
1164.0000000 125.1874783 125.0575694 
1165.0000000 124.9910598 124.8611509 
1166.0000000 124.7946412 124.6647323 
1167.0000000 124.5982227 124.4683138 
1168.0000000 124.4018041 124.2718952 
1169.0000000 124.2053856 124.0754767 
1170.0000000 124.0089670 123.8790581 
1171.0000000 123.8125485 123.6826396 
1172.0000000 123.6161299 123.4862210 
1173.0000000 123.4197114 123.2898025 
1174.0000000 123.2232928 123.0933839 
1175.0000000 123.0268743 122.8969654 
1176.0000000 122.8304557 122.7005468 
1177.0000000 122.6340372 122.5041283 
1178.0000000 122.4376186 122.3077097 
1179.0000000 122.2412001 122.1112912 
1180.0000000 122.0447815 121.9148726 
1181.0000000 121.8483630 121.7184541 
1182.0000000 121.6519444 121.5220355 
1183.0000000 121.4555259 121.3256170 
1184.0000000 121.2591073 121.1291984 
1185.0000000 121.0626888 120.9327799 
1186.0000000 120.8662702 120.7363613 
1187.0000000 120.6698517 120.5399428 
1188.0000000 120.4734331 120.3435242 
1189.0000000 120.2770146 120.1471057 
1190.0000000 120.0805960 119.9506871 
1191.0000000 119.8841775 119.7542686 
1192.0000000 119.6877589 119.5578500 
1193.0000000 119.4913404 119.3614315 
1194.0000000 119.2949218 119.1650129 
1195.0000000 119.0985033 118.9685944 
1196.0000000 118.9020847 118.7721758 
1197.0000000 118.7056662 118.5757573 
1198.0000000 118.5092476 118.3793387 
1199.0000000 118.3128291 118.1829202 
1200.0000000 118.1164105 117.9865016 
1201.0000000 117.9199920 117.7900831 
1202.0000000 117.7235734 117.5936645 
1203.0000000 117.5271549 117.3972460 
1204.0000000 117.3307363 117.2008274 
1205.0000000 117.1343178 117.0044089 
1206.0000000 116.9378992 116.8079903 
1207.0000000 116.7414807 116.6115718 
1208.0000000 116.5450621 116.4151532 
1209.0000000 116.3486436 116.2187347 
1210.0000000 116.1522250 116.0223161 
1211.0000000 115.9558065 115.8258976 
1212.0000000 115.7593879 115.6294790 
1213.0000000 115.5629694 115.4330605 
1214.0000000 115.3665508 115.2366419 
1215.0000000 115.1701323 115.0402234 
1216.0000000 114.9737137 114.8438048 
1217.0000000 114.7772952 114.6473863 
1218.0000000 114.5808766 114.4509677 
1219.0000000 114.3844581 114.2545491 
1220.0000000 114.1880395 114.0581306 
1221.0000000 113.9916209 113.8617120 
1222.0000000 113.7952024 113.6652935 
1223.0000000 113.5987838 113.4688749 
1224.0000000 113.4023653 113.2724564 
1225.0000000 113.2059467 113.0760378 
1226.0000000 113.0095282 112.8796193 
1227.0000000 112.8131096 112.6832007 
1228.0000000 112.6166911 112.4867822 
1229.0000000 112.4202725 112.2903636 
1230.0000000 112.2238540 112.0939451 
1231.0000000 112.0274354 111.8975265 
1232.0000000 111.8310169 111.7011080 
1233.0000000 111.6345983 111.5046894 
1234.0000000 111.4381798 111.3082709 
1235.0000000 111.2417612 111.1118523 
1236.0000000 111.0453427 110.9154338 
1237.0000000 110.8489241 110.7190152 
1238.0000000 110.6525056 110.5225967 
1239.0000000 110.4560870 110.3261781 
1240.0000000 110.2596685 110.1297596 
1241.0000000 110.0632499 109.9333410 
1242.0000000 109.8668314 109.7369225 
1243.0000000 109.6704128 109.5405039 
1244.0000000 109.4739943 109.3440854 
1245.0000000 109.2775757 109.1476668 
1246.0000000 109.0811572 108.9512483 
1247.0000000 108.8847386 108.7548297 
1248.0000000 108.6883201 108.5584112 
1249.0000000 108.4919015 108.3619926 
1250.0000000 108.2954830 108.1655741 
1251.0000000 108.0990644 107.9691555 
1252.0000000 107.9026459 107.7727370 
1253.0000000 107.7062273 107.5763184 
1254.0000000 107.5098088 107.3798999 
1255.0000000 107.3133902 107.1834813 
1256.0000000 107.1169717 106.9870628 
1257.0000000 106.9205531 106.7906442 
1258.0000000 106.7241346 106.5942257 
1259.0000000 106.5277160 106.3978071 
1260.0000000 106.3312975 106.2013886 
1261.0000000 106.1348789 106.0049700 
1262.0000000 105.9384604 105.8085515 
1263.0000000 105.7420418 105.6121329 
1264.0000000 105.5456233 105.4157144 
1265.0000000 105.3492047 105.2192958 
1266.0000000 105.1527862 105.0228773 
1267.0000000 104.9563676 104.8264587 
1268.0000000 104.7599491 104.6300402 
1269.0000000 104.5635305 104.4336216 
1270.0000000 104.3671120 104.2372031 
1271.0000000 104.1706934 104.0407845 
1272.0000000 103.9742749 103.8443660 
1273.0000000 103.7778563 103.6479474 
1274.0000000 103.5814378 103.4515289 
1275.0000000 103.3850192 103.2551103 
1276.0000000 103.1886007 103.0586918 
1277.0000000 102.9921821 102.8622732 
1278.0000000 102.7957636 102.6658547 
1279.0000000 102.5993450 102.4694361 
1280.0000000 102.4029265 102.2730176 
1281.0000000 102.2065079 102.0765990 
1282.0000000 102.0100894 101.8801805 
1283.0000000 101.8136708 101.6837619 
1284.0000000 101.6172523 101.4873434 
1285.0000000 101.4208337 101.2909248 
1286.0000000 101.2244152 101.0945063 
1287.0000000 101.0279966 100.8980877 
1288.0000000 100.8315781 100.7016692 
1289.0000000 100.6351595 100.5052506 
1290.0000000 100.4387410 100.3088321 
1291.0000000 100.2423224 100.1124135 
1292.0000000 100.0459039 99.9159950 
1293.0000000 99.8494853 99.7195764 
1294.0000000 99.6530668 99.5231579 
1295.0000000 99.4566482 99.3267393 
1296.0000000 99.2602297 99.1303208 
1297.0000000 99.0638111 98.9339022 
1298.0000000 98.8673926 98.7374837 
1299.0000000 98.6709740 98.5410651 
1300.0000000 98.4745555 98.3446466 
1301.0000000 98.2781369 98.1482280 
1302.0000000 98.0817184 97.9518095 
1303.0000000 97.8852998 97.7553909 
1304.0000000 97.6888813 97.5589724 
1305.0000000 97.4924627 97.3625538 
1306.0000000 97.2960442 97.1661353 
1307.0000000 97.0996256 96.9697167 
1308.0000000 96.9032071 96.7732982 
1309.0000000 96.7067885 96.5768796 
1310.0000000 96.5103700 96.3804611 
1311.0000000 96.3139514 96.1840425 
1312.0000000 96.1175329 95.9876240 
1313.0000000 95.9211143 95.7912054 
1314.0000000 95.7246958 95.5947869 
1315.0000000 95.5282772 95.3983683 
1316.0000000 95.3318587 95.2019498 
1317.0000000 95.1354401 95.0055312 
1318.0000000 94.9390216 94.8091127 
1319.0000000 94.7426030 94.6126941 
1320.0000000 94.5461845 94.4162756 
1321.0000000 94.3497659 94.2198570 
1322.0000000 94.1533474 94.0234385 
1323.0000000 93.9569288 93.8270199 
1324.0000000 93.7605103 93.6306014 
1325.0000000 93.5640917 93.4341828 
1326.0000000 93.3676732 93.2377643 
1327.0000000 93.1712546 93.0413457 
1328.0000000 92.9748361 92.8449272 
1329.0000000 92.7784175 92.6485086 
1330.0000000 92.5819990 92.4520901 
1331.0000000 92.3855804 92.2556715 
1332.0000000 92.1891619 92.0592530 
1333.0000000 91.9927433 91.8628344 
1334.0000000 91.7963248 91.6664159 
1335.0000000 91.5999062 91.4699973 
1336.0000000 91.4034877 91.2735788 
1337.0000000 91.2070691 91.0771602 
1338.0000000 91.0106506 90.8807417 
1339.0000000 90.8142320 90.6843231 
1340.0000000 90.6178135 90.4879046 
1341.0000000 90.4213949 90.2914860 
1342.0000000 90.2249764 90.0950675 
1343.0000000 90.0285578 89.8986489 
1344.0000000 89.8321393 89.7022304 
1345.0000000 89.6357207 89.5058118 
1346.0000000 89.4393022 89.3093933 
1347.0000000 89.2428836 89.1129747 
1348.0000000 89.0464651 88.9165562 
1349.0000000 88.8500465 88.7201376 
1350.0000000 88.6536280 88.5237191 
1351.0000000 88.4572094 88.3273005 
1352.0000000 88.2607909 88.1308820 
1353.0000000 88.0643723 87.9344634 
1354.0000000 87.8679538 87.7380449 
1355.0000000 87.6715352 87.5416263 
1356.0000000 87.4751167 87.3452078 
1357.0000000 87.2786981 87.1487892 
1358.0000000 87.0822796 86.9523707 
1359.0000000 86.8858610 86.7559521 
1360.0000000 86.6894425 86.5595336 
1361.0000000 86.4930239 86.3631150 
1362.0000000 86.2966054 86.1666965 
1363.0000000 86.1001868 85.9702779 
1364.0000000 85.9037683 85.7738594 
1365.0000000 85.7073497 85.5774408 
1366.0000000 85.5109312 85.3810223 
1367.0000000 85.3145126 85.1846037 
1368.0000000 85.1180941 84.9881852 
1369.0000000 84.9216755 84.7917666 
1370.0000000 84.7252570 84.5953480 
1371.0000000 84.5288384 84.3989295 
1372.0000000 84.3324198 84.2025109 
1373.0000000 84.1360013 84.0060924 
1374.0000000 83.9395827 83.8096738 
1375.0000000 83.7431642 83.6132553 
1376.0000000 83.5467456 83.4168367 
1377.0000000 83.3503271 83.2204182 
1378.0000000 83.1539085 83.0239996 
1379.0000000 82.9574900 82.8275811 
1380.0000000 82.7610714 82.6311625 
1381.0000000 82.5646529 82.4347440 
1382.0000000 82.3682343 82.2383254 
1383.0000000 82.1718158 82.0419069 
1384.0000000 81.9753972 81.8454883 
1385.0000000 81.7789787 81.6490698 
1386.0000000 81.5825601 81.4526512 
1387.0000000 81.3861416 81.2562327 
1388.0000000 81.1897230 81.0598141 
1389.0000000 80.9933045 80.8633956 
1390.0000000 80.7968859 80.6669770 
1391.0000000 80.6004674 80.4705585 
1392.0000000 80.4040488 80.2741399 
1393.0000000 80.2076303 80.0777214 
1394.0000000 80.0112117 79.8813028 
1395.0000000 79.8147932 79.6848843 
1396.0000000 79.6183746 79.4884657 
1397.0000000 79.4219561 79.2920472 
1398.0000000 79.2255375 79.0956286 
1399.0000000 79.0291190 78.8992101 
1400.0000000 78.8327004 78.7027915 
1401.0000000 78.6362819 78.5063730 
1402.0000000 78.4398633 78.3099544 
1403.0000000 78.2434448 78.1135359 
1404.0000000 78.0470262 77.9171173 
1405.0000000 77.8506077 77.7206988 
1406.0000000 77.6541891 77.5242802 
1407.0000000 77.4577706 77.3278617 
1408.0000000 77.2613520 77.1314431 
1409.0000000 77.0649335 76.9350246 
1410.0000000 76.8685149 76.7386060 
1411.0000000 76.6720964 76.5421875 
1412.0000000 76.4756778 76.3457689 
1413.0000000 76.2792593 76.1493504 
1414.0000000 76.0828407 75.9529318 
1415.0000000 75.8864222 75.7565133 
1416.0000000 75.6900036 75.5600947 
1417.0000000 75.4935851 75.3636762 
1418.0000000 75.2971665 75.1672576 
1419.0000000 75.1007480 74.9708391 
1420.0000000 74.9043294 74.7744205 
1421.0000000 74.7079109 74.5780020 
1422.0000000 74.5114923 74.3815834 
1423.0000000 74.3150738 74.1851649 
1424.0000000 74.1186552 73.9887463 
1425.0000000 73.9222367 73.7923278 
1426.0000000 73.7258181 73.5959092 
1427.0000000 73.5293996 73.3994907 
1428.0000000 73.3329810 73.2030721 
1429.0000000 73.1365625 73.0066536 
1430.0000000 72.9401439 72.8102350 
1431.0000000 72.7437254 72.6138165 
1432.0000000 72.5473068 72.4173979 
1433.0000000 72.3508883 72.2209794 
1434.0000000 72.1544697 72.0245608 
1435.0000000 71.9580512 71.8281423 
1436.0000000 71.7616326 71.6317237 
1437.0000000 71.5652141 71.4353052 
1438.0000000 71.3687955 71.2388866 
1439.0000000 71.1723770 71.0424681 
1440.0000000 70.9759584 70.8460495 
1441.0000000 70.7795399 70.6496310 
1442.0000000 70.5831213 70.4532124 
1443.0000000 70.3867028 70.2567939 
1444.0000000 70.1902842 70.0603753 
1445.0000000 69.9938657 69.8639568 
1446.0000000 69.7974471 69.6675382 
1447.0000000 69.6010286 69.4711197 
1448.0000000 69.4046100 69.2747011 
1449.0000000 69.2081915 69.0782826 
1450.0000000 69.0117729 68.8818640 
1451.0000000 68.8153544 68.6854455 
1452.0000000 68.6189358 68.4890269 
1453.0000000 68.4225173 68.2926084 
1454.0000000 68.2260987 68.0961898 
1455.0000000 68.0296802 67.8997713 
1456.0000000 67.8332616 67.7033527 
1457.0000000 67.6368431 67.5069342 
1458.0000000 67.4404245 67.3105156 
1459.0000000 67.2440060 67.1140971 
1460.0000000 67.0475874 66.9176785 
1461.0000000 66.8511689 66.7212600 
1462.0000000 66.6547503 66.5248414 
1463.0000000 66.4583318 66.3284229 
1464.0000000 66.2619132 66.1320043 
1465.0000000 66.0654947 65.9355858 
1466.0000000 65.8690761 65.7391672 
1467.0000000 65.6726576 65.5427487 
1468.0000000 65.4762390 65.3463301 
1469.0000000 65.2798205 65.1499116 
1470.0000000 65.0834019 64.9534930 
1471.0000000 64.8869834 64.7570745 
1472.0000000 64.6905648 64.5606559 
1473.0000000 64.4941463 64.3642374 
1474.0000000 64.2977277 64.1678188 
1475.0000000 64.1013092 63.9714003 
1476.0000000 63.9048906 63.7749817 
1477.0000000 63.7084721 63.5785632 
1478.0000000 63.5120535 63.3821446 
1479.0000000 63.3156350 63.1857261 
1480.0000000 63.1192164 62.9893075 
1481.0000000 62.9227979 62.7928890 
1482.0000000 62.7263793 62.5964704 
1483.0000000 62.5299608 62.4000519 
1484.0000000 62.3335422 62.2036333 
1485.0000000 62.1371237 62.0072148 
1486.0000000 61.9407051 61.8107962 
1487.0000000 61.7442866 61.6143777 
1488.0000000 61.5478680 61.4179591 
1489.0000000 61.3514495 61.2215406 
1490.0000000 61.1550309 61.0251220 
1491.0000000 60.9586124 60.8287035 
1492.0000000 60.7621938 60.6322849 
1493.0000000 60.5657753 60.4358664 
1494.0000000 60.3693567 60.2394478 
1495.0000000 60.1729382 60.0430293 
1496.0000000 59.9765196 59.8466107 
1497.0000000 59.7801011 59.6501922 
1498.0000000 59.5836825 59.4537736 
1499.0000000 59.3872640 59.2573551 
1500.0000000 59.1908454 59.0609365 
1501.0000000 58.9944269 58.8645180 
1502.0000000 58.7980083 58.6680994 
1503.0000000 58.6015898 58.4716809 
1504.0000000 58.4051712 58.2752623 
1505.0000000 58.2087527 58.0788438 
1506.0000000 58.0123341 57.8824252 
1507.0000000 57.8159156 57.6860067 
1508.0000000 57.6194970 57.4895881 
1509.0000000 57.4230785 57.2931696 
1510.0000000 57.2266599 57.0967510 
1511.0000000 57.0302414 56.9003325 
1512.0000000 56.8338228 56.7039139 
1513.0000000 56.6374043 56.5074954 
1514.0000000 56.4409857 56.3110768 
1515.0000000 56.2445672 56.1146583 
1516.0000000 56.0481486 55.9182397 
1517.0000000 55.8517301 55.7218212 
1518.0000000 55.6553115 55.5254026 
1519.0000000 55.4588930 55.3289841 
1520.0000000 55.2624744 55.1325655 
1521.0000000 55.0660559 54.9361470 
1522.0000000 54.8696373 54.7397284 
1523.0000000 54.6732188 54.5433098 
1524.0000000 54.4768002 54.3468913 
1525.0000000 54.2803816 54.1504727 
1526.0000000 54.0839631 53.9540542 
1527.0000000 53.8875445 53.7576356 
1528.0000000 53.6911260 53.5612171 
1529.0000000 53.4947074 53.3647985 
1530.0000000 53.2982889 53.1683800 
1531.0000000 53.1018703 52.9719614 
1532.0000000 52.9054518 52.7755429 
1533.0000000 52.7090332 52.5791243 
1534.0000000 52.5126147 52.3827058 
1535.0000000 52.3161961 52.1862872 
1536.0000000 52.1197776 51.9898687 
1537.0000000 51.9233590 51.7934501 
1538.0000000 51.7269405 51.5970316 
1539.0000000 51.5305219 51.4006130 
1540.0000000 51.3341034 51.2041945 
1541.0000000 51.1376848 51.0077759 
1542.0000000 50.9412663 50.8113574 
1543.0000000 50.7448477 50.6149388 
1544.0000000 50.5484292 50.4185203 
1545.0000000 50.3520106 50.2221017 
1546.0000000 50.1555921 50.0256832 
1547.0000000 49.9591735 49.8292646 
1548.0000000 49.7627550 49.6328461 
1549.0000000 49.5663364 49.4364275 
1550.0000000 49.3699179 49.2400090 
1551.0000000 49.1734993 49.0435904 
1552.0000000 48.9770808 48.8471719 
1553.0000000 48.7806622 48.6507533 
1554.0000000 48.5842437 48.4543348 
1555.0000000 48.3878251 48.2579162 
1556.0000000 48.1914066 48.0614977 
1557.0000000 47.9949880 47.8650791 
1558.0000000 47.7985695 47.6686606 
1559.0000000 47.6021509 47.4722420 
1560.0000000 47.4057324 47.2758235 
1561.0000000 47.2093138 47.0794049 
1562.0000000 47.0128953 46.8829864 
1563.0000000 46.8164767 46.6865678 
1564.0000000 46.6200582 46.4901493 
1565.0000000 46.4236396 46.2937307 
1566.0000000 46.2272211 46.0973122 
1567.0000000 46.0308025 45.9008936 
1568.0000000 45.8343840 45.7044751 
1569.0000000 45.6379654 45.5080565 
1570.0000000 45.4415469 45.3116380 
1571.0000000 45.2451283 45.1152194 
1572.0000000 45.0487098 44.9188009 
1573.0000000 44.8522912 44.7223823 
1574.0000000 44.6558727 44.5259638 
1575.0000000 44.4594541 44.3295452 
1576.0000000 44.2630356 44.1331267 
1577.0000000 44.0666170 43.9367081 
1578.0000000 43.8701985 43.7402896 
1579.0000000 43.6737799 43.5438710 
1580.0000000 43.4773614 43.3474525 
1581.0000000 43.2809428 43.1510339 
1582.0000000 43.0845243 42.9546154 
1583.0000000 42.8881057 42.7581968 
1584.0000000 42.6916872 42.5617783 
1585.0000000 42.4952686 42.3653597 
1586.0000000 42.2988501 42.1689412 
1587.0000000 42.1024315 41.9725226 
1588.0000000 41.9060130 41.7761041 
1589.0000000 41.7095944 41.5796855 
1590.0000000 41.5131759 41.3832670 
1591.0000000 41.3167573 41.1868484 
1592.0000000 41.1203388 40.9904299 
1593.0000000 40.9239202 40.7940113 
1594.0000000 40.7275017 40.5975928 
1595.0000000 40.5310831 40.4011742 
1596.0000000 40.3346646 40.2047557 
1597.0000000 40.1382460 40.0083371 
1598.0000000 39.9418275 39.8119186 
1599.0000000 39.7454089 39.6155000 
1600.0000000 39.5489904 39.4190815 
1601.0000000 39.3525718 39.2226629 
1602.0000000 39.1561533 39.0262444 
1603.0000000 38.9597347 38.8298258 
1604.0000000 38.7633162 38.6334073 
1605.0000000 38.5668976 38.4369887 
1606.0000000 38.3704791 38.2405702 
1607.0000000 38.1740605 38.0441516 
1608.0000000 37.9776420 37.8477331 
1609.0000000 37.7812234 37.6513145 
1610.0000000 37.5848049 37.4548960 
1611.0000000 37.3883863 37.2584774 
1612.0000000 37.1919678 37.0620589 
1613.0000000 36.9955492 36.8656403 
1614.0000000 36.7991307 36.6692218 
1615.0000000 36.6027121 36.4728032 
1616.0000000 36.4062936 36.2763847 
1617.0000000 36.2098750 36.0799661 
1618.0000000 36.0134565 35.8835476 
1619.0000000 35.8170379 35.6871290 
1620.0000000 35.6206194 35.4907105 
1621.0000000 35.4242008 35.2942919 
1622.0000000 35.2277823 35.0978734 
1623.0000000 35.0313637 34.9014548 
1624.0000000 34.8349452 34.7050363 
1625.0000000 34.6385266 34.5086177 
1626.0000000 34.4421081 34.3121992 
1627.0000000 34.2456895 34.1157806 
1628.0000000 34.0492710 33.9193621 
1629.0000000 33.8528524 33.7229435 
1630.0000000 33.6564339 33.5265250 
1631.0000000 33.4600153 33.3301064 
1632.0000000 33.2635968 33.1336879 
1633.0000000 33.0671782 32.9372693 
1634.0000000 32.8707597 32.7408508 
1635.0000000 32.6743411 32.5444322 
1636.0000000 32.4779226 32.3480137 
1637.0000000 32.2815040 32.1515951 
1638.0000000 32.0850855 31.9551766 
1639.0000000 31.8886669 31.7587580 
1640.0000000 31.6922484 31.5623395 
1641.0000000 31.4958298 31.3659209 
1642.0000000 31.2994113 31.1695024 
1643.0000000 31.1029927 30.9730838 
1644.0000000 30.9065742 30.7766653 
1645.0000000 30.7101556 30.5802467 
1646.0000000 30.5137371 30.3838282 
1647.0000000 30.3173185 30.1874096 
1648.0000000 30.1209000 29.9909911 
1649.0000000 29.9244814 29.7945725 
1650.0000000 29.7280629 29.5981540 
1651.0000000 29.5316443 29.4017354 
1652.0000000 29.3352258 29.2053169 
1653.0000000 29.1388072 29.0088983 
1654.0000000 28.9423887 28.8124798 
1655.0000000 28.7459701 28.6160612 
1656.0000000 28.5495516 28.4196427 
1657.0000000 28.3531330 28.2232241 
1658.0000000 28.1567145 28.0268056 
1659.0000000 27.9602959 27.8303870 
1660.0000000 27.7638774 27.6339685 
1661.0000000 27.5674588 27.4375499 
1662.0000000 27.3710403 27.2411314 
1663.0000000 27.1746217 27.0447128 
1664.0000000 26.9782032 26.8482943 
1665.0000000 26.7817846 26.6518757 
1666.0000000 26.5853661 26.4554572 
1667.0000000 26.3889475 26.2590386 
1668.0000000 26.1925290 26.0626201 
1669.0000000 25.9961104 25.8662015 
1670.0000000 25.7996919 25.6697830 
1671.0000000 25.6032733 25.4733644 
1672.0000000 25.4068548 25.2769459 
1673.0000000 25.2104362 25.0805273 
1674.0000000 25.0140177 24.8841087 
1675.0000000 24.8175991 24.6876902 
1676.0000000 24.6211805 24.4912716 
1677.0000000 24.4247620 24.2948531 
1678.0000000 24.2283434 24.0984345 
1679.0000000 24.0319249 23.9020160 
1680.0000000 23.8355063 23.7055974 
1681.0000000 23.6390878 23.5091789 
1682.0000000 23.4426692 23.3127603 
1683.0000000 23.2462507 23.1163418 
1684.0000000 23.0498321 22.9199232 
1685.0000000 22.8534136 22.7235047 
1686.0000000 22.6569950 22.5270861 
1687.0000000 22.4605765 22.3306676 
1688.0000000 22.2641579 22.1342490 
1689.0000000 22.0677394 21.9378305 
1690.0000000 21.8713208 21.7414119 
1691.0000000 21.6749023 21.5449934 
1692.0000000 21.4784837 21.3485748 
1693.0000000 21.2820652 21.1521563 
1694.0000000 21.0856466 20.9557377 
1695.0000000 20.8892281 20.7593192 
1696.0000000 20.6928095 20.5629006 
1697.0000000 20.4963910 20.3664821 
1698.0000000 20.2999724 20.1700635 
1699.0000000 20.1035539 19.9736450 
1700.0000000 19.9071353 19.7772264 
1701.0000000 19.7107168 19.5808079 
1702.0000000 19.5142982 19.3843893 
1703.0000000 19.3178797 19.1879708 
1704.0000000 19.1214611 18.9915522 
1705.0000000 18.9250426 18.7951337 
1706.0000000 18.7286240 18.5987151 
1707.0000000 18.5322055 18.4022966 
1708.0000000 18.3357869 18.2058780 
1709.0000000 18.1393684 18.0094595 
1710.0000000 17.9429498 17.8130409 
1711.0000000 17.7465313 17.6166224 
1712.0000000 17.5501127 17.4202038 
1713.0000000 17.3536942 17.2237853 
1714.0000000 17.1572756 17.0273667 
1715.0000000 16.9608571 16.8309482 
1716.0000000 16.7644385 16.6345296 
1717.0000000 16.5680200 16.4381111 
1718.0000000 16.3716014 16.2416925 
1719.0000000 16.1751829 16.0452740 
1720.0000000 15.9787643 15.8488554 
1721.0000000 15.7823458 15.6524369 
1722.0000000 15.5859272 15.4560183 
1723.0000000 15.3895087 15.2595998 
1724.0000000 15.1930901 15.0631812 
1725.0000000 14.9966716 14.8667627 
1726.0000000 14.8002530 14.6703441 
1727.0000000 14.6038345 14.4739256 
1728.0000000 14.4074159 14.2775070 
1729.0000000 14.2109974 14.0810885 
1730.0000000 14.0145788 13.8846699 
1731.0000000 13.8181603 13.6882514 
1732.0000000 13.6217417 13.4918328 
1733.0000000 13.4253232 13.2954143 
1734.0000000 13.2289046 13.0989957 
1735.0000000 13.0324861 12.9025772 
1736.0000000 12.8360675 12.7061586 
1737.0000000 12.6396490 12.5097401 
1738.0000000 12.4432304 12.3133215 
1739.0000000 12.2468119 12.1169030 
1740.0000000 12.0503933 11.9204844 
1741.0000000 11.8539748 11.7240659 
1742.0000000 11.6575562 11.5276473 
1743.0000000 11.4611377 11.3312288 
1744.0000000 11.2647191 11.1348102 
1745.0000000 11.0683006 10.9383917 
1746.0000000 10.8718820 10.7419731 
1747.0000000 10.6754635 10.5455546 
1748.0000000 10.4790449 10.3491360 
1749.0000000 10.2826264 10.1527175 
1750.0000000 10.0862078 9.9562989 
1751.0000000 9.8897893 9.7598804 
1752.0000000 9.6933707 9.5634618 
1753.0000000 9.4969522 9.3670433 
1754.0000000 9.3005336 9.1706247 
1755.0000000 9.1041151 8.9742062 
1756.0000000 8.9076965 8.7777876 
1757.0000000 8.7112780 8.5813691 
1758.0000000 8.5148594 8.3849505 
1759.0000000 8.3184409 8.1885320 
1760.0000000 8.1220223 7.9921134 
1761.0000000 7.9256038 7.7956949 
1762.0000000 7.7291852 7.5992763 
1763.0000000 7.5327667 7.4028578 
1764.0000000 7.3363481 7.2064392 
1765.0000000 7.1399296 7.0100207 
1766.0000000 6.9435110 6.8136021 
1767.0000000 6.7470925 6.6171836 
1768.0000000 6.5506739 6.4207650 
1769.0000000 6.3542554 6.2243465 
1770.0000000 6.1578368 6.0279279 
1771.0000000 5.9614183 5.8315094 
1772.0000000 5.7649997 5.6350908 
1773.0000000 5.5685812 5.4386723 
1774.0000000 5.3721626 5.2422537 
1775.0000000 5.1757441 5.0458352 
1776.0000000 4.9793255 4.8494166 
1777.0000000 4.7829070 4.6529981 
1778.0000000 4.5864884 4.4565795 
1779.0000000 4.3900699 4.2601610 
1780.0000000 4.1936513 4.0637424 
1781.0000000 3.9972328 3.8673239 
1782.0000000 3.8008142 3.6709053 
1783.0000000 3.6043957 3.4744868 
1784.0000000 3.4079771 3.2780682 
1785.0000000 3.2115586 3.0816497 
1786.0000000 3.0151400 2.8852311 
1787.0000000 2.8187215 2.6888126 
1788.0000000 2.6223029 2.4923940 
1789.0000000 2.4258844 2.2959755 
1790.0000000 2.2294658 2.0995569 
1791.0000000 2.0330473 1.9031384 
1792.0000000 1.8366287 1.7067198 
1793.0000000 1.6402102 1.5103013 
1794.0000000 1.4437916 1.3138827 
1795.0000000 1.2473731 1.1174642 
1796.0000000 1.0509545 0.9210456 
1797.0000000 0.8545360 0.7246271 
1798.0000000 0.6581174 0.5282085 
1799.0000000 0.4616989 0.3317900 
1800.0000000 0.2652803 0.1353714 

