1.0000000 353.5017289 353.5341730 
2.0000000 353.3053103 353.3377545 
3.0000000 353.1088917 353.1413359 
4.0000000 352.9124732 352.9449174 
5.0000000 352.7160546 352.7484988 
6.0000000 352.5196361 352.5520803 
7.0000000 352.3232175 352.3556617 
8.0000000 352.1267990 352.1592432 
9.0000000 351.9303804 351.9628246 
10.0000000 351.7339619 351.7664061 
11.0000000 351.5375433 351.5699875 
12.0000000 351.3411248 351.3735690 
13.0000000 351.1447062 351.1771504 
14.0000000 350.9482877 350.9807319 
15.0000000 350.7518691 350.7843133 
16.0000000 350.5554506 350.5878948 
17.0000000 350.3590320 350.3914762 
18.0000000 350.1626135 350.1950577 
19.0000000 349.9661949 349.9986391 
20.0000000 349.7697764 349.8022206 
21.0000000 349.5733578 349.6058020 
22.0000000 349.3769393 349.4093835 
23.0000000 349.1805207 349.2129649 
24.0000000 348.9841022 349.0165464 
25.0000000 348.7876836 348.8201278 
26.0000000 348.5912651 348.6237093 
27.0000000 348.3948465 348.4272907 
28.0000000 348.1984280 348.2308722 
29.0000000 348.0020094 348.0344536 
30.0000000 347.8055909 347.8380351 
31.0000000 347.6091723 347.6416165 
32.0000000 347.4127538 347.4451980 
33.0000000 347.2163352 347.2487794 
34.0000000 347.0199167 347.0523609 
35.0000000 346.8234981 346.8559423 
36.0000000 346.6270796 346.6595238 
37.0000000 346.4306610 346.4631052 
38.0000000 346.2342425 346.2666867 
39.0000000 346.0378239 346.0702681 
40.0000000 345.8414054 345.8738496 
41.0000000 345.6449868 345.6774310 
42.0000000 345.4485683 345.4810125 
43.0000000 345.2521497 345.2845939 
44.0000000 345.0557312 345.0881754 
45.0000000 344.8593126 344.8917568 
46.0000000 344.6628941 344.6953383 
47.0000000 344.4664755 344.4989197 
48.0000000 344.2700570 344.3025012 
49.0000000 344.0736384 344.1060826 
50.0000000 343.8772199 343.9096641 
51.0000000 343.6808013 343.7132455 
52.0000000 343.4843828 343.5168270 
53.0000000 343.2879642 343.3204084 
54.0000000 343.0915457 343.1239899 
55.0000000 342.8951271 342.9275713 
56.0000000 342.6987086 342.7311528 
57.0000000 342.5022900 342.5347342 
58.0000000 342.3058715 342.3383157 
59.0000000 342.1094529 342.1418971 
60.0000000 341.9130344 341.9454786 
61.0000000 341.7166158 341.7490600 
62.0000000 341.5201973 341.5526415 
63.0000000 341.3237787 341.3562229 
64.0000000 341.1273602 341.1598044 
65.0000000 340.9309416 340.9633858 
66.0000000 340.7345231 340.7669673 
67.0000000 340.5381045 340.5705487 
68.0000000 340.3416860 340.3741302 
69.0000000 340.1452674 340.1777116 
70.0000000 339.9488489 339.9812930 
71.0000000 339.7524303 339.7848745 
72.0000000 339.5560118 339.5884559 
73.0000000 339.3595932 339.3920374 
74.0000000 339.1631747 339.1956188 
75.0000000 338.9667561 338.9992003 
76.0000000 338.7703376 338.8027817 
77.0000000 338.5739190 338.6063632 
78.0000000 338.3775005 338.4099446 
79.0000000 338.1810819 338.2135261 
80.0000000 337.9846634 338.0171075 
81.0000000 337.7882448 337.8206890 
82.0000000 337.5918263 337.6242704 
83.0000000 337.3954077 337.4278519 
84.0000000 337.1989892 337.2314333 
85.0000000 337.0025706 337.0350148 
86.0000000 336.8061521 336.8385962 
87.0000000 336.6097335 336.6421777 
88.0000000 336.4133150 336.4457591 
89.0000000 336.2168964 336.2493406 
90.0000000 336.0204779 336.0529220 
91.0000000 335.8240593 335.8565035 
92.0000000 335.6276408 335.6600849 
93.0000000 335.4312222 335.4636664 
94.0000000 335.2348037 335.2672478 
95.0000000 335.0383851 335.0708293 
96.0000000 334.8419666 334.8744107 
97.0000000 334.6455480 334.6779922 
98.0000000 334.4491295 334.4815736 
99.0000000 334.2527109 334.2851551 
100.0000000 334.0562924 334.0887365 
101.0000000 333.8598738 333.8923180 
102.0000000 333.6634553 333.6958994 
103.0000000 333.4670367 333.4994809 
104.0000000 333.2706182 333.3030623 
105.0000000 333.0741996 333.1066438 
106.0000000 332.8777811 332.9102252 
107.0000000 332.6813625 332.7138067 
108.0000000 332.4849440 332.5173881 
109.0000000 332.2885254 332.3209696 
110.0000000 332.0921069 332.1245510 
111.0000000 331.8956883 331.9281325 
112.0000000 331.6992698 331.7317139 
113.0000000 331.5028512 331.5352954 
114.0000000 331.3064327 331.3388768 
115.0000000 331.1100141 331.1424583 
116.0000000 330.9135956 330.9460397 
117.0000000 330.7171770 330.7496212 
118.0000000 330.5207585 330.5532026 
119.0000000 330.3243399 330.3567841 
120.0000000 330.1279214 330.1603655 
121.0000000 329.9315028 329.9639470 
122.0000000 329.7350843 329.7675284 
123.0000000 329.5386657 329.5711099 
124.0000000 329.3422472 329.3746913 
125.0000000 329.1458286 329.1782728 
126.0000000 328.9494101 328.9818542 
127.0000000 328.7529915 328.7854357 
128.0000000 328.5565730 328.5890171 
129.0000000 328.3601544 328.3925986 
130.0000000 328.1637359 328.1961800 
131.0000000 327.9673173 327.9997615 
132.0000000 327.7708988 327.8033429 
133.0000000 327.5744802 327.6069244 
134.0000000 327.3780617 327.4105058 
135.0000000 327.1816431 327.2140873 
136.0000000 326.9852246 327.0176687 
137.0000000 326.7888060 326.8212502 
138.0000000 326.5923875 326.6248316 
139.0000000 326.3959689 326.4284131 
140.0000000 326.1995504 326.2319945 
141.0000000 326.0031318 326.0355760 
142.0000000 325.8067133 325.8391574 
143.0000000 325.6102947 325.6427389 
144.0000000 325.4138762 325.4463203 
145.0000000 325.2174576 325.2499018 
146.0000000 325.0210391 325.0534832 
147.0000000 324.8246205 324.8570647 
148.0000000 324.6282020 324.6606461 
149.0000000 324.4317834 324.4642276 
150.0000000 324.2353649 324.2678090 
151.0000000 324.0389463 324.0713905 
152.0000000 323.8425278 323.8749719 
153.0000000 323.6461092 323.6785534 
154.0000000 323.4496907 323.4821348 
155.0000000 323.2532721 323.2857163 
156.0000000 323.0568535 323.0892977 
157.0000000 322.8604350 322.8928792 
158.0000000 322.6640164 322.6964606 
159.0000000 322.4675979 322.5000421 
160.0000000 322.2711793 322.3036235 
161.0000000 322.0747608 322.1072050 
162.0000000 321.8783422 321.9107864 
163.0000000 321.6819237 321.7143679 
164.0000000 321.4855051 321.5179493 
165.0000000 321.2890866 321.3215308 
166.0000000 321.0926680 321.1251122 
167.0000000 320.8962495 320.9286937 
168.0000000 320.6998309 320.7322751 
169.0000000 320.5034124 320.5358566 
170.0000000 320.3069938 320.3394380 
171.0000000 320.1105753 320.1430195 
172.0000000 319.9141567 319.9466009 
173.0000000 319.7177382 319.7501824 
174.0000000 319.5213196 319.5537638 
175.0000000 319.3249011 319.3573453 
176.0000000 319.1284825 319.1609267 
177.0000000 318.9320640 318.9645082 
178.0000000 318.7356454 318.7680896 
179.0000000 318.5392269 318.5716711 
180.0000000 318.3428083 318.3752525 
181.0000000 318.1463898 318.1788340 
182.0000000 317.9499712 317.9824154 
183.0000000 317.7535527 317.7859969 
184.0000000 317.5571341 317.5895783 
185.0000000 317.3607156 317.3931598 
186.0000000 317.1642970 317.1967412 
187.0000000 316.9678785 317.0003227 
188.0000000 316.7714599 316.8039041 
189.0000000 316.5750414 316.6074856 
190.0000000 316.3786228 316.4110670 
191.0000000 316.1822043 316.2146485 
192.0000000 315.9857857 316.0182299 
193.0000000 315.7893672 315.8218114 
194.0000000 315.5929486 315.6253928 
195.0000000 315.3965301 315.4289743 
196.0000000 315.2001115 315.2325557 
197.0000000 315.0036930 315.0361372 
198.0000000 314.8072744 314.8397186 
199.0000000 314.6108559 314.6433001 
200.0000000 314.4144373 314.4468815 
201.0000000 314.2180188 314.2504630 
202.0000000 314.0216002 314.0540444 
203.0000000 313.8251817 313.8576259 
204.0000000 313.6287631 313.6612073 
205.0000000 313.4323446 313.4647888 
206.0000000 313.2359260 313.2683702 
207.0000000 313.0395075 313.0719517 
208.0000000 312.8430889 312.8755331 
209.0000000 312.6466704 312.6791146 
210.0000000 312.4502518 312.4826960 
211.0000000 312.2538333 312.2862775 
212.0000000 312.0574147 312.0898589 
213.0000000 311.8609962 311.8934404 
214.0000000 311.6645776 311.6970218 
215.0000000 311.4681591 311.5006033 
216.0000000 311.2717405 311.3041847 
217.0000000 311.0753220 311.1077662 
218.0000000 310.8789034 310.9113476 
219.0000000 310.6824849 310.7149291 
220.0000000 310.4860663 310.5185105 
221.0000000 310.2896478 310.3220919 
222.0000000 310.0932292 310.1256734 
223.0000000 309.8968107 309.9292548 
224.0000000 309.7003921 309.7328363 
225.0000000 309.5039736 309.5364177 
226.0000000 309.3075550 309.3399992 
227.0000000 309.1111365 309.1435806 
228.0000000 308.9147179 308.9471621 
229.0000000 308.7182994 308.7507435 
230.0000000 308.5218808 308.5543250 
231.0000000 308.3254623 308.3579064 
232.0000000 308.1290437 308.1614879 
233.0000000 307.9326252 307.9650693 
234.0000000 307.7362066 307.7686508 
235.0000000 307.5397881 307.5722322 
236.0000000 307.3433695 307.3758137 
237.0000000 307.1469510 307.1793951 
238.0000000 306.9505324 306.9829766 
239.0000000 306.7541139 306.7865580 
240.0000000 306.5576953 306.5901395 
241.0000000 306.3612768 306.3937209 
242.0000000 306.1648582 306.1973024 
243.0000000 305.9684397 306.0008838 
244.0000000 305.7720211 305.8044653 
245.0000000 305.5756026 305.6080467 
246.0000000 305.3791840 305.4116282 
247.0000000 305.1827655 305.2152096 
248.0000000 304.9863469 305.0187911 
249.0000000 304.7899284 304.8223725 
250.0000000 304.5935098 304.6259540 
251.0000000 304.3970913 304.4295354 
252.0000000 304.2006727 304.2331169 
253.0000000 304.0042542 304.0366983 
254.0000000 303.8078356 303.8402798 
255.0000000 303.6114171 303.6438612 
256.0000000 303.4149985 303.4474427 
257.0000000 303.2185800 303.2510241 
258.0000000 303.0221614 303.0546056 
259.0000000 302.8257429 302.8581870 
260.0000000 302.6293243 302.6617685 
261.0000000 302.4329058 302.4653499 
262.0000000 302.2364872 302.2689314 
263.0000000 302.0400687 302.0725128 
264.0000000 301.8436501 301.8760943 
265.0000000 301.6472316 301.6796757 
266.0000000 301.4508130 301.4832572 
267.0000000 301.2543945 301.2868386 
268.0000000 301.0579759 301.0904201 
269.0000000 300.8615574 300.8940015 
270.0000000 300.6651388 300.6975830 
271.0000000 300.4687203 300.5011644 
272.0000000 300.2723017 300.3047459 
273.0000000 300.0758832 300.1083273 
274.0000000 299.8794646 299.9119088 
275.0000000 299.6830461 299.7154902 
276.0000000 299.4866275 299.5190717 
277.0000000 299.2902090 299.3226531 
278.0000000 299.0937904 299.1262346 
279.0000000 298.8973719 298.9298160 
280.0000000 298.7009533 298.7333975 
281.0000000 298.5045348 298.5369789 
282.0000000 298.3081162 298.3405604 
283.0000000 298.1116977 298.1441418 
284.0000000 297.9152791 297.9477233 
285.0000000 297.7188606 297.7513047 
286.0000000 297.5224420 297.5548862 
287.0000000 297.3260235 297.3584676 
288.0000000 297.1296049 297.1620491 
289.0000000 296.9331864 296.9656305 
290.0000000 296.7367678 296.7692120 
291.0000000 296.5403493 296.5727934 
292.0000000 296.3439307 296.3763749 
293.0000000 296.1475122 296.1799563 
294.0000000 295.9510936 295.9835378 
295.0000000 295.7546751 295.7871192 
296.0000000 295.5582565 295.5907007 
297.0000000 295.3618380 295.3942821 
298.0000000 295.1654194 295.1978636 
299.0000000 294.9690009 295.0014450 
300.0000000 294.7725823 294.8050265 
301.0000000 294.5761638 294.6086079 
302.0000000 294.3797452 294.4121894 
303.0000000 294.1833267 294.2157708 
304.0000000 293.9869081 294.0193523 
305.0000000 293.7904896 293.8229337 
306.0000000 293.5940710 293.6265152 
307.0000000 293.3976524 293.4300966 
308.0000000 293.2012339 293.2336781 
309.0000000 293.0048153 293.0372595 
310.0000000 292.8083968 292.8408410 
311.0000000 292.6119782 292.6444224 
312.0000000 292.4155597 292.4480039 
313.0000000 292.2191411 292.2515853 
314.0000000 292.0227226 292.0551668 
315.0000000 291.8263040 291.8587482 
316.0000000 291.6298855 291.6623297 
317.0000000 291.4334669 291.4659111 
318.0000000 291.2370484 291.2694926 
319.0000000 291.0406298 291.0730740 
320.0000000 290.8442113 290.8766555 
321.0000000 290.6477927 290.6802369 
322.0000000 290.4513742 290.4838184 
323.0000000 290.2549556 290.2873998 
324.0000000 290.0585371 290.0909813 
325.0000000 289.8621185 289.8945627 
326.0000000 289.6657000 289.6981442 
327.0000000 289.4692814 289.5017256 
328.0000000 289.2728629 289.3053071 
329.0000000 289.0764443 289.1088885 
330.0000000 288.8800258 288.9124700 
331.0000000 288.6836072 288.7160514 
332.0000000 288.4871887 288.5196329 
333.0000000 288.2907701 288.3232143 
334.0000000 288.0943516 288.1267958 
335.0000000 287.8979330 287.9303772 
336.0000000 287.7015145 287.7339587 
337.0000000 287.5050959 287.5375401 
338.0000000 287.3086774 287.3411216 
339.0000000 287.1122588 287.1447030 
340.0000000 286.9158403 286.9482845 
341.0000000 286.7194217 286.7518659 
342.0000000 286.5230032 286.5554474 
343.0000000 286.3265846 286.3590288 
344.0000000 286.1301661 286.1626103 
345.0000000 285.9337475 285.9661917 
346.0000000 285.7373290 285.7697732 
347.0000000 285.5409104 285.5733546 
348.0000000 285.3444919 285.3769361 
349.0000000 285.1480733 285.1805175 
350.0000000 284.9516548 284.9840990 
351.0000000 284.7552362 284.7876804 
352.0000000 284.5588177 284.5912619 
353.0000000 284.3623991 284.3948433 
354.0000000 284.1659806 284.1984248 
355.0000000 283.9695620 284.0020062 
356.0000000 283.7731435 283.8055877 
357.0000000 283.5767249 283.6091691 
358.0000000 283.3803064 283.4127506 
359.0000000 283.1838878 283.2163320 
360.0000000 282.9874693 283.0199135 
361.0000000 282.7910507 282.8234949 
362.0000000 282.5946322 282.6270764 
363.0000000 282.3982136 282.4306578 
364.0000000 282.2017951 282.2342393 
365.0000000 282.0053765 282.0378207 
366.0000000 281.8089580 281.8414022 
367.0000000 281.6125394 281.6449836 
368.0000000 281.4161209 281.4485651 
369.0000000 281.2197023 281.2521465 
370.0000000 281.0232838 281.0557280 
371.0000000 280.8268652 280.8593094 
372.0000000 280.6304467 280.6628909 
373.0000000 280.4340281 280.4664723 
374.0000000 280.2376096 280.2700537 
375.0000000 280.0411910 280.0736352 
376.0000000 279.8447725 279.8772166 
377.0000000 279.6483539 279.6807981 
378.0000000 279.4519354 279.4843795 
379.0000000 279.2555168 279.2879610 
380.0000000 279.0590983 279.0915424 
381.0000000 278.8626797 278.8951239 
382.0000000 278.6662612 278.6987053 
383.0000000 278.4698426 278.5022868 
384.0000000 278.2734241 278.3058682 
385.0000000 278.0770055 278.1094497 
386.0000000 277.8805870 277.9130311 
387.0000000 277.6841684 277.7166126 
388.0000000 277.4877499 277.5201940 
389.0000000 277.2913313 277.3237755 
390.0000000 277.0949128 277.1273569 
391.0000000 276.8984942 276.9309384 
392.0000000 276.7020757 276.7345198 
393.0000000 276.5056571 276.5381013 
394.0000000 276.3092386 276.3416827 
395.0000000 276.1128200 276.1452642 
396.0000000 275.9164015 275.9488456 
397.0000000 275.7199829 275.7524271 
398.0000000 275.5235644 275.5560085 
399.0000000 275.3271458 275.3595900 
400.0000000 275.1307273 275.1631714 
401.0000000 274.9343087 274.9667529 
402.0000000 274.7378902 274.7703343 
403.0000000 274.5414716 274.5739158 
404.0000000 274.3450531 274.3774972 
405.0000000 274.1486345 274.1810787 
406.0000000 273.9522160 273.9846601 
407.0000000 273.7557974 273.7882416 
408.0000000 273.5593789 273.5918230 
409.0000000 273.3629603 273.3954045 
410.0000000 273.1665418 273.1989859 
411.0000000 272.9701232 273.0025674 
412.0000000 272.7737047 272.8061488 
413.0000000 272.5772861 272.6097303 
414.0000000 272.3808676 272.4133117 
415.0000000 272.1844490 272.2168932 
416.0000000 271.9880305 272.0204746 
417.0000000 271.7916119 271.8240561 
418.0000000 271.5951934 271.6276375 
419.0000000 271.3987748 271.4312190 
420.0000000 271.2023563 271.2348004 
421.0000000 271.0059377 271.0383819 
422.0000000 270.8095192 270.8419633 
423.0000000 270.6131006 270.6455448 
424.0000000 270.4166821 270.4491262 
425.0000000 270.2202635 270.2527077 
426.0000000 270.0238450 270.0562891 
427.0000000 269.8274264 269.8598706 
428.0000000 269.6310079 269.6634520 
429.0000000 269.4345893 269.4670335 
430.0000000 269.2381708 269.2706149 
431.0000000 269.0417522 269.0741964 
432.0000000 268.8453337 268.8777778 
433.0000000 268.6489151 268.6813593 
434.0000000 268.4524966 268.4849407 
435.0000000 268.2560780 268.2885222 
436.0000000 268.0596595 268.0921036 
437.0000000 267.8632409 267.8956851 
438.0000000 267.6668224 267.6992665 
439.0000000 267.4704038 267.5028480 
440.0000000 267.2739853 267.3064294 
441.0000000 267.0775667 267.1100109 
442.0000000 266.8811482 266.9135923 
443.0000000 266.6847296 266.7171738 
444.0000000 266.4883111 266.5207552 
445.0000000 266.2918925 266.3243367 
446.0000000 266.0954740 266.1279181 
447.0000000 265.8990554 265.9314996 
448.0000000 265.7026369 265.7350810 
449.0000000 265.5062183 265.5386625 
450.0000000 265.3097998 265.3422439 
451.0000000 265.1133812 265.1458254 
452.0000000 264.9169627 264.9494068 
453.0000000 264.7205441 264.7529883 
454.0000000 264.5241256 264.5565697 
455.0000000 264.3277070 264.3601512 
456.0000000 264.1312885 264.1637326 
457.0000000 263.9348699 263.9673141 
458.0000000 263.7384513 263.7708955 
459.0000000 263.5420328 263.5744770 
460.0000000 263.3456142 263.3780584 
461.0000000 263.1491957 263.1816399 
462.0000000 262.9527771 262.9852213 
463.0000000 262.7563586 262.7888028 
464.0000000 262.5599400 262.5923842 
465.0000000 262.3635215 262.3959657 
466.0000000 262.1671029 262.1995471 
467.0000000 261.9706844 262.0031286 
468.0000000 261.7742658 261.8067100 
469.0000000 261.5778473 261.6102915 
470.0000000 261.3814287 261.4138729 
471.0000000 261.1850102 261.2174544 
472.0000000 260.9885916 261.0210358 
473.0000000 260.7921731 260.8246173 
474.0000000 260.5957545 260.6281987 
475.0000000 260.3993360 260.4317802 
476.0000000 260.2029174 260.2353616 
477.0000000 260.0064989 260.0389431 
478.0000000 259.8100803 259.8425245 
479.0000000 259.6136618 259.6461060 
480.0000000 259.4172432 259.4496874 
481.0000000 259.2208247 259.2532689 
482.0000000 259.0244061 259.0568503 
483.0000000 258.8279876 258.8604318 
484.0000000 258.6315690 258.6640132 
485.0000000 258.4351505 258.4675947 
486.0000000 258.2387319 258.2711761 
487.0000000 258.0423134 258.0747576 
488.0000000 257.8458948 257.8783390 
489.0000000 257.6494763 257.6819205 
490.0000000 257.4530577 257.4855019 
491.0000000 257.2566392 257.2890834 
492.0000000 257.0602206 257.0926648 
493.0000000 256.8638021 256.8962463 
494.0000000 256.6673835 256.6998277 
495.0000000 256.4709650 256.5034092 
496.0000000 256.2745464 256.3069906 
497.0000000 256.0781279 256.1105721 
498.0000000 255.8817093 255.9141535 
499.0000000 255.6852908 255.7177350 
500.0000000 255.4888722 255.5213164 
501.0000000 255.2924537 255.3248979 
502.0000000 255.0960351 255.1284793 
503.0000000 254.8996166 254.9320608 
504.0000000 254.7031980 254.7356422 
505.0000000 254.5067795 254.5392237 
506.0000000 254.3103609 254.3428051 
507.0000000 254.1139424 254.1463866 
508.0000000 253.9175238 253.9499680 
509.0000000 253.7211053 253.7535495 
510.0000000 253.5246867 253.5571309 
511.0000000 253.3282682 253.3607124 
512.0000000 253.1318496 253.1642938 
513.0000000 252.9354311 252.9678753 
514.0000000 252.7390125 252.7714567 
515.0000000 252.5425940 252.5750382 
516.0000000 252.3461754 252.3786196 
517.0000000 252.1497569 252.1822011 
518.0000000 251.9533383 251.9857825 
519.0000000 251.7569198 251.7893640 
520.0000000 251.5605012 251.5929454 
521.0000000 251.3640827 251.3965269 
522.0000000 251.1676641 251.2001083 
523.0000000 250.9712456 251.0036898 
524.0000000 250.7748270 250.8072712 
525.0000000 250.5784085 250.6108526 
526.0000000 250.3819899 250.4144341 
527.0000000 250.1855714 250.2180155 
528.0000000 249.9891528 250.0215970 
529.0000000 249.7927343 249.8251784 
530.0000000 249.5963157 249.6287599 
531.0000000 249.3998972 249.4323413 
532.0000000 249.2034786 249.2359228 
533.0000000 249.0070601 249.0395042 
534.0000000 248.8106415 248.8430857 
535.0000000 248.6142230 248.6466671 
536.0000000 248.4178044 248.4502486 
537.0000000 248.2213859 248.2538300 
538.0000000 248.0249673 248.0574115 
539.0000000 247.8285488 247.8609929 
540.0000000 247.6321302 247.6645744 
541.0000000 247.4357117 247.4681558 
542.0000000 247.2392931 247.2717373 
543.0000000 247.0428746 247.0753187 
544.0000000 246.8464560 246.8789002 
545.0000000 246.6500375 246.6824816 
546.0000000 246.4536189 246.4860631 
547.0000000 246.2572004 246.2896445 
548.0000000 246.0607818 246.0932260 
549.0000000 245.8643633 245.8968074 
550.0000000 245.6679447 245.7003889 
551.0000000 245.4715262 245.5039703 
552.0000000 245.2751076 245.3075518 
553.0000000 245.0786891 245.1111332 
554.0000000 244.8822705 244.9147147 
555.0000000 244.6858520 244.7182961 
556.0000000 244.4894334 244.5218776 
557.0000000 244.2930149 244.3254590 
558.0000000 244.0965963 244.1290405 
559.0000000 243.9001778 243.9326219 
560.0000000 243.7037592 243.7362034 
561.0000000 243.5073407 243.5397848 
562.0000000 243.3109221 243.3433663 
563.0000000 243.1145036 243.1469477 
564.0000000 242.9180850 242.9505292 
565.0000000 242.7216665 242.7541106 
566.0000000 242.5252479 242.5576921 
567.0000000 242.3288294 242.3612735 
568.0000000 242.1324108 242.1648550 
569.0000000 241.9359923 241.9684364 
570.0000000 241.7395737 241.7720179 
571.0000000 241.5431552 241.5755993 
572.0000000 241.3467366 241.3791808 
573.0000000 241.1503181 241.1827622 
574.0000000 240.9538995 240.9863437 
575.0000000 240.7574810 240.7899251 
576.0000000 240.5610624 240.5935066 
577.0000000 240.3646439 240.3970880 
578.0000000 240.1682253 240.2006695 
579.0000000 239.9718068 240.0042509 
580.0000000 239.7753882 239.8078324 
581.0000000 239.5789697 239.6114138 
582.0000000 239.3825511 239.4149953 
583.0000000 239.1861326 239.2185767 
584.0000000 238.9897140 239.0221582 
585.0000000 238.7932955 238.8257396 
586.0000000 238.5968769 238.6293211 
587.0000000 238.4004584 238.4329025 
588.0000000 238.2040398 238.2364840 
589.0000000 238.0076213 238.0400654 
590.0000000 237.8112027 237.8436469 
591.0000000 237.6147842 237.6472283 
592.0000000 237.4183656 237.4508098 
593.0000000 237.2219471 237.2543912 
594.0000000 237.0255285 237.0579727 
595.0000000 236.8291100 236.8615541 
596.0000000 236.6326914 236.6651356 
597.0000000 236.4362729 236.4687170 
598.0000000 236.2398543 236.2722985 
599.0000000 236.0434358 236.0758799 
600.0000000 235.8470172 235.8794614 
601.0000000 235.6505987 235.6830428 
602.0000000 235.4541801 235.4866243 
603.0000000 235.2577616 235.2902057 
604.0000000 235.0613430 235.0937872 
605.0000000 234.8649245 234.8973686 
606.0000000 234.6685059 234.7009501 
607.0000000 234.4720874 234.5045315 
608.0000000 234.2756688 234.3081130 
609.0000000 234.0792503 234.1116944 
610.0000000 233.8828317 233.9152759 
611.0000000 233.6864131 233.7188573 
612.0000000 233.4899946 233.5224388 
613.0000000 233.2935760 233.3260202 
614.0000000 233.0971575 233.1296017 
615.0000000 232.9007389 232.9331831 
616.0000000 232.7043204 232.7367646 
617.0000000 232.5079018 232.5403460 
618.0000000 232.3114833 232.3439275 
619.0000000 232.1150647 232.1475089 
620.0000000 231.9186462 231.9510904 
621.0000000 231.7222276 231.7546718 
622.0000000 231.5258091 231.5582533 
623.0000000 231.3293905 231.3618347 
624.0000000 231.1329720 231.1654162 
625.0000000 230.9365534 230.9689976 
626.0000000 230.7401349 230.7725791 
627.0000000 230.5437163 230.5761605 
628.0000000 230.3472978 230.3797420 
629.0000000 230.1508792 230.1833234 
630.0000000 229.9544607 229.9869049 
631.0000000 229.7580421 229.7904863 
632.0000000 229.5616236 229.5940678 
633.0000000 229.3652050 229.3976492 
634.0000000 229.1687865 229.2012307 
635.0000000 228.9723679 229.0048121 
636.0000000 228.7759494 228.8083936 
637.0000000 228.5795308 228.6119750 
638.0000000 228.3831123 228.4155565 
639.0000000 228.1866937 228.2191379 
640.0000000 227.9902752 228.0227194 
641.0000000 227.7938566 227.8263008 
642.0000000 227.5974381 227.6298823 
643.0000000 227.4010195 227.4334637 
644.0000000 227.2046010 227.2370452 
645.0000000 227.0081824 227.0406266 
646.0000000 226.8117639 226.8442081 
647.0000000 226.6153453 226.6477895 
648.0000000 226.4189268 226.4513710 
649.0000000 226.2225082 226.2549524 
650.0000000 226.0260897 226.0585339 
651.0000000 225.8296711 225.8621153 
652.0000000 225.6332526 225.6656968 
653.0000000 225.4368340 225.4692782 
654.0000000 225.2404155 225.2728597 
655.0000000 225.0439969 225.0764411 
656.0000000 224.8475784 224.8800226 
657.0000000 224.6511598 224.6836040 
658.0000000 224.4547413 224.4871855 
659.0000000 224.2583227 224.2907669 
660.0000000 224.0619042 224.0943484 
661.0000000 223.8654856 223.8979298 
662.0000000 223.6690671 223.7015113 
663.0000000 223.4726485 223.5050927 
664.0000000 223.2762300 223.3086742 
665.0000000 223.0798114 223.1122556 
666.0000000 222.8833929 222.9158371 
667.0000000 222.6869743 222.7194185 
668.0000000 222.4905558 222.5230000 
669.0000000 222.2941372 222.3265814 
670.0000000 222.0977187 222.1301629 
671.0000000 221.9013001 221.9337443 
672.0000000 221.7048816 221.7373258 
673.0000000 221.5084630 221.5409072 
674.0000000 221.3120445 221.3444887 
675.0000000 221.1156259 221.1480701 
676.0000000 220.9192074 220.9516515 
677.0000000 220.7227888 220.7552330 
678.0000000 220.5263703 220.5588144 
679.0000000 220.3299517 220.3623959 
680.0000000 220.1335332 220.1659773 
681.0000000 219.9371146 219.9695588 
682.0000000 219.7406961 219.7731402 
683.0000000 219.5442775 219.5767217 
684.0000000 219.3478590 219.3803031 
685.0000000 219.1514404 219.1838846 
686.0000000 218.9550219 218.9874660 
687.0000000 218.7586033 218.7910475 
688.0000000 218.5621848 218.5946289 
689.0000000 218.3657662 218.3982104 
690.0000000 218.1693477 218.2017918 
691.0000000 217.9729291 218.0053733 
692.0000000 217.7765106 217.8089547 
693.0000000 217.5800920 217.6125362 
694.0000000 217.3836735 217.4161176 
695.0000000 217.1872549 217.2196991 
696.0000000 216.9908364 217.0232805 
697.0000000 216.7944178 216.8268620 
698.0000000 216.5979993 216.6304434 
699.0000000 216.4015807 216.4340249 
700.0000000 216.2051622 216.2376063 
701.0000000 216.0087436 216.0411878 
702.0000000 215.8123251 215.8447692 
703.0000000 215.6159065 215.6483507 
704.0000000 215.4194880 215.4519321 
705.0000000 215.2230694 215.2555136 
706.0000000 215.0266509 215.0590950 
707.0000000 214.8302323 214.8626765 
708.0000000 214.6338138 214.6662579 
709.0000000 214.4373952 214.4698394 
710.0000000 214.2409767 214.2734208 
711.0000000 214.0445581 214.0770023 
712.0000000 213.8481396 213.8805837 
713.0000000 213.6517210 213.6841652 
714.0000000 213.4553025 213.4877466 
715.0000000 213.2588839 213.2913281 
716.0000000 213.0624654 213.0949095 
717.0000000 212.8660468 212.8984910 
718.0000000 212.6696283 212.7020724 
719.0000000 212.4732097 212.5056539 
720.0000000 212.2767912 212.3092353 
721.0000000 212.0803726 212.1128168 
722.0000000 211.8839541 211.9163982 
723.0000000 211.6875355 211.7199797 
724.0000000 211.4911170 211.5235611 
725.0000000 211.2946984 211.3271426 
726.0000000 211.0982799 211.1307240 
727.0000000 210.9018613 210.9343055 
728.0000000 210.7054428 210.7378869 
729.0000000 210.5090242 210.5414684 
730.0000000 210.3126057 210.3450498 
731.0000000 210.1161871 210.1486313 
732.0000000 209.9197686 209.9522127 
733.0000000 209.7233500 209.7557942 
734.0000000 209.5269315 209.5593756 
735.0000000 209.3305129 209.3629571 
736.0000000 209.1340944 209.1665385 
737.0000000 208.9376758 208.9701200 
738.0000000 208.7412573 208.7737014 
739.0000000 208.5448387 208.5772829 
740.0000000 208.3484202 208.3808643 
741.0000000 208.1520016 208.1844458 
742.0000000 207.9555831 207.9880272 
743.0000000 207.7591645 207.7916087 
744.0000000 207.5627460 207.5951901 
745.0000000 207.3663274 207.3987716 
746.0000000 207.1699089 207.2023530 
747.0000000 206.9734903 207.0059345 
748.0000000 206.7770718 206.8095159 
749.0000000 206.5806532 206.6130974 
750.0000000 206.3842347 206.4166788 
751.0000000 206.1878161 206.2202603 
752.0000000 205.9913976 206.0238417 
753.0000000 205.7949790 205.8274232 
754.0000000 205.5985605 205.6310046 
755.0000000 205.4021419 205.4345861 
756.0000000 205.2057234 205.2381675 
757.0000000 205.0093048 205.0417490 
758.0000000 204.8128863 204.8453304 
759.0000000 204.6164677 204.6489119 
760.0000000 204.4200492 204.4524933 
761.0000000 204.2236306 204.2560748 
762.0000000 204.0272120 204.0596562 
763.0000000 203.8307935 203.8632377 
764.0000000 203.6343749 203.6668191 
765.0000000 203.4379564 203.4704006 
766.0000000 203.2415378 203.2739820 
767.0000000 203.0451193 203.0775635 
768.0000000 202.8487007 202.8811449 
769.0000000 202.6522822 202.6847264 
770.0000000 202.4558636 202.4883078 
771.0000000 202.2594451 202.2918893 
772.0000000 202.0630265 202.0954707 
773.0000000 201.8666080 201.8990522 
774.0000000 201.6701894 201.7026336 
775.0000000 201.4737709 201.5062151 
776.0000000 201.2773523 201.3097965 
777.0000000 201.0809338 201.1133780 
778.0000000 200.8845152 200.9169594 
779.0000000 200.6880967 200.7205409 
780.0000000 200.4916781 200.5241223 
781.0000000 200.2952596 200.3277038 
782.0000000 200.0988410 200.1312852 
783.0000000 199.9024225 199.9348667 
784.0000000 199.7060039 199.7384481 
785.0000000 199.5095854 199.5420296 
786.0000000 199.3131668 199.3456110 
787.0000000 199.1167483 199.1491925 
788.0000000 198.9203297 198.9527739 
789.0000000 198.7239112 198.7563554 
790.0000000 198.5274926 198.5599368 
791.0000000 198.3310741 198.3635183 
792.0000000 198.1346555 198.1670997 
793.0000000 197.9382370 197.9706812 
794.0000000 197.7418184 197.7742626 
795.0000000 197.5453999 197.5778441 
796.0000000 197.3489813 197.3814255 
797.0000000 197.1525628 197.1850070 
798.0000000 196.9561442 196.9885884 
799.0000000 196.7597257 196.7921699 
800.0000000 196.5633071 196.5957513 
801.0000000 196.3668886 196.3993328 
802.0000000 196.1704700 196.2029142 
803.0000000 195.9740515 196.0064957 
804.0000000 195.7776329 195.8100771 
805.0000000 195.5812144 195.6136586 
806.0000000 195.3847958 195.4172400 
807.0000000 195.1883773 195.2208215 
808.0000000 194.9919587 195.0244029 
809.0000000 194.7955402 194.8279844 
810.0000000 194.5991216 194.6315658 
811.0000000 194.4027031 194.4351473 
812.0000000 194.2062845 194.2387287 
813.0000000 194.0098660 194.0423102 
814.0000000 193.8134474 193.8458916 
815.0000000 193.6170289 193.6494731 
816.0000000 193.4206103 193.4530545 
817.0000000 193.2241918 193.2566360 
818.0000000 193.0277732 193.0602174 
819.0000000 192.8313547 192.8637989 
820.0000000 192.6349361 192.6673803 
821.0000000 192.4385176 192.4709618 
822.0000000 192.2420990 192.2745432 
823.0000000 192.0456805 192.0781247 
824.0000000 191.8492619 191.8817061 
825.0000000 191.6528434 191.6852876 
826.0000000 191.4564248 191.4888690 
827.0000000 191.2600063 191.2924505 
828.0000000 191.0635877 191.0960319 
829.0000000 190.8671692 190.8996133 
830.0000000 190.6707506 190.7031948 
831.0000000 190.4743321 190.5067762 
832.0000000 190.2779135 190.3103577 
833.0000000 190.0814950 190.1139391 
834.0000000 189.8850764 189.9175206 
835.0000000 189.6886579 189.7211020 
836.0000000 189.4922393 189.5246835 
837.0000000 189.2958208 189.3282649 
838.0000000 189.0994022 189.1318464 
839.0000000 188.9029837 188.9354278 
840.0000000 188.7065651 188.7390093 
841.0000000 188.5101466 188.5425907 
842.0000000 188.3137280 188.3461722 
843.0000000 188.1173095 188.1497536 
844.0000000 187.9208909 187.9533351 
845.0000000 187.7244724 187.7569165 
846.0000000 187.5280538 187.5604980 
847.0000000 187.3316353 187.3640794 
848.0000000 187.1352167 187.1676609 
849.0000000 186.9387982 186.9712423 
850.0000000 186.7423796 186.7748238 
851.0000000 186.5459611 186.5784052 
852.0000000 186.3495425 186.3819867 
853.0000000 186.1531240 186.1855681 
854.0000000 185.9567054 185.9891496 
855.0000000 185.7602869 185.7927310 
856.0000000 185.5638683 185.5963125 
857.0000000 185.3674498 185.3998939 
858.0000000 185.1710312 185.2034754 
859.0000000 184.9746127 185.0070568 
860.0000000 184.7781941 184.8106383 
861.0000000 184.5817756 184.6142197 
862.0000000 184.3853570 184.4178012 
863.0000000 184.1889385 184.2213826 
864.0000000 183.9925199 184.0249641 
865.0000000 183.7961014 183.8285455 
866.0000000 183.5996828 183.6321270 
867.0000000 183.4032643 183.4357084 
868.0000000 183.2068457 183.2392899 
869.0000000 183.0104272 183.0428713 
870.0000000 182.8140086 182.8464528 
871.0000000 182.6175901 182.6500342 
872.0000000 182.4211715 182.4536157 
873.0000000 182.2247530 182.2571971 
874.0000000 182.0283344 182.0607786 
875.0000000 181.8319159 181.8643600 
876.0000000 181.6354973 181.6679415 
877.0000000 181.4390788 181.4715229 
878.0000000 181.2426602 181.2751044 
879.0000000 181.0462417 181.0786858 
880.0000000 180.8498231 180.8822673 
881.0000000 180.6534046 180.6858487 
882.0000000 180.4569860 180.4894302 
883.0000000 180.2605675 180.2930116 
884.0000000 180.0641489 180.0965931 
885.0000000 179.8677304 179.9001745 
886.0000000 179.6713118 179.7037560 
887.0000000 179.4748933 179.5073374 
888.0000000 179.2784747 179.3109189 
889.0000000 179.0820562 179.1145003 
890.0000000 178.8856376 178.9180818 
891.0000000 178.6892191 178.7216632 
892.0000000 178.4928005 178.5252447 
893.0000000 178.2963820 178.3288261 
894.0000000 178.0999634 178.1324076 
895.0000000 177.9035449 177.9359890 
896.0000000 177.7071263 177.7395705 
897.0000000 177.5107078 177.5431519 
898.0000000 177.3142892 177.3467334 
899.0000000 177.1178707 177.1503148 
900.0000000 176.9214521 176.9538963 
901.0000000 176.7250336 176.7574777 
902.0000000 176.5286150 176.5610592 
903.0000000 176.3321965 176.3646406 
904.0000000 176.1357779 176.1682221 
905.0000000 175.9393594 175.9718035 
906.0000000 175.7429408 175.7753850 
907.0000000 175.5465223 175.5789664 
908.0000000 175.3501037 175.3825479 
909.0000000 175.1536852 175.1861293 
910.0000000 174.9572666 174.9897108 
911.0000000 174.7608481 174.7932922 
912.0000000 174.5644295 174.5968737 
913.0000000 174.3680109 174.4004551 
914.0000000 174.1715924 174.2040366 
915.0000000 173.9751738 174.0076180 
916.0000000 173.7787553 173.8111995 
917.0000000 173.5823367 173.6147809 
918.0000000 173.3859182 173.4183624 
919.0000000 173.1894996 173.2219438 
920.0000000 172.9930811 173.0255253 
921.0000000 172.7966625 172.8291067 
922.0000000 172.6002440 172.6326882 
923.0000000 172.4038254 172.4362696 
924.0000000 172.2074069 172.2398511 
925.0000000 172.0109883 172.0434325 
926.0000000 171.8145698 171.8470140 
927.0000000 171.6181512 171.6505954 
928.0000000 171.4217327 171.4541769 
929.0000000 171.2253141 171.2577583 
930.0000000 171.0288956 171.0613398 
931.0000000 170.8324770 170.8649212 
932.0000000 170.6360585 170.6685027 
933.0000000 170.4396399 170.4720841 
934.0000000 170.2432214 170.2756656 
935.0000000 170.0468028 170.0792470 
936.0000000 169.8503843 169.8828285 
937.0000000 169.6539657 169.6864099 
938.0000000 169.4575472 169.4899914 
939.0000000 169.2611286 169.2935728 
940.0000000 169.0647101 169.0971543 
941.0000000 168.8682915 168.9007357 
942.0000000 168.6718730 168.7043172 
943.0000000 168.4754544 168.5078986 
944.0000000 168.2790359 168.3114801 
945.0000000 168.0826173 168.1150615 
946.0000000 167.8861988 167.9186430 
947.0000000 167.6897802 167.7222244 
948.0000000 167.4933617 167.5258059 
949.0000000 167.2969431 167.3293873 
950.0000000 167.1005246 167.1329688 
951.0000000 166.9041060 166.9365502 
952.0000000 166.7076875 166.7401317 
953.0000000 166.5112689 166.5437131 
954.0000000 166.3148504 166.3472946 
955.0000000 166.1184318 166.1508760 
956.0000000 165.9220133 165.9544575 
957.0000000 165.7255947 165.7580389 
958.0000000 165.5291762 165.5616204 
959.0000000 165.3327576 165.3652018 
960.0000000 165.1363391 165.1687833 
961.0000000 164.9399205 164.9723647 
962.0000000 164.7435020 164.7759462 
963.0000000 164.5470834 164.5795276 
964.0000000 164.3506649 164.3831091 
965.0000000 164.1542463 164.1866905 
966.0000000 163.9578278 163.9902720 
967.0000000 163.7614092 163.7938534 
968.0000000 163.5649907 163.5974349 
969.0000000 163.3685721 163.4010163 
970.0000000 163.1721536 163.2045978 
971.0000000 162.9757350 163.0081792 
972.0000000 162.7793165 162.8117607 
973.0000000 162.5828979 162.6153421 
974.0000000 162.3864794 162.4189236 
975.0000000 162.1900608 162.2225050 
976.0000000 161.9936423 162.0260865 
977.0000000 161.7972237 161.8296679 
978.0000000 161.6008052 161.6332494 
979.0000000 161.4043866 161.4368308 
980.0000000 161.2079681 161.2404122 
981.0000000 161.0115495 161.0439937 
982.0000000 160.8151310 160.8475751 
983.0000000 160.6187124 160.6511566 
984.0000000 160.4222939 160.4547380 
985.0000000 160.2258753 160.2583195 
986.0000000 160.0294568 160.0619009 
987.0000000 159.8330382 159.8654824 
988.0000000 159.6366197 159.6690638 
989.0000000 159.4402011 159.4726453 
990.0000000 159.2437826 159.2762267 
991.0000000 159.0473640 159.0798082 
992.0000000 158.8509455 158.8833896 
993.0000000 158.6545269 158.6869711 
994.0000000 158.4581084 158.4905525 
995.0000000 158.2616898 158.2941340 
996.0000000 158.0652713 158.0977154 
997.0000000 157.8688527 157.9012969 
998.0000000 157.6724342 157.7048783 
999.0000000 157.4760156 157.5084598 
1000.0000000 157.2795971 157.3120412 
1001.0000000 157.0831785 157.1156227 
1002.0000000 156.8867600 156.9192041 
1003.0000000 156.6903414 156.7227856 
1004.0000000 156.4939229 156.5263670 
1005.0000000 156.2975043 156.3299485 
1006.0000000 156.1010858 156.1335299 
1007.0000000 155.9046672 155.9371114 
1008.0000000 155.7082487 155.7406928 
1009.0000000 155.5118301 155.5442743 
1010.0000000 155.3154116 155.3478557 
1011.0000000 155.1189930 155.1514372 
1012.0000000 154.9225745 154.9550186 
1013.0000000 154.7261559 154.7586001 
1014.0000000 154.5297374 154.5621815 
1015.0000000 154.3333188 154.3657630 
1016.0000000 154.1369003 154.1693444 
1017.0000000 153.9404817 153.9729259 
1018.0000000 153.7440632 153.7765073 
1019.0000000 153.5476446 153.5800888 
1020.0000000 153.3512261 153.3836702 
1021.0000000 153.1548075 153.1872517 
1022.0000000 152.9583890 152.9908331 
1023.0000000 152.7619704 152.7944146 
1024.0000000 152.5655519 152.5979960 
1025.0000000 152.3691333 152.4015775 
1026.0000000 152.1727148 152.2051589 
1027.0000000 151.9762962 152.0087404 
1028.0000000 151.7798777 151.8123218 
1029.0000000 151.5834591 151.6159033 
1030.0000000 151.3870406 151.4194847 
1031.0000000 151.1906220 151.2230662 
1032.0000000 150.9942035 151.0266476 
1033.0000000 150.7977849 150.8302291 
1034.0000000 150.6013664 150.6338105 
1035.0000000 150.4049478 150.4373920 
1036.0000000 150.2085293 150.2409734 
1037.0000000 150.0121107 150.0445549 
1038.0000000 149.8156922 149.8481363 
1039.0000000 149.6192736 149.6517178 
1040.0000000 149.4228551 149.4552992 
1041.0000000 149.2264365 149.2588807 
1042.0000000 149.0300180 149.0624621 
1043.0000000 148.8335994 148.8660436 
1044.0000000 148.6371809 148.6696250 
1045.0000000 148.4407623 148.4732065 
1046.0000000 148.2443438 148.2767879 
1047.0000000 148.0479252 148.0803694 
1048.0000000 147.8515067 147.8839508 
1049.0000000 147.6550881 147.6875323 
1050.0000000 147.4586696 147.4911137 
1051.0000000 147.2622510 147.2946952 
1052.0000000 147.0658325 147.0982766 
1053.0000000 146.8694139 146.9018581 
1054.0000000 146.6729954 146.7054395 
1055.0000000 146.4765768 146.5090210 
1056.0000000 146.2801583 146.3126024 
1057.0000000 146.0837397 146.1161839 
1058.0000000 145.8873212 145.9197653 
1059.0000000 145.6909026 145.7233468 
1060.0000000 145.4944841 145.5269282 
1061.0000000 145.2980655 145.3305097 
1062.0000000 145.1016470 145.1340911 
1063.0000000 144.9052284 144.9376726 
1064.0000000 144.7088099 144.7412540 
1065.0000000 144.5123913 144.5448355 
1066.0000000 144.3159727 144.3484169 
1067.0000000 144.1195542 144.1519984 
1068.0000000 143.9231356 143.9555798 
1069.0000000 143.7267171 143.7591613 
1070.0000000 143.5302985 143.5627427 
1071.0000000 143.3338800 143.3663242 
1072.0000000 143.1374614 143.1699056 
1073.0000000 142.9410429 142.9734871 
1074.0000000 142.7446243 142.7770685 
1075.0000000 142.5482058 142.5806500 
1076.0000000 142.3517872 142.3842314 
1077.0000000 142.1553687 142.1878129 
1078.0000000 141.9589501 141.9913943 
1079.0000000 141.7625316 141.7949758 
1080.0000000 141.5661130 141.5985572 
1081.0000000 141.3696945 141.4021387 
1082.0000000 141.1732759 141.2057201 
1083.0000000 140.9768574 141.0093016 
1084.0000000 140.7804388 140.8128830 
1085.0000000 140.5840203 140.6164645 
1086.0000000 140.3876017 140.4200459 
1087.0000000 140.1911832 140.2236274 
1088.0000000 139.9947646 140.0272088 
1089.0000000 139.7983461 139.8307903 
1090.0000000 139.6019275 139.6343717 
1091.0000000 139.4055090 139.4379532 
1092.0000000 139.2090904 139.2415346 
1093.0000000 139.0126719 139.0451161 
1094.0000000 138.8162533 138.8486975 
1095.0000000 138.6198348 138.6522790 
1096.0000000 138.4234162 138.4558604 
1097.0000000 138.2269977 138.2594419 
1098.0000000 138.0305791 138.0630233 
1099.0000000 137.8341606 137.8666048 
1100.0000000 137.6377420 137.6701862 
1101.0000000 137.4413235 137.4737677 
1102.0000000 137.2449049 137.2773491 
1103.0000000 137.0484864 137.0809306 
1104.0000000 136.8520678 136.8845120 
1105.0000000 136.6556493 136.6880935 
1106.0000000 136.4592307 136.4916749 
1107.0000000 136.2628122 136.2952564 
1108.0000000 136.0663936 136.0988378 
1109.0000000 135.8699751 135.9024193 
1110.0000000 135.6735565 135.7060007 
1111.0000000 135.4771380 135.5095822 
1112.0000000 135.2807194 135.3131636 
1113.0000000 135.0843009 135.1167451 
1114.0000000 134.8878823 134.9203265 
1115.0000000 134.6914638 134.7239080 
1116.0000000 134.4950452 134.5274894 
1117.0000000 134.2986267 134.3310709 
1118.0000000 134.1022081 134.1346523 
1119.0000000 133.9057896 133.9382338 
1120.0000000 133.7093710 133.7418152 
1121.0000000 133.5129525 133.5453967 
1122.0000000 133.3165339 133.3489781 
1123.0000000 133.1201154 133.1525596 
1124.0000000 132.9236968 132.9561410 
1125.0000000 132.7272783 132.7597225 
1126.0000000 132.5308597 132.5633039 
1127.0000000 132.3344412 132.3668854 
1128.0000000 132.1380226 132.1704668 
1129.0000000 131.9416041 131.9740483 
1130.0000000 131.7451855 131.7776297 
1131.0000000 131.5487670 131.5812111 
1132.0000000 131.3523484 131.3847926 
1133.0000000 131.1559299 131.1883740 
1134.0000000 130.9595113 130.9919555 
1135.0000000 130.7630928 130.7955369 
1136.0000000 130.5666742 130.5991184 
1137.0000000 130.3702557 130.4026998 
1138.0000000 130.1738371 130.2062813 
1139.0000000 129.9774186 130.0098627 
1140.0000000 129.7810000 129.8134442 
1141.0000000 129.5845815 129.6170256 
1142.0000000 129.3881629 129.4206071 
1143.0000000 129.1917444 129.2241885 
1144.0000000 128.9953258 129.0277700 
1145.0000000 128.7989073 128.8313514 
1146.0000000 128.6024887 128.6349329 
1147.0000000 128.4060702 128.4385143 
1148.0000000 128.2096516 128.2420958 
1149.0000000 128.0132331 128.0456772 
1150.0000000 127.8168145 127.8492587 
1151.0000000 127.6203960 127.6528401 
1152.0000000 127.4239774 127.4564216 
1153.0000000 127.2275589 127.2600030 
1154.0000000 127.0311403 127.0635845 
1155.0000000 126.8347218 126.8671659 
1156.0000000 126.6383032 126.6707474 
1157.0000000 126.4418847 126.4743288 
1158.0000000 126.2454661 126.2779103 
1159.0000000 126.0490476 126.0814917 
1160.0000000 125.8526290 125.8850732 
1161.0000000 125.6562105 125.6886546 
1162.0000000 125.4597919 125.4922361 
1163.0000000 125.2633734 125.2958175 
1164.0000000 125.0669548 125.0993990 
1165.0000000 124.8705363 124.9029804 
1166.0000000 124.6741177 124.7065619 
1167.0000000 124.4776992 124.5101433 
1168.0000000 124.2812806 124.3137248 
1169.0000000 124.0848621 124.1173062 
1170.0000000 123.8884435 123.9208877 
1171.0000000 123.6920250 123.7244691 
1172.0000000 123.4956064 123.5280506 
1173.0000000 123.2991879 123.3316320 
1174.0000000 123.1027693 123.1352135 
1175.0000000 122.9063508 122.9387949 
1176.0000000 122.7099322 122.7423764 
1177.0000000 122.5135137 122.5459578 
1178.0000000 122.3170951 122.3495393 
1179.0000000 122.1206766 122.1531207 
1180.0000000 121.9242580 121.9567022 
1181.0000000 121.7278395 121.7602836 
1182.0000000 121.5314209 121.5638651 
1183.0000000 121.3350024 121.3674465 
1184.0000000 121.1385838 121.1710280 
1185.0000000 120.9421653 120.9746094 
1186.0000000 120.7457467 120.7781909 
1187.0000000 120.5493282 120.5817723 
1188.0000000 120.3529096 120.3853538 
1189.0000000 120.1564911 120.1889352 
1190.0000000 119.9600725 119.9925167 
1191.0000000 119.7636540 119.7960981 
1192.0000000 119.5672354 119.5996796 
1193.0000000 119.3708169 119.4032610 
1194.0000000 119.1743983 119.2068425 
1195.0000000 118.9779798 119.0104239 
1196.0000000 118.7815612 118.8140054 
1197.0000000 118.5851427 118.6175868 
1198.0000000 118.3887241 118.4211683 
1199.0000000 118.1923056 118.2247497 
1200.0000000 117.9958870 118.0283312 
1201.0000000 117.7994685 117.8319126 
1202.0000000 117.6030499 117.6354941 
1203.0000000 117.4066314 117.4390755 
1204.0000000 117.2102128 117.2426570 
1205.0000000 117.0137943 117.0462384 
1206.0000000 116.8173757 116.8498199 
1207.0000000 116.6209572 116.6534013 
1208.0000000 116.4245386 116.4569828 
1209.0000000 116.2281201 116.2605642 
1210.0000000 116.0317015 116.0641457 
1211.0000000 115.8352830 115.8677271 
1212.0000000 115.6388644 115.6713086 
1213.0000000 115.4424459 115.4748900 
1214.0000000 115.2460273 115.2784715 
1215.0000000 115.0496088 115.0820529 
1216.0000000 114.8531902 114.8856344 
1217.0000000 114.6567716 114.6892158 
1218.0000000 114.4603531 114.4927973 
1219.0000000 114.2639345 114.2963787 
1220.0000000 114.0675160 114.0999602 
1221.0000000 113.8710974 113.9035416 
1222.0000000 113.6746789 113.7071231 
1223.0000000 113.4782603 113.5107045 
1224.0000000 113.2818418 113.3142860 
1225.0000000 113.0854232 113.1178674 
1226.0000000 112.8890047 112.9214489 
1227.0000000 112.6925861 112.7250303 
1228.0000000 112.4961676 112.5286118 
1229.0000000 112.2997490 112.3321932 
1230.0000000 112.1033305 112.1357747 
1231.0000000 111.9069119 111.9393561 
1232.0000000 111.7104934 111.7429376 
1233.0000000 111.5140748 111.5465190 
1234.0000000 111.3176563 111.3501005 
1235.0000000 111.1212377 111.1536819 
1236.0000000 110.9248192 110.9572634 
1237.0000000 110.7284006 110.7608448 
1238.0000000 110.5319821 110.5644263 
1239.0000000 110.3355635 110.3680077 
1240.0000000 110.1391450 110.1715892 
1241.0000000 109.9427264 109.9751706 
1242.0000000 109.7463079 109.7787521 
1243.0000000 109.5498893 109.5823335 
1244.0000000 109.3534708 109.3859150 
1245.0000000 109.1570522 109.1894964 
1246.0000000 108.9606337 108.9930779 
1247.0000000 108.7642151 108.7966593 
1248.0000000 108.5677966 108.6002408 
1249.0000000 108.3713780 108.4038222 
1250.0000000 108.1749595 108.2074037 
1251.0000000 107.9785409 108.0109851 
1252.0000000 107.7821224 107.8145666 
1253.0000000 107.5857038 107.6181480 
1254.0000000 107.3892853 107.4217295 
1255.0000000 107.1928667 107.2253109 
1256.0000000 106.9964482 107.0288924 
1257.0000000 106.8000296 106.8324738 
1258.0000000 106.6036111 106.6360553 
1259.0000000 106.4071925 106.4396367 
1260.0000000 106.2107740 106.2432182 
1261.0000000 106.0143554 106.0467996 
1262.0000000 105.8179369 105.8503811 
1263.0000000 105.6215183 105.6539625 
1264.0000000 105.4250998 105.4575440 
1265.0000000 105.2286812 105.2611254 
1266.0000000 105.0322627 105.0647069 
1267.0000000 104.8358441 104.8682883 
1268.0000000 104.6394256 104.6718698 
1269.0000000 104.4430070 104.4754512 
1270.0000000 104.2465885 104.2790327 
1271.0000000 104.0501699 104.0826141 
1272.0000000 103.8537514 103.8861956 
1273.0000000 103.6573328 103.6897770 
1274.0000000 103.4609143 103.4933585 
1275.0000000 103.2644957 103.2969399 
1276.0000000 103.0680772 103.1005214 
1277.0000000 102.8716586 102.9041028 
1278.0000000 102.6752401 102.7076843 
1279.0000000 102.4788215 102.5112657 
1280.0000000 102.2824030 102.3148472 
1281.0000000 102.0859844 102.1184286 
1282.0000000 101.8895659 101.9220101 
1283.0000000 101.6931473 101.7255915 
1284.0000000 101.4967288 101.5291729 
1285.0000000 101.3003102 101.3327544 
1286.0000000 101.1038917 101.1363358 
1287.0000000 100.9074731 100.9399173 
1288.0000000 100.7110546 100.7434987 
1289.0000000 100.5146360 100.5470802 
1290.0000000 100.3182175 100.3506616 
1291.0000000 100.1217989 100.1542431 
1292.0000000 99.9253804 99.9578245 
1293.0000000 99.7289618 99.7614060 
1294.0000000 99.5325433 99.5649874 
1295.0000000 99.3361247 99.3685689 
1296.0000000 99.1397062 99.1721503 
1297.0000000 98.9432876 98.9757318 
1298.0000000 98.7468691 98.7793132 
1299.0000000 98.5504505 98.5828947 
1300.0000000 98.3540320 98.3864761 
1301.0000000 98.1576134 98.1900576 
1302.0000000 97.9611949 97.9936390 
1303.0000000 97.7647763 97.7972205 
1304.0000000 97.5683578 97.6008019 
1305.0000000 97.3719392 97.4043834 
1306.0000000 97.1755207 97.2079648 
1307.0000000 96.9791021 97.0115463 
1308.0000000 96.7826836 96.8151277 
1309.0000000 96.5862650 96.6187092 
1310.0000000 96.3898465 96.4222906 
1311.0000000 96.1934279 96.2258721 
1312.0000000 95.9970094 96.0294535 
1313.0000000 95.8005908 95.8330350 
1314.0000000 95.6041723 95.6366164 
1315.0000000 95.4077537 95.4401979 
1316.0000000 95.2113352 95.2437793 
1317.0000000 95.0149166 95.0473608 
1318.0000000 94.8184981 94.8509422 
1319.0000000 94.6220795 94.6545237 
1320.0000000 94.4256610 94.4581051 
1321.0000000 94.2292424 94.2616866 
1322.0000000 94.0328239 94.0652680 
1323.0000000 93.8364053 93.8688495 
1324.0000000 93.6399868 93.6724309 
1325.0000000 93.4435682 93.4760124 
1326.0000000 93.2471497 93.2795938 
1327.0000000 93.0507311 93.0831753 
1328.0000000 92.8543126 92.8867567 
1329.0000000 92.6578940 92.6903382 
1330.0000000 92.4614755 92.4939196 
1331.0000000 92.2650569 92.2975011 
1332.0000000 92.0686384 92.1010825 
1333.0000000 91.8722198 91.9046640 
1334.0000000 91.6758013 91.7082454 
1335.0000000 91.4793827 91.5118269 
1336.0000000 91.2829642 91.3154083 
1337.0000000 91.0865456 91.1189898 
1338.0000000 90.8901271 90.9225712 
1339.0000000 90.6937085 90.7261527 
1340.0000000 90.4972900 90.5297341 
1341.0000000 90.3008714 90.3333156 
1342.0000000 90.1044529 90.1368970 
1343.0000000 89.9080343 89.9404785 
1344.0000000 89.7116158 89.7440599 
1345.0000000 89.5151972 89.5476414 
1346.0000000 89.3187787 89.3512228 
1347.0000000 89.1223601 89.1548043 
1348.0000000 88.9259416 88.9583857 
1349.0000000 88.7295230 88.7619672 
1350.0000000 88.5331045 88.5655486 
1351.0000000 88.3366859 88.3691301 
1352.0000000 88.1402674 88.1727115 
1353.0000000 87.9438488 87.9762930 
1354.0000000 87.7474303 87.7798744 
1355.0000000 87.5510117 87.5834559 
1356.0000000 87.3545932 87.3870373 
1357.0000000 87.1581746 87.1906188 
1358.0000000 86.9617561 86.9942002 
1359.0000000 86.7653375 86.7977817 
1360.0000000 86.5689190 86.6013631 
1361.0000000 86.3725004 86.4049446 
1362.0000000 86.1760819 86.2085260 
1363.0000000 85.9796633 86.0121075 
1364.0000000 85.7832448 85.8156889 
1365.0000000 85.5868262 85.6192704 
1366.0000000 85.3904077 85.4228518 
1367.0000000 85.1939891 85.2264333 
1368.0000000 84.9975705 85.0300147 
1369.0000000 84.8011520 84.8335962 
1370.0000000 84.6047334 84.6371776 
1371.0000000 84.4083149 84.4407591 
1372.0000000 84.2118963 84.2443405 
1373.0000000 84.0154778 84.0479220 
1374.0000000 83.8190592 83.8515034 
1375.0000000 83.6226407 83.6550849 
1376.0000000 83.4262221 83.4586663 
1377.0000000 83.2298036 83.2622478 
1378.0000000 83.0333850 83.0658292 
1379.0000000 82.8369665 82.8694107 
1380.0000000 82.6405479 82.6729921 
1381.0000000 82.4441294 82.4765736 
1382.0000000 82.2477108 82.2801550 
1383.0000000 82.0512923 82.0837365 
1384.0000000 81.8548737 81.8873179 
1385.0000000 81.6584552 81.6908994 
1386.0000000 81.4620366 81.4944808 
1387.0000000 81.2656181 81.2980623 
1388.0000000 81.0691995 81.1016437 
1389.0000000 80.8727810 80.9052252 
1390.0000000 80.6763624 80.7088066 
1391.0000000 80.4799439 80.5123881 
1392.0000000 80.2835253 80.3159695 
1393.0000000 80.0871068 80.1195510 
1394.0000000 79.8906882 79.9231324 
1395.0000000 79.6942697 79.7267139 
1396.0000000 79.4978511 79.5302953 
1397.0000000 79.3014326 79.3338768 
1398.0000000 79.1050140 79.1374582 
1399.0000000 78.9085955 78.9410397 
1400.0000000 78.7121769 78.7446211 
1401.0000000 78.5157584 78.5482026 
1402.0000000 78.3193398 78.3517840 
1403.0000000 78.1229213 78.1553655 
1404.0000000 77.9265027 77.9589469 
1405.0000000 77.7300842 77.7625284 
1406.0000000 77.5336656 77.5661098 
1407.0000000 77.3372471 77.3696913 
1408.0000000 77.1408285 77.1732727 
1409.0000000 76.9444100 76.9768542 
1410.0000000 76.7479914 76.7804356 
1411.0000000 76.5515729 76.5840171 
1412.0000000 76.3551543 76.3875985 
1413.0000000 76.1587358 76.1911800 
1414.0000000 75.9623172 75.9947614 
1415.0000000 75.7658987 75.7983429 
1416.0000000 75.5694801 75.6019243 
1417.0000000 75.3730616 75.4055058 
1418.0000000 75.1766430 75.2090872 
1419.0000000 74.9802245 75.0126687 
1420.0000000 74.7838059 74.8162501 
1421.0000000 74.5873874 74.6198316 
1422.0000000 74.3909688 74.4234130 
1423.0000000 74.1945503 74.2269945 
1424.0000000 73.9981317 74.0305759 
1425.0000000 73.8017132 73.8341574 
1426.0000000 73.6052946 73.6377388 
1427.0000000 73.4088761 73.4413203 
1428.0000000 73.2124575 73.2449017 
1429.0000000 73.0160390 73.0484832 
1430.0000000 72.8196204 72.8520646 
1431.0000000 72.6232019 72.6556461 
1432.0000000 72.4267833 72.4592275 
1433.0000000 72.2303648 72.2628090 
1434.0000000 72.0339462 72.0663904 
1435.0000000 71.8375277 71.8699718 
1436.0000000 71.6411091 71.6735533 
1437.0000000 71.4446906 71.4771347 
1438.0000000 71.2482720 71.2807162 
1439.0000000 71.0518535 71.0842976 
1440.0000000 70.8554349 70.8878791 
1441.0000000 70.6590164 70.6914605 
1442.0000000 70.4625978 70.4950420 
1443.0000000 70.2661793 70.2986234 
1444.0000000 70.0697607 70.1022049 
1445.0000000 69.8733422 69.9057863 
1446.0000000 69.6769236 69.7093678 
1447.0000000 69.4805051 69.5129492 
1448.0000000 69.2840865 69.3165307 
1449.0000000 69.0876680 69.1201121 
1450.0000000 68.8912494 68.9236936 
1451.0000000 68.6948309 68.7272750 
1452.0000000 68.4984123 68.5308565 
1453.0000000 68.3019938 68.3344379 
1454.0000000 68.1055752 68.1380194 
1455.0000000 67.9091567 67.9416008 
1456.0000000 67.7127381 67.7451823 
1457.0000000 67.5163196 67.5487637 
1458.0000000 67.3199010 67.3523452 
1459.0000000 67.1234825 67.1559266 
1460.0000000 66.9270639 66.9595081 
1461.0000000 66.7306454 66.7630895 
1462.0000000 66.5342268 66.5666710 
1463.0000000 66.3378083 66.3702524 
1464.0000000 66.1413897 66.1738339 
1465.0000000 65.9449712 65.9774153 
1466.0000000 65.7485526 65.7809968 
1467.0000000 65.5521341 65.5845782 
1468.0000000 65.3557155 65.3881597 
1469.0000000 65.1592970 65.1917411 
1470.0000000 64.9628784 64.9953226 
1471.0000000 64.7664599 64.7989040 
1472.0000000 64.5700413 64.6024855 
1473.0000000 64.3736228 64.4060669 
1474.0000000 64.1772042 64.2096484 
1475.0000000 63.9807857 64.0132298 
1476.0000000 63.7843671 63.8168113 
1477.0000000 63.5879486 63.6203927 
1478.0000000 63.3915300 63.4239742 
1479.0000000 63.1951115 63.2275556 
1480.0000000 62.9986929 63.0311371 
1481.0000000 62.8022744 62.8347185 
1482.0000000 62.6058558 62.6383000 
1483.0000000 62.4094373 62.4418814 
1484.0000000 62.2130187 62.2454629 
1485.0000000 62.0166002 62.0490443 
1486.0000000 61.8201816 61.8526258 
1487.0000000 61.6237631 61.6562072 
1488.0000000 61.4273445 61.4597887 
1489.0000000 61.2309260 61.2633701 
1490.0000000 61.0345074 61.0669516 
1491.0000000 60.8380889 60.8705330 
1492.0000000 60.6416703 60.6741145 
1493.0000000 60.4452518 60.4776959 
1494.0000000 60.2488332 60.2812774 
1495.0000000 60.0524147 60.0848588 
1496.0000000 59.8559961 59.8884403 
1497.0000000 59.6595776 59.6920217 
1498.0000000 59.4631590 59.4956032 
1499.0000000 59.2667405 59.2991846 
1500.0000000 59.0703219 59.1027661 
1501.0000000 58.8739034 58.9063475 
1502.0000000 58.6774848 58.7099290 
1503.0000000 58.4810663 58.5135104 
1504.0000000 58.2846477 58.3170919 
1505.0000000 58.0882292 58.1206733 
1506.0000000 57.8918106 57.9242548 
1507.0000000 57.6953921 57.7278362 
1508.0000000 57.4989735 57.5314177 
1509.0000000 57.3025550 57.3349991 
1510.0000000 57.1061364 57.1385806 
1511.0000000 56.9097179 56.9421620 
1512.0000000 56.7132993 56.7457435 
1513.0000000 56.5168808 56.5493249 
1514.0000000 56.3204622 56.3529064 
1515.0000000 56.1240437 56.1564878 
1516.0000000 55.9276251 55.9600693 
1517.0000000 55.7312066 55.7636507 
1518.0000000 55.5347880 55.5672322 
1519.0000000 55.3383695 55.3708136 
1520.0000000 55.1419509 55.1743951 
1521.0000000 54.9455323 54.9779765 
1522.0000000 54.7491138 54.7815580 
1523.0000000 54.5526952 54.5851394 
1524.0000000 54.3562767 54.3887209 
1525.0000000 54.1598581 54.1923023 
1526.0000000 53.9634396 53.9958838 
1527.0000000 53.7670210 53.7994652 
1528.0000000 53.5706025 53.6030467 
1529.0000000 53.3741839 53.4066281 
1530.0000000 53.1777654 53.2102096 
1531.0000000 52.9813468 53.0137910 
1532.0000000 52.7849283 52.8173725 
1533.0000000 52.5885097 52.6209539 
1534.0000000 52.3920912 52.4245354 
1535.0000000 52.1956726 52.2281168 
1536.0000000 51.9992541 52.0316983 
1537.0000000 51.8028355 51.8352797 
1538.0000000 51.6064170 51.6388612 
1539.0000000 51.4099984 51.4424426 
1540.0000000 51.2135799 51.2460241 
1541.0000000 51.0171613 51.0496055 
1542.0000000 50.8207428 50.8531870 
1543.0000000 50.6243242 50.6567684 
1544.0000000 50.4279057 50.4603499 
1545.0000000 50.2314871 50.2639313 
1546.0000000 50.0350686 50.0675128 
1547.0000000 49.8386500 49.8710942 
1548.0000000 49.6422315 49.6746757 
1549.0000000 49.4458129 49.4782571 
1550.0000000 49.2493944 49.2818386 
1551.0000000 49.0529758 49.0854200 
1552.0000000 48.8565573 48.8890015 
1553.0000000 48.6601387 48.6925829 
1554.0000000 48.4637202 48.4961644 
1555.0000000 48.2673016 48.2997458 
1556.0000000 48.0708831 48.1033273 
1557.0000000 47.8744645 47.9069087 
1558.0000000 47.6780460 47.7104902 
1559.0000000 47.4816274 47.5140716 
1560.0000000 47.2852089 47.3176531 
1561.0000000 47.0887903 47.1212345 
1562.0000000 46.8923718 46.9248160 
1563.0000000 46.6959532 46.7283974 
1564.0000000 46.4995347 46.5319789 
1565.0000000 46.3031161 46.3355603 
1566.0000000 46.1066976 46.1391418 
1567.0000000 45.9102790 45.9427232 
1568.0000000 45.7138605 45.7463047 
1569.0000000 45.5174419 45.5498861 
1570.0000000 45.3210234 45.3534676 
1571.0000000 45.1246048 45.1570490 
1572.0000000 44.9281863 44.9606305 
1573.0000000 44.7317677 44.7642119 
1574.0000000 44.5353492 44.5677934 
1575.0000000 44.3389306 44.3713748 
1576.0000000 44.1425121 44.1749563 
1577.0000000 43.9460935 43.9785377 
1578.0000000 43.7496750 43.7821192 
1579.0000000 43.5532564 43.5857006 
1580.0000000 43.3568379 43.3892821 
1581.0000000 43.1604193 43.1928635 
1582.0000000 42.9640008 42.9964450 
1583.0000000 42.7675822 42.8000264 
1584.0000000 42.5711637 42.6036079 
1585.0000000 42.3747451 42.4071893 
1586.0000000 42.1783266 42.2107707 
1587.0000000 41.9819080 42.0143522 
1588.0000000 41.7854895 41.8179336 
1589.0000000 41.5890709 41.6215151 
1590.0000000 41.3926524 41.4250965 
1591.0000000 41.1962338 41.2286780 
1592.0000000 40.9998153 41.0322594 
1593.0000000 40.8033967 40.8358409 
1594.0000000 40.6069782 40.6394223 
1595.0000000 40.4105596 40.4430038 
1596.0000000 40.2141411 40.2465852 
1597.0000000 40.0177225 40.0501667 
1598.0000000 39.8213040 39.8537481 
1599.0000000 39.6248854 39.6573296 
1600.0000000 39.4284669 39.4609110 
1601.0000000 39.2320483 39.2644925 
1602.0000000 39.0356298 39.0680739 
1603.0000000 38.8392112 38.8716554 
1604.0000000 38.6427927 38.6752368 
1605.0000000 38.4463741 38.4788183 
1606.0000000 38.2499556 38.2823997 
1607.0000000 38.0535370 38.0859812 
1608.0000000 37.8571185 37.8895626 
1609.0000000 37.6606999 37.6931441 
1610.0000000 37.4642814 37.4967255 
1611.0000000 37.2678628 37.3003070 
1612.0000000 37.0714443 37.1038884 
1613.0000000 36.8750257 36.9074699 
1614.0000000 36.6786072 36.7110513 
1615.0000000 36.4821886 36.5146328 
1616.0000000 36.2857701 36.3182142 
1617.0000000 36.0893515 36.1217957 
1618.0000000 35.8929330 35.9253771 
1619.0000000 35.6965144 35.7289586 
1620.0000000 35.5000959 35.5325400 
1621.0000000 35.3036773 35.3361215 
1622.0000000 35.1072588 35.1397029 
1623.0000000 34.9108402 34.9432844 
1624.0000000 34.7144217 34.7468658 
1625.0000000 34.5180031 34.5504473 
1626.0000000 34.3215846 34.3540287 
1627.0000000 34.1251660 34.1576102 
1628.0000000 33.9287475 33.9611916 
1629.0000000 33.7323289 33.7647731 
1630.0000000 33.5359104 33.5683545 
1631.0000000 33.3394918 33.3719360 
1632.0000000 33.1430733 33.1755174 
1633.0000000 32.9466547 32.9790989 
1634.0000000 32.7502362 32.7826803 
1635.0000000 32.5538176 32.5862618 
1636.0000000 32.3573991 32.3898432 
1637.0000000 32.1609805 32.1934247 
1638.0000000 31.9645620 31.9970061 
1639.0000000 31.7681434 31.8005876 
1640.0000000 31.5717249 31.6041690 
1641.0000000 31.3753063 31.4077505 
1642.0000000 31.1788878 31.2113319 
1643.0000000 30.9824692 31.0149134 
1644.0000000 30.7860507 30.8184948 
1645.0000000 30.5896321 30.6220763 
1646.0000000 30.3932136 30.4256577 
1647.0000000 30.1967950 30.2292392 
1648.0000000 30.0003765 30.0328206 
1649.0000000 29.8039579 29.8364021 
1650.0000000 29.6075394 29.6399835 
1651.0000000 29.4111208 29.4435650 
1652.0000000 29.2147023 29.2471464 
1653.0000000 29.0182837 29.0507279 
1654.0000000 28.8218652 28.8543093 
1655.0000000 28.6254466 28.6578908 
1656.0000000 28.4290281 28.4614722 
1657.0000000 28.2326095 28.2650537 
1658.0000000 28.0361910 28.0686351 
1659.0000000 27.8397724 27.8722166 
1660.0000000 27.6433539 27.6757980 
1661.0000000 27.4469353 27.4793795 
1662.0000000 27.2505168 27.2829609 
1663.0000000 27.0540982 27.0865424 
1664.0000000 26.8576797 26.8901238 
1665.0000000 26.6612611 26.6937053 
1666.0000000 26.4648426 26.4972867 
1667.0000000 26.2684240 26.3008682 
1668.0000000 26.0720055 26.1044496 
1669.0000000 25.8755869 25.9080311 
1670.0000000 25.6791684 25.7116125 
1671.0000000 25.4827498 25.5151940 
1672.0000000 25.2863312 25.3187754 
1673.0000000 25.0899127 25.1223569 
1674.0000000 24.8934941 24.9259383 
1675.0000000 24.6970756 24.7295198 
1676.0000000 24.5006570 24.5331012 
1677.0000000 24.3042385 24.3366827 
1678.0000000 24.1078199 24.1402641 
1679.0000000 23.9114014 23.9438456 
1680.0000000 23.7149828 23.7474270 
1681.0000000 23.5185643 23.5510085 
1682.0000000 23.3221457 23.3545899 
1683.0000000 23.1257272 23.1581714 
1684.0000000 22.9293086 22.9617528 
1685.0000000 22.7328901 22.7653343 
1686.0000000 22.5364715 22.5689157 
1687.0000000 22.3400530 22.3724972 
1688.0000000 22.1436344 22.1760786 
1689.0000000 21.9472159 21.9796601 
1690.0000000 21.7507973 21.7832415 
1691.0000000 21.5543788 21.5868230 
1692.0000000 21.3579602 21.3904044 
1693.0000000 21.1615417 21.1939859 
1694.0000000 20.9651231 20.9975673 
1695.0000000 20.7687046 20.8011488 
1696.0000000 20.5722860 20.6047302 
1697.0000000 20.3758675 20.4083117 
1698.0000000 20.1794489 20.2118931 
1699.0000000 19.9830304 20.0154746 
1700.0000000 19.7866118 19.8190560 
1701.0000000 19.5901933 19.6226375 
1702.0000000 19.3937747 19.4262189 
1703.0000000 19.1973562 19.2298004 
1704.0000000 19.0009376 19.0333818 
1705.0000000 18.8045191 18.8369633 
1706.0000000 18.6081005 18.6405447 
1707.0000000 18.4116820 18.4441262 
1708.0000000 18.2152634 18.2477076 
1709.0000000 18.0188449 18.0512891 
1710.0000000 17.8224263 17.8548705 
1711.0000000 17.6260078 17.6584520 
1712.0000000 17.4295892 17.4620334 
1713.0000000 17.2331707 17.2656149 
1714.0000000 17.0367521 17.0691963 
1715.0000000 16.8403336 16.8727778 
1716.0000000 16.6439150 16.6763592 
1717.0000000 16.4474965 16.4799407 
1718.0000000 16.2510779 16.2835221 
1719.0000000 16.0546594 16.0871036 
1720.0000000 15.8582408 15.8906850 
1721.0000000 15.6618223 15.6942665 
1722.0000000 15.4654037 15.4978479 
1723.0000000 15.2689852 15.3014294 
1724.0000000 15.0725666 15.1050108 
1725.0000000 14.8761481 14.9085923 
1726.0000000 14.6797295 14.7121737 
1727.0000000 14.4833110 14.5157552 
1728.0000000 14.2868924 14.3193366 
1729.0000000 14.0904739 14.1229181 
1730.0000000 13.8940553 13.9264995 
1731.0000000 13.6976368 13.7300810 
1732.0000000 13.5012182 13.5336624 
1733.0000000 13.3047997 13.3372439 
1734.0000000 13.1083811 13.1408253 
1735.0000000 12.9119626 12.9444068 
1736.0000000 12.7155440 12.7479882 
1737.0000000 12.5191255 12.5515697 
1738.0000000 12.3227069 12.3551511 
1739.0000000 12.1262884 12.1587325 
1740.0000000 11.9298698 11.9623140 
1741.0000000 11.7334513 11.7658954 
1742.0000000 11.5370327 11.5694769 
1743.0000000 11.3406142 11.3730583 
1744.0000000 11.1441956 11.1766398 
1745.0000000 10.9477771 10.9802212 
1746.0000000 10.7513585 10.7838027 
1747.0000000 10.5549400 10.5873841 
1748.0000000 10.3585214 10.3909656 
1749.0000000 10.1621029 10.1945470 
1750.0000000 9.9656843 9.9981285 
1751.0000000 9.7692658 9.8017099 
1752.0000000 9.5728472 9.6052914 
1753.0000000 9.3764287 9.4088728 
1754.0000000 9.1800101 9.2124543 
1755.0000000 8.9835916 9.0160357 
1756.0000000 8.7871730 8.8196172 
1757.0000000 8.5907545 8.6231986 
1758.0000000 8.3943359 8.4267801 
1759.0000000 8.1979174 8.2303615 
1760.0000000 8.0014988 8.0339430 
1761.0000000 7.8050803 7.8375244 
1762.0000000 7.6086617 7.6411059 
1763.0000000 7.4122432 7.4446873 
1764.0000000 7.2158246 7.2482688 
1765.0000000 7.0194061 7.0518502 
1766.0000000 6.8229875 6.8554317 
1767.0000000 6.6265690 6.6590131 
1768.0000000 6.4301504 6.4625946 
1769.0000000 6.2337319 6.2661760 
1770.0000000 6.0373133 6.0697575 
1771.0000000 5.8408948 5.8733389 
1772.0000000 5.6444762 5.6769204 
1773.0000000 5.4480577 5.4805018 
1774.0000000 5.2516391 5.2840833 
1775.0000000 5.0552206 5.0876647 
1776.0000000 4.8588020 4.8912462 
1777.0000000 4.6623835 4.6948276 
1778.0000000 4.4659649 4.4984091 
1779.0000000 4.2695464 4.3019905 
1780.0000000 4.0731278 4.1055720 
1781.0000000 3.8767093 3.9091534 
1782.0000000 3.6802907 3.7127349 
1783.0000000 3.4838722 3.5163163 
1784.0000000 3.2874536 3.3198978 
1785.0000000 3.0910351 3.1234792 
1786.0000000 2.8946165 2.9270607 
1787.0000000 2.6981980 2.7306421 
1788.0000000 2.5017794 2.5342236 
1789.0000000 2.3053609 2.3378050 
1790.0000000 2.1089423 2.1413865 
1791.0000000 1.9125238 1.9449679 
1792.0000000 1.7161052 1.7485494 
1793.0000000 1.5196867 1.5521308 
1794.0000000 1.3232681 1.3557123 
1795.0000000 1.1268496 1.1592937 
1796.0000000 0.9304310 0.9628752 
1797.0000000 0.7340125 0.7664566 
1798.0000000 0.5375939 0.5700381 
1799.0000000 0.3411754 0.3736195 
1800.0000000 0.1447568 0.1772010 

