1.0000000 353.6418007 353.6446175 
2.0000000 353.4453822 353.4481990 
3.0000000 353.2489636 353.2517804 
4.0000000 353.0525451 353.0553619 
5.0000000 352.8561265 352.8589433 
6.0000000 352.6597080 352.6625247 
7.0000000 352.4632894 352.4661062 
8.0000000 352.2668709 352.2696876 
9.0000000 352.0704523 352.0732691 
10.0000000 351.8740338 351.8768505 
11.0000000 351.6776152 351.6804320 
12.0000000 351.4811967 351.4840134 
13.0000000 351.2847781 351.2875949 
14.0000000 351.0883596 351.0911763 
15.0000000 350.8919410 350.8947578 
16.0000000 350.6955225 350.6983392 
17.0000000 350.4991039 350.5019207 
18.0000000 350.3026854 350.3055021 
19.0000000 350.1062668 350.1090836 
20.0000000 349.9098483 349.9126650 
21.0000000 349.7134297 349.7162465 
22.0000000 349.5170112 349.5198279 
23.0000000 349.3205926 349.3234094 
24.0000000 349.1241741 349.1269908 
25.0000000 348.9277555 348.9305723 
26.0000000 348.7313370 348.7341537 
27.0000000 348.5349184 348.5377352 
28.0000000 348.3384999 348.3413166 
29.0000000 348.1420813 348.1448981 
30.0000000 347.9456628 347.9484795 
31.0000000 347.7492442 347.7520610 
32.0000000 347.5528257 347.5556424 
33.0000000 347.3564071 347.3592239 
34.0000000 347.1599886 347.1628053 
35.0000000 346.9635700 346.9663868 
36.0000000 346.7671514 346.7699682 
37.0000000 346.5707329 346.5735497 
38.0000000 346.3743143 346.3771311 
39.0000000 346.1778958 346.1807126 
40.0000000 345.9814772 345.9842940 
41.0000000 345.7850587 345.7878755 
42.0000000 345.5886401 345.5914569 
43.0000000 345.3922216 345.3950384 
44.0000000 345.1958030 345.1986198 
45.0000000 344.9993845 345.0022013 
46.0000000 344.8029659 344.8057827 
47.0000000 344.6065474 344.6093642 
48.0000000 344.4101288 344.4129456 
49.0000000 344.2137103 344.2165271 
50.0000000 344.0172917 344.0201085 
51.0000000 343.8208732 343.8236900 
52.0000000 343.6244546 343.6272714 
53.0000000 343.4280361 343.4308529 
54.0000000 343.2316175 343.2344343 
55.0000000 343.0351990 343.0380158 
56.0000000 342.8387804 342.8415972 
57.0000000 342.6423619 342.6451787 
58.0000000 342.4459433 342.4487601 
59.0000000 342.2495248 342.2523416 
60.0000000 342.0531062 342.0559230 
61.0000000 341.8566877 341.8595045 
62.0000000 341.6602691 341.6630859 
63.0000000 341.4638506 341.4666674 
64.0000000 341.2674320 341.2702488 
65.0000000 341.0710135 341.0738303 
66.0000000 340.8745949 340.8774117 
67.0000000 340.6781764 340.6809932 
68.0000000 340.4817578 340.4845746 
69.0000000 340.2853393 340.2881561 
70.0000000 340.0889207 340.0917375 
71.0000000 339.8925022 339.8953190 
72.0000000 339.6960836 339.6989004 
73.0000000 339.4996651 339.5024819 
74.0000000 339.3032465 339.3060633 
75.0000000 339.1068280 339.1096448 
76.0000000 338.9104094 338.9132262 
77.0000000 338.7139909 338.7168077 
78.0000000 338.5175723 338.5203891 
79.0000000 338.3211538 338.3239706 
80.0000000 338.1247352 338.1275520 
81.0000000 337.9283167 337.9311335 
82.0000000 337.7318981 337.7347149 
83.0000000 337.5354796 337.5382964 
84.0000000 337.3390610 337.3418778 
85.0000000 337.1426425 337.1454593 
86.0000000 336.9462239 336.9490407 
87.0000000 336.7498054 336.7526222 
88.0000000 336.5533868 336.5562036 
89.0000000 336.3569683 336.3597851 
90.0000000 336.1605497 336.1633665 
91.0000000 335.9641312 335.9669480 
92.0000000 335.7677126 335.7705294 
93.0000000 335.5712941 335.5741109 
94.0000000 335.3748755 335.3776923 
95.0000000 335.1784570 335.1812738 
96.0000000 334.9820384 334.9848552 
97.0000000 334.7856199 334.7884367 
98.0000000 334.5892013 334.5920181 
99.0000000 334.3927828 334.3955996 
100.0000000 334.1963642 334.1991810 
101.0000000 333.9999457 334.0027625 
102.0000000 333.8035271 333.8063439 
103.0000000 333.6071086 333.6099254 
104.0000000 333.4106900 333.4135068 
105.0000000 333.2142715 333.2170883 
106.0000000 333.0178529 333.0206697 
107.0000000 332.8214344 332.8242512 
108.0000000 332.6250158 332.6278326 
109.0000000 332.4285973 332.4314141 
110.0000000 332.2321787 332.2349955 
111.0000000 332.0357602 332.0385770 
112.0000000 331.8393416 331.8421584 
113.0000000 331.6429231 331.6457399 
114.0000000 331.4465045 331.4493213 
115.0000000 331.2500860 331.2529028 
116.0000000 331.0536674 331.0564842 
117.0000000 330.8572489 330.8600657 
118.0000000 330.6608303 330.6636471 
119.0000000 330.4644118 330.4672286 
120.0000000 330.2679932 330.2708100 
121.0000000 330.0715747 330.0743915 
122.0000000 329.8751561 329.8779729 
123.0000000 329.6787376 329.6815544 
124.0000000 329.4823190 329.4851358 
125.0000000 329.2859005 329.2887173 
126.0000000 329.0894819 329.0922987 
127.0000000 328.8930634 328.8958802 
128.0000000 328.6966448 328.6994616 
129.0000000 328.5002263 328.5030431 
130.0000000 328.3038077 328.3066245 
131.0000000 328.1073892 328.1102060 
132.0000000 327.9109706 327.9137874 
133.0000000 327.7145521 327.7173689 
134.0000000 327.5181335 327.5209503 
135.0000000 327.3217150 327.3245318 
136.0000000 327.1252964 327.1281132 
137.0000000 326.9288779 326.9316947 
138.0000000 326.7324593 326.7352761 
139.0000000 326.5360408 326.5388576 
140.0000000 326.3396222 326.3424390 
141.0000000 326.1432037 326.1460205 
142.0000000 325.9467851 325.9496019 
143.0000000 325.7503666 325.7531834 
144.0000000 325.5539480 325.5567648 
145.0000000 325.3575295 325.3603463 
146.0000000 325.1611109 325.1639277 
147.0000000 324.9646924 324.9675092 
148.0000000 324.7682738 324.7710906 
149.0000000 324.5718553 324.5746721 
150.0000000 324.3754367 324.3782535 
151.0000000 324.1790182 324.1818350 
152.0000000 323.9825996 323.9854164 
153.0000000 323.7861811 323.7889979 
154.0000000 323.5897625 323.5925793 
155.0000000 323.3933440 323.3961608 
156.0000000 323.1969254 323.1997422 
157.0000000 323.0005069 323.0033236 
158.0000000 322.8040883 322.8069051 
159.0000000 322.6076698 322.6104865 
160.0000000 322.4112512 322.4140680 
161.0000000 322.2148327 322.2176494 
162.0000000 322.0184141 322.0212309 
163.0000000 321.8219956 321.8248123 
164.0000000 321.6255770 321.6283938 
165.0000000 321.4291585 321.4319752 
166.0000000 321.2327399 321.2355567 
167.0000000 321.0363214 321.0391381 
168.0000000 320.8399028 320.8427196 
169.0000000 320.6434843 320.6463010 
170.0000000 320.4470657 320.4498825 
171.0000000 320.2506472 320.2534639 
172.0000000 320.0542286 320.0570454 
173.0000000 319.8578101 319.8606268 
174.0000000 319.6613915 319.6642083 
175.0000000 319.4649730 319.4677897 
176.0000000 319.2685544 319.2713712 
177.0000000 319.0721359 319.0749526 
178.0000000 318.8757173 318.8785341 
179.0000000 318.6792988 318.6821155 
180.0000000 318.4828802 318.4856970 
181.0000000 318.2864617 318.2892784 
182.0000000 318.0900431 318.0928599 
183.0000000 317.8936246 317.8964413 
184.0000000 317.6972060 317.7000228 
185.0000000 317.5007875 317.5036042 
186.0000000 317.3043689 317.3071857 
187.0000000 317.1079504 317.1107671 
188.0000000 316.9115318 316.9143486 
189.0000000 316.7151132 316.7179300 
190.0000000 316.5186947 316.5215115 
191.0000000 316.3222761 316.3250929 
192.0000000 316.1258576 316.1286744 
193.0000000 315.9294390 315.9322558 
194.0000000 315.7330205 315.7358373 
195.0000000 315.5366019 315.5394187 
196.0000000 315.3401834 315.3430002 
197.0000000 315.1437648 315.1465816 
198.0000000 314.9473463 314.9501631 
199.0000000 314.7509277 314.7537445 
200.0000000 314.5545092 314.5573260 
201.0000000 314.3580906 314.3609074 
202.0000000 314.1616721 314.1644889 
203.0000000 313.9652535 313.9680703 
204.0000000 313.7688350 313.7716518 
205.0000000 313.5724164 313.5752332 
206.0000000 313.3759979 313.3788147 
207.0000000 313.1795793 313.1823961 
208.0000000 312.9831608 312.9859776 
209.0000000 312.7867422 312.7895590 
210.0000000 312.5903237 312.5931405 
211.0000000 312.3939051 312.3967219 
212.0000000 312.1974866 312.2003034 
213.0000000 312.0010680 312.0038848 
214.0000000 311.8046495 311.8074663 
215.0000000 311.6082309 311.6110477 
216.0000000 311.4118124 311.4146292 
217.0000000 311.2153938 311.2182106 
218.0000000 311.0189753 311.0217921 
219.0000000 310.8225567 310.8253735 
220.0000000 310.6261382 310.6289550 
221.0000000 310.4297196 310.4325364 
222.0000000 310.2333011 310.2361179 
223.0000000 310.0368825 310.0396993 
224.0000000 309.8404640 309.8432808 
225.0000000 309.6440454 309.6468622 
226.0000000 309.4476269 309.4504437 
227.0000000 309.2512083 309.2540251 
228.0000000 309.0547898 309.0576066 
229.0000000 308.8583712 308.8611880 
230.0000000 308.6619527 308.6647695 
231.0000000 308.4655341 308.4683509 
232.0000000 308.2691156 308.2719324 
233.0000000 308.0726970 308.0755138 
234.0000000 307.8762785 307.8790953 
235.0000000 307.6798599 307.6826767 
236.0000000 307.4834414 307.4862582 
237.0000000 307.2870228 307.2898396 
238.0000000 307.0906043 307.0934211 
239.0000000 306.8941857 306.8970025 
240.0000000 306.6977672 306.7005840 
241.0000000 306.5013486 306.5041654 
242.0000000 306.3049301 306.3077469 
243.0000000 306.1085115 306.1113283 
244.0000000 305.9120930 305.9149098 
245.0000000 305.7156744 305.7184912 
246.0000000 305.5192559 305.5220727 
247.0000000 305.3228373 305.3256541 
248.0000000 305.1264188 305.1292356 
249.0000000 304.9300002 304.9328170 
250.0000000 304.7335817 304.7363985 
251.0000000 304.5371631 304.5399799 
252.0000000 304.3407446 304.3435614 
253.0000000 304.1443260 304.1471428 
254.0000000 303.9479075 303.9507243 
255.0000000 303.7514889 303.7543057 
256.0000000 303.5550704 303.5578872 
257.0000000 303.3586518 303.3614686 
258.0000000 303.1622333 303.1650501 
259.0000000 302.9658147 302.9686315 
260.0000000 302.7693962 302.7722130 
261.0000000 302.5729776 302.5757944 
262.0000000 302.3765591 302.3793759 
263.0000000 302.1801405 302.1829573 
264.0000000 301.9837220 301.9865388 
265.0000000 301.7873034 301.7901202 
266.0000000 301.5908849 301.5937017 
267.0000000 301.3944663 301.3972831 
268.0000000 301.1980478 301.2008646 
269.0000000 301.0016292 301.0044460 
270.0000000 300.8052107 300.8080275 
271.0000000 300.6087921 300.6116089 
272.0000000 300.4123736 300.4151904 
273.0000000 300.2159550 300.2187718 
274.0000000 300.0195365 300.0223533 
275.0000000 299.8231179 299.8259347 
276.0000000 299.6266994 299.6295162 
277.0000000 299.4302808 299.4330976 
278.0000000 299.2338623 299.2366791 
279.0000000 299.0374437 299.0402605 
280.0000000 298.8410252 298.8438420 
281.0000000 298.6446066 298.6474234 
282.0000000 298.4481881 298.4510049 
283.0000000 298.2517695 298.2545863 
284.0000000 298.0553510 298.0581678 
285.0000000 297.8589324 297.8617492 
286.0000000 297.6625139 297.6653307 
287.0000000 297.4660953 297.4689121 
288.0000000 297.2696768 297.2724936 
289.0000000 297.0732582 297.0760750 
290.0000000 296.8768397 296.8796565 
291.0000000 296.6804211 296.6832379 
292.0000000 296.4840026 296.4868194 
293.0000000 296.2875840 296.2904008 
294.0000000 296.0911655 296.0939823 
295.0000000 295.8947469 295.8975637 
296.0000000 295.6983284 295.7011452 
297.0000000 295.5019098 295.5047266 
298.0000000 295.3054913 295.3083081 
299.0000000 295.1090727 295.1118895 
300.0000000 294.9126542 294.9154710 
301.0000000 294.7162356 294.7190524 
302.0000000 294.5198171 294.5226339 
303.0000000 294.3233985 294.3262153 
304.0000000 294.1269800 294.1297968 
305.0000000 293.9305614 293.9333782 
306.0000000 293.7341429 293.7369597 
307.0000000 293.5377243 293.5405411 
308.0000000 293.3413058 293.3441226 
309.0000000 293.1448872 293.1477040 
310.0000000 292.9484687 292.9512854 
311.0000000 292.7520501 292.7548669 
312.0000000 292.5556316 292.5584483 
313.0000000 292.3592130 292.3620298 
314.0000000 292.1627945 292.1656112 
315.0000000 291.9663759 291.9691927 
316.0000000 291.7699574 291.7727741 
317.0000000 291.5735388 291.5763556 
318.0000000 291.3771203 291.3799370 
319.0000000 291.1807017 291.1835185 
320.0000000 290.9842832 290.9870999 
321.0000000 290.7878646 290.7906814 
322.0000000 290.5914461 290.5942628 
323.0000000 290.3950275 290.3978443 
324.0000000 290.1986090 290.2014257 
325.0000000 290.0021904 290.0050072 
326.0000000 289.8057719 289.8085886 
327.0000000 289.6093533 289.6121701 
328.0000000 289.4129348 289.4157515 
329.0000000 289.2165162 289.2193330 
330.0000000 289.0200977 289.0229144 
331.0000000 288.8236791 288.8264959 
332.0000000 288.6272606 288.6300773 
333.0000000 288.4308420 288.4336588 
334.0000000 288.2344235 288.2372402 
335.0000000 288.0380049 288.0408217 
336.0000000 287.8415864 287.8444031 
337.0000000 287.6451678 287.6479846 
338.0000000 287.4487493 287.4515660 
339.0000000 287.2523307 287.2551475 
340.0000000 287.0559121 287.0587289 
341.0000000 286.8594936 286.8623104 
342.0000000 286.6630750 286.6658918 
343.0000000 286.4666565 286.4694733 
344.0000000 286.2702379 286.2730547 
345.0000000 286.0738194 286.0766362 
346.0000000 285.8774008 285.8802176 
347.0000000 285.6809823 285.6837991 
348.0000000 285.4845637 285.4873805 
349.0000000 285.2881452 285.2909620 
350.0000000 285.0917266 285.0945434 
351.0000000 284.8953081 284.8981249 
352.0000000 284.6988895 284.7017063 
353.0000000 284.5024710 284.5052878 
354.0000000 284.3060524 284.3088692 
355.0000000 284.1096339 284.1124507 
356.0000000 283.9132153 283.9160321 
357.0000000 283.7167968 283.7196136 
358.0000000 283.5203782 283.5231950 
359.0000000 283.3239597 283.3267765 
360.0000000 283.1275411 283.1303579 
361.0000000 282.9311226 282.9339394 
362.0000000 282.7347040 282.7375208 
363.0000000 282.5382855 282.5411023 
364.0000000 282.3418669 282.3446837 
365.0000000 282.1454484 282.1482652 
366.0000000 281.9490298 281.9518466 
367.0000000 281.7526113 281.7554281 
368.0000000 281.5561927 281.5590095 
369.0000000 281.3597742 281.3625910 
370.0000000 281.1633556 281.1661724 
371.0000000 280.9669371 280.9697539 
372.0000000 280.7705185 280.7733353 
373.0000000 280.5741000 280.5769168 
374.0000000 280.3776814 280.3804982 
375.0000000 280.1812629 280.1840797 
376.0000000 279.9848443 279.9876611 
377.0000000 279.7884258 279.7912426 
378.0000000 279.5920072 279.5948240 
379.0000000 279.3955887 279.3984055 
380.0000000 279.1991701 279.2019869 
381.0000000 279.0027516 279.0055684 
382.0000000 278.8063330 278.8091498 
383.0000000 278.6099145 278.6127313 
384.0000000 278.4134959 278.4163127 
385.0000000 278.2170774 278.2198942 
386.0000000 278.0206588 278.0234756 
387.0000000 277.8242403 277.8270571 
388.0000000 277.6278217 277.6306385 
389.0000000 277.4314032 277.4342200 
390.0000000 277.2349846 277.2378014 
391.0000000 277.0385661 277.0413829 
392.0000000 276.8421475 276.8449643 
393.0000000 276.6457290 276.6485458 
394.0000000 276.4493104 276.4521272 
395.0000000 276.2528919 276.2557087 
396.0000000 276.0564733 276.0592901 
397.0000000 275.8600548 275.8628716 
398.0000000 275.6636362 275.6664530 
399.0000000 275.4672177 275.4700345 
400.0000000 275.2707991 275.2736159 
401.0000000 275.0743806 275.0771974 
402.0000000 274.8779620 274.8807788 
403.0000000 274.6815435 274.6843603 
404.0000000 274.4851249 274.4879417 
405.0000000 274.2887064 274.2915232 
406.0000000 274.0922878 274.0951046 
407.0000000 273.8958693 273.8986861 
408.0000000 273.6994507 273.7022675 
409.0000000 273.5030322 273.5058490 
410.0000000 273.3066136 273.3094304 
411.0000000 273.1101951 273.1130119 
412.0000000 272.9137765 272.9165933 
413.0000000 272.7173580 272.7201748 
414.0000000 272.5209394 272.5237562 
415.0000000 272.3245209 272.3273377 
416.0000000 272.1281023 272.1309191 
417.0000000 271.9316838 271.9345006 
418.0000000 271.7352652 271.7380820 
419.0000000 271.5388467 271.5416635 
420.0000000 271.3424281 271.3452449 
421.0000000 271.1460096 271.1488264 
422.0000000 270.9495910 270.9524078 
423.0000000 270.7531725 270.7559893 
424.0000000 270.5567539 270.5595707 
425.0000000 270.3603354 270.3631522 
426.0000000 270.1639168 270.1667336 
427.0000000 269.9674983 269.9703151 
428.0000000 269.7710797 269.7738965 
429.0000000 269.5746612 269.5774780 
430.0000000 269.3782426 269.3810594 
431.0000000 269.1818241 269.1846409 
432.0000000 268.9854055 268.9882223 
433.0000000 268.7889870 268.7918038 
434.0000000 268.5925684 268.5953852 
435.0000000 268.3961499 268.3989667 
436.0000000 268.1997313 268.2025481 
437.0000000 268.0033128 268.0061296 
438.0000000 267.8068942 267.8097110 
439.0000000 267.6104757 267.6132925 
440.0000000 267.4140571 267.4168739 
441.0000000 267.2176386 267.2204554 
442.0000000 267.0212200 267.0240368 
443.0000000 266.8248015 266.8276183 
444.0000000 266.6283829 266.6311997 
445.0000000 266.4319644 266.4347812 
446.0000000 266.2355458 266.2383626 
447.0000000 266.0391273 266.0419441 
448.0000000 265.8427087 265.8455255 
449.0000000 265.6462902 265.6491070 
450.0000000 265.4498716 265.4526884 
451.0000000 265.2534531 265.2562699 
452.0000000 265.0570345 265.0598513 
453.0000000 264.8606160 264.8634328 
454.0000000 264.6641974 264.6670142 
455.0000000 264.4677789 264.4705957 
456.0000000 264.2713603 264.2741771 
457.0000000 264.0749418 264.0777586 
458.0000000 263.8785232 263.8813400 
459.0000000 263.6821047 263.6849215 
460.0000000 263.4856861 263.4885029 
461.0000000 263.2892676 263.2920843 
462.0000000 263.0928490 263.0956658 
463.0000000 262.8964305 262.8992472 
464.0000000 262.7000119 262.7028287 
465.0000000 262.5035934 262.5064101 
466.0000000 262.3071748 262.3099916 
467.0000000 262.1107563 262.1135730 
468.0000000 261.9143377 261.9171545 
469.0000000 261.7179192 261.7207359 
470.0000000 261.5215006 261.5243174 
471.0000000 261.3250821 261.3278988 
472.0000000 261.1286635 261.1314803 
473.0000000 260.9322450 260.9350617 
474.0000000 260.7358264 260.7386432 
475.0000000 260.5394079 260.5422246 
476.0000000 260.3429893 260.3458061 
477.0000000 260.1465708 260.1493875 
478.0000000 259.9501522 259.9529690 
479.0000000 259.7537337 259.7565504 
480.0000000 259.5573151 259.5601319 
481.0000000 259.3608966 259.3637133 
482.0000000 259.1644780 259.1672948 
483.0000000 258.9680595 258.9708762 
484.0000000 258.7716409 258.7744577 
485.0000000 258.5752224 258.5780391 
486.0000000 258.3788038 258.3816206 
487.0000000 258.1823853 258.1852020 
488.0000000 257.9859667 257.9887835 
489.0000000 257.7895482 257.7923649 
490.0000000 257.5931296 257.5959464 
491.0000000 257.3967110 257.3995278 
492.0000000 257.2002925 257.2031093 
493.0000000 257.0038739 257.0066907 
494.0000000 256.8074554 256.8102722 
495.0000000 256.6110368 256.6138536 
496.0000000 256.4146183 256.4174351 
497.0000000 256.2181997 256.2210165 
498.0000000 256.0217812 256.0245980 
499.0000000 255.8253626 255.8281794 
500.0000000 255.6289441 255.6317609 
501.0000000 255.4325255 255.4353423 
502.0000000 255.2361070 255.2389238 
503.0000000 255.0396884 255.0425052 
504.0000000 254.8432699 254.8460867 
505.0000000 254.6468513 254.6496681 
506.0000000 254.4504328 254.4532496 
507.0000000 254.2540142 254.2568310 
508.0000000 254.0575957 254.0604125 
509.0000000 253.8611771 253.8639939 
510.0000000 253.6647586 253.6675754 
511.0000000 253.4683400 253.4711568 
512.0000000 253.2719215 253.2747383 
513.0000000 253.0755029 253.0783197 
514.0000000 252.8790844 252.8819012 
515.0000000 252.6826658 252.6854826 
516.0000000 252.4862473 252.4890641 
517.0000000 252.2898287 252.2926455 
518.0000000 252.0934102 252.0962270 
519.0000000 251.8969916 251.8998084 
520.0000000 251.7005731 251.7033899 
521.0000000 251.5041545 251.5069713 
522.0000000 251.3077360 251.3105528 
523.0000000 251.1113174 251.1141342 
524.0000000 250.9148989 250.9177157 
525.0000000 250.7184803 250.7212971 
526.0000000 250.5220618 250.5248786 
527.0000000 250.3256432 250.3284600 
528.0000000 250.1292247 250.1320415 
529.0000000 249.9328061 249.9356229 
530.0000000 249.7363876 249.7392044 
531.0000000 249.5399690 249.5427858 
532.0000000 249.3435505 249.3463673 
533.0000000 249.1471319 249.1499487 
534.0000000 248.9507134 248.9535302 
535.0000000 248.7542948 248.7571116 
536.0000000 248.5578763 248.5606931 
537.0000000 248.3614577 248.3642745 
538.0000000 248.1650392 248.1678560 
539.0000000 247.9686206 247.9714374 
540.0000000 247.7722021 247.7750189 
541.0000000 247.5757835 247.5786003 
542.0000000 247.3793650 247.3821818 
543.0000000 247.1829464 247.1857632 
544.0000000 246.9865279 246.9893447 
545.0000000 246.7901093 246.7929261 
546.0000000 246.5936908 246.5965076 
547.0000000 246.3972722 246.4000890 
548.0000000 246.2008537 246.2036705 
549.0000000 246.0044351 246.0072519 
550.0000000 245.8080166 245.8108334 
551.0000000 245.6115980 245.6144148 
552.0000000 245.4151795 245.4179963 
553.0000000 245.2187609 245.2215777 
554.0000000 245.0223424 245.0251592 
555.0000000 244.8259238 244.8287406 
556.0000000 244.6295053 244.6323221 
557.0000000 244.4330867 244.4359035 
558.0000000 244.2366682 244.2394850 
559.0000000 244.0402496 244.0430664 
560.0000000 243.8438311 243.8466479 
561.0000000 243.6474125 243.6502293 
562.0000000 243.4509940 243.4538108 
563.0000000 243.2545754 243.2573922 
564.0000000 243.0581569 243.0609737 
565.0000000 242.8617383 242.8645551 
566.0000000 242.6653198 242.6681366 
567.0000000 242.4689012 242.4717180 
568.0000000 242.2724827 242.2752995 
569.0000000 242.0760641 242.0788809 
570.0000000 241.8796456 241.8824624 
571.0000000 241.6832270 241.6860438 
572.0000000 241.4868085 241.4896253 
573.0000000 241.2903899 241.2932067 
574.0000000 241.0939714 241.0967882 
575.0000000 240.8975528 240.9003696 
576.0000000 240.7011343 240.7039511 
577.0000000 240.5047157 240.5075325 
578.0000000 240.3082972 240.3111140 
579.0000000 240.1118786 240.1146954 
580.0000000 239.9154601 239.9182769 
581.0000000 239.7190415 239.7218583 
582.0000000 239.5226230 239.5254398 
583.0000000 239.3262044 239.3290212 
584.0000000 239.1297859 239.1326027 
585.0000000 238.9333673 238.9361841 
586.0000000 238.7369488 238.7397656 
587.0000000 238.5405302 238.5433470 
588.0000000 238.3441117 238.3469285 
589.0000000 238.1476931 238.1505099 
590.0000000 237.9512746 237.9540914 
591.0000000 237.7548560 237.7576728 
592.0000000 237.5584375 237.5612543 
593.0000000 237.3620189 237.3648357 
594.0000000 237.1656004 237.1684172 
595.0000000 236.9691818 236.9719986 
596.0000000 236.7727633 236.7755801 
597.0000000 236.5763447 236.5791615 
598.0000000 236.3799262 236.3827430 
599.0000000 236.1835076 236.1863244 
600.0000000 235.9870891 235.9899059 
601.0000000 235.7906705 235.7934873 
602.0000000 235.5942520 235.5970688 
603.0000000 235.3978334 235.4006502 
604.0000000 235.2014149 235.2042317 
605.0000000 235.0049963 235.0078131 
606.0000000 234.8085778 234.8113946 
607.0000000 234.6121592 234.6149760 
608.0000000 234.4157407 234.4185575 
609.0000000 234.2193221 234.2221389 
610.0000000 234.0229036 234.0257204 
611.0000000 233.8264850 233.8293018 
612.0000000 233.6300665 233.6328832 
613.0000000 233.4336479 233.4364647 
614.0000000 233.2372294 233.2400461 
615.0000000 233.0408108 233.0436276 
616.0000000 232.8443923 232.8472090 
617.0000000 232.6479737 232.6507905 
618.0000000 232.4515552 232.4543719 
619.0000000 232.2551366 232.2579534 
620.0000000 232.0587181 232.0615348 
621.0000000 231.8622995 231.8651163 
622.0000000 231.6658810 231.6686977 
623.0000000 231.4694624 231.4722792 
624.0000000 231.2730439 231.2758606 
625.0000000 231.0766253 231.0794421 
626.0000000 230.8802068 230.8830235 
627.0000000 230.6837882 230.6866050 
628.0000000 230.4873697 230.4901864 
629.0000000 230.2909511 230.2937679 
630.0000000 230.0945326 230.0973493 
631.0000000 229.8981140 229.9009308 
632.0000000 229.7016955 229.7045122 
633.0000000 229.5052769 229.5080937 
634.0000000 229.3088584 229.3116751 
635.0000000 229.1124398 229.1152566 
636.0000000 228.9160213 228.9188380 
637.0000000 228.7196027 228.7224195 
638.0000000 228.5231842 228.5260009 
639.0000000 228.3267656 228.3295824 
640.0000000 228.1303471 228.1331638 
641.0000000 227.9339285 227.9367453 
642.0000000 227.7375100 227.7403267 
643.0000000 227.5410914 227.5439082 
644.0000000 227.3446728 227.3474896 
645.0000000 227.1482543 227.1510711 
646.0000000 226.9518357 226.9546525 
647.0000000 226.7554172 226.7582340 
648.0000000 226.5589986 226.5618154 
649.0000000 226.3625801 226.3653969 
650.0000000 226.1661615 226.1689783 
651.0000000 225.9697430 225.9725598 
652.0000000 225.7733244 225.7761412 
653.0000000 225.5769059 225.5797227 
654.0000000 225.3804873 225.3833041 
655.0000000 225.1840688 225.1868856 
656.0000000 224.9876502 224.9904670 
657.0000000 224.7912317 224.7940485 
658.0000000 224.5948131 224.5976299 
659.0000000 224.3983946 224.4012114 
660.0000000 224.2019760 224.2047928 
661.0000000 224.0055575 224.0083743 
662.0000000 223.8091389 223.8119557 
663.0000000 223.6127204 223.6155372 
664.0000000 223.4163018 223.4191186 
665.0000000 223.2198833 223.2227001 
666.0000000 223.0234647 223.0262815 
667.0000000 222.8270462 222.8298630 
668.0000000 222.6306276 222.6334444 
669.0000000 222.4342091 222.4370259 
670.0000000 222.2377905 222.2406073 
671.0000000 222.0413720 222.0441888 
672.0000000 221.8449534 221.8477702 
673.0000000 221.6485349 221.6513517 
674.0000000 221.4521163 221.4549331 
675.0000000 221.2556978 221.2585146 
676.0000000 221.0592792 221.0620960 
677.0000000 220.8628607 220.8656775 
678.0000000 220.6664421 220.6692589 
679.0000000 220.4700236 220.4728404 
680.0000000 220.2736050 220.2764218 
681.0000000 220.0771865 220.0800033 
682.0000000 219.8807679 219.8835847 
683.0000000 219.6843494 219.6871662 
684.0000000 219.4879308 219.4907476 
685.0000000 219.2915123 219.2943291 
686.0000000 219.0950937 219.0979105 
687.0000000 218.8986752 218.9014920 
688.0000000 218.7022566 218.7050734 
689.0000000 218.5058381 218.5086549 
690.0000000 218.3094195 218.3122363 
691.0000000 218.1130010 218.1158178 
692.0000000 217.9165824 217.9193992 
693.0000000 217.7201639 217.7229807 
694.0000000 217.5237453 217.5265621 
695.0000000 217.3273268 217.3301436 
696.0000000 217.1309082 217.1337250 
697.0000000 216.9344897 216.9373065 
698.0000000 216.7380711 216.7408879 
699.0000000 216.5416526 216.5444694 
700.0000000 216.3452340 216.3480508 
701.0000000 216.1488155 216.1516323 
702.0000000 215.9523969 215.9552137 
703.0000000 215.7559784 215.7587952 
704.0000000 215.5595598 215.5623766 
705.0000000 215.3631413 215.3659581 
706.0000000 215.1667227 215.1695395 
707.0000000 214.9703042 214.9731210 
708.0000000 214.7738856 214.7767024 
709.0000000 214.5774671 214.5802839 
710.0000000 214.3810485 214.3838653 
711.0000000 214.1846300 214.1874468 
712.0000000 213.9882114 213.9910282 
713.0000000 213.7917929 213.7946097 
714.0000000 213.5953743 213.5981911 
715.0000000 213.3989558 213.4017726 
716.0000000 213.2025372 213.2053540 
717.0000000 213.0061187 213.0089355 
718.0000000 212.8097001 212.8125169 
719.0000000 212.6132816 212.6160984 
720.0000000 212.4168630 212.4196798 
721.0000000 212.2204445 212.2232613 
722.0000000 212.0240259 212.0268427 
723.0000000 211.8276074 211.8304242 
724.0000000 211.6311888 211.6340056 
725.0000000 211.4347703 211.4375871 
726.0000000 211.2383517 211.2411685 
727.0000000 211.0419332 211.0447500 
728.0000000 210.8455146 210.8483314 
729.0000000 210.6490961 210.6519129 
730.0000000 210.4526775 210.4554943 
731.0000000 210.2562590 210.2590758 
732.0000000 210.0598404 210.0626572 
733.0000000 209.8634219 209.8662387 
734.0000000 209.6670033 209.6698201 
735.0000000 209.4705848 209.4734016 
736.0000000 209.2741662 209.2769830 
737.0000000 209.0777477 209.0805645 
738.0000000 208.8813291 208.8841459 
739.0000000 208.6849106 208.6877274 
740.0000000 208.4884920 208.4913088 
741.0000000 208.2920735 208.2948903 
742.0000000 208.0956549 208.0984717 
743.0000000 207.8992364 207.9020532 
744.0000000 207.7028178 207.7056346 
745.0000000 207.5063993 207.5092161 
746.0000000 207.3099807 207.3127975 
747.0000000 207.1135622 207.1163790 
748.0000000 206.9171436 206.9199604 
749.0000000 206.7207251 206.7235419 
750.0000000 206.5243065 206.5271233 
751.0000000 206.3278880 206.3307048 
752.0000000 206.1314694 206.1342862 
753.0000000 205.9350509 205.9378677 
754.0000000 205.7386323 205.7414491 
755.0000000 205.5422138 205.5450306 
756.0000000 205.3457952 205.3486120 
757.0000000 205.1493767 205.1521935 
758.0000000 204.9529581 204.9557749 
759.0000000 204.7565396 204.7593564 
760.0000000 204.5601210 204.5629378 
761.0000000 204.3637025 204.3665193 
762.0000000 204.1672839 204.1701007 
763.0000000 203.9708654 203.9736822 
764.0000000 203.7744468 203.7772636 
765.0000000 203.5780283 203.5808450 
766.0000000 203.3816097 203.3844265 
767.0000000 203.1851912 203.1880079 
768.0000000 202.9887726 202.9915894 
769.0000000 202.7923541 202.7951708 
770.0000000 202.5959355 202.5987523 
771.0000000 202.3995170 202.4023337 
772.0000000 202.2030984 202.2059152 
773.0000000 202.0066799 202.0094966 
774.0000000 201.8102613 201.8130781 
775.0000000 201.6138428 201.6166595 
776.0000000 201.4174242 201.4202410 
777.0000000 201.2210057 201.2238224 
778.0000000 201.0245871 201.0274039 
779.0000000 200.8281686 200.8309853 
780.0000000 200.6317500 200.6345668 
781.0000000 200.4353315 200.4381482 
782.0000000 200.2389129 200.2417297 
783.0000000 200.0424944 200.0453111 
784.0000000 199.8460758 199.8488926 
785.0000000 199.6496573 199.6524740 
786.0000000 199.4532387 199.4560555 
787.0000000 199.2568202 199.2596369 
788.0000000 199.0604016 199.0632184 
789.0000000 198.8639831 198.8667998 
790.0000000 198.6675645 198.6703813 
791.0000000 198.4711460 198.4739627 
792.0000000 198.2747274 198.2775442 
793.0000000 198.0783089 198.0811256 
794.0000000 197.8818903 197.8847071 
795.0000000 197.6854717 197.6882885 
796.0000000 197.4890532 197.4918700 
797.0000000 197.2926346 197.2954514 
798.0000000 197.0962161 197.0990329 
799.0000000 196.8997975 196.9026143 
800.0000000 196.7033790 196.7061958 
801.0000000 196.5069604 196.5097772 
802.0000000 196.3105419 196.3133587 
803.0000000 196.1141233 196.1169401 
804.0000000 195.9177048 195.9205216 
805.0000000 195.7212862 195.7241030 
806.0000000 195.5248677 195.5276845 
807.0000000 195.3284491 195.3312659 
808.0000000 195.1320306 195.1348474 
809.0000000 194.9356120 194.9384288 
810.0000000 194.7391935 194.7420103 
811.0000000 194.5427749 194.5455917 
812.0000000 194.3463564 194.3491732 
813.0000000 194.1499378 194.1527546 
814.0000000 193.9535193 193.9563361 
815.0000000 193.7571007 193.7599175 
816.0000000 193.5606822 193.5634990 
817.0000000 193.3642636 193.3670804 
818.0000000 193.1678451 193.1706619 
819.0000000 192.9714265 192.9742433 
820.0000000 192.7750080 192.7778248 
821.0000000 192.5785894 192.5814062 
822.0000000 192.3821709 192.3849877 
823.0000000 192.1857523 192.1885691 
824.0000000 191.9893338 191.9921506 
825.0000000 191.7929152 191.7957320 
826.0000000 191.5964967 191.5993135 
827.0000000 191.4000781 191.4028949 
828.0000000 191.2036596 191.2064764 
829.0000000 191.0072410 191.0100578 
830.0000000 190.8108225 190.8136393 
831.0000000 190.6144039 190.6172207 
832.0000000 190.4179854 190.4208022 
833.0000000 190.2215668 190.2243836 
834.0000000 190.0251483 190.0279651 
835.0000000 189.8287297 189.8315465 
836.0000000 189.6323112 189.6351280 
837.0000000 189.4358926 189.4387094 
838.0000000 189.2394741 189.2422909 
839.0000000 189.0430555 189.0458723 
840.0000000 188.8466370 188.8494538 
841.0000000 188.6502184 188.6530352 
842.0000000 188.4537999 188.4566167 
843.0000000 188.2573813 188.2601981 
844.0000000 188.0609628 188.0637796 
845.0000000 187.8645442 187.8673610 
846.0000000 187.6681257 187.6709425 
847.0000000 187.4717071 187.4745239 
848.0000000 187.2752886 187.2781054 
849.0000000 187.0788700 187.0816868 
850.0000000 186.8824515 186.8852683 
851.0000000 186.6860329 186.6888497 
852.0000000 186.4896144 186.4924312 
853.0000000 186.2931958 186.2960126 
854.0000000 186.0967773 186.0995941 
855.0000000 185.9003587 185.9031755 
856.0000000 185.7039402 185.7067570 
857.0000000 185.5075216 185.5103384 
858.0000000 185.3111031 185.3139199 
859.0000000 185.1146845 185.1175013 
860.0000000 184.9182660 184.9210828 
861.0000000 184.7218474 184.7246642 
862.0000000 184.5254289 184.5282457 
863.0000000 184.3290103 184.3318271 
864.0000000 184.1325918 184.1354086 
865.0000000 183.9361732 183.9389900 
866.0000000 183.7397547 183.7425715 
867.0000000 183.5433361 183.5461529 
868.0000000 183.3469176 183.3497344 
869.0000000 183.1504990 183.1533158 
870.0000000 182.9540805 182.9568973 
871.0000000 182.7576619 182.7604787 
872.0000000 182.5612434 182.5640602 
873.0000000 182.3648248 182.3676416 
874.0000000 182.1684063 182.1712231 
875.0000000 181.9719877 181.9748045 
876.0000000 181.7755692 181.7783860 
877.0000000 181.5791506 181.5819674 
878.0000000 181.3827321 181.3855489 
879.0000000 181.1863135 181.1891303 
880.0000000 180.9898950 180.9927118 
881.0000000 180.7934764 180.7962932 
882.0000000 180.5970579 180.5998747 
883.0000000 180.4006393 180.4034561 
884.0000000 180.2042208 180.2070376 
885.0000000 180.0078022 180.0106190 
886.0000000 179.8113837 179.8142005 
887.0000000 179.6149651 179.6177819 
888.0000000 179.4185466 179.4213634 
889.0000000 179.2221280 179.2249448 
890.0000000 179.0257095 179.0285263 
891.0000000 178.8292909 178.8321077 
892.0000000 178.6328724 178.6356892 
893.0000000 178.4364538 178.4392706 
894.0000000 178.2400353 178.2428521 
895.0000000 178.0436167 178.0464335 
896.0000000 177.8471982 177.8500150 
897.0000000 177.6507796 177.6535964 
898.0000000 177.4543611 177.4571779 
899.0000000 177.2579425 177.2607593 
900.0000000 177.0615240 177.0643408 
901.0000000 176.8651054 176.8679222 
902.0000000 176.6686869 176.6715037 
903.0000000 176.4722683 176.4750851 
904.0000000 176.2758498 176.2786666 
905.0000000 176.0794312 176.0822480 
906.0000000 175.8830127 175.8858295 
907.0000000 175.6865941 175.6894109 
908.0000000 175.4901756 175.4929924 
909.0000000 175.2937570 175.2965738 
910.0000000 175.0973385 175.1001553 
911.0000000 174.9009199 174.9037367 
912.0000000 174.7045014 174.7073182 
913.0000000 174.5080828 174.5108996 
914.0000000 174.3116643 174.3144811 
915.0000000 174.1152457 174.1180625 
916.0000000 173.9188272 173.9216439 
917.0000000 173.7224086 173.7252254 
918.0000000 173.5259901 173.5288068 
919.0000000 173.3295715 173.3323883 
920.0000000 173.1331530 173.1359697 
921.0000000 172.9367344 172.9395512 
922.0000000 172.7403159 172.7431326 
923.0000000 172.5438973 172.5467141 
924.0000000 172.3474788 172.3502955 
925.0000000 172.1510602 172.1538770 
926.0000000 171.9546417 171.9574584 
927.0000000 171.7582231 171.7610399 
928.0000000 171.5618046 171.5646213 
929.0000000 171.3653860 171.3682028 
930.0000000 171.1689675 171.1717842 
931.0000000 170.9725489 170.9753657 
932.0000000 170.7761304 170.7789471 
933.0000000 170.5797118 170.5825286 
934.0000000 170.3832933 170.3861100 
935.0000000 170.1868747 170.1896915 
936.0000000 169.9904562 169.9932729 
937.0000000 169.7940376 169.7968544 
938.0000000 169.5976191 169.6004358 
939.0000000 169.4012005 169.4040173 
940.0000000 169.2047820 169.2075987 
941.0000000 169.0083634 169.0111802 
942.0000000 168.8119449 168.8147616 
943.0000000 168.6155263 168.6183431 
944.0000000 168.4191078 168.4219245 
945.0000000 168.2226892 168.2255060 
946.0000000 168.0262706 168.0290874 
947.0000000 167.8298521 167.8326689 
948.0000000 167.6334335 167.6362503 
949.0000000 167.4370150 167.4398318 
950.0000000 167.2405964 167.2434132 
951.0000000 167.0441779 167.0469947 
952.0000000 166.8477593 166.8505761 
953.0000000 166.6513408 166.6541576 
954.0000000 166.4549222 166.4577390 
955.0000000 166.2585037 166.2613205 
956.0000000 166.0620851 166.0649019 
957.0000000 165.8656666 165.8684834 
958.0000000 165.6692480 165.6720648 
959.0000000 165.4728295 165.4756463 
960.0000000 165.2764109 165.2792277 
961.0000000 165.0799924 165.0828092 
962.0000000 164.8835738 164.8863906 
963.0000000 164.6871553 164.6899721 
964.0000000 164.4907367 164.4935535 
965.0000000 164.2943182 164.2971350 
966.0000000 164.0978996 164.1007164 
967.0000000 163.9014811 163.9042979 
968.0000000 163.7050625 163.7078793 
969.0000000 163.5086440 163.5114608 
970.0000000 163.3122254 163.3150422 
971.0000000 163.1158069 163.1186237 
972.0000000 162.9193883 162.9222051 
973.0000000 162.7229698 162.7257866 
974.0000000 162.5265512 162.5293680 
975.0000000 162.3301327 162.3329495 
976.0000000 162.1337141 162.1365309 
977.0000000 161.9372956 161.9401124 
978.0000000 161.7408770 161.7436938 
979.0000000 161.5444585 161.5472753 
980.0000000 161.3480399 161.3508567 
981.0000000 161.1516214 161.1544382 
982.0000000 160.9552028 160.9580196 
983.0000000 160.7587843 160.7616011 
984.0000000 160.5623657 160.5651825 
985.0000000 160.3659472 160.3687640 
986.0000000 160.1695286 160.1723454 
987.0000000 159.9731101 159.9759269 
988.0000000 159.7766915 159.7795083 
989.0000000 159.5802730 159.5830898 
990.0000000 159.3838544 159.3866712 
991.0000000 159.1874359 159.1902527 
992.0000000 158.9910173 158.9938341 
993.0000000 158.7945988 158.7974156 
994.0000000 158.5981802 158.6009970 
995.0000000 158.4017617 158.4045785 
996.0000000 158.2053431 158.2081599 
997.0000000 158.0089246 158.0117414 
998.0000000 157.8125060 157.8153228 
999.0000000 157.6160875 157.6189043 
1000.0000000 157.4196689 157.4224857 
1001.0000000 157.2232504 157.2260672 
1002.0000000 157.0268318 157.0296486 
1003.0000000 156.8304133 156.8332301 
1004.0000000 156.6339947 156.6368115 
1005.0000000 156.4375762 156.4403930 
1006.0000000 156.2411576 156.2439744 
1007.0000000 156.0447391 156.0475559 
1008.0000000 155.8483205 155.8511373 
1009.0000000 155.6519020 155.6547188 
1010.0000000 155.4554834 155.4583002 
1011.0000000 155.2590649 155.2618817 
1012.0000000 155.0626463 155.0654631 
1013.0000000 154.8662278 154.8690446 
1014.0000000 154.6698092 154.6726260 
1015.0000000 154.4733907 154.4762075 
1016.0000000 154.2769721 154.2797889 
1017.0000000 154.0805536 154.0833704 
1018.0000000 153.8841350 153.8869518 
1019.0000000 153.6877165 153.6905333 
1020.0000000 153.4912979 153.4941147 
1021.0000000 153.2948794 153.2976962 
1022.0000000 153.0984608 153.1012776 
1023.0000000 152.9020423 152.9048591 
1024.0000000 152.7056237 152.7084405 
1025.0000000 152.5092052 152.5120220 
1026.0000000 152.3127866 152.3156034 
1027.0000000 152.1163681 152.1191849 
1028.0000000 151.9199495 151.9227663 
1029.0000000 151.7235310 151.7263478 
1030.0000000 151.5271124 151.5299292 
1031.0000000 151.3306939 151.3335107 
1032.0000000 151.1342753 151.1370921 
1033.0000000 150.9378568 150.9406736 
1034.0000000 150.7414382 150.7442550 
1035.0000000 150.5450197 150.5478365 
1036.0000000 150.3486011 150.3514179 
1037.0000000 150.1521826 150.1549994 
1038.0000000 149.9557640 149.9585808 
1039.0000000 149.7593455 149.7621623 
1040.0000000 149.5629269 149.5657437 
1041.0000000 149.3665084 149.3693252 
1042.0000000 149.1700898 149.1729066 
1043.0000000 148.9736713 148.9764881 
1044.0000000 148.7772527 148.7800695 
1045.0000000 148.5808342 148.5836510 
1046.0000000 148.3844156 148.3872324 
1047.0000000 148.1879971 148.1908139 
1048.0000000 147.9915785 147.9943953 
1049.0000000 147.7951600 147.7979768 
1050.0000000 147.5987414 147.6015582 
1051.0000000 147.4023229 147.4051397 
1052.0000000 147.2059043 147.2087211 
1053.0000000 147.0094858 147.0123026 
1054.0000000 146.8130672 146.8158840 
1055.0000000 146.6166487 146.6194655 
1056.0000000 146.4202301 146.4230469 
1057.0000000 146.2238116 146.2266284 
1058.0000000 146.0273930 146.0302098 
1059.0000000 145.8309745 145.8337913 
1060.0000000 145.6345559 145.6373727 
1061.0000000 145.4381374 145.4409542 
1062.0000000 145.2417188 145.2445356 
1063.0000000 145.0453003 145.0481171 
1064.0000000 144.8488817 144.8516985 
1065.0000000 144.6524632 144.6552800 
1066.0000000 144.4560446 144.4588614 
1067.0000000 144.2596261 144.2624428 
1068.0000000 144.0632075 144.0660243 
1069.0000000 143.8667890 143.8696057 
1070.0000000 143.6703704 143.6731872 
1071.0000000 143.4739519 143.4767686 
1072.0000000 143.2775333 143.2803501 
1073.0000000 143.0811148 143.0839315 
1074.0000000 142.8846962 142.8875130 
1075.0000000 142.6882777 142.6910944 
1076.0000000 142.4918591 142.4946759 
1077.0000000 142.2954406 142.2982573 
1078.0000000 142.0990220 142.1018388 
1079.0000000 141.9026035 141.9054202 
1080.0000000 141.7061849 141.7090017 
1081.0000000 141.5097664 141.5125831 
1082.0000000 141.3133478 141.3161646 
1083.0000000 141.1169293 141.1197460 
1084.0000000 140.9205107 140.9233275 
1085.0000000 140.7240922 140.7269089 
1086.0000000 140.5276736 140.5304904 
1087.0000000 140.3312551 140.3340718 
1088.0000000 140.1348365 140.1376533 
1089.0000000 139.9384180 139.9412347 
1090.0000000 139.7419994 139.7448162 
1091.0000000 139.5455809 139.5483976 
1092.0000000 139.3491623 139.3519791 
1093.0000000 139.1527438 139.1555605 
1094.0000000 138.9563252 138.9591420 
1095.0000000 138.7599067 138.7627234 
1096.0000000 138.5634881 138.5663049 
1097.0000000 138.3670696 138.3698863 
1098.0000000 138.1706510 138.1734678 
1099.0000000 137.9742324 137.9770492 
1100.0000000 137.7778139 137.7806307 
1101.0000000 137.5813953 137.5842121 
1102.0000000 137.3849768 137.3877936 
1103.0000000 137.1885582 137.1913750 
1104.0000000 136.9921397 136.9949565 
1105.0000000 136.7957211 136.7985379 
1106.0000000 136.5993026 136.6021194 
1107.0000000 136.4028840 136.4057008 
1108.0000000 136.2064655 136.2092823 
1109.0000000 136.0100469 136.0128637 
1110.0000000 135.8136284 135.8164452 
1111.0000000 135.6172098 135.6200266 
1112.0000000 135.4207913 135.4236081 
1113.0000000 135.2243727 135.2271895 
1114.0000000 135.0279542 135.0307710 
1115.0000000 134.8315356 134.8343524 
1116.0000000 134.6351171 134.6379339 
1117.0000000 134.4386985 134.4415153 
1118.0000000 134.2422800 134.2450968 
1119.0000000 134.0458614 134.0486782 
1120.0000000 133.8494429 133.8522597 
1121.0000000 133.6530243 133.6558411 
1122.0000000 133.4566058 133.4594226 
1123.0000000 133.2601872 133.2630040 
1124.0000000 133.0637687 133.0665855 
1125.0000000 132.8673501 132.8701669 
1126.0000000 132.6709316 132.6737484 
1127.0000000 132.4745130 132.4773298 
1128.0000000 132.2780945 132.2809113 
1129.0000000 132.0816759 132.0844927 
1130.0000000 131.8852574 131.8880742 
1131.0000000 131.6888388 131.6916556 
1132.0000000 131.4924203 131.4952371 
1133.0000000 131.2960017 131.2988185 
1134.0000000 131.0995832 131.1024000 
1135.0000000 130.9031646 130.9059814 
1136.0000000 130.7067461 130.7095629 
1137.0000000 130.5103275 130.5131443 
1138.0000000 130.3139090 130.3167258 
1139.0000000 130.1174904 130.1203072 
1140.0000000 129.9210719 129.9238887 
1141.0000000 129.7246533 129.7274701 
1142.0000000 129.5282348 129.5310516 
1143.0000000 129.3318162 129.3346330 
1144.0000000 129.1353977 129.1382145 
1145.0000000 128.9389791 128.9417959 
1146.0000000 128.7425606 128.7453774 
1147.0000000 128.5461420 128.5489588 
1148.0000000 128.3497235 128.3525403 
1149.0000000 128.1533049 128.1561217 
1150.0000000 127.9568864 127.9597032 
1151.0000000 127.7604678 127.7632846 
1152.0000000 127.5640493 127.5668661 
1153.0000000 127.3676307 127.3704475 
1154.0000000 127.1712122 127.1740290 
1155.0000000 126.9747936 126.9776104 
1156.0000000 126.7783751 126.7811919 
1157.0000000 126.5819565 126.5847733 
1158.0000000 126.3855380 126.3883548 
1159.0000000 126.1891194 126.1919362 
1160.0000000 125.9927009 125.9955177 
1161.0000000 125.7962823 125.7990991 
1162.0000000 125.5998638 125.6026806 
1163.0000000 125.4034452 125.4062620 
1164.0000000 125.2070267 125.2098435 
1165.0000000 125.0106081 125.0134249 
1166.0000000 124.8141896 124.8170064 
1167.0000000 124.6177710 124.6205878 
1168.0000000 124.4213525 124.4241693 
1169.0000000 124.2249339 124.2277507 
1170.0000000 124.0285154 124.0313322 
1171.0000000 123.8320968 123.8349136 
1172.0000000 123.6356783 123.6384951 
1173.0000000 123.4392597 123.4420765 
1174.0000000 123.2428412 123.2456580 
1175.0000000 123.0464226 123.0492394 
1176.0000000 122.8500041 122.8528209 
1177.0000000 122.6535855 122.6564023 
1178.0000000 122.4571670 122.4599838 
1179.0000000 122.2607484 122.2635652 
1180.0000000 122.0643299 122.0671467 
1181.0000000 121.8679113 121.8707281 
1182.0000000 121.6714928 121.6743096 
1183.0000000 121.4750742 121.4778910 
1184.0000000 121.2786557 121.2814725 
1185.0000000 121.0822371 121.0850539 
1186.0000000 120.8858186 120.8886354 
1187.0000000 120.6894000 120.6922168 
1188.0000000 120.4929815 120.4957983 
1189.0000000 120.2965629 120.2993797 
1190.0000000 120.1001444 120.1029612 
1191.0000000 119.9037258 119.9065426 
1192.0000000 119.7073073 119.7101241 
1193.0000000 119.5108887 119.5137055 
1194.0000000 119.3144702 119.3172870 
1195.0000000 119.1180516 119.1208684 
1196.0000000 118.9216331 118.9244499 
1197.0000000 118.7252145 118.7280313 
1198.0000000 118.5287960 118.5316128 
1199.0000000 118.3323774 118.3351942 
1200.0000000 118.1359589 118.1387757 
1201.0000000 117.9395403 117.9423571 
1202.0000000 117.7431218 117.7459386 
1203.0000000 117.5467032 117.5495200 
1204.0000000 117.3502847 117.3531015 
1205.0000000 117.1538661 117.1566829 
1206.0000000 116.9574476 116.9602644 
1207.0000000 116.7610290 116.7638458 
1208.0000000 116.5646105 116.5674273 
1209.0000000 116.3681919 116.3710087 
1210.0000000 116.1717734 116.1745902 
1211.0000000 115.9753548 115.9781716 
1212.0000000 115.7789363 115.7817531 
1213.0000000 115.5825177 115.5853345 
1214.0000000 115.3860992 115.3889160 
1215.0000000 115.1896806 115.1924974 
1216.0000000 114.9932621 114.9960789 
1217.0000000 114.7968435 114.7996603 
1218.0000000 114.6004250 114.6032418 
1219.0000000 114.4040064 114.4068232 
1220.0000000 114.2075879 114.2104046 
1221.0000000 114.0111693 114.0139861 
1222.0000000 113.8147508 113.8175675 
1223.0000000 113.6183322 113.6211490 
1224.0000000 113.4219137 113.4247304 
1225.0000000 113.2254951 113.2283119 
1226.0000000 113.0290766 113.0318933 
1227.0000000 112.8326580 112.8354748 
1228.0000000 112.6362395 112.6390562 
1229.0000000 112.4398209 112.4426377 
1230.0000000 112.2434024 112.2462191 
1231.0000000 112.0469838 112.0498006 
1232.0000000 111.8505653 111.8533820 
1233.0000000 111.6541467 111.6569635 
1234.0000000 111.4577282 111.4605449 
1235.0000000 111.2613096 111.2641264 
1236.0000000 111.0648911 111.0677078 
1237.0000000 110.8684725 110.8712893 
1238.0000000 110.6720540 110.6748707 
1239.0000000 110.4756354 110.4784522 
1240.0000000 110.2792169 110.2820336 
1241.0000000 110.0827983 110.0856151 
1242.0000000 109.8863798 109.8891965 
1243.0000000 109.6899612 109.6927780 
1244.0000000 109.4935427 109.4963594 
1245.0000000 109.2971241 109.2999409 
1246.0000000 109.1007056 109.1035223 
1247.0000000 108.9042870 108.9071038 
1248.0000000 108.7078685 108.7106852 
1249.0000000 108.5114499 108.5142667 
1250.0000000 108.3150313 108.3178481 
1251.0000000 108.1186128 108.1214296 
1252.0000000 107.9221942 107.9250110 
1253.0000000 107.7257757 107.7285925 
1254.0000000 107.5293571 107.5321739 
1255.0000000 107.3329386 107.3357554 
1256.0000000 107.1365200 107.1393368 
1257.0000000 106.9401015 106.9429183 
1258.0000000 106.7436829 106.7464997 
1259.0000000 106.5472644 106.5500812 
1260.0000000 106.3508458 106.3536626 
1261.0000000 106.1544273 106.1572441 
1262.0000000 105.9580087 105.9608255 
1263.0000000 105.7615902 105.7644070 
1264.0000000 105.5651716 105.5679884 
1265.0000000 105.3687531 105.3715699 
1266.0000000 105.1723345 105.1751513 
1267.0000000 104.9759160 104.9787328 
1268.0000000 104.7794974 104.7823142 
1269.0000000 104.5830789 104.5858957 
1270.0000000 104.3866603 104.3894771 
1271.0000000 104.1902418 104.1930586 
1272.0000000 103.9938232 103.9966400 
1273.0000000 103.7974047 103.8002215 
1274.0000000 103.6009861 103.6038029 
1275.0000000 103.4045676 103.4073844 
1276.0000000 103.2081490 103.2109658 
1277.0000000 103.0117305 103.0145473 
1278.0000000 102.8153119 102.8181287 
1279.0000000 102.6188934 102.6217102 
1280.0000000 102.4224748 102.4252916 
1281.0000000 102.2260563 102.2288731 
1282.0000000 102.0296377 102.0324545 
1283.0000000 101.8332192 101.8360360 
1284.0000000 101.6368006 101.6396174 
1285.0000000 101.4403821 101.4431989 
1286.0000000 101.2439635 101.2467803 
1287.0000000 101.0475450 101.0503618 
1288.0000000 100.8511264 100.8539432 
1289.0000000 100.6547079 100.6575247 
1290.0000000 100.4582893 100.4611061 
1291.0000000 100.2618708 100.2646876 
1292.0000000 100.0654522 100.0682690 
1293.0000000 99.8690337 99.8718505 
1294.0000000 99.6726151 99.6754319 
1295.0000000 99.4761966 99.4790134 
1296.0000000 99.2797780 99.2825948 
1297.0000000 99.0833595 99.0861763 
1298.0000000 98.8869409 98.8897577 
1299.0000000 98.6905224 98.6933392 
1300.0000000 98.4941038 98.4969206 
1301.0000000 98.2976853 98.3005021 
1302.0000000 98.1012667 98.1040835 
1303.0000000 97.9048482 97.9076650 
1304.0000000 97.7084296 97.7112464 
1305.0000000 97.5120111 97.5148279 
1306.0000000 97.3155925 97.3184093 
1307.0000000 97.1191740 97.1219908 
1308.0000000 96.9227554 96.9255722 
1309.0000000 96.7263369 96.7291537 
1310.0000000 96.5299183 96.5327351 
1311.0000000 96.3334998 96.3363166 
1312.0000000 96.1370812 96.1398980 
1313.0000000 95.9406627 95.9434795 
1314.0000000 95.7442441 95.7470609 
1315.0000000 95.5478256 95.5506424 
1316.0000000 95.3514070 95.3542238 
1317.0000000 95.1549885 95.1578053 
1318.0000000 94.9585699 94.9613867 
1319.0000000 94.7621514 94.7649682 
1320.0000000 94.5657328 94.5685496 
1321.0000000 94.3693143 94.3721311 
1322.0000000 94.1728957 94.1757125 
1323.0000000 93.9764772 93.9792940 
1324.0000000 93.7800586 93.7828754 
1325.0000000 93.5836401 93.5864569 
1326.0000000 93.3872215 93.3900383 
1327.0000000 93.1908030 93.1936198 
1328.0000000 92.9943844 92.9972012 
1329.0000000 92.7979659 92.8007827 
1330.0000000 92.6015473 92.6043641 
1331.0000000 92.4051288 92.4079456 
1332.0000000 92.2087102 92.2115270 
1333.0000000 92.0122917 92.0151085 
1334.0000000 91.8158731 91.8186899 
1335.0000000 91.6194546 91.6222714 
1336.0000000 91.4230360 91.4258528 
1337.0000000 91.2266175 91.2294343 
1338.0000000 91.0301989 91.0330157 
1339.0000000 90.8337804 90.8365972 
1340.0000000 90.6373618 90.6401786 
1341.0000000 90.4409433 90.4437601 
1342.0000000 90.2445247 90.2473415 
1343.0000000 90.0481062 90.0509230 
1344.0000000 89.8516876 89.8545044 
1345.0000000 89.6552691 89.6580859 
1346.0000000 89.4588505 89.4616673 
1347.0000000 89.2624320 89.2652488 
1348.0000000 89.0660134 89.0688302 
1349.0000000 88.8695949 88.8724117 
1350.0000000 88.6731763 88.6759931 
1351.0000000 88.4767578 88.4795746 
1352.0000000 88.2803392 88.2831560 
1353.0000000 88.0839207 88.0867375 
1354.0000000 87.8875021 87.8903189 
1355.0000000 87.6910836 87.6939004 
1356.0000000 87.4946650 87.4974818 
1357.0000000 87.2982465 87.3010633 
1358.0000000 87.1018279 87.1046447 
1359.0000000 86.9054094 86.9082262 
1360.0000000 86.7089908 86.7118076 
1361.0000000 86.5125723 86.5153891 
1362.0000000 86.3161537 86.3189705 
1363.0000000 86.1197352 86.1225520 
1364.0000000 85.9233166 85.9261334 
1365.0000000 85.7268981 85.7297149 
1366.0000000 85.5304795 85.5332963 
1367.0000000 85.3340610 85.3368778 
1368.0000000 85.1376424 85.1404592 
1369.0000000 84.9412239 84.9440407 
1370.0000000 84.7448053 84.7476221 
1371.0000000 84.5483868 84.5512035 
1372.0000000 84.3519682 84.3547850 
1373.0000000 84.1555497 84.1583664 
1374.0000000 83.9591311 83.9619479 
1375.0000000 83.7627126 83.7655293 
1376.0000000 83.5662940 83.5691108 
1377.0000000 83.3698755 83.3726922 
1378.0000000 83.1734569 83.1762737 
1379.0000000 82.9770384 82.9798551 
1380.0000000 82.7806198 82.7834366 
1381.0000000 82.5842013 82.5870180 
1382.0000000 82.3877827 82.3905995 
1383.0000000 82.1913642 82.1941809 
1384.0000000 81.9949456 81.9977624 
1385.0000000 81.7985271 81.8013438 
1386.0000000 81.6021085 81.6049253 
1387.0000000 81.4056900 81.4085067 
1388.0000000 81.2092714 81.2120882 
1389.0000000 81.0128529 81.0156696 
1390.0000000 80.8164343 80.8192511 
1391.0000000 80.6200158 80.6228325 
1392.0000000 80.4235972 80.4264140 
1393.0000000 80.2271787 80.2299954 
1394.0000000 80.0307601 80.0335769 
1395.0000000 79.8343416 79.8371583 
1396.0000000 79.6379230 79.6407398 
1397.0000000 79.4415045 79.4443212 
1398.0000000 79.2450859 79.2479027 
1399.0000000 79.0486674 79.0514841 
1400.0000000 78.8522488 78.8550656 
1401.0000000 78.6558302 78.6586470 
1402.0000000 78.4594117 78.4622285 
1403.0000000 78.2629931 78.2658099 
1404.0000000 78.0665746 78.0693914 
1405.0000000 77.8701560 77.8729728 
1406.0000000 77.6737375 77.6765543 
1407.0000000 77.4773189 77.4801357 
1408.0000000 77.2809004 77.2837172 
1409.0000000 77.0844818 77.0872986 
1410.0000000 76.8880633 76.8908801 
1411.0000000 76.6916447 76.6944615 
1412.0000000 76.4952262 76.4980430 
1413.0000000 76.2988076 76.3016244 
1414.0000000 76.1023891 76.1052059 
1415.0000000 75.9059705 75.9087873 
1416.0000000 75.7095520 75.7123688 
1417.0000000 75.5131334 75.5159502 
1418.0000000 75.3167149 75.3195317 
1419.0000000 75.1202963 75.1231131 
1420.0000000 74.9238778 74.9266946 
1421.0000000 74.7274592 74.7302760 
1422.0000000 74.5310407 74.5338575 
1423.0000000 74.3346221 74.3374389 
1424.0000000 74.1382036 74.1410204 
1425.0000000 73.9417850 73.9446018 
1426.0000000 73.7453665 73.7481833 
1427.0000000 73.5489479 73.5517647 
1428.0000000 73.3525294 73.3553462 
1429.0000000 73.1561108 73.1589276 
1430.0000000 72.9596923 72.9625091 
1431.0000000 72.7632737 72.7660905 
1432.0000000 72.5668552 72.5696720 
1433.0000000 72.3704366 72.3732534 
1434.0000000 72.1740181 72.1768349 
1435.0000000 71.9775995 71.9804163 
1436.0000000 71.7811810 71.7839978 
1437.0000000 71.5847624 71.5875792 
1438.0000000 71.3883439 71.3911607 
1439.0000000 71.1919253 71.1947421 
1440.0000000 70.9955068 70.9983236 
1441.0000000 70.7990882 70.8019050 
1442.0000000 70.6026697 70.6054865 
1443.0000000 70.4062511 70.4090679 
1444.0000000 70.2098326 70.2126494 
1445.0000000 70.0134140 70.0162308 
1446.0000000 69.8169955 69.8198123 
1447.0000000 69.6205769 69.6233937 
1448.0000000 69.4241584 69.4269752 
1449.0000000 69.2277398 69.2305566 
1450.0000000 69.0313213 69.0341381 
1451.0000000 68.8349027 68.8377195 
1452.0000000 68.6384842 68.6413010 
1453.0000000 68.4420656 68.4448824 
1454.0000000 68.2456471 68.2484639 
1455.0000000 68.0492285 68.0520453 
1456.0000000 67.8528100 67.8556268 
1457.0000000 67.6563914 67.6592082 
1458.0000000 67.4599729 67.4627897 
1459.0000000 67.2635543 67.2663711 
1460.0000000 67.0671358 67.0699526 
1461.0000000 66.8707172 66.8735340 
1462.0000000 66.6742987 66.6771155 
1463.0000000 66.4778801 66.4806969 
1464.0000000 66.2814616 66.2842784 
1465.0000000 66.0850430 66.0878598 
1466.0000000 65.8886245 65.8914413 
1467.0000000 65.6922059 65.6950227 
1468.0000000 65.4957874 65.4986042 
1469.0000000 65.2993688 65.3021856 
1470.0000000 65.1029503 65.1057671 
1471.0000000 64.9065317 64.9093485 
1472.0000000 64.7101132 64.7129300 
1473.0000000 64.5136946 64.5165114 
1474.0000000 64.3172761 64.3200929 
1475.0000000 64.1208575 64.1236743 
1476.0000000 63.9244390 63.9272558 
1477.0000000 63.7280204 63.7308372 
1478.0000000 63.5316019 63.5344187 
1479.0000000 63.3351833 63.3380001 
1480.0000000 63.1387648 63.1415816 
1481.0000000 62.9423462 62.9451630 
1482.0000000 62.7459277 62.7487445 
1483.0000000 62.5495091 62.5523259 
1484.0000000 62.3530906 62.3559074 
1485.0000000 62.1566720 62.1594888 
1486.0000000 61.9602535 61.9630703 
1487.0000000 61.7638349 61.7666517 
1488.0000000 61.5674164 61.5702332 
1489.0000000 61.3709978 61.3738146 
1490.0000000 61.1745793 61.1773961 
1491.0000000 60.9781607 60.9809775 
1492.0000000 60.7817422 60.7845590 
1493.0000000 60.5853236 60.5881404 
1494.0000000 60.3889051 60.3917219 
1495.0000000 60.1924865 60.1953033 
1496.0000000 59.9960680 59.9988848 
1497.0000000 59.7996494 59.8024662 
1498.0000000 59.6032309 59.6060477 
1499.0000000 59.4068123 59.4096291 
1500.0000000 59.2103938 59.2132106 
1501.0000000 59.0139752 59.0167920 
1502.0000000 58.8175567 58.8203735 
1503.0000000 58.6211381 58.6239549 
1504.0000000 58.4247196 58.4275364 
1505.0000000 58.2283010 58.2311178 
1506.0000000 58.0318825 58.0346993 
1507.0000000 57.8354639 57.8382807 
1508.0000000 57.6390454 57.6418622 
1509.0000000 57.4426268 57.4454436 
1510.0000000 57.2462083 57.2490251 
1511.0000000 57.0497897 57.0526065 
1512.0000000 56.8533712 56.8561880 
1513.0000000 56.6569526 56.6597694 
1514.0000000 56.4605341 56.4633509 
1515.0000000 56.2641155 56.2669323 
1516.0000000 56.0676970 56.0705138 
1517.0000000 55.8712784 55.8740952 
1518.0000000 55.6748599 55.6776767 
1519.0000000 55.4784413 55.4812581 
1520.0000000 55.2820228 55.2848396 
1521.0000000 55.0856042 55.0884210 
1522.0000000 54.8891857 54.8920024 
1523.0000000 54.6927671 54.6955839 
1524.0000000 54.4963486 54.4991653 
1525.0000000 54.2999300 54.3027468 
1526.0000000 54.1035115 54.1063282 
1527.0000000 53.9070929 53.9099097 
1528.0000000 53.7106744 53.7134911 
1529.0000000 53.5142558 53.5170726 
1530.0000000 53.3178373 53.3206540 
1531.0000000 53.1214187 53.1242355 
1532.0000000 52.9250002 52.9278169 
1533.0000000 52.7285816 52.7313984 
1534.0000000 52.5321631 52.5349798 
1535.0000000 52.3357445 52.3385613 
1536.0000000 52.1393260 52.1421427 
1537.0000000 51.9429074 51.9457242 
1538.0000000 51.7464889 51.7493056 
1539.0000000 51.5500703 51.5528871 
1540.0000000 51.3536518 51.3564685 
1541.0000000 51.1572332 51.1600500 
1542.0000000 50.9608147 50.9636314 
1543.0000000 50.7643961 50.7672129 
1544.0000000 50.5679776 50.5707943 
1545.0000000 50.3715590 50.3743758 
1546.0000000 50.1751405 50.1779572 
1547.0000000 49.9787219 49.9815387 
1548.0000000 49.7823034 49.7851201 
1549.0000000 49.5858848 49.5887016 
1550.0000000 49.3894663 49.3922830 
1551.0000000 49.1930477 49.1958645 
1552.0000000 48.9966292 48.9994459 
1553.0000000 48.8002106 48.8030274 
1554.0000000 48.6037920 48.6066088 
1555.0000000 48.4073735 48.4101903 
1556.0000000 48.2109549 48.2137717 
1557.0000000 48.0145364 48.0173532 
1558.0000000 47.8181178 47.8209346 
1559.0000000 47.6216993 47.6245161 
1560.0000000 47.4252807 47.4280975 
1561.0000000 47.2288622 47.2316790 
1562.0000000 47.0324436 47.0352604 
1563.0000000 46.8360251 46.8388419 
1564.0000000 46.6396065 46.6424233 
1565.0000000 46.4431880 46.4460048 
1566.0000000 46.2467694 46.2495862 
1567.0000000 46.0503509 46.0531677 
1568.0000000 45.8539323 45.8567491 
1569.0000000 45.6575138 45.6603306 
1570.0000000 45.4610952 45.4639120 
1571.0000000 45.2646767 45.2674935 
1572.0000000 45.0682581 45.0710749 
1573.0000000 44.8718396 44.8746564 
1574.0000000 44.6754210 44.6782378 
1575.0000000 44.4790025 44.4818193 
1576.0000000 44.2825839 44.2854007 
1577.0000000 44.0861654 44.0889822 
1578.0000000 43.8897468 43.8925636 
1579.0000000 43.6933283 43.6961451 
1580.0000000 43.4969097 43.4997265 
1581.0000000 43.3004912 43.3033080 
1582.0000000 43.1040726 43.1068894 
1583.0000000 42.9076541 42.9104709 
1584.0000000 42.7112355 42.7140523 
1585.0000000 42.5148170 42.5176338 
1586.0000000 42.3183984 42.3212152 
1587.0000000 42.1219799 42.1247967 
1588.0000000 41.9255613 41.9283781 
1589.0000000 41.7291428 41.7319596 
1590.0000000 41.5327242 41.5355410 
1591.0000000 41.3363057 41.3391225 
1592.0000000 41.1398871 41.1427039 
1593.0000000 40.9434686 40.9462854 
1594.0000000 40.7470500 40.7498668 
1595.0000000 40.5506315 40.5534483 
1596.0000000 40.3542129 40.3570297 
1597.0000000 40.1577944 40.1606112 
1598.0000000 39.9613758 39.9641926 
1599.0000000 39.7649573 39.7677741 
1600.0000000 39.5685387 39.5713555 
1601.0000000 39.3721202 39.3749370 
1602.0000000 39.1757016 39.1785184 
1603.0000000 38.9792831 38.9820999 
1604.0000000 38.7828645 38.7856813 
1605.0000000 38.5864460 38.5892628 
1606.0000000 38.3900274 38.3928442 
1607.0000000 38.1936089 38.1964257 
1608.0000000 37.9971903 38.0000071 
1609.0000000 37.8007718 37.8035886 
1610.0000000 37.6043532 37.6071700 
1611.0000000 37.4079347 37.4107515 
1612.0000000 37.2115161 37.2143329 
1613.0000000 37.0150976 37.0179144 
1614.0000000 36.8186790 36.8214958 
1615.0000000 36.6222605 36.6250773 
1616.0000000 36.4258419 36.4286587 
1617.0000000 36.2294234 36.2322402 
1618.0000000 36.0330048 36.0358216 
1619.0000000 35.8365863 35.8394031 
1620.0000000 35.6401677 35.6429845 
1621.0000000 35.4437492 35.4465660 
1622.0000000 35.2473306 35.2501474 
1623.0000000 35.0509121 35.0537289 
1624.0000000 34.8544935 34.8573103 
1625.0000000 34.6580750 34.6608918 
1626.0000000 34.4616564 34.4644732 
1627.0000000 34.2652379 34.2680547 
1628.0000000 34.0688193 34.0716361 
1629.0000000 33.8724008 33.8752176 
1630.0000000 33.6759822 33.6787990 
1631.0000000 33.4795637 33.4823805 
1632.0000000 33.2831451 33.2859619 
1633.0000000 33.0867266 33.0895434 
1634.0000000 32.8903080 32.8931248 
1635.0000000 32.6938895 32.6967063 
1636.0000000 32.4974709 32.5002877 
1637.0000000 32.3010524 32.3038692 
1638.0000000 32.1046338 32.1074506 
1639.0000000 31.9082153 31.9110321 
1640.0000000 31.7117967 31.7146135 
1641.0000000 31.5153782 31.5181950 
1642.0000000 31.3189596 31.3217764 
1643.0000000 31.1225411 31.1253579 
1644.0000000 30.9261225 30.9289393 
1645.0000000 30.7297040 30.7325208 
1646.0000000 30.5332854 30.5361022 
1647.0000000 30.3368669 30.3396837 
1648.0000000 30.1404483 30.1432651 
1649.0000000 29.9440298 29.9468466 
1650.0000000 29.7476112 29.7504280 
1651.0000000 29.5511927 29.5540095 
1652.0000000 29.3547741 29.3575909 
1653.0000000 29.1583556 29.1611724 
1654.0000000 28.9619370 28.9647538 
1655.0000000 28.7655185 28.7683353 
1656.0000000 28.5690999 28.5719167 
1657.0000000 28.3726814 28.3754982 
1658.0000000 28.1762628 28.1790796 
1659.0000000 27.9798443 27.9826611 
1660.0000000 27.7834257 27.7862425 
1661.0000000 27.5870072 27.5898240 
1662.0000000 27.3905886 27.3934054 
1663.0000000 27.1941701 27.1969869 
1664.0000000 26.9977515 27.0005683 
1665.0000000 26.8013330 26.8041498 
1666.0000000 26.6049144 26.6077312 
1667.0000000 26.4084959 26.4113127 
1668.0000000 26.2120773 26.2148941 
1669.0000000 26.0156588 26.0184756 
1670.0000000 25.8192402 25.8220570 
1671.0000000 25.6228217 25.6256385 
1672.0000000 25.4264031 25.4292199 
1673.0000000 25.2299846 25.2328014 
1674.0000000 25.0335660 25.0363828 
1675.0000000 24.8371475 24.8399642 
1676.0000000 24.6407289 24.6435457 
1677.0000000 24.4443104 24.4471271 
1678.0000000 24.2478918 24.2507086 
1679.0000000 24.0514733 24.0542900 
1680.0000000 23.8550547 23.8578715 
1681.0000000 23.6586362 23.6614529 
1682.0000000 23.4622176 23.4650344 
1683.0000000 23.2657991 23.2686158 
1684.0000000 23.0693805 23.0721973 
1685.0000000 22.8729620 22.8757787 
1686.0000000 22.6765434 22.6793602 
1687.0000000 22.4801249 22.4829416 
1688.0000000 22.2837063 22.2865231 
1689.0000000 22.0872878 22.0901045 
1690.0000000 21.8908692 21.8936860 
1691.0000000 21.6944507 21.6972674 
1692.0000000 21.4980321 21.5008489 
1693.0000000 21.3016136 21.3044303 
1694.0000000 21.1051950 21.1080118 
1695.0000000 20.9087765 20.9115932 
1696.0000000 20.7123579 20.7151747 
1697.0000000 20.5159394 20.5187561 
1698.0000000 20.3195208 20.3223376 
1699.0000000 20.1231023 20.1259190 
1700.0000000 19.9266837 19.9295005 
1701.0000000 19.7302652 19.7330819 
1702.0000000 19.5338466 19.5366634 
1703.0000000 19.3374281 19.3402448 
1704.0000000 19.1410095 19.1438263 
1705.0000000 18.9445909 18.9474077 
1706.0000000 18.7481724 18.7509892 
1707.0000000 18.5517538 18.5545706 
1708.0000000 18.3553353 18.3581521 
1709.0000000 18.1589167 18.1617335 
1710.0000000 17.9624982 17.9653150 
1711.0000000 17.7660796 17.7688964 
1712.0000000 17.5696611 17.5724779 
1713.0000000 17.3732425 17.3760593 
1714.0000000 17.1768240 17.1796408 
1715.0000000 16.9804054 16.9832222 
1716.0000000 16.7839869 16.7868037 
1717.0000000 16.5875683 16.5903851 
1718.0000000 16.3911498 16.3939666 
1719.0000000 16.1947312 16.1975480 
1720.0000000 15.9983127 16.0011295 
1721.0000000 15.8018941 15.8047109 
1722.0000000 15.6054756 15.6082924 
1723.0000000 15.4090570 15.4118738 
1724.0000000 15.2126385 15.2154553 
1725.0000000 15.0162199 15.0190367 
1726.0000000 14.8198014 14.8226182 
1727.0000000 14.6233828 14.6261996 
1728.0000000 14.4269643 14.4297811 
1729.0000000 14.2305457 14.2333625 
1730.0000000 14.0341272 14.0369440 
1731.0000000 13.8377086 13.8405254 
1732.0000000 13.6412901 13.6441069 
1733.0000000 13.4448715 13.4476883 
1734.0000000 13.2484530 13.2512698 
1735.0000000 13.0520344 13.0548512 
1736.0000000 12.8556159 12.8584327 
1737.0000000 12.6591973 12.6620141 
1738.0000000 12.4627788 12.4655956 
1739.0000000 12.2663602 12.2691770 
1740.0000000 12.0699417 12.0727585 
1741.0000000 11.8735231 11.8763399 
1742.0000000 11.6771046 11.6799214 
1743.0000000 11.4806860 11.4835028 
1744.0000000 11.2842675 11.2870843 
1745.0000000 11.0878489 11.0906657 
1746.0000000 10.8914304 10.8942472 
1747.0000000 10.6950118 10.6978286 
1748.0000000 10.4985933 10.5014101 
1749.0000000 10.3021747 10.3049915 
1750.0000000 10.1057562 10.1085730 
1751.0000000 9.9093376 9.9121544 
1752.0000000 9.7129191 9.7157359 
1753.0000000 9.5165005 9.5193173 
1754.0000000 9.3200820 9.3228988 
1755.0000000 9.1236634 9.1264802 
1756.0000000 8.9272449 8.9300617 
1757.0000000 8.7308263 8.7336431 
1758.0000000 8.5344078 8.5372246 
1759.0000000 8.3379892 8.3408060 
1760.0000000 8.1415707 8.1443875 
1761.0000000 7.9451521 7.9479689 
1762.0000000 7.7487336 7.7515504 
1763.0000000 7.5523150 7.5551318 
1764.0000000 7.3558965 7.3587133 
1765.0000000 7.1594779 7.1622947 
1766.0000000 6.9630594 6.9658762 
1767.0000000 6.7666408 6.7694576 
1768.0000000 6.5702223 6.5730391 
1769.0000000 6.3738037 6.3766205 
1770.0000000 6.1773852 6.1802020 
1771.0000000 5.9809666 5.9837834 
1772.0000000 5.7845481 5.7873649 
1773.0000000 5.5881295 5.5909463 
1774.0000000 5.3917110 5.3945278 
1775.0000000 5.1952924 5.1981092 
1776.0000000 4.9988739 5.0016907 
1777.0000000 4.8024553 4.8052721 
1778.0000000 4.6060368 4.6088536 
1779.0000000 4.4096182 4.4124350 
1780.0000000 4.2131997 4.2160165 
1781.0000000 4.0167811 4.0195979 
1782.0000000 3.8203626 3.8231794 
1783.0000000 3.6239440 3.6267608 
1784.0000000 3.4275255 3.4303423 
1785.0000000 3.2311069 3.2339237 
1786.0000000 3.0346884 3.0375052 
1787.0000000 2.8382698 2.8410866 
1788.0000000 2.6418513 2.6446681 
1789.0000000 2.4454327 2.4482495 
1790.0000000 2.2490142 2.2518310 
1791.0000000 2.0525956 2.0554124 
1792.0000000 1.8561771 1.8589939 
1793.0000000 1.6597585 1.6625753 
1794.0000000 1.4633400 1.4661568 
1795.0000000 1.2669214 1.2697382 
1796.0000000 1.0705029 1.0733197 
1797.0000000 0.8740843 0.8769011 
1798.0000000 0.6776658 0.6804826 
1799.0000000 0.4812472 0.4840640 
1800.0000000 0.2848287 0.2876455 

