1.0000000 353.6176294 353.4564713 
2.0000000 353.4212109 353.2600527 
3.0000000 353.2247923 353.0636342 
4.0000000 353.0283738 352.8672156 
5.0000000 352.8319552 352.6707971 
6.0000000 352.6355366 352.4743785 
7.0000000 352.4391181 352.2779600 
8.0000000 352.2426995 352.0815414 
9.0000000 352.0462810 351.8851229 
10.0000000 351.8498624 351.6887043 
11.0000000 351.6534439 351.4922858 
12.0000000 351.4570253 351.2958672 
13.0000000 351.2606068 351.0994487 
14.0000000 351.0641882 350.9030301 
15.0000000 350.8677697 350.7066116 
16.0000000 350.6713511 350.5101930 
17.0000000 350.4749326 350.3137745 
18.0000000 350.2785140 350.1173559 
19.0000000 350.0820955 349.9209374 
20.0000000 349.8856769 349.7245188 
21.0000000 349.6892584 349.5281003 
22.0000000 349.4928398 349.3316817 
23.0000000 349.2964213 349.1352632 
24.0000000 349.1000027 348.9388446 
25.0000000 348.9035842 348.7424261 
26.0000000 348.7071656 348.5460075 
27.0000000 348.5107471 348.3495890 
28.0000000 348.3143285 348.1531704 
29.0000000 348.1179100 347.9567519 
30.0000000 347.9214914 347.7603333 
31.0000000 347.7250729 347.5639148 
32.0000000 347.5286543 347.3674962 
33.0000000 347.3322358 347.1710777 
34.0000000 347.1358172 346.9746591 
35.0000000 346.9393987 346.7782406 
36.0000000 346.7429801 346.5818220 
37.0000000 346.5465616 346.3854035 
38.0000000 346.3501430 346.1889849 
39.0000000 346.1537245 345.9925664 
40.0000000 345.9573059 345.7961478 
41.0000000 345.7608874 345.5997293 
42.0000000 345.5644688 345.4033107 
43.0000000 345.3680503 345.2068922 
44.0000000 345.1716317 345.0104736 
45.0000000 344.9752132 344.8140551 
46.0000000 344.7787946 344.6176365 
47.0000000 344.5823761 344.4212180 
48.0000000 344.3859575 344.2247994 
49.0000000 344.1895390 344.0283809 
50.0000000 343.9931204 343.8319623 
51.0000000 343.7967019 343.6355438 
52.0000000 343.6002833 343.4391252 
53.0000000 343.4038648 343.2427067 
54.0000000 343.2074462 343.0462881 
55.0000000 343.0110277 342.8498696 
56.0000000 342.8146091 342.6534510 
57.0000000 342.6181906 342.4570325 
58.0000000 342.4217720 342.2606139 
59.0000000 342.2253535 342.0641954 
60.0000000 342.0289349 341.8677768 
61.0000000 341.8325164 341.6713583 
62.0000000 341.6360978 341.4749397 
63.0000000 341.4396793 341.2785212 
64.0000000 341.2432607 341.0821026 
65.0000000 341.0468422 340.8856841 
66.0000000 340.8504236 340.6892655 
67.0000000 340.6540051 340.4928470 
68.0000000 340.4575865 340.2964284 
69.0000000 340.2611680 340.1000099 
70.0000000 340.0647494 339.9035913 
71.0000000 339.8683309 339.7071728 
72.0000000 339.6719123 339.5107542 
73.0000000 339.4754938 339.3143357 
74.0000000 339.2790752 339.1179171 
75.0000000 339.0826567 338.9214986 
76.0000000 338.8862381 338.7250800 
77.0000000 338.6898196 338.5286615 
78.0000000 338.4934010 338.3322429 
79.0000000 338.2969825 338.1358244 
80.0000000 338.1005639 337.9394058 
81.0000000 337.9041454 337.7429873 
82.0000000 337.7077268 337.5465687 
83.0000000 337.5113083 337.3501502 
84.0000000 337.3148897 337.1537316 
85.0000000 337.1184712 336.9573131 
86.0000000 336.9220526 336.7608945 
87.0000000 336.7256341 336.5644760 
88.0000000 336.5292155 336.3680574 
89.0000000 336.3327970 336.1716389 
90.0000000 336.1363784 335.9752203 
91.0000000 335.9399599 335.7788018 
92.0000000 335.7435413 335.5823832 
93.0000000 335.5471228 335.3859647 
94.0000000 335.3507042 335.1895461 
95.0000000 335.1542857 334.9931275 
96.0000000 334.9578671 334.7967090 
97.0000000 334.7614486 334.6002904 
98.0000000 334.5650300 334.4038719 
99.0000000 334.3686115 334.2074533 
100.0000000 334.1721929 334.0110348 
101.0000000 333.9757744 333.8146162 
102.0000000 333.7793558 333.6181977 
103.0000000 333.5829373 333.4217791 
104.0000000 333.3865187 333.2253606 
105.0000000 333.1901002 333.0289420 
106.0000000 332.9936816 332.8325235 
107.0000000 332.7972631 332.6361049 
108.0000000 332.6008445 332.4396864 
109.0000000 332.4044260 332.2432678 
110.0000000 332.2080074 332.0468493 
111.0000000 332.0115889 331.8504307 
112.0000000 331.8151703 331.6540122 
113.0000000 331.6187518 331.4575936 
114.0000000 331.4223332 331.2611751 
115.0000000 331.2259147 331.0647565 
116.0000000 331.0294961 330.8683380 
117.0000000 330.8330776 330.6719194 
118.0000000 330.6366590 330.4755009 
119.0000000 330.4402405 330.2790823 
120.0000000 330.2438219 330.0826638 
121.0000000 330.0474034 329.8862452 
122.0000000 329.8509848 329.6898267 
123.0000000 329.6545663 329.4934081 
124.0000000 329.4581477 329.2969896 
125.0000000 329.2617292 329.1005710 
126.0000000 329.0653106 328.9041525 
127.0000000 328.8688921 328.7077339 
128.0000000 328.6724735 328.5113154 
129.0000000 328.4760550 328.3148968 
130.0000000 328.2796364 328.1184783 
131.0000000 328.0832179 327.9220597 
132.0000000 327.8867993 327.7256412 
133.0000000 327.6903808 327.5292226 
134.0000000 327.4939622 327.3328041 
135.0000000 327.2975437 327.1363855 
136.0000000 327.1011251 326.9399670 
137.0000000 326.9047066 326.7435484 
138.0000000 326.7082880 326.5471299 
139.0000000 326.5118695 326.3507113 
140.0000000 326.3154509 326.1542928 
141.0000000 326.1190324 325.9578742 
142.0000000 325.9226138 325.7614557 
143.0000000 325.7261953 325.5650371 
144.0000000 325.5297767 325.3686186 
145.0000000 325.3333582 325.1722000 
146.0000000 325.1369396 324.9757815 
147.0000000 324.9405211 324.7793629 
148.0000000 324.7441025 324.5829444 
149.0000000 324.5476840 324.3865258 
150.0000000 324.3512654 324.1901073 
151.0000000 324.1548469 323.9936887 
152.0000000 323.9584283 323.7972702 
153.0000000 323.7620098 323.6008516 
154.0000000 323.5655912 323.4044331 
155.0000000 323.3691727 323.2080145 
156.0000000 323.1727541 323.0115960 
157.0000000 322.9763355 322.8151774 
158.0000000 322.7799170 322.6187589 
159.0000000 322.5834984 322.4223403 
160.0000000 322.3870799 322.2259218 
161.0000000 322.1906613 322.0295032 
162.0000000 321.9942428 321.8330847 
163.0000000 321.7978242 321.6366661 
164.0000000 321.6014057 321.4402476 
165.0000000 321.4049871 321.2438290 
166.0000000 321.2085686 321.0474105 
167.0000000 321.0121500 320.8509919 
168.0000000 320.8157315 320.6545734 
169.0000000 320.6193129 320.4581548 
170.0000000 320.4228944 320.2617363 
171.0000000 320.2264758 320.0653177 
172.0000000 320.0300573 319.8688992 
173.0000000 319.8336387 319.6724806 
174.0000000 319.6372202 319.4760621 
175.0000000 319.4408016 319.2796435 
176.0000000 319.2443831 319.0832250 
177.0000000 319.0479645 318.8868064 
178.0000000 318.8515460 318.6903879 
179.0000000 318.6551274 318.4939693 
180.0000000 318.4587089 318.2975508 
181.0000000 318.2622903 318.1011322 
182.0000000 318.0658718 317.9047137 
183.0000000 317.8694532 317.7082951 
184.0000000 317.6730347 317.5118766 
185.0000000 317.4766161 317.3154580 
186.0000000 317.2801976 317.1190395 
187.0000000 317.0837790 316.9226209 
188.0000000 316.8873605 316.7262024 
189.0000000 316.6909419 316.5297838 
190.0000000 316.4945234 316.3333653 
191.0000000 316.2981048 316.1369467 
192.0000000 316.1016863 315.9405282 
193.0000000 315.9052677 315.7441096 
194.0000000 315.7088492 315.5476911 
195.0000000 315.5124306 315.3512725 
196.0000000 315.3160121 315.1548540 
197.0000000 315.1195935 314.9584354 
198.0000000 314.9231750 314.7620169 
199.0000000 314.7267564 314.5655983 
200.0000000 314.5303379 314.3691798 
201.0000000 314.3339193 314.1727612 
202.0000000 314.1375008 313.9763427 
203.0000000 313.9410822 313.7799241 
204.0000000 313.7446637 313.5835056 
205.0000000 313.5482451 313.3870870 
206.0000000 313.3518266 313.1906685 
207.0000000 313.1554080 312.9942499 
208.0000000 312.9589895 312.7978314 
209.0000000 312.7625709 312.6014128 
210.0000000 312.5661524 312.4049943 
211.0000000 312.3697338 312.2085757 
212.0000000 312.1733153 312.0121572 
213.0000000 311.9768967 311.8157386 
214.0000000 311.7804782 311.6193201 
215.0000000 311.5840596 311.4229015 
216.0000000 311.3876411 311.2264830 
217.0000000 311.1912225 311.0300644 
218.0000000 310.9948040 310.8336459 
219.0000000 310.7983854 310.6372273 
220.0000000 310.6019669 310.4408088 
221.0000000 310.4055483 310.2443902 
222.0000000 310.2091298 310.0479717 
223.0000000 310.0127112 309.8515531 
224.0000000 309.8162927 309.6551346 
225.0000000 309.6198741 309.4587160 
226.0000000 309.4234556 309.2622975 
227.0000000 309.2270370 309.0658789 
228.0000000 309.0306185 308.8694604 
229.0000000 308.8341999 308.6730418 
230.0000000 308.6377814 308.4766233 
231.0000000 308.4413628 308.2802047 
232.0000000 308.2449443 308.0837862 
233.0000000 308.0485257 307.8873676 
234.0000000 307.8521072 307.6909491 
235.0000000 307.6556886 307.4945305 
236.0000000 307.4592701 307.2981120 
237.0000000 307.2628515 307.1016934 
238.0000000 307.0664330 306.9052749 
239.0000000 306.8700144 306.7088563 
240.0000000 306.6735959 306.5124378 
241.0000000 306.4771773 306.3160192 
242.0000000 306.2807588 306.1196007 
243.0000000 306.0843402 305.9231821 
244.0000000 305.8879217 305.7267636 
245.0000000 305.6915031 305.5303450 
246.0000000 305.4950846 305.3339265 
247.0000000 305.2986660 305.1375079 
248.0000000 305.1022475 304.9410893 
249.0000000 304.9058289 304.7446708 
250.0000000 304.7094104 304.5482522 
251.0000000 304.5129918 304.3518337 
252.0000000 304.3165733 304.1554151 
253.0000000 304.1201547 303.9589966 
254.0000000 303.9237362 303.7625780 
255.0000000 303.7273176 303.5661595 
256.0000000 303.5308991 303.3697409 
257.0000000 303.3344805 303.1733224 
258.0000000 303.1380620 302.9769038 
259.0000000 302.9416434 302.7804853 
260.0000000 302.7452249 302.5840667 
261.0000000 302.5488063 302.3876482 
262.0000000 302.3523878 302.1912296 
263.0000000 302.1559692 301.9948111 
264.0000000 301.9595507 301.7983925 
265.0000000 301.7631321 301.6019740 
266.0000000 301.5667136 301.4055554 
267.0000000 301.3702950 301.2091369 
268.0000000 301.1738765 301.0127183 
269.0000000 300.9774579 300.8162998 
270.0000000 300.7810394 300.6198812 
271.0000000 300.5846208 300.4234627 
272.0000000 300.3882023 300.2270441 
273.0000000 300.1917837 300.0306256 
274.0000000 299.9953652 299.8342070 
275.0000000 299.7989466 299.6377885 
276.0000000 299.6025281 299.4413699 
277.0000000 299.4061095 299.2449514 
278.0000000 299.2096910 299.0485328 
279.0000000 299.0132724 298.8521143 
280.0000000 298.8168539 298.6556957 
281.0000000 298.6204353 298.4592772 
282.0000000 298.4240168 298.2628586 
283.0000000 298.2275982 298.0664401 
284.0000000 298.0311797 297.8700215 
285.0000000 297.8347611 297.6736030 
286.0000000 297.6383426 297.4771844 
287.0000000 297.4419240 297.2807659 
288.0000000 297.2455055 297.0843473 
289.0000000 297.0490869 296.8879288 
290.0000000 296.8526684 296.6915102 
291.0000000 296.6562498 296.4950917 
292.0000000 296.4598313 296.2986731 
293.0000000 296.2634127 296.1022546 
294.0000000 296.0669942 295.9058360 
295.0000000 295.8705756 295.7094175 
296.0000000 295.6741571 295.5129989 
297.0000000 295.4777385 295.3165804 
298.0000000 295.2813200 295.1201618 
299.0000000 295.0849014 294.9237433 
300.0000000 294.8884829 294.7273247 
301.0000000 294.6920643 294.5309062 
302.0000000 294.4956458 294.3344876 
303.0000000 294.2992272 294.1380691 
304.0000000 294.1028087 293.9416505 
305.0000000 293.9063901 293.7452320 
306.0000000 293.7099716 293.5488134 
307.0000000 293.5135530 293.3523949 
308.0000000 293.3171345 293.1559763 
309.0000000 293.1207159 292.9595578 
310.0000000 292.9242973 292.7631392 
311.0000000 292.7278788 292.5667207 
312.0000000 292.5314602 292.3703021 
313.0000000 292.3350417 292.1738836 
314.0000000 292.1386231 291.9774650 
315.0000000 291.9422046 291.7810465 
316.0000000 291.7457860 291.5846279 
317.0000000 291.5493675 291.3882094 
318.0000000 291.3529489 291.1917908 
319.0000000 291.1565304 290.9953723 
320.0000000 290.9601118 290.7989537 
321.0000000 290.7636933 290.6025352 
322.0000000 290.5672747 290.4061166 
323.0000000 290.3708562 290.2096981 
324.0000000 290.1744376 290.0132795 
325.0000000 289.9780191 289.8168610 
326.0000000 289.7816005 289.6204424 
327.0000000 289.5851820 289.4240239 
328.0000000 289.3887634 289.2276053 
329.0000000 289.1923449 289.0311868 
330.0000000 288.9959263 288.8347682 
331.0000000 288.7995078 288.6383497 
332.0000000 288.6030892 288.4419311 
333.0000000 288.4066707 288.2455126 
334.0000000 288.2102521 288.0490940 
335.0000000 288.0138336 287.8526755 
336.0000000 287.8174150 287.6562569 
337.0000000 287.6209965 287.4598384 
338.0000000 287.4245779 287.2634198 
339.0000000 287.2281594 287.0670013 
340.0000000 287.0317408 286.8705827 
341.0000000 286.8353223 286.6741642 
342.0000000 286.6389037 286.4777456 
343.0000000 286.4424852 286.2813271 
344.0000000 286.2460666 286.0849085 
345.0000000 286.0496481 285.8884900 
346.0000000 285.8532295 285.6920714 
347.0000000 285.6568110 285.4956529 
348.0000000 285.4603924 285.2992343 
349.0000000 285.2639739 285.1028158 
350.0000000 285.0675553 284.9063972 
351.0000000 284.8711368 284.7099787 
352.0000000 284.6747182 284.5135601 
353.0000000 284.4782997 284.3171416 
354.0000000 284.2818811 284.1207230 
355.0000000 284.0854626 283.9243045 
356.0000000 283.8890440 283.7278859 
357.0000000 283.6926255 283.5314674 
358.0000000 283.4962069 283.3350488 
359.0000000 283.2997884 283.1386303 
360.0000000 283.1033698 282.9422117 
361.0000000 282.9069513 282.7457932 
362.0000000 282.7105327 282.5493746 
363.0000000 282.5141142 282.3529561 
364.0000000 282.3176956 282.1565375 
365.0000000 282.1212771 281.9601190 
366.0000000 281.9248585 281.7637004 
367.0000000 281.7284400 281.5672819 
368.0000000 281.5320214 281.3708633 
369.0000000 281.3356029 281.1744448 
370.0000000 281.1391843 280.9780262 
371.0000000 280.9427658 280.7816077 
372.0000000 280.7463472 280.5851891 
373.0000000 280.5499287 280.3887706 
374.0000000 280.3535101 280.1923520 
375.0000000 280.1570916 279.9959335 
376.0000000 279.9606730 279.7995149 
377.0000000 279.7642545 279.6030964 
378.0000000 279.5678359 279.4066778 
379.0000000 279.3714174 279.2102593 
380.0000000 279.1749988 279.0138407 
381.0000000 278.9785803 278.8174222 
382.0000000 278.7821617 278.6210036 
383.0000000 278.5857432 278.4245851 
384.0000000 278.3893246 278.2281665 
385.0000000 278.1929061 278.0317480 
386.0000000 277.9964875 277.8353294 
387.0000000 277.8000690 277.6389109 
388.0000000 277.6036504 277.4424923 
389.0000000 277.4072319 277.2460738 
390.0000000 277.2108133 277.0496552 
391.0000000 277.0143948 276.8532367 
392.0000000 276.8179762 276.6568181 
393.0000000 276.6215577 276.4603996 
394.0000000 276.4251391 276.2639810 
395.0000000 276.2287206 276.0675625 
396.0000000 276.0323020 275.8711439 
397.0000000 275.8358835 275.6747254 
398.0000000 275.6394649 275.4783068 
399.0000000 275.4430464 275.2818882 
400.0000000 275.2466278 275.0854697 
401.0000000 275.0502093 274.8890511 
402.0000000 274.8537907 274.6926326 
403.0000000 274.6573722 274.4962140 
404.0000000 274.4609536 274.2997955 
405.0000000 274.2645351 274.1033769 
406.0000000 274.0681165 273.9069584 
407.0000000 273.8716980 273.7105398 
408.0000000 273.6752794 273.5141213 
409.0000000 273.4788609 273.3177027 
410.0000000 273.2824423 273.1212842 
411.0000000 273.0860238 272.9248656 
412.0000000 272.8896052 272.7284471 
413.0000000 272.6931867 272.5320285 
414.0000000 272.4967681 272.3356100 
415.0000000 272.3003496 272.1391914 
416.0000000 272.1039310 271.9427729 
417.0000000 271.9075125 271.7463543 
418.0000000 271.7110939 271.5499358 
419.0000000 271.5146754 271.3535172 
420.0000000 271.3182568 271.1570987 
421.0000000 271.1218383 270.9606801 
422.0000000 270.9254197 270.7642616 
423.0000000 270.7290012 270.5678430 
424.0000000 270.5325826 270.3714245 
425.0000000 270.3361641 270.1750059 
426.0000000 270.1397455 269.9785874 
427.0000000 269.9433270 269.7821688 
428.0000000 269.7469084 269.5857503 
429.0000000 269.5504899 269.3893317 
430.0000000 269.3540713 269.1929132 
431.0000000 269.1576528 268.9964946 
432.0000000 268.9612342 268.8000761 
433.0000000 268.7648157 268.6036575 
434.0000000 268.5683971 268.4072390 
435.0000000 268.3719786 268.2108204 
436.0000000 268.1755600 268.0144019 
437.0000000 267.9791415 267.8179833 
438.0000000 267.7827229 267.6215648 
439.0000000 267.5863044 267.4251462 
440.0000000 267.3898858 267.2287277 
441.0000000 267.1934673 267.0323091 
442.0000000 266.9970487 266.8358906 
443.0000000 266.8006302 266.6394720 
444.0000000 266.6042116 266.4430535 
445.0000000 266.4077931 266.2466349 
446.0000000 266.2113745 266.0502164 
447.0000000 266.0149560 265.8537978 
448.0000000 265.8185374 265.6573793 
449.0000000 265.6221189 265.4609607 
450.0000000 265.4257003 265.2645422 
451.0000000 265.2292818 265.0681236 
452.0000000 265.0328632 264.8717051 
453.0000000 264.8364447 264.6752865 
454.0000000 264.6400261 264.4788680 
455.0000000 264.4436076 264.2824494 
456.0000000 264.2471890 264.0860309 
457.0000000 264.0507705 263.8896123 
458.0000000 263.8543519 263.6931938 
459.0000000 263.6579334 263.4967752 
460.0000000 263.4615148 263.3003567 
461.0000000 263.2650962 263.1039381 
462.0000000 263.0686777 262.9075196 
463.0000000 262.8722591 262.7111010 
464.0000000 262.6758406 262.5146825 
465.0000000 262.4794220 262.3182639 
466.0000000 262.2830035 262.1218454 
467.0000000 262.0865849 261.9254268 
468.0000000 261.8901664 261.7290083 
469.0000000 261.6937478 261.5325897 
470.0000000 261.4973293 261.3361712 
471.0000000 261.3009107 261.1397526 
472.0000000 261.1044922 260.9433341 
473.0000000 260.9080736 260.7469155 
474.0000000 260.7116551 260.5504970 
475.0000000 260.5152365 260.3540784 
476.0000000 260.3188180 260.1576599 
477.0000000 260.1223994 259.9612413 
478.0000000 259.9259809 259.7648228 
479.0000000 259.7295623 259.5684042 
480.0000000 259.5331438 259.3719857 
481.0000000 259.3367252 259.1755671 
482.0000000 259.1403067 258.9791486 
483.0000000 258.9438881 258.7827300 
484.0000000 258.7474696 258.5863115 
485.0000000 258.5510510 258.3898929 
486.0000000 258.3546325 258.1934744 
487.0000000 258.1582139 257.9970558 
488.0000000 257.9617954 257.8006373 
489.0000000 257.7653768 257.6042187 
490.0000000 257.5689583 257.4078002 
491.0000000 257.3725397 257.2113816 
492.0000000 257.1761212 257.0149631 
493.0000000 256.9797026 256.8185445 
494.0000000 256.7832841 256.6221260 
495.0000000 256.5868655 256.4257074 
496.0000000 256.3904470 256.2292889 
497.0000000 256.1940284 256.0328703 
498.0000000 255.9976099 255.8364518 
499.0000000 255.8011913 255.6400332 
500.0000000 255.6047728 255.4436147 
501.0000000 255.4083542 255.2471961 
502.0000000 255.2119357 255.0507776 
503.0000000 255.0155171 254.8543590 
504.0000000 254.8190986 254.6579405 
505.0000000 254.6226800 254.4615219 
506.0000000 254.4262615 254.2651034 
507.0000000 254.2298429 254.0686848 
508.0000000 254.0334244 253.8722663 
509.0000000 253.8370058 253.6758477 
510.0000000 253.6405873 253.4794292 
511.0000000 253.4441687 253.2830106 
512.0000000 253.2477502 253.0865921 
513.0000000 253.0513316 252.8901735 
514.0000000 252.8549131 252.6937550 
515.0000000 252.6584945 252.4973364 
516.0000000 252.4620760 252.3009179 
517.0000000 252.2656574 252.1044993 
518.0000000 252.0692389 251.9080808 
519.0000000 251.8728203 251.7116622 
520.0000000 251.6764018 251.5152437 
521.0000000 251.4799832 251.3188251 
522.0000000 251.2835647 251.1224066 
523.0000000 251.0871461 250.9259880 
524.0000000 250.8907276 250.7295695 
525.0000000 250.6943090 250.5331509 
526.0000000 250.4978905 250.3367324 
527.0000000 250.3014719 250.1403138 
528.0000000 250.1050534 249.9438953 
529.0000000 249.9086348 249.7474767 
530.0000000 249.7122163 249.5510582 
531.0000000 249.5157977 249.3546396 
532.0000000 249.3193792 249.1582211 
533.0000000 249.1229606 248.9618025 
534.0000000 248.9265421 248.7653840 
535.0000000 248.7301235 248.5689654 
536.0000000 248.5337050 248.3725469 
537.0000000 248.3372864 248.1761283 
538.0000000 248.1408679 247.9797098 
539.0000000 247.9444493 247.7832912 
540.0000000 247.7480308 247.5868727 
541.0000000 247.5516122 247.3904541 
542.0000000 247.3551937 247.1940356 
543.0000000 247.1587751 246.9976170 
544.0000000 246.9623566 246.8011985 
545.0000000 246.7659380 246.6047799 
546.0000000 246.5695195 246.4083614 
547.0000000 246.3731009 246.2119428 
548.0000000 246.1766824 246.0155243 
549.0000000 245.9802638 245.8191057 
550.0000000 245.7838453 245.6226871 
551.0000000 245.5874267 245.4262686 
552.0000000 245.3910082 245.2298500 
553.0000000 245.1945896 245.0334315 
554.0000000 244.9981711 244.8370129 
555.0000000 244.8017525 244.6405944 
556.0000000 244.6053340 244.4441758 
557.0000000 244.4089154 244.2477573 
558.0000000 244.2124969 244.0513387 
559.0000000 244.0160783 243.8549202 
560.0000000 243.8196598 243.6585016 
561.0000000 243.6232412 243.4620831 
562.0000000 243.4268227 243.2656645 
563.0000000 243.2304041 243.0692460 
564.0000000 243.0339856 242.8728274 
565.0000000 242.8375670 242.6764089 
566.0000000 242.6411485 242.4799903 
567.0000000 242.4447299 242.2835718 
568.0000000 242.2483114 242.0871532 
569.0000000 242.0518928 241.8907347 
570.0000000 241.8554743 241.6943161 
571.0000000 241.6590557 241.4978976 
572.0000000 241.4626372 241.3014790 
573.0000000 241.2662186 241.1050605 
574.0000000 241.0698001 240.9086419 
575.0000000 240.8733815 240.7122234 
576.0000000 240.6769630 240.5158048 
577.0000000 240.4805444 240.3193863 
578.0000000 240.2841259 240.1229677 
579.0000000 240.0877073 239.9265492 
580.0000000 239.8912888 239.7301306 
581.0000000 239.6948702 239.5337121 
582.0000000 239.4984517 239.3372935 
583.0000000 239.3020331 239.1408750 
584.0000000 239.1056146 238.9444564 
585.0000000 238.9091960 238.7480379 
586.0000000 238.7127775 238.5516193 
587.0000000 238.5163589 238.3552008 
588.0000000 238.3199404 238.1587822 
589.0000000 238.1235218 237.9623637 
590.0000000 237.9271033 237.7659451 
591.0000000 237.7306847 237.5695266 
592.0000000 237.5342662 237.3731080 
593.0000000 237.3378476 237.1766895 
594.0000000 237.1414291 236.9802709 
595.0000000 236.9450105 236.7838524 
596.0000000 236.7485920 236.5874338 
597.0000000 236.5521734 236.3910153 
598.0000000 236.3557549 236.1945967 
599.0000000 236.1593363 235.9981782 
600.0000000 235.9629178 235.8017596 
601.0000000 235.7664992 235.6053411 
602.0000000 235.5700807 235.4089225 
603.0000000 235.3736621 235.2125040 
604.0000000 235.1772436 235.0160854 
605.0000000 234.9808250 234.8196669 
606.0000000 234.7844065 234.6232483 
607.0000000 234.5879879 234.4268298 
608.0000000 234.3915694 234.2304112 
609.0000000 234.1951508 234.0339927 
610.0000000 233.9987323 233.8375741 
611.0000000 233.8023137 233.6411556 
612.0000000 233.6058951 233.4447370 
613.0000000 233.4094766 233.2483185 
614.0000000 233.2130580 233.0518999 
615.0000000 233.0166395 232.8554814 
616.0000000 232.8202209 232.6590628 
617.0000000 232.6238024 232.4626443 
618.0000000 232.4273838 232.2662257 
619.0000000 232.2309653 232.0698072 
620.0000000 232.0345467 231.8733886 
621.0000000 231.8381282 231.6769701 
622.0000000 231.6417096 231.4805515 
623.0000000 231.4452911 231.2841330 
624.0000000 231.2488725 231.0877144 
625.0000000 231.0524540 230.8912959 
626.0000000 230.8560354 230.6948773 
627.0000000 230.6596169 230.4984588 
628.0000000 230.4631983 230.3020402 
629.0000000 230.2667798 230.1056217 
630.0000000 230.0703612 229.9092031 
631.0000000 229.8739427 229.7127846 
632.0000000 229.6775241 229.5163660 
633.0000000 229.4811056 229.3199475 
634.0000000 229.2846870 229.1235289 
635.0000000 229.0882685 228.9271104 
636.0000000 228.8918499 228.7306918 
637.0000000 228.6954314 228.5342733 
638.0000000 228.4990128 228.3378547 
639.0000000 228.3025943 228.1414362 
640.0000000 228.1061757 227.9450176 
641.0000000 227.9097572 227.7485991 
642.0000000 227.7133386 227.5521805 
643.0000000 227.5169201 227.3557620 
644.0000000 227.3205015 227.1593434 
645.0000000 227.1240830 226.9629249 
646.0000000 226.9276644 226.7665063 
647.0000000 226.7312459 226.5700878 
648.0000000 226.5348273 226.3736692 
649.0000000 226.3384088 226.1772507 
650.0000000 226.1419902 225.9808321 
651.0000000 225.9455717 225.7844136 
652.0000000 225.7491531 225.5879950 
653.0000000 225.5527346 225.3915765 
654.0000000 225.3563160 225.1951579 
655.0000000 225.1598975 224.9987394 
656.0000000 224.9634789 224.8023208 
657.0000000 224.7670604 224.6059023 
658.0000000 224.5706418 224.4094837 
659.0000000 224.3742233 224.2130652 
660.0000000 224.1778047 224.0166466 
661.0000000 223.9813862 223.8202281 
662.0000000 223.7849676 223.6238095 
663.0000000 223.5885491 223.4273910 
664.0000000 223.3921305 223.2309724 
665.0000000 223.1957120 223.0345539 
666.0000000 222.9992934 222.8381353 
667.0000000 222.8028749 222.6417168 
668.0000000 222.6064563 222.4452982 
669.0000000 222.4100378 222.2488797 
670.0000000 222.2136192 222.0524611 
671.0000000 222.0172007 221.8560426 
672.0000000 221.8207821 221.6596240 
673.0000000 221.6243636 221.4632055 
674.0000000 221.4279450 221.2667869 
675.0000000 221.2315265 221.0703684 
676.0000000 221.0351079 220.8739498 
677.0000000 220.8386894 220.6775313 
678.0000000 220.6422708 220.4811127 
679.0000000 220.4458523 220.2846942 
680.0000000 220.2494337 220.0882756 
681.0000000 220.0530152 219.8918571 
682.0000000 219.8565966 219.6954385 
683.0000000 219.6601781 219.4990200 
684.0000000 219.4637595 219.3026014 
685.0000000 219.2673410 219.1061829 
686.0000000 219.0709224 218.9097643 
687.0000000 218.8745039 218.7133458 
688.0000000 218.6780853 218.5169272 
689.0000000 218.4816668 218.3205087 
690.0000000 218.2852482 218.1240901 
691.0000000 218.0888297 217.9276716 
692.0000000 217.8924111 217.7312530 
693.0000000 217.6959926 217.5348345 
694.0000000 217.4995740 217.3384159 
695.0000000 217.3031555 217.1419974 
696.0000000 217.1067369 216.9455788 
697.0000000 216.9103184 216.7491603 
698.0000000 216.7138998 216.5527417 
699.0000000 216.5174813 216.3563232 
700.0000000 216.3210627 216.1599046 
701.0000000 216.1246442 215.9634861 
702.0000000 215.9282256 215.7670675 
703.0000000 215.7318071 215.5706489 
704.0000000 215.5353885 215.3742304 
705.0000000 215.3389700 215.1778118 
706.0000000 215.1425514 214.9813933 
707.0000000 214.9461329 214.7849747 
708.0000000 214.7497143 214.5885562 
709.0000000 214.5532958 214.3921376 
710.0000000 214.3568772 214.1957191 
711.0000000 214.1604587 213.9993005 
712.0000000 213.9640401 213.8028820 
713.0000000 213.7676216 213.6064634 
714.0000000 213.5712030 213.4100449 
715.0000000 213.3747845 213.2136263 
716.0000000 213.1783659 213.0172078 
717.0000000 212.9819474 212.8207892 
718.0000000 212.7855288 212.6243707 
719.0000000 212.5891103 212.4279521 
720.0000000 212.3926917 212.2315336 
721.0000000 212.1962732 212.0351150 
722.0000000 211.9998546 211.8386965 
723.0000000 211.8034361 211.6422779 
724.0000000 211.6070175 211.4458594 
725.0000000 211.4105990 211.2494408 
726.0000000 211.2141804 211.0530223 
727.0000000 211.0177619 210.8566037 
728.0000000 210.8213433 210.6601852 
729.0000000 210.6249248 210.4637666 
730.0000000 210.4285062 210.2673481 
731.0000000 210.2320877 210.0709295 
732.0000000 210.0356691 209.8745110 
733.0000000 209.8392506 209.6780924 
734.0000000 209.6428320 209.4816739 
735.0000000 209.4464135 209.2852553 
736.0000000 209.2499949 209.0888368 
737.0000000 209.0535764 208.8924182 
738.0000000 208.8571578 208.6959997 
739.0000000 208.6607393 208.4995811 
740.0000000 208.4643207 208.3031626 
741.0000000 208.2679022 208.1067440 
742.0000000 208.0714836 207.9103255 
743.0000000 207.8750651 207.7139069 
744.0000000 207.6786465 207.5174884 
745.0000000 207.4822280 207.3210698 
746.0000000 207.2858094 207.1246513 
747.0000000 207.0893909 206.9282327 
748.0000000 206.8929723 206.7318142 
749.0000000 206.6965538 206.5353956 
750.0000000 206.5001352 206.3389771 
751.0000000 206.3037167 206.1425585 
752.0000000 206.1072981 205.9461400 
753.0000000 205.9108796 205.7497214 
754.0000000 205.7144610 205.5533029 
755.0000000 205.5180425 205.3568843 
756.0000000 205.3216239 205.1604658 
757.0000000 205.1252054 204.9640472 
758.0000000 204.9287868 204.7676287 
759.0000000 204.7323683 204.5712101 
760.0000000 204.5359497 204.3747916 
761.0000000 204.3395312 204.1783730 
762.0000000 204.1431126 203.9819545 
763.0000000 203.9466941 203.7855359 
764.0000000 203.7502755 203.5891174 
765.0000000 203.5538569 203.3926988 
766.0000000 203.3574384 203.1962803 
767.0000000 203.1610198 202.9998617 
768.0000000 202.9646013 202.8034432 
769.0000000 202.7681827 202.6070246 
770.0000000 202.5717642 202.4106061 
771.0000000 202.3753456 202.2141875 
772.0000000 202.1789271 202.0177690 
773.0000000 201.9825085 201.8213504 
774.0000000 201.7860900 201.6249319 
775.0000000 201.5896714 201.4285133 
776.0000000 201.3932529 201.2320948 
777.0000000 201.1968343 201.0356762 
778.0000000 201.0004158 200.8392577 
779.0000000 200.8039972 200.6428391 
780.0000000 200.6075787 200.4464206 
781.0000000 200.4111601 200.2500020 
782.0000000 200.2147416 200.0535835 
783.0000000 200.0183230 199.8571649 
784.0000000 199.8219045 199.6607464 
785.0000000 199.6254859 199.4643278 
786.0000000 199.4290674 199.2679093 
787.0000000 199.2326488 199.0714907 
788.0000000 199.0362303 198.8750722 
789.0000000 198.8398117 198.6786536 
790.0000000 198.6433932 198.4822351 
791.0000000 198.4469746 198.2858165 
792.0000000 198.2505561 198.0893980 
793.0000000 198.0541375 197.8929794 
794.0000000 197.8577190 197.6965609 
795.0000000 197.6613004 197.5001423 
796.0000000 197.4648819 197.3037238 
797.0000000 197.2684633 197.1073052 
798.0000000 197.0720448 196.9108867 
799.0000000 196.8756262 196.7144681 
800.0000000 196.6792077 196.5180496 
801.0000000 196.4827891 196.3216310 
802.0000000 196.2863706 196.1252125 
803.0000000 196.0899520 195.9287939 
804.0000000 195.8935335 195.7323754 
805.0000000 195.6971149 195.5359568 
806.0000000 195.5006964 195.3395383 
807.0000000 195.3042778 195.1431197 
808.0000000 195.1078593 194.9467012 
809.0000000 194.9114407 194.7502826 
810.0000000 194.7150222 194.5538641 
811.0000000 194.5186036 194.3574455 
812.0000000 194.3221851 194.1610270 
813.0000000 194.1257665 193.9646084 
814.0000000 193.9293480 193.7681899 
815.0000000 193.7329294 193.5717713 
816.0000000 193.5365109 193.3753528 
817.0000000 193.3400923 193.1789342 
818.0000000 193.1436738 192.9825157 
819.0000000 192.9472552 192.7860971 
820.0000000 192.7508367 192.5896786 
821.0000000 192.5544181 192.3932600 
822.0000000 192.3579996 192.1968415 
823.0000000 192.1615810 192.0004229 
824.0000000 191.9651625 191.8040044 
825.0000000 191.7687439 191.6075858 
826.0000000 191.5723254 191.4111673 
827.0000000 191.3759068 191.2147487 
828.0000000 191.1794883 191.0183302 
829.0000000 190.9830697 190.8219116 
830.0000000 190.7866512 190.6254931 
831.0000000 190.5902326 190.4290745 
832.0000000 190.3938141 190.2326560 
833.0000000 190.1973955 190.0362374 
834.0000000 190.0009770 189.8398189 
835.0000000 189.8045584 189.6434003 
836.0000000 189.6081399 189.4469818 
837.0000000 189.4117213 189.2505632 
838.0000000 189.2153028 189.0541447 
839.0000000 189.0188842 188.8577261 
840.0000000 188.8224657 188.6613076 
841.0000000 188.6260471 188.4648890 
842.0000000 188.4296286 188.2684705 
843.0000000 188.2332100 188.0720519 
844.0000000 188.0367915 187.8756334 
845.0000000 187.8403729 187.6792148 
846.0000000 187.6439544 187.4827963 
847.0000000 187.4475358 187.2863777 
848.0000000 187.2511173 187.0899592 
849.0000000 187.0546987 186.8935406 
850.0000000 186.8582802 186.6971221 
851.0000000 186.6618616 186.5007035 
852.0000000 186.4654431 186.3042850 
853.0000000 186.2690245 186.1078664 
854.0000000 186.0726060 185.9114478 
855.0000000 185.8761874 185.7150293 
856.0000000 185.6797689 185.5186107 
857.0000000 185.4833503 185.3221922 
858.0000000 185.2869318 185.1257736 
859.0000000 185.0905132 184.9293551 
860.0000000 184.8940947 184.7329365 
861.0000000 184.6976761 184.5365180 
862.0000000 184.5012576 184.3400994 
863.0000000 184.3048390 184.1436809 
864.0000000 184.1084205 183.9472623 
865.0000000 183.9120019 183.7508438 
866.0000000 183.7155834 183.5544252 
867.0000000 183.5191648 183.3580067 
868.0000000 183.3227463 183.1615881 
869.0000000 183.1263277 182.9651696 
870.0000000 182.9299092 182.7687510 
871.0000000 182.7334906 182.5723325 
872.0000000 182.5370721 182.3759139 
873.0000000 182.3406535 182.1794954 
874.0000000 182.1442350 181.9830768 
875.0000000 181.9478164 181.7866583 
876.0000000 181.7513979 181.5902397 
877.0000000 181.5549793 181.3938212 
878.0000000 181.3585608 181.1974026 
879.0000000 181.1621422 181.0009841 
880.0000000 180.9657237 180.8045655 
881.0000000 180.7693051 180.6081470 
882.0000000 180.5728866 180.4117284 
883.0000000 180.3764680 180.2153099 
884.0000000 180.1800495 180.0188913 
885.0000000 179.9836309 179.8224728 
886.0000000 179.7872124 179.6260542 
887.0000000 179.5907938 179.4296357 
888.0000000 179.3943753 179.2332171 
889.0000000 179.1979567 179.0367986 
890.0000000 179.0015382 178.8403800 
891.0000000 178.8051196 178.6439615 
892.0000000 178.6087011 178.4475429 
893.0000000 178.4122825 178.2511244 
894.0000000 178.2158640 178.0547058 
895.0000000 178.0194454 177.8582873 
896.0000000 177.8230269 177.6618687 
897.0000000 177.6266083 177.4654502 
898.0000000 177.4301898 177.2690316 
899.0000000 177.2337712 177.0726131 
900.0000000 177.0373527 176.8761945 
901.0000000 176.8409341 176.6797760 
902.0000000 176.6445156 176.4833574 
903.0000000 176.4480970 176.2869389 
904.0000000 176.2516785 176.0905203 
905.0000000 176.0552599 175.8941018 
906.0000000 175.8588414 175.6976832 
907.0000000 175.6624228 175.5012647 
908.0000000 175.4660043 175.3048461 
909.0000000 175.2695857 175.1084276 
910.0000000 175.0731672 174.9120090 
911.0000000 174.8767486 174.7155905 
912.0000000 174.6803301 174.5191719 
913.0000000 174.4839115 174.3227534 
914.0000000 174.2874930 174.1263348 
915.0000000 174.0910744 173.9299163 
916.0000000 173.8946558 173.7334977 
917.0000000 173.6982373 173.5370792 
918.0000000 173.5018187 173.3406606 
919.0000000 173.3054002 173.1442421 
920.0000000 173.1089816 172.9478235 
921.0000000 172.9125631 172.7514050 
922.0000000 172.7161445 172.5549864 
923.0000000 172.5197260 172.3585679 
924.0000000 172.3233074 172.1621493 
925.0000000 172.1268889 171.9657308 
926.0000000 171.9304703 171.7693122 
927.0000000 171.7340518 171.5728937 
928.0000000 171.5376332 171.3764751 
929.0000000 171.3412147 171.1800566 
930.0000000 171.1447961 170.9836380 
931.0000000 170.9483776 170.7872195 
932.0000000 170.7519590 170.5908009 
933.0000000 170.5555405 170.3943824 
934.0000000 170.3591219 170.1979638 
935.0000000 170.1627034 170.0015453 
936.0000000 169.9662848 169.8051267 
937.0000000 169.7698663 169.6087082 
938.0000000 169.5734477 169.4122896 
939.0000000 169.3770292 169.2158711 
940.0000000 169.1806106 169.0194525 
941.0000000 168.9841921 168.8230340 
942.0000000 168.7877735 168.6266154 
943.0000000 168.5913550 168.4301969 
944.0000000 168.3949364 168.2337783 
945.0000000 168.1985179 168.0373598 
946.0000000 168.0020993 167.8409412 
947.0000000 167.8056808 167.6445227 
948.0000000 167.6092622 167.4481041 
949.0000000 167.4128437 167.2516856 
950.0000000 167.2164251 167.0552670 
951.0000000 167.0200066 166.8588485 
952.0000000 166.8235880 166.6624299 
953.0000000 166.6271695 166.4660114 
954.0000000 166.4307509 166.2695928 
955.0000000 166.2343324 166.0731743 
956.0000000 166.0379138 165.8767557 
957.0000000 165.8414953 165.6803372 
958.0000000 165.6450767 165.4839186 
959.0000000 165.4486582 165.2875001 
960.0000000 165.2522396 165.0910815 
961.0000000 165.0558211 164.8946630 
962.0000000 164.8594025 164.6982444 
963.0000000 164.6629840 164.5018259 
964.0000000 164.4665654 164.3054073 
965.0000000 164.2701469 164.1089888 
966.0000000 164.0737283 163.9125702 
967.0000000 163.8773098 163.7161517 
968.0000000 163.6808912 163.5197331 
969.0000000 163.4844727 163.3233146 
970.0000000 163.2880541 163.1268960 
971.0000000 163.0916356 162.9304775 
972.0000000 162.8952170 162.7340589 
973.0000000 162.6987985 162.5376404 
974.0000000 162.5023799 162.3412218 
975.0000000 162.3059614 162.1448033 
976.0000000 162.1095428 161.9483847 
977.0000000 161.9131243 161.7519662 
978.0000000 161.7167057 161.5555476 
979.0000000 161.5202872 161.3591291 
980.0000000 161.3238686 161.1627105 
981.0000000 161.1274501 160.9662920 
982.0000000 160.9310315 160.7698734 
983.0000000 160.7346130 160.5734549 
984.0000000 160.5381944 160.3770363 
985.0000000 160.3417759 160.1806178 
986.0000000 160.1453573 159.9841992 
987.0000000 159.9489388 159.7877807 
988.0000000 159.7525202 159.5913621 
989.0000000 159.5561017 159.3949436 
990.0000000 159.3596831 159.1985250 
991.0000000 159.1632646 159.0021065 
992.0000000 158.9668460 158.8056879 
993.0000000 158.7704275 158.6092694 
994.0000000 158.5740089 158.4128508 
995.0000000 158.3775904 158.2164323 
996.0000000 158.1811718 158.0200137 
997.0000000 157.9847533 157.8235952 
998.0000000 157.7883347 157.6271766 
999.0000000 157.5919162 157.4307581 
1000.0000000 157.3954976 157.2343395 
1001.0000000 157.1990791 157.0379210 
1002.0000000 157.0026605 156.8415024 
1003.0000000 156.8062420 156.6450839 
1004.0000000 156.6098234 156.4486653 
1005.0000000 156.4134049 156.2522467 
1006.0000000 156.2169863 156.0558282 
1007.0000000 156.0205678 155.8594096 
1008.0000000 155.8241492 155.6629911 
1009.0000000 155.6277307 155.4665725 
1010.0000000 155.4313121 155.2701540 
1011.0000000 155.2348936 155.0737354 
1012.0000000 155.0384750 154.8773169 
1013.0000000 154.8420565 154.6808983 
1014.0000000 154.6456379 154.4844798 
1015.0000000 154.4492194 154.2880612 
1016.0000000 154.2528008 154.0916427 
1017.0000000 154.0563823 153.8952241 
1018.0000000 153.8599637 153.6988056 
1019.0000000 153.6635452 153.5023870 
1020.0000000 153.4671266 153.3059685 
1021.0000000 153.2707081 153.1095499 
1022.0000000 153.0742895 152.9131314 
1023.0000000 152.8778710 152.7167128 
1024.0000000 152.6814524 152.5202943 
1025.0000000 152.4850339 152.3238757 
1026.0000000 152.2886153 152.1274572 
1027.0000000 152.0921968 151.9310386 
1028.0000000 151.8957782 151.7346201 
1029.0000000 151.6993597 151.5382015 
1030.0000000 151.5029411 151.3417830 
1031.0000000 151.3065226 151.1453644 
1032.0000000 151.1101040 150.9489459 
1033.0000000 150.9136855 150.7525273 
1034.0000000 150.7172669 150.5561088 
1035.0000000 150.5208484 150.3596902 
1036.0000000 150.3244298 150.1632717 
1037.0000000 150.1280113 149.9668531 
1038.0000000 149.9315927 149.7704346 
1039.0000000 149.7351742 149.5740160 
1040.0000000 149.5387556 149.3775975 
1041.0000000 149.3423371 149.1811789 
1042.0000000 149.1459185 148.9847604 
1043.0000000 148.9495000 148.7883418 
1044.0000000 148.7530814 148.5919233 
1045.0000000 148.5566629 148.3955047 
1046.0000000 148.3602443 148.1990862 
1047.0000000 148.1638258 148.0026676 
1048.0000000 147.9674072 147.8062491 
1049.0000000 147.7709887 147.6098305 
1050.0000000 147.5745701 147.4134120 
1051.0000000 147.3781516 147.2169934 
1052.0000000 147.1817330 147.0205749 
1053.0000000 146.9853145 146.8241563 
1054.0000000 146.7888959 146.6277378 
1055.0000000 146.5924774 146.4313192 
1056.0000000 146.3960588 146.2349007 
1057.0000000 146.1996403 146.0384821 
1058.0000000 146.0032217 145.8420636 
1059.0000000 145.8068032 145.6456450 
1060.0000000 145.6103846 145.4492265 
1061.0000000 145.4139661 145.2528079 
1062.0000000 145.2175475 145.0563894 
1063.0000000 145.0211290 144.8599708 
1064.0000000 144.8247104 144.6635523 
1065.0000000 144.6282919 144.4671337 
1066.0000000 144.4318733 144.2707152 
1067.0000000 144.2354547 144.0742966 
1068.0000000 144.0390362 143.8778781 
1069.0000000 143.8426176 143.6814595 
1070.0000000 143.6461991 143.4850410 
1071.0000000 143.4497805 143.2886224 
1072.0000000 143.2533620 143.0922039 
1073.0000000 143.0569434 142.8957853 
1074.0000000 142.8605249 142.6993668 
1075.0000000 142.6641063 142.5029482 
1076.0000000 142.4676878 142.3065297 
1077.0000000 142.2712692 142.1101111 
1078.0000000 142.0748507 141.9136926 
1079.0000000 141.8784321 141.7172740 
1080.0000000 141.6820136 141.5208555 
1081.0000000 141.4855950 141.3244369 
1082.0000000 141.2891765 141.1280184 
1083.0000000 141.0927579 140.9315998 
1084.0000000 140.8963394 140.7351813 
1085.0000000 140.6999208 140.5387627 
1086.0000000 140.5035023 140.3423442 
1087.0000000 140.3070837 140.1459256 
1088.0000000 140.1106652 139.9495071 
1089.0000000 139.9142466 139.7530885 
1090.0000000 139.7178281 139.5566700 
1091.0000000 139.5214095 139.3602514 
1092.0000000 139.3249910 139.1638329 
1093.0000000 139.1285724 138.9674143 
1094.0000000 138.9321539 138.7709958 
1095.0000000 138.7357353 138.5745772 
1096.0000000 138.5393168 138.3781587 
1097.0000000 138.3428982 138.1817401 
1098.0000000 138.1464797 137.9853216 
1099.0000000 137.9500611 137.7889030 
1100.0000000 137.7536426 137.5924845 
1101.0000000 137.5572240 137.3960659 
1102.0000000 137.3608055 137.1996474 
1103.0000000 137.1643869 137.0032288 
1104.0000000 136.9679684 136.8068103 
1105.0000000 136.7715498 136.6103917 
1106.0000000 136.5751313 136.4139732 
1107.0000000 136.3787127 136.2175546 
1108.0000000 136.1822942 136.0211361 
1109.0000000 135.9858756 135.8247175 
1110.0000000 135.7894571 135.6282990 
1111.0000000 135.5930385 135.4318804 
1112.0000000 135.3966200 135.2354619 
1113.0000000 135.2002014 135.0390433 
1114.0000000 135.0037829 134.8426248 
1115.0000000 134.8073643 134.6462062 
1116.0000000 134.6109458 134.4497877 
1117.0000000 134.4145272 134.2533691 
1118.0000000 134.2181087 134.0569506 
1119.0000000 134.0216901 133.8605320 
1120.0000000 133.8252716 133.6641135 
1121.0000000 133.6288530 133.4676949 
1122.0000000 133.4324345 133.2712764 
1123.0000000 133.2360159 133.0748578 
1124.0000000 133.0395974 132.8784393 
1125.0000000 132.8431788 132.6820207 
1126.0000000 132.6467603 132.4856022 
1127.0000000 132.4503417 132.2891836 
1128.0000000 132.2539232 132.0927651 
1129.0000000 132.0575046 131.8963465 
1130.0000000 131.8610861 131.6999280 
1131.0000000 131.6646675 131.5035094 
1132.0000000 131.4682490 131.3070909 
1133.0000000 131.2718304 131.1106723 
1134.0000000 131.0754119 130.9142538 
1135.0000000 130.8789933 130.7178352 
1136.0000000 130.6825748 130.5214167 
1137.0000000 130.4861562 130.3249981 
1138.0000000 130.2897377 130.1285796 
1139.0000000 130.0933191 129.9321610 
1140.0000000 129.8969006 129.7357425 
1141.0000000 129.7004820 129.5393239 
1142.0000000 129.5040635 129.3429054 
1143.0000000 129.3076449 129.1464868 
1144.0000000 129.1112264 128.9500683 
1145.0000000 128.9148078 128.7536497 
1146.0000000 128.7183893 128.5572312 
1147.0000000 128.5219707 128.3608126 
1148.0000000 128.3255522 128.1643941 
1149.0000000 128.1291336 127.9679755 
1150.0000000 127.9327151 127.7715570 
1151.0000000 127.7362965 127.5751384 
1152.0000000 127.5398780 127.3787199 
1153.0000000 127.3434594 127.1823013 
1154.0000000 127.1470409 126.9858828 
1155.0000000 126.9506223 126.7894642 
1156.0000000 126.7542038 126.5930457 
1157.0000000 126.5577852 126.3966271 
1158.0000000 126.3613667 126.2002085 
1159.0000000 126.1649481 126.0037900 
1160.0000000 125.9685296 125.8073714 
1161.0000000 125.7721110 125.6109529 
1162.0000000 125.5756925 125.4145343 
1163.0000000 125.3792739 125.2181158 
1164.0000000 125.1828554 125.0216972 
1165.0000000 124.9864368 124.8252787 
1166.0000000 124.7900183 124.6288601 
1167.0000000 124.5935997 124.4324416 
1168.0000000 124.3971812 124.2360230 
1169.0000000 124.2007626 124.0396045 
1170.0000000 124.0043441 123.8431859 
1171.0000000 123.8079255 123.6467674 
1172.0000000 123.6115070 123.4503488 
1173.0000000 123.4150884 123.2539303 
1174.0000000 123.2186699 123.0575117 
1175.0000000 123.0222513 122.8610932 
1176.0000000 122.8258328 122.6646746 
1177.0000000 122.6294142 122.4682561 
1178.0000000 122.4329957 122.2718375 
1179.0000000 122.2365771 122.0754190 
1180.0000000 122.0401586 121.8790004 
1181.0000000 121.8437400 121.6825819 
1182.0000000 121.6473215 121.4861633 
1183.0000000 121.4509029 121.2897448 
1184.0000000 121.2544844 121.0933262 
1185.0000000 121.0580658 120.8969077 
1186.0000000 120.8616473 120.7004891 
1187.0000000 120.6652287 120.5040706 
1188.0000000 120.4688102 120.3076520 
1189.0000000 120.2723916 120.1112335 
1190.0000000 120.0759731 119.9148149 
1191.0000000 119.8795545 119.7183964 
1192.0000000 119.6831360 119.5219778 
1193.0000000 119.4867174 119.3255593 
1194.0000000 119.2902989 119.1291407 
1195.0000000 119.0938803 118.9327222 
1196.0000000 118.8974618 118.7363036 
1197.0000000 118.7010432 118.5398851 
1198.0000000 118.5046247 118.3434665 
1199.0000000 118.3082061 118.1470480 
1200.0000000 118.1117876 117.9506294 
1201.0000000 117.9153690 117.7542109 
1202.0000000 117.7189505 117.5577923 
1203.0000000 117.5225319 117.3613738 
1204.0000000 117.3261134 117.1649552 
1205.0000000 117.1296948 116.9685367 
1206.0000000 116.9332763 116.7721181 
1207.0000000 116.7368577 116.5756996 
1208.0000000 116.5404392 116.3792810 
1209.0000000 116.3440206 116.1828625 
1210.0000000 116.1476021 115.9864439 
1211.0000000 115.9511835 115.7900254 
1212.0000000 115.7547650 115.5936068 
1213.0000000 115.5583464 115.3971883 
1214.0000000 115.3619279 115.2007697 
1215.0000000 115.1655093 115.0043512 
1216.0000000 114.9690908 114.8079326 
1217.0000000 114.7726722 114.6115141 
1218.0000000 114.5762537 114.4150955 
1219.0000000 114.3798351 114.2186770 
1220.0000000 114.1834165 114.0222584 
1221.0000000 113.9869980 113.8258399 
1222.0000000 113.7905794 113.6294213 
1223.0000000 113.5941609 113.4330028 
1224.0000000 113.3977423 113.2365842 
1225.0000000 113.2013238 113.0401657 
1226.0000000 113.0049052 112.8437471 
1227.0000000 112.8084867 112.6473286 
1228.0000000 112.6120681 112.4509100 
1229.0000000 112.4156496 112.2544915 
1230.0000000 112.2192310 112.0580729 
1231.0000000 112.0228125 111.8616544 
1232.0000000 111.8263939 111.6652358 
1233.0000000 111.6299754 111.4688173 
1234.0000000 111.4335568 111.2723987 
1235.0000000 111.2371383 111.0759802 
1236.0000000 111.0407197 110.8795616 
1237.0000000 110.8443012 110.6831431 
1238.0000000 110.6478826 110.4867245 
1239.0000000 110.4514641 110.2903060 
1240.0000000 110.2550455 110.0938874 
1241.0000000 110.0586270 109.8974689 
1242.0000000 109.8622084 109.7010503 
1243.0000000 109.6657899 109.5046318 
1244.0000000 109.4693713 109.3082132 
1245.0000000 109.2729528 109.1117947 
1246.0000000 109.0765342 108.9153761 
1247.0000000 108.8801157 108.7189576 
1248.0000000 108.6836971 108.5225390 
1249.0000000 108.4872786 108.3261205 
1250.0000000 108.2908600 108.1297019 
1251.0000000 108.0944415 107.9332834 
1252.0000000 107.8980229 107.7368648 
1253.0000000 107.7016044 107.5404463 
1254.0000000 107.5051858 107.3440277 
1255.0000000 107.3087673 107.1476092 
1256.0000000 107.1123487 106.9511906 
1257.0000000 106.9159302 106.7547721 
1258.0000000 106.7195116 106.5583535 
1259.0000000 106.5230931 106.3619350 
1260.0000000 106.3266745 106.1655164 
1261.0000000 106.1302560 105.9690979 
1262.0000000 105.9338374 105.7726793 
1263.0000000 105.7374189 105.5762608 
1264.0000000 105.5410003 105.3798422 
1265.0000000 105.3445818 105.1834237 
1266.0000000 105.1481632 104.9870051 
1267.0000000 104.9517447 104.7905866 
1268.0000000 104.7553261 104.5941680 
1269.0000000 104.5589076 104.3977495 
1270.0000000 104.3624890 104.2013309 
1271.0000000 104.1660705 104.0049124 
1272.0000000 103.9696519 103.8084938 
1273.0000000 103.7732334 103.6120753 
1274.0000000 103.5768148 103.4156567 
1275.0000000 103.3803963 103.2192382 
1276.0000000 103.1839777 103.0228196 
1277.0000000 102.9875592 102.8264011 
1278.0000000 102.7911406 102.6299825 
1279.0000000 102.5947221 102.4335640 
1280.0000000 102.3983035 102.2371454 
1281.0000000 102.2018850 102.0407269 
1282.0000000 102.0054664 101.8443083 
1283.0000000 101.8090479 101.6478898 
1284.0000000 101.6126293 101.4514712 
1285.0000000 101.4162108 101.2550527 
1286.0000000 101.2197922 101.0586341 
1287.0000000 101.0233737 100.8622156 
1288.0000000 100.8269551 100.6657970 
1289.0000000 100.6305366 100.4693785 
1290.0000000 100.4341180 100.2729599 
1291.0000000 100.2376995 100.0765414 
1292.0000000 100.0412809 99.8801228 
1293.0000000 99.8448624 99.6837043 
1294.0000000 99.6484438 99.4872857 
1295.0000000 99.4520253 99.2908672 
1296.0000000 99.2556067 99.0944486 
1297.0000000 99.0591882 98.8980301 
1298.0000000 98.8627696 98.7016115 
1299.0000000 98.6663511 98.5051930 
1300.0000000 98.4699325 98.3087744 
1301.0000000 98.2735140 98.1123559 
1302.0000000 98.0770954 97.9159373 
1303.0000000 97.8806769 97.7195188 
1304.0000000 97.6842583 97.5231002 
1305.0000000 97.4878398 97.3266817 
1306.0000000 97.2914212 97.1302631 
1307.0000000 97.0950027 96.9338446 
1308.0000000 96.8985841 96.7374260 
1309.0000000 96.7021656 96.5410074 
1310.0000000 96.5057470 96.3445889 
1311.0000000 96.3093285 96.1481703 
1312.0000000 96.1129099 95.9517518 
1313.0000000 95.9164914 95.7553332 
1314.0000000 95.7200728 95.5589147 
1315.0000000 95.5236543 95.3624961 
1316.0000000 95.3272357 95.1660776 
1317.0000000 95.1308172 94.9696590 
1318.0000000 94.9343986 94.7732405 
1319.0000000 94.7379801 94.5768219 
1320.0000000 94.5415615 94.3804034 
1321.0000000 94.3451430 94.1839848 
1322.0000000 94.1487244 93.9875663 
1323.0000000 93.9523059 93.7911477 
1324.0000000 93.7558873 93.5947292 
1325.0000000 93.5594688 93.3983106 
1326.0000000 93.3630502 93.2018921 
1327.0000000 93.1666317 93.0054735 
1328.0000000 92.9702131 92.8090550 
1329.0000000 92.7737946 92.6126364 
1330.0000000 92.5773760 92.4162179 
1331.0000000 92.3809575 92.2197993 
1332.0000000 92.1845389 92.0233808 
1333.0000000 91.9881204 91.8269622 
1334.0000000 91.7917018 91.6305437 
1335.0000000 91.5952833 91.4341251 
1336.0000000 91.3988647 91.2377066 
1337.0000000 91.2024462 91.0412880 
1338.0000000 91.0060276 90.8448695 
1339.0000000 90.8096091 90.6484509 
1340.0000000 90.6131905 90.4520324 
1341.0000000 90.4167720 90.2556138 
1342.0000000 90.2203534 90.0591953 
1343.0000000 90.0239349 89.8627767 
1344.0000000 89.8275163 89.6663582 
1345.0000000 89.6310978 89.4699396 
1346.0000000 89.4346792 89.2735211 
1347.0000000 89.2382607 89.0771025 
1348.0000000 89.0418421 88.8806840 
1349.0000000 88.8454236 88.6842654 
1350.0000000 88.6490050 88.4878469 
1351.0000000 88.4525865 88.2914283 
1352.0000000 88.2561679 88.0950098 
1353.0000000 88.0597494 87.8985912 
1354.0000000 87.8633308 87.7021727 
1355.0000000 87.6669123 87.5057541 
1356.0000000 87.4704937 87.3093356 
1357.0000000 87.2740752 87.1129170 
1358.0000000 87.0776566 86.9164985 
1359.0000000 86.8812381 86.7200799 
1360.0000000 86.6848195 86.5236614 
1361.0000000 86.4884010 86.3272428 
1362.0000000 86.2919824 86.1308243 
1363.0000000 86.0955639 85.9344057 
1364.0000000 85.8991453 85.7379872 
1365.0000000 85.7027268 85.5415686 
1366.0000000 85.5063082 85.3451501 
1367.0000000 85.3098897 85.1487315 
1368.0000000 85.1134711 84.9523130 
1369.0000000 84.9170526 84.7558944 
1370.0000000 84.7206340 84.5594759 
1371.0000000 84.5242154 84.3630573 
1372.0000000 84.3277969 84.1666388 
1373.0000000 84.1313783 83.9702202 
1374.0000000 83.9349598 83.7738017 
1375.0000000 83.7385412 83.5773831 
1376.0000000 83.5421227 83.3809646 
1377.0000000 83.3457041 83.1845460 
1378.0000000 83.1492856 82.9881275 
1379.0000000 82.9528670 82.7917089 
1380.0000000 82.7564485 82.5952904 
1381.0000000 82.5600299 82.3988718 
1382.0000000 82.3636114 82.2024533 
1383.0000000 82.1671928 82.0060347 
1384.0000000 81.9707743 81.8096162 
1385.0000000 81.7743557 81.6131976 
1386.0000000 81.5779372 81.4167791 
1387.0000000 81.3815186 81.2203605 
1388.0000000 81.1851001 81.0239420 
1389.0000000 80.9886815 80.8275234 
1390.0000000 80.7922630 80.6311049 
1391.0000000 80.5958444 80.4346863 
1392.0000000 80.3994259 80.2382678 
1393.0000000 80.2030073 80.0418492 
1394.0000000 80.0065888 79.8454307 
1395.0000000 79.8101702 79.6490121 
1396.0000000 79.6137517 79.4525936 
1397.0000000 79.4173331 79.2561750 
1398.0000000 79.2209146 79.0597565 
1399.0000000 79.0244960 78.8633379 
1400.0000000 78.8280775 78.6669194 
1401.0000000 78.6316589 78.4705008 
1402.0000000 78.4352404 78.2740823 
1403.0000000 78.2388218 78.0776637 
1404.0000000 78.0424033 77.8812452 
1405.0000000 77.8459847 77.6848266 
1406.0000000 77.6495662 77.4884081 
1407.0000000 77.4531476 77.2919895 
1408.0000000 77.2567291 77.0955710 
1409.0000000 77.0603105 76.8991524 
1410.0000000 76.8638920 76.7027339 
1411.0000000 76.6674734 76.5063153 
1412.0000000 76.4710549 76.3098968 
1413.0000000 76.2746363 76.1134782 
1414.0000000 76.0782178 75.9170597 
1415.0000000 75.8817992 75.7206411 
1416.0000000 75.6853807 75.5242226 
1417.0000000 75.4889621 75.3278040 
1418.0000000 75.2925436 75.1313855 
1419.0000000 75.0961250 74.9349669 
1420.0000000 74.8997065 74.7385484 
1421.0000000 74.7032879 74.5421298 
1422.0000000 74.5068694 74.3457113 
1423.0000000 74.3104508 74.1492927 
1424.0000000 74.1140323 73.9528742 
1425.0000000 73.9176137 73.7564556 
1426.0000000 73.7211952 73.5600371 
1427.0000000 73.5247766 73.3636185 
1428.0000000 73.3283581 73.1672000 
1429.0000000 73.1319395 72.9707814 
1430.0000000 72.9355210 72.7743629 
1431.0000000 72.7391024 72.5779443 
1432.0000000 72.5426839 72.3815258 
1433.0000000 72.3462653 72.1851072 
1434.0000000 72.1498468 71.9886887 
1435.0000000 71.9534282 71.7922701 
1436.0000000 71.7570097 71.5958516 
1437.0000000 71.5605911 71.3994330 
1438.0000000 71.3641726 71.2030145 
1439.0000000 71.1677540 71.0065959 
1440.0000000 70.9713355 70.8101774 
1441.0000000 70.7749169 70.6137588 
1442.0000000 70.5784984 70.4173403 
1443.0000000 70.3820798 70.2209217 
1444.0000000 70.1856613 70.0245032 
1445.0000000 69.9892427 69.8280846 
1446.0000000 69.7928242 69.6316661 
1447.0000000 69.5964056 69.4352475 
1448.0000000 69.3999871 69.2388290 
1449.0000000 69.2035685 69.0424104 
1450.0000000 69.0071500 68.8459919 
1451.0000000 68.8107314 68.6495733 
1452.0000000 68.6143129 68.4531548 
1453.0000000 68.4178943 68.2567362 
1454.0000000 68.2214758 68.0603177 
1455.0000000 68.0250572 67.8638991 
1456.0000000 67.8286387 67.6674806 
1457.0000000 67.6322201 67.4710620 
1458.0000000 67.4358016 67.2746435 
1459.0000000 67.2393830 67.0782249 
1460.0000000 67.0429645 66.8818063 
1461.0000000 66.8465459 66.6853878 
1462.0000000 66.6501274 66.4889692 
1463.0000000 66.4537088 66.2925507 
1464.0000000 66.2572903 66.0961321 
1465.0000000 66.0608717 65.8997136 
1466.0000000 65.8644532 65.7032950 
1467.0000000 65.6680346 65.5068765 
1468.0000000 65.4716161 65.3104579 
1469.0000000 65.2751975 65.1140394 
1470.0000000 65.0787790 64.9176208 
1471.0000000 64.8823604 64.7212023 
1472.0000000 64.6859419 64.5247837 
1473.0000000 64.4895233 64.3283652 
1474.0000000 64.2931048 64.1319466 
1475.0000000 64.0966862 63.9355281 
1476.0000000 63.9002677 63.7391095 
1477.0000000 63.7038491 63.5426910 
1478.0000000 63.5074306 63.3462724 
1479.0000000 63.3110120 63.1498539 
1480.0000000 63.1145935 62.9534353 
1481.0000000 62.9181749 62.7570168 
1482.0000000 62.7217564 62.5605982 
1483.0000000 62.5253378 62.3641797 
1484.0000000 62.3289193 62.1677611 
1485.0000000 62.1325007 61.9713426 
1486.0000000 61.9360822 61.7749240 
1487.0000000 61.7396636 61.5785055 
1488.0000000 61.5432451 61.3820869 
1489.0000000 61.3468265 61.1856684 
1490.0000000 61.1504080 60.9892498 
1491.0000000 60.9539894 60.7928313 
1492.0000000 60.7575709 60.5964127 
1493.0000000 60.5611523 60.3999942 
1494.0000000 60.3647338 60.2035756 
1495.0000000 60.1683152 60.0071571 
1496.0000000 59.9718967 59.8107385 
1497.0000000 59.7754781 59.6143200 
1498.0000000 59.5790596 59.4179014 
1499.0000000 59.3826410 59.2214829 
1500.0000000 59.1862225 59.0250643 
1501.0000000 58.9898039 58.8286458 
1502.0000000 58.7933854 58.6322272 
1503.0000000 58.5969668 58.4358087 
1504.0000000 58.4005483 58.2393901 
1505.0000000 58.2041297 58.0429716 
1506.0000000 58.0077112 57.8465530 
1507.0000000 57.8112926 57.6501345 
1508.0000000 57.6148741 57.4537159 
1509.0000000 57.4184555 57.2572974 
1510.0000000 57.2220370 57.0608788 
1511.0000000 57.0256184 56.8644603 
1512.0000000 56.8291999 56.6680417 
1513.0000000 56.6327813 56.4716232 
1514.0000000 56.4363628 56.2752046 
1515.0000000 56.2399442 56.0787861 
1516.0000000 56.0435257 55.8823675 
1517.0000000 55.8471071 55.6859490 
1518.0000000 55.6506886 55.4895304 
1519.0000000 55.4542700 55.2931119 
1520.0000000 55.2578515 55.0966933 
1521.0000000 55.0614329 54.9002748 
1522.0000000 54.8650143 54.7038562 
1523.0000000 54.6685958 54.5074377 
1524.0000000 54.4721772 54.3110191 
1525.0000000 54.2757587 54.1146006 
1526.0000000 54.0793401 53.9181820 
1527.0000000 53.8829216 53.7217635 
1528.0000000 53.6865030 53.5253449 
1529.0000000 53.4900845 53.3289264 
1530.0000000 53.2936659 53.1325078 
1531.0000000 53.0972474 52.9360893 
1532.0000000 52.9008288 52.7396707 
1533.0000000 52.7044103 52.5432522 
1534.0000000 52.5079917 52.3468336 
1535.0000000 52.3115732 52.1504151 
1536.0000000 52.1151546 51.9539965 
1537.0000000 51.9187361 51.7575780 
1538.0000000 51.7223175 51.5611594 
1539.0000000 51.5258990 51.3647409 
1540.0000000 51.3294804 51.1683223 
1541.0000000 51.1330619 50.9719038 
1542.0000000 50.9366433 50.7754852 
1543.0000000 50.7402248 50.5790667 
1544.0000000 50.5438062 50.3826481 
1545.0000000 50.3473877 50.1862296 
1546.0000000 50.1509691 49.9898110 
1547.0000000 49.9545506 49.7933925 
1548.0000000 49.7581320 49.5969739 
1549.0000000 49.5617135 49.4005554 
1550.0000000 49.3652949 49.2041368 
1551.0000000 49.1688764 49.0077183 
1552.0000000 48.9724578 48.8112997 
1553.0000000 48.7760393 48.6148812 
1554.0000000 48.5796207 48.4184626 
1555.0000000 48.3832022 48.2220441 
1556.0000000 48.1867836 48.0256255 
1557.0000000 47.9903651 47.8292070 
1558.0000000 47.7939465 47.6327884 
1559.0000000 47.5975280 47.4363699 
1560.0000000 47.4011094 47.2399513 
1561.0000000 47.2046909 47.0435328 
1562.0000000 47.0082723 46.8471142 
1563.0000000 46.8118538 46.6506957 
1564.0000000 46.6154352 46.4542771 
1565.0000000 46.4190167 46.2578586 
1566.0000000 46.2225981 46.0614400 
1567.0000000 46.0261796 45.8650215 
1568.0000000 45.8297610 45.6686029 
1569.0000000 45.6333425 45.4721844 
1570.0000000 45.4369239 45.2757658 
1571.0000000 45.2405054 45.0793473 
1572.0000000 45.0440868 44.8829287 
1573.0000000 44.8476683 44.6865102 
1574.0000000 44.6512497 44.4900916 
1575.0000000 44.4548312 44.2936731 
1576.0000000 44.2584126 44.0972545 
1577.0000000 44.0619941 43.9008360 
1578.0000000 43.8655755 43.7044174 
1579.0000000 43.6691570 43.5079989 
1580.0000000 43.4727384 43.3115803 
1581.0000000 43.2763199 43.1151618 
1582.0000000 43.0799013 42.9187432 
1583.0000000 42.8834828 42.7223247 
1584.0000000 42.6870642 42.5259061 
1585.0000000 42.4906457 42.3294876 
1586.0000000 42.2942271 42.1330690 
1587.0000000 42.0978086 41.9366505 
1588.0000000 41.9013900 41.7402319 
1589.0000000 41.7049715 41.5438134 
1590.0000000 41.5085529 41.3473948 
1591.0000000 41.3121344 41.1509763 
1592.0000000 41.1157158 40.9545577 
1593.0000000 40.9192973 40.7581392 
1594.0000000 40.7228787 40.5617206 
1595.0000000 40.5264602 40.3653021 
1596.0000000 40.3300416 40.1688835 
1597.0000000 40.1336231 39.9724650 
1598.0000000 39.9372045 39.7760464 
1599.0000000 39.7407860 39.5796279 
1600.0000000 39.5443674 39.3832093 
1601.0000000 39.3479489 39.1867908 
1602.0000000 39.1515303 38.9903722 
1603.0000000 38.9551118 38.7939537 
1604.0000000 38.7586932 38.5975351 
1605.0000000 38.5622747 38.4011166 
1606.0000000 38.3658561 38.2046980 
1607.0000000 38.1694376 38.0082795 
1608.0000000 37.9730190 37.8118609 
1609.0000000 37.7766005 37.6154424 
1610.0000000 37.5801819 37.4190238 
1611.0000000 37.3837634 37.2226053 
1612.0000000 37.1873448 37.0261867 
1613.0000000 36.9909263 36.8297681 
1614.0000000 36.7945077 36.6333496 
1615.0000000 36.5980892 36.4369310 
1616.0000000 36.4016706 36.2405125 
1617.0000000 36.2052521 36.0440939 
1618.0000000 36.0088335 35.8476754 
1619.0000000 35.8124150 35.6512568 
1620.0000000 35.6159964 35.4548383 
1621.0000000 35.4195779 35.2584197 
1622.0000000 35.2231593 35.0620012 
1623.0000000 35.0267408 34.8655826 
1624.0000000 34.8303222 34.6691641 
1625.0000000 34.6339037 34.4727455 
1626.0000000 34.4374851 34.2763270 
1627.0000000 34.2410666 34.0799084 
1628.0000000 34.0446480 33.8834899 
1629.0000000 33.8482295 33.6870713 
1630.0000000 33.6518109 33.4906528 
1631.0000000 33.4553924 33.2942342 
1632.0000000 33.2589738 33.0978157 
1633.0000000 33.0625553 32.9013971 
1634.0000000 32.8661367 32.7049786 
1635.0000000 32.6697182 32.5085600 
1636.0000000 32.4732996 32.3121415 
1637.0000000 32.2768811 32.1157229 
1638.0000000 32.0804625 31.9193044 
1639.0000000 31.8840440 31.7228858 
1640.0000000 31.6876254 31.5264673 
1641.0000000 31.4912069 31.3300487 
1642.0000000 31.2947883 31.1336302 
1643.0000000 31.0983698 30.9372116 
1644.0000000 30.9019512 30.7407931 
1645.0000000 30.7055327 30.5443745 
1646.0000000 30.5091141 30.3479560 
1647.0000000 30.3126956 30.1515374 
1648.0000000 30.1162770 29.9551189 
1649.0000000 29.9198585 29.7587003 
1650.0000000 29.7234399 29.5622818 
1651.0000000 29.5270214 29.3658632 
1652.0000000 29.3306028 29.1694447 
1653.0000000 29.1341843 28.9730261 
1654.0000000 28.9377657 28.7766076 
1655.0000000 28.7413472 28.5801890 
1656.0000000 28.5449286 28.3837705 
1657.0000000 28.3485101 28.1873519 
1658.0000000 28.1520915 27.9909334 
1659.0000000 27.9556730 27.7945148 
1660.0000000 27.7592544 27.5980963 
1661.0000000 27.5628359 27.4016777 
1662.0000000 27.3664173 27.2052592 
1663.0000000 27.1699988 27.0088406 
1664.0000000 26.9735802 26.8124221 
1665.0000000 26.7771617 26.6160035 
1666.0000000 26.5807431 26.4195850 
1667.0000000 26.3843246 26.2231664 
1668.0000000 26.1879060 26.0267479 
1669.0000000 25.9914875 25.8303293 
1670.0000000 25.7950689 25.6339108 
1671.0000000 25.5986504 25.4374922 
1672.0000000 25.4022318 25.2410737 
1673.0000000 25.2058133 25.0446551 
1674.0000000 25.0093947 24.8482366 
1675.0000000 24.8129761 24.6518180 
1676.0000000 24.6165576 24.4553995 
1677.0000000 24.4201390 24.2589809 
1678.0000000 24.2237205 24.0625624 
1679.0000000 24.0273019 23.8661438 
1680.0000000 23.8308834 23.6697253 
1681.0000000 23.6344648 23.4733067 
1682.0000000 23.4380463 23.2768882 
1683.0000000 23.2416277 23.0804696 
1684.0000000 23.0452092 22.8840511 
1685.0000000 22.8487906 22.6876325 
1686.0000000 22.6523721 22.4912140 
1687.0000000 22.4559535 22.2947954 
1688.0000000 22.2595350 22.0983769 
1689.0000000 22.0631164 21.9019583 
1690.0000000 21.8666979 21.7055398 
1691.0000000 21.6702793 21.5091212 
1692.0000000 21.4738608 21.3127027 
1693.0000000 21.2774422 21.1162841 
1694.0000000 21.0810237 20.9198656 
1695.0000000 20.8846051 20.7234470 
1696.0000000 20.6881866 20.5270285 
1697.0000000 20.4917680 20.3306099 
1698.0000000 20.2953495 20.1341914 
1699.0000000 20.0989309 19.9377728 
1700.0000000 19.9025124 19.7413543 
1701.0000000 19.7060938 19.5449357 
1702.0000000 19.5096753 19.3485172 
1703.0000000 19.3132567 19.1520986 
1704.0000000 19.1168382 18.9556801 
1705.0000000 18.9204196 18.7592615 
1706.0000000 18.7240011 18.5628430 
1707.0000000 18.5275825 18.3664244 
1708.0000000 18.3311640 18.1700059 
1709.0000000 18.1347454 17.9735873 
1710.0000000 17.9383269 17.7771688 
1711.0000000 17.7419083 17.5807502 
1712.0000000 17.5454898 17.3843317 
1713.0000000 17.3490712 17.1879131 
1714.0000000 17.1526527 16.9914946 
1715.0000000 16.9562341 16.7950760 
1716.0000000 16.7598156 16.5986575 
1717.0000000 16.5633970 16.4022389 
1718.0000000 16.3669785 16.2058204 
1719.0000000 16.1705599 16.0094018 
1720.0000000 15.9741414 15.8129833 
1721.0000000 15.7777228 15.6165647 
1722.0000000 15.5813043 15.4201462 
1723.0000000 15.3848857 15.2237276 
1724.0000000 15.1884672 15.0273091 
1725.0000000 14.9920486 14.8308905 
1726.0000000 14.7956301 14.6344720 
1727.0000000 14.5992115 14.4380534 
1728.0000000 14.4027930 14.2416349 
1729.0000000 14.2063744 14.0452163 
1730.0000000 14.0099559 13.8487978 
1731.0000000 13.8135373 13.6523792 
1732.0000000 13.6171188 13.4559607 
1733.0000000 13.4207002 13.2595421 
1734.0000000 13.2242817 13.0631236 
1735.0000000 13.0278631 12.8667050 
1736.0000000 12.8314446 12.6702865 
1737.0000000 12.6350260 12.4738679 
1738.0000000 12.4386075 12.2774494 
1739.0000000 12.2421889 12.0810308 
1740.0000000 12.0457704 11.8846123 
1741.0000000 11.8493518 11.6881937 
1742.0000000 11.6529333 11.4917752 
1743.0000000 11.4565147 11.2953566 
1744.0000000 11.2600962 11.0989381 
1745.0000000 11.0636776 10.9025195 
1746.0000000 10.8672591 10.7061010 
1747.0000000 10.6708405 10.5096824 
1748.0000000 10.4744220 10.3132639 
1749.0000000 10.2780034 10.1168453 
1750.0000000 10.0815849 9.9204268 
1751.0000000 9.8851663 9.7240082 
1752.0000000 9.6887478 9.5275897 
1753.0000000 9.4923292 9.3311711 
1754.0000000 9.2959107 9.1347526 
1755.0000000 9.0994921 8.9383340 
1756.0000000 8.9030736 8.7419155 
1757.0000000 8.7066550 8.5454969 
1758.0000000 8.5102365 8.3490784 
1759.0000000 8.3138179 8.1526598 
1760.0000000 8.1173994 7.9562413 
1761.0000000 7.9209808 7.7598227 
1762.0000000 7.7245623 7.5634042 
1763.0000000 7.5281437 7.3669856 
1764.0000000 7.3317252 7.1705670 
1765.0000000 7.1353066 6.9741485 
1766.0000000 6.9388881 6.7777299 
1767.0000000 6.7424695 6.5813114 
1768.0000000 6.5460510 6.3848928 
1769.0000000 6.3496324 6.1884743 
1770.0000000 6.1532139 5.9920557 
1771.0000000 5.9567953 5.7956372 
1772.0000000 5.7603768 5.5992186 
1773.0000000 5.5639582 5.4028001 
1774.0000000 5.3675397 5.2063815 
1775.0000000 5.1711211 5.0099630 
1776.0000000 4.9747026 4.8135444 
1777.0000000 4.7782840 4.6171259 
1778.0000000 4.5818655 4.4207073 
1779.0000000 4.3854469 4.2242888 
1780.0000000 4.1890284 4.0278702 
1781.0000000 3.9926098 3.8314517 
1782.0000000 3.7961913 3.6350331 
1783.0000000 3.5997727 3.4386146 
1784.0000000 3.4033542 3.2421960 
1785.0000000 3.2069356 3.0457775 
1786.0000000 3.0105171 2.8493589 
1787.0000000 2.8140985 2.6529404 
1788.0000000 2.6176800 2.4565218 
1789.0000000 2.4212614 2.2601033 
1790.0000000 2.2248429 2.0636847 
1791.0000000 2.0284243 1.8672662 
1792.0000000 1.8320058 1.6708476 
1793.0000000 1.6355872 1.4744291 
1794.0000000 1.4391687 1.2780105 
1795.0000000 1.2427501 1.0815920 
1796.0000000 1.0463316 0.8851734 
1797.0000000 0.8499130 0.6887549 
1798.0000000 0.6534945 0.4923363 
1799.0000000 0.4570759 0.2959178 
1800.0000000 0.2606574 0.0994992 

