1.0000000 353.5912335 353.6030209 
2.0000000 353.3948149 353.4066024 
3.0000000 353.1983964 353.2101838 
4.0000000 353.0019778 353.0137653 
5.0000000 352.8055593 352.8173467 
6.0000000 352.6091407 352.6209282 
7.0000000 352.4127222 352.4245096 
8.0000000 352.2163036 352.2280911 
9.0000000 352.0198851 352.0316725 
10.0000000 351.8234665 351.8352540 
11.0000000 351.6270480 351.6388354 
12.0000000 351.4306294 351.4424169 
13.0000000 351.2342109 351.2459983 
14.0000000 351.0377923 351.0495798 
15.0000000 350.8413738 350.8531612 
16.0000000 350.6449552 350.6567427 
17.0000000 350.4485367 350.4603241 
18.0000000 350.2521181 350.2639056 
19.0000000 350.0556996 350.0674870 
20.0000000 349.8592810 349.8710685 
21.0000000 349.6628625 349.6746499 
22.0000000 349.4664439 349.4782314 
23.0000000 349.2700254 349.2818128 
24.0000000 349.0736068 349.0853943 
25.0000000 348.8771883 348.8889757 
26.0000000 348.6807697 348.6925572 
27.0000000 348.4843512 348.4961386 
28.0000000 348.2879326 348.2997201 
29.0000000 348.0915141 348.1033015 
30.0000000 347.8950955 347.9068830 
31.0000000 347.6986770 347.7104644 
32.0000000 347.5022584 347.5140459 
33.0000000 347.3058399 347.3176273 
34.0000000 347.1094213 347.1212088 
35.0000000 346.9130028 346.9247902 
36.0000000 346.7165842 346.7283717 
37.0000000 346.5201657 346.5319531 
38.0000000 346.3237471 346.3355345 
39.0000000 346.1273286 346.1391160 
40.0000000 345.9309100 345.9426974 
41.0000000 345.7344915 345.7462789 
42.0000000 345.5380729 345.5498603 
43.0000000 345.3416544 345.3534418 
44.0000000 345.1452358 345.1570232 
45.0000000 344.9488173 344.9606047 
46.0000000 344.7523987 344.7641861 
47.0000000 344.5559802 344.5677676 
48.0000000 344.3595616 344.3713490 
49.0000000 344.1631431 344.1749305 
50.0000000 343.9667245 343.9785119 
51.0000000 343.7703060 343.7820934 
52.0000000 343.5738874 343.5856748 
53.0000000 343.3774689 343.3892563 
54.0000000 343.1810503 343.1928377 
55.0000000 342.9846318 342.9964192 
56.0000000 342.7882132 342.8000006 
57.0000000 342.5917947 342.6035821 
58.0000000 342.3953761 342.4071635 
59.0000000 342.1989576 342.2107450 
60.0000000 342.0025390 342.0143264 
61.0000000 341.8061205 341.8179079 
62.0000000 341.6097019 341.6214893 
63.0000000 341.4132834 341.4250708 
64.0000000 341.2168648 341.2286522 
65.0000000 341.0204463 341.0322337 
66.0000000 340.8240277 340.8358151 
67.0000000 340.6276092 340.6393966 
68.0000000 340.4311906 340.4429780 
69.0000000 340.2347721 340.2465595 
70.0000000 340.0383535 340.0501409 
71.0000000 339.8419350 339.8537224 
72.0000000 339.6455164 339.6573038 
73.0000000 339.4490979 339.4608853 
74.0000000 339.2526793 339.2644667 
75.0000000 339.0562608 339.0680482 
76.0000000 338.8598422 338.8716296 
77.0000000 338.6634237 338.6752111 
78.0000000 338.4670051 338.4787925 
79.0000000 338.2705866 338.2823740 
80.0000000 338.0741680 338.0859554 
81.0000000 337.8777495 337.8895369 
82.0000000 337.6813309 337.6931183 
83.0000000 337.4849124 337.4966998 
84.0000000 337.2884938 337.3002812 
85.0000000 337.0920753 337.1038627 
86.0000000 336.8956567 336.9074441 
87.0000000 336.6992382 336.7110256 
88.0000000 336.5028196 336.5146070 
89.0000000 336.3064011 336.3181885 
90.0000000 336.1099825 336.1217699 
91.0000000 335.9135640 335.9253514 
92.0000000 335.7171454 335.7289328 
93.0000000 335.5207269 335.5325143 
94.0000000 335.3243083 335.3360957 
95.0000000 335.1278898 335.1396772 
96.0000000 334.9314712 334.9432586 
97.0000000 334.7350527 334.7468401 
98.0000000 334.5386341 334.5504215 
99.0000000 334.3422156 334.3540030 
100.0000000 334.1457970 334.1575844 
101.0000000 333.9493785 333.9611659 
102.0000000 333.7529599 333.7647473 
103.0000000 333.5565414 333.5683288 
104.0000000 333.3601228 333.3719102 
105.0000000 333.1637043 333.1754917 
106.0000000 332.9672857 332.9790731 
107.0000000 332.7708672 332.7826546 
108.0000000 332.5744486 332.5862360 
109.0000000 332.3780301 332.3898175 
110.0000000 332.1816115 332.1933989 
111.0000000 331.9851930 331.9969804 
112.0000000 331.7887744 331.8005618 
113.0000000 331.5923559 331.6041433 
114.0000000 331.3959373 331.4077247 
115.0000000 331.1995188 331.2113062 
116.0000000 331.0031002 331.0148876 
117.0000000 330.8066817 330.8184691 
118.0000000 330.6102631 330.6220505 
119.0000000 330.4138446 330.4256320 
120.0000000 330.2174260 330.2292134 
121.0000000 330.0210075 330.0327949 
122.0000000 329.8245889 329.8363763 
123.0000000 329.6281704 329.6399578 
124.0000000 329.4317518 329.4435392 
125.0000000 329.2353333 329.2471207 
126.0000000 329.0389147 329.0507021 
127.0000000 328.8424962 328.8542836 
128.0000000 328.6460776 328.6578650 
129.0000000 328.4496591 328.4614465 
130.0000000 328.2532405 328.2650279 
131.0000000 328.0568220 328.0686094 
132.0000000 327.8604034 327.8721908 
133.0000000 327.6639849 327.6757723 
134.0000000 327.4675663 327.4793537 
135.0000000 327.2711477 327.2829352 
136.0000000 327.0747292 327.0865166 
137.0000000 326.8783106 326.8900981 
138.0000000 326.6818921 326.6936795 
139.0000000 326.4854735 326.4972610 
140.0000000 326.2890550 326.3008424 
141.0000000 326.0926364 326.1044239 
142.0000000 325.8962179 325.9080053 
143.0000000 325.6997993 325.7115868 
144.0000000 325.5033808 325.5151682 
145.0000000 325.3069622 325.3187497 
146.0000000 325.1105437 325.1223311 
147.0000000 324.9141251 324.9259126 
148.0000000 324.7177066 324.7294940 
149.0000000 324.5212880 324.5330755 
150.0000000 324.3248695 324.3366569 
151.0000000 324.1284509 324.1402384 
152.0000000 323.9320324 323.9438198 
153.0000000 323.7356138 323.7474013 
154.0000000 323.5391953 323.5509827 
155.0000000 323.3427767 323.3545642 
156.0000000 323.1463582 323.1581456 
157.0000000 322.9499396 322.9617271 
158.0000000 322.7535211 322.7653085 
159.0000000 322.5571025 322.5688900 
160.0000000 322.3606840 322.3724714 
161.0000000 322.1642654 322.1760529 
162.0000000 321.9678469 321.9796343 
163.0000000 321.7714283 321.7832158 
164.0000000 321.5750098 321.5867972 
165.0000000 321.3785912 321.3903787 
166.0000000 321.1821727 321.1939601 
167.0000000 320.9857541 320.9975416 
168.0000000 320.7893356 320.8011230 
169.0000000 320.5929170 320.6047045 
170.0000000 320.3964985 320.4082859 
171.0000000 320.2000799 320.2118674 
172.0000000 320.0036614 320.0154488 
173.0000000 319.8072428 319.8190303 
174.0000000 319.6108243 319.6226117 
175.0000000 319.4144057 319.4261932 
176.0000000 319.2179872 319.2297746 
177.0000000 319.0215686 319.0333561 
178.0000000 318.8251501 318.8369375 
179.0000000 318.6287315 318.6405190 
180.0000000 318.4323130 318.4441004 
181.0000000 318.2358944 318.2476819 
182.0000000 318.0394759 318.0512633 
183.0000000 317.8430573 317.8548448 
184.0000000 317.6466388 317.6584262 
185.0000000 317.4502202 317.4620077 
186.0000000 317.2538017 317.2655891 
187.0000000 317.0573831 317.0691706 
188.0000000 316.8609646 316.8727520 
189.0000000 316.6645460 316.6763334 
190.0000000 316.4681275 316.4799149 
191.0000000 316.2717089 316.2834963 
192.0000000 316.0752904 316.0870778 
193.0000000 315.8788718 315.8906592 
194.0000000 315.6824533 315.6942407 
195.0000000 315.4860347 315.4978221 
196.0000000 315.2896162 315.3014036 
197.0000000 315.0931976 315.1049850 
198.0000000 314.8967791 314.9085665 
199.0000000 314.7003605 314.7121479 
200.0000000 314.5039420 314.5157294 
201.0000000 314.3075234 314.3193108 
202.0000000 314.1111049 314.1228923 
203.0000000 313.9146863 313.9264737 
204.0000000 313.7182678 313.7300552 
205.0000000 313.5218492 313.5336366 
206.0000000 313.3254307 313.3372181 
207.0000000 313.1290121 313.1407995 
208.0000000 312.9325936 312.9443810 
209.0000000 312.7361750 312.7479624 
210.0000000 312.5397565 312.5515439 
211.0000000 312.3433379 312.3551253 
212.0000000 312.1469194 312.1587068 
213.0000000 311.9505008 311.9622882 
214.0000000 311.7540823 311.7658697 
215.0000000 311.5576637 311.5694511 
216.0000000 311.3612452 311.3730326 
217.0000000 311.1648266 311.1766140 
218.0000000 310.9684081 310.9801955 
219.0000000 310.7719895 310.7837769 
220.0000000 310.5755710 310.5873584 
221.0000000 310.3791524 310.3909398 
222.0000000 310.1827339 310.1945213 
223.0000000 309.9863153 309.9981027 
224.0000000 309.7898968 309.8016842 
225.0000000 309.5934782 309.6052656 
226.0000000 309.3970597 309.4088471 
227.0000000 309.2006411 309.2124285 
228.0000000 309.0042226 309.0160100 
229.0000000 308.8078040 308.8195914 
230.0000000 308.6113855 308.6231729 
231.0000000 308.4149669 308.4267543 
232.0000000 308.2185484 308.2303358 
233.0000000 308.0221298 308.0339172 
234.0000000 307.8257113 307.8374987 
235.0000000 307.6292927 307.6410801 
236.0000000 307.4328742 307.4446616 
237.0000000 307.2364556 307.2482430 
238.0000000 307.0400371 307.0518245 
239.0000000 306.8436185 306.8554059 
240.0000000 306.6472000 306.6589874 
241.0000000 306.4507814 306.4625688 
242.0000000 306.2543629 306.2661503 
243.0000000 306.0579443 306.0697317 
244.0000000 305.8615258 305.8733132 
245.0000000 305.6651072 305.6768946 
246.0000000 305.4686887 305.4804761 
247.0000000 305.2722701 305.2840575 
248.0000000 305.0758516 305.0876390 
249.0000000 304.8794330 304.8912204 
250.0000000 304.6830145 304.6948019 
251.0000000 304.4865959 304.4983833 
252.0000000 304.2901774 304.3019648 
253.0000000 304.0937588 304.1055462 
254.0000000 303.8973403 303.9091277 
255.0000000 303.7009217 303.7127091 
256.0000000 303.5045032 303.5162906 
257.0000000 303.3080846 303.3198720 
258.0000000 303.1116661 303.1234535 
259.0000000 302.9152475 302.9270349 
260.0000000 302.7188290 302.7306164 
261.0000000 302.5224104 302.5341978 
262.0000000 302.3259919 302.3377793 
263.0000000 302.1295733 302.1413607 
264.0000000 301.9331548 301.9449422 
265.0000000 301.7367362 301.7485236 
266.0000000 301.5403177 301.5521051 
267.0000000 301.3438991 301.3556865 
268.0000000 301.1474806 301.1592680 
269.0000000 300.9510620 300.9628494 
270.0000000 300.7546435 300.7664309 
271.0000000 300.5582249 300.5700123 
272.0000000 300.3618064 300.3735938 
273.0000000 300.1653878 300.1771752 
274.0000000 299.9689693 299.9807567 
275.0000000 299.7725507 299.7843381 
276.0000000 299.5761322 299.5879196 
277.0000000 299.3797136 299.3915010 
278.0000000 299.1832951 299.1950825 
279.0000000 298.9868765 298.9986639 
280.0000000 298.7904580 298.8022454 
281.0000000 298.5940394 298.6058268 
282.0000000 298.3976209 298.4094083 
283.0000000 298.2012023 298.2129897 
284.0000000 298.0047838 298.0165712 
285.0000000 297.8083652 297.8201526 
286.0000000 297.6119466 297.6237341 
287.0000000 297.4155281 297.4273155 
288.0000000 297.2191095 297.2308970 
289.0000000 297.0226910 297.0344784 
290.0000000 296.8262724 296.8380599 
291.0000000 296.6298539 296.6416413 
292.0000000 296.4334353 296.4452228 
293.0000000 296.2370168 296.2488042 
294.0000000 296.0405982 296.0523857 
295.0000000 295.8441797 295.8559671 
296.0000000 295.6477611 295.6595486 
297.0000000 295.4513426 295.4631300 
298.0000000 295.2549240 295.2667115 
299.0000000 295.0585055 295.0702929 
300.0000000 294.8620869 294.8738744 
301.0000000 294.6656684 294.6774558 
302.0000000 294.4692498 294.4810373 
303.0000000 294.2728313 294.2846187 
304.0000000 294.0764127 294.0882002 
305.0000000 293.8799942 293.8917816 
306.0000000 293.6835756 293.6953631 
307.0000000 293.4871571 293.4989445 
308.0000000 293.2907385 293.3025260 
309.0000000 293.0943200 293.1061074 
310.0000000 292.8979014 292.9096889 
311.0000000 292.7014829 292.7132703 
312.0000000 292.5050643 292.5168518 
313.0000000 292.3086458 292.3204332 
314.0000000 292.1122272 292.1240147 
315.0000000 291.9158087 291.9275961 
316.0000000 291.7193901 291.7311776 
317.0000000 291.5229716 291.5347590 
318.0000000 291.3265530 291.3383405 
319.0000000 291.1301345 291.1419219 
320.0000000 290.9337159 290.9455034 
321.0000000 290.7372974 290.7490848 
322.0000000 290.5408788 290.5526663 
323.0000000 290.3444603 290.3562477 
324.0000000 290.1480417 290.1598292 
325.0000000 289.9516232 289.9634106 
326.0000000 289.7552046 289.7669921 
327.0000000 289.5587861 289.5705735 
328.0000000 289.3623675 289.3741550 
329.0000000 289.1659490 289.1777364 
330.0000000 288.9695304 288.9813179 
331.0000000 288.7731119 288.7848993 
332.0000000 288.5766933 288.5884808 
333.0000000 288.3802748 288.3920622 
334.0000000 288.1838562 288.1956437 
335.0000000 287.9874377 287.9992251 
336.0000000 287.7910191 287.8028066 
337.0000000 287.5946006 287.6063880 
338.0000000 287.3981820 287.4099695 
339.0000000 287.2017635 287.2135509 
340.0000000 287.0053449 287.0171324 
341.0000000 286.8089264 286.8207138 
342.0000000 286.6125078 286.6242952 
343.0000000 286.4160893 286.4278767 
344.0000000 286.2196707 286.2314581 
345.0000000 286.0232522 286.0350396 
346.0000000 285.8268336 285.8386210 
347.0000000 285.6304151 285.6422025 
348.0000000 285.4339965 285.4457839 
349.0000000 285.2375780 285.2493654 
350.0000000 285.0411594 285.0529468 
351.0000000 284.8447409 284.8565283 
352.0000000 284.6483223 284.6601097 
353.0000000 284.4519038 284.4636912 
354.0000000 284.2554852 284.2672726 
355.0000000 284.0590667 284.0708541 
356.0000000 283.8626481 283.8744355 
357.0000000 283.6662296 283.6780170 
358.0000000 283.4698110 283.4815984 
359.0000000 283.2733925 283.2851799 
360.0000000 283.0769739 283.0887613 
361.0000000 282.8805554 282.8923428 
362.0000000 282.6841368 282.6959242 
363.0000000 282.4877183 282.4995057 
364.0000000 282.2912997 282.3030871 
365.0000000 282.0948812 282.1066686 
366.0000000 281.8984626 281.9102500 
367.0000000 281.7020441 281.7138315 
368.0000000 281.5056255 281.5174129 
369.0000000 281.3092070 281.3209944 
370.0000000 281.1127884 281.1245758 
371.0000000 280.9163699 280.9281573 
372.0000000 280.7199513 280.7317387 
373.0000000 280.5235328 280.5353202 
374.0000000 280.3271142 280.3389016 
375.0000000 280.1306957 280.1424831 
376.0000000 279.9342771 279.9460645 
377.0000000 279.7378586 279.7496460 
378.0000000 279.5414400 279.5532274 
379.0000000 279.3450215 279.3568089 
380.0000000 279.1486029 279.1603903 
381.0000000 278.9521844 278.9639718 
382.0000000 278.7557658 278.7675532 
383.0000000 278.5593473 278.5711347 
384.0000000 278.3629287 278.3747161 
385.0000000 278.1665102 278.1782976 
386.0000000 277.9700916 277.9818790 
387.0000000 277.7736731 277.7854605 
388.0000000 277.5772545 277.5890419 
389.0000000 277.3808360 277.3926234 
390.0000000 277.1844174 277.1962048 
391.0000000 276.9879989 276.9997863 
392.0000000 276.7915803 276.8033677 
393.0000000 276.5951618 276.6069492 
394.0000000 276.3987432 276.4105306 
395.0000000 276.2023247 276.2141121 
396.0000000 276.0059061 276.0176935 
397.0000000 275.8094876 275.8212750 
398.0000000 275.6130690 275.6248564 
399.0000000 275.4166505 275.4284379 
400.0000000 275.2202319 275.2320193 
401.0000000 275.0238134 275.0356008 
402.0000000 274.8273948 274.8391822 
403.0000000 274.6309763 274.6427637 
404.0000000 274.4345577 274.4463451 
405.0000000 274.2381392 274.2499266 
406.0000000 274.0417206 274.0535080 
407.0000000 273.8453021 273.8570895 
408.0000000 273.6488835 273.6606709 
409.0000000 273.4524650 273.4642524 
410.0000000 273.2560464 273.2678338 
411.0000000 273.0596279 273.0714153 
412.0000000 272.8632093 272.8749967 
413.0000000 272.6667908 272.6785782 
414.0000000 272.4703722 272.4821596 
415.0000000 272.2739537 272.2857411 
416.0000000 272.0775351 272.0893225 
417.0000000 271.8811166 271.8929040 
418.0000000 271.6846980 271.6964854 
419.0000000 271.4882795 271.5000669 
420.0000000 271.2918609 271.3036483 
421.0000000 271.0954424 271.1072298 
422.0000000 270.8990238 270.9108112 
423.0000000 270.7026053 270.7143927 
424.0000000 270.5061867 270.5179741 
425.0000000 270.3097682 270.3215556 
426.0000000 270.1133496 270.1251370 
427.0000000 269.9169311 269.9287185 
428.0000000 269.7205125 269.7322999 
429.0000000 269.5240940 269.5358814 
430.0000000 269.3276754 269.3394628 
431.0000000 269.1312569 269.1430443 
432.0000000 268.9348383 268.9466257 
433.0000000 268.7384198 268.7502072 
434.0000000 268.5420012 268.5537886 
435.0000000 268.3455827 268.3573701 
436.0000000 268.1491641 268.1609515 
437.0000000 267.9527456 267.9645330 
438.0000000 267.7563270 267.7681144 
439.0000000 267.5599084 267.5716959 
440.0000000 267.3634899 267.3752773 
441.0000000 267.1670713 267.1788588 
442.0000000 266.9706528 266.9824402 
443.0000000 266.7742342 266.7860217 
444.0000000 266.5778157 266.5896031 
445.0000000 266.3813971 266.3931846 
446.0000000 266.1849786 266.1967660 
447.0000000 265.9885600 266.0003475 
448.0000000 265.7921415 265.8039289 
449.0000000 265.5957229 265.6075104 
450.0000000 265.3993044 265.4110918 
451.0000000 265.2028858 265.2146733 
452.0000000 265.0064673 265.0182547 
453.0000000 264.8100487 264.8218362 
454.0000000 264.6136302 264.6254176 
455.0000000 264.4172116 264.4289991 
456.0000000 264.2207931 264.2325805 
457.0000000 264.0243745 264.0361620 
458.0000000 263.8279560 263.8397434 
459.0000000 263.6315374 263.6433249 
460.0000000 263.4351189 263.4469063 
461.0000000 263.2387003 263.2504878 
462.0000000 263.0422818 263.0540692 
463.0000000 262.8458632 262.8576507 
464.0000000 262.6494447 262.6612321 
465.0000000 262.4530261 262.4648136 
466.0000000 262.2566076 262.2683950 
467.0000000 262.0601890 262.0719765 
468.0000000 261.8637705 261.8755579 
469.0000000 261.6673519 261.6791394 
470.0000000 261.4709334 261.4827208 
471.0000000 261.2745148 261.2863023 
472.0000000 261.0780963 261.0898837 
473.0000000 260.8816777 260.8934652 
474.0000000 260.6852592 260.6970466 
475.0000000 260.4888406 260.5006281 
476.0000000 260.2924221 260.3042095 
477.0000000 260.0960035 260.1077910 
478.0000000 259.8995850 259.9113724 
479.0000000 259.7031664 259.7149539 
480.0000000 259.5067479 259.5185353 
481.0000000 259.3103293 259.3221168 
482.0000000 259.1139108 259.1256982 
483.0000000 258.9174922 258.9292797 
484.0000000 258.7210737 258.7328611 
485.0000000 258.5246551 258.5364426 
486.0000000 258.3282366 258.3400240 
487.0000000 258.1318180 258.1436055 
488.0000000 257.9353995 257.9471869 
489.0000000 257.7389809 257.7507684 
490.0000000 257.5425624 257.5543498 
491.0000000 257.3461438 257.3579313 
492.0000000 257.1497253 257.1615127 
493.0000000 256.9533067 256.9650941 
494.0000000 256.7568882 256.7686756 
495.0000000 256.5604696 256.5722570 
496.0000000 256.3640511 256.3758385 
497.0000000 256.1676325 256.1794199 
498.0000000 255.9712140 255.9830014 
499.0000000 255.7747954 255.7865828 
500.0000000 255.5783769 255.5901643 
501.0000000 255.3819583 255.3937457 
502.0000000 255.1855398 255.1973272 
503.0000000 254.9891212 255.0009086 
504.0000000 254.7927027 254.8044901 
505.0000000 254.5962841 254.6080715 
506.0000000 254.3998656 254.4116530 
507.0000000 254.2034470 254.2152344 
508.0000000 254.0070285 254.0188159 
509.0000000 253.8106099 253.8223973 
510.0000000 253.6141914 253.6259788 
511.0000000 253.4177728 253.4295602 
512.0000000 253.2213543 253.2331417 
513.0000000 253.0249357 253.0367231 
514.0000000 252.8285172 252.8403046 
515.0000000 252.6320986 252.6438860 
516.0000000 252.4356801 252.4474675 
517.0000000 252.2392615 252.2510489 
518.0000000 252.0428430 252.0546304 
519.0000000 251.8464244 251.8582118 
520.0000000 251.6500059 251.6617933 
521.0000000 251.4535873 251.4653747 
522.0000000 251.2571688 251.2689562 
523.0000000 251.0607502 251.0725376 
524.0000000 250.8643317 250.8761191 
525.0000000 250.6679131 250.6797005 
526.0000000 250.4714946 250.4832820 
527.0000000 250.2750760 250.2868634 
528.0000000 250.0786575 250.0904449 
529.0000000 249.8822389 249.8940263 
530.0000000 249.6858204 249.6976078 
531.0000000 249.4894018 249.5011892 
532.0000000 249.2929833 249.3047707 
533.0000000 249.0965647 249.1083521 
534.0000000 248.9001462 248.9119336 
535.0000000 248.7037276 248.7155150 
536.0000000 248.5073091 248.5190965 
537.0000000 248.3108905 248.3226779 
538.0000000 248.1144720 248.1262594 
539.0000000 247.9180534 247.9298408 
540.0000000 247.7216349 247.7334223 
541.0000000 247.5252163 247.5370037 
542.0000000 247.3287978 247.3405852 
543.0000000 247.1323792 247.1441666 
544.0000000 246.9359607 246.9477481 
545.0000000 246.7395421 246.7513295 
546.0000000 246.5431236 246.5549110 
547.0000000 246.3467050 246.3584924 
548.0000000 246.1502865 246.1620739 
549.0000000 245.9538679 245.9656553 
550.0000000 245.7574494 245.7692368 
551.0000000 245.5610308 245.5728182 
552.0000000 245.3646123 245.3763997 
553.0000000 245.1681937 245.1799811 
554.0000000 244.9717752 244.9835626 
555.0000000 244.7753566 244.7871440 
556.0000000 244.5789381 244.5907255 
557.0000000 244.3825195 244.3943069 
558.0000000 244.1861010 244.1978884 
559.0000000 243.9896824 244.0014698 
560.0000000 243.7932639 243.8050513 
561.0000000 243.5968453 243.6086327 
562.0000000 243.4004268 243.4122142 
563.0000000 243.2040082 243.2157956 
564.0000000 243.0075897 243.0193771 
565.0000000 242.8111711 242.8229585 
566.0000000 242.6147526 242.6265400 
567.0000000 242.4183340 242.4301214 
568.0000000 242.2219155 242.2337029 
569.0000000 242.0254969 242.0372843 
570.0000000 241.8290784 241.8408658 
571.0000000 241.6326598 241.6444472 
572.0000000 241.4362413 241.4480287 
573.0000000 241.2398227 241.2516101 
574.0000000 241.0434042 241.0551916 
575.0000000 240.8469856 240.8587730 
576.0000000 240.6505671 240.6623545 
577.0000000 240.4541485 240.4659359 
578.0000000 240.2577300 240.2695174 
579.0000000 240.0613114 240.0730988 
580.0000000 239.8648929 239.8766803 
581.0000000 239.6684743 239.6802617 
582.0000000 239.4720558 239.4838432 
583.0000000 239.2756372 239.2874246 
584.0000000 239.0792187 239.0910061 
585.0000000 238.8828001 238.8945875 
586.0000000 238.6863816 238.6981690 
587.0000000 238.4899630 238.5017504 
588.0000000 238.2935445 238.3053319 
589.0000000 238.0971259 238.1089133 
590.0000000 237.9007073 237.9124948 
591.0000000 237.7042888 237.7160762 
592.0000000 237.5078702 237.5196577 
593.0000000 237.3114517 237.3232391 
594.0000000 237.1150331 237.1268206 
595.0000000 236.9186146 236.9304020 
596.0000000 236.7221960 236.7339835 
597.0000000 236.5257775 236.5375649 
598.0000000 236.3293589 236.3411464 
599.0000000 236.1329404 236.1447278 
600.0000000 235.9365218 235.9483093 
601.0000000 235.7401033 235.7518907 
602.0000000 235.5436847 235.5554722 
603.0000000 235.3472662 235.3590536 
604.0000000 235.1508476 235.1626351 
605.0000000 234.9544291 234.9662165 
606.0000000 234.7580105 234.7697980 
607.0000000 234.5615920 234.5733794 
608.0000000 234.3651734 234.3769609 
609.0000000 234.1687549 234.1805423 
610.0000000 233.9723363 233.9841238 
611.0000000 233.7759178 233.7877052 
612.0000000 233.5794992 233.5912867 
613.0000000 233.3830807 233.3948681 
614.0000000 233.1866621 233.1984496 
615.0000000 232.9902436 233.0020310 
616.0000000 232.7938250 232.8056125 
617.0000000 232.5974065 232.6091939 
618.0000000 232.4009879 232.4127754 
619.0000000 232.2045694 232.2163568 
620.0000000 232.0081508 232.0199383 
621.0000000 231.8117323 231.8235197 
622.0000000 231.6153137 231.6271012 
623.0000000 231.4188952 231.4306826 
624.0000000 231.2224766 231.2342641 
625.0000000 231.0260581 231.0378455 
626.0000000 230.8296395 230.8414270 
627.0000000 230.6332210 230.6450084 
628.0000000 230.4368024 230.4485899 
629.0000000 230.2403839 230.2521713 
630.0000000 230.0439653 230.0557528 
631.0000000 229.8475468 229.8593342 
632.0000000 229.6511282 229.6629157 
633.0000000 229.4547097 229.4664971 
634.0000000 229.2582911 229.2700786 
635.0000000 229.0618726 229.0736600 
636.0000000 228.8654540 228.8772415 
637.0000000 228.6690355 228.6808229 
638.0000000 228.4726169 228.4844044 
639.0000000 228.2761984 228.2879858 
640.0000000 228.0797798 228.0915673 
641.0000000 227.8833613 227.8951487 
642.0000000 227.6869427 227.6987302 
643.0000000 227.4905242 227.5023116 
644.0000000 227.2941056 227.3058930 
645.0000000 227.0976871 227.1094745 
646.0000000 226.9012685 226.9130559 
647.0000000 226.7048500 226.7166374 
648.0000000 226.5084314 226.5202188 
649.0000000 226.3120129 226.3238003 
650.0000000 226.1155943 226.1273817 
651.0000000 225.9191758 225.9309632 
652.0000000 225.7227572 225.7345446 
653.0000000 225.5263387 225.5381261 
654.0000000 225.3299201 225.3417075 
655.0000000 225.1335016 225.1452890 
656.0000000 224.9370830 224.9488704 
657.0000000 224.7406645 224.7524519 
658.0000000 224.5442459 224.5560333 
659.0000000 224.3478274 224.3596148 
660.0000000 224.1514088 224.1631962 
661.0000000 223.9549903 223.9667777 
662.0000000 223.7585717 223.7703591 
663.0000000 223.5621532 223.5739406 
664.0000000 223.3657346 223.3775220 
665.0000000 223.1693161 223.1811035 
666.0000000 222.9728975 222.9846849 
667.0000000 222.7764790 222.7882664 
668.0000000 222.5800604 222.5918478 
669.0000000 222.3836419 222.3954293 
670.0000000 222.1872233 222.1990107 
671.0000000 221.9908048 222.0025922 
672.0000000 221.7943862 221.8061736 
673.0000000 221.5979677 221.6097551 
674.0000000 221.4015491 221.4133365 
675.0000000 221.2051306 221.2169180 
676.0000000 221.0087120 221.0204994 
677.0000000 220.8122935 220.8240809 
678.0000000 220.6158749 220.6276623 
679.0000000 220.4194564 220.4312438 
680.0000000 220.2230378 220.2348252 
681.0000000 220.0266193 220.0384067 
682.0000000 219.8302007 219.8419881 
683.0000000 219.6337822 219.6455696 
684.0000000 219.4373636 219.4491510 
685.0000000 219.2409451 219.2527325 
686.0000000 219.0445265 219.0563139 
687.0000000 218.8481080 218.8598954 
688.0000000 218.6516894 218.6634768 
689.0000000 218.4552709 218.4670583 
690.0000000 218.2588523 218.2706397 
691.0000000 218.0624338 218.0742212 
692.0000000 217.8660152 217.8778026 
693.0000000 217.6695967 217.6813841 
694.0000000 217.4731781 217.4849655 
695.0000000 217.2767596 217.2885470 
696.0000000 217.0803410 217.0921284 
697.0000000 216.8839225 216.8957099 
698.0000000 216.6875039 216.6992913 
699.0000000 216.4910854 216.5028728 
700.0000000 216.2946668 216.3064542 
701.0000000 216.0982483 216.1100357 
702.0000000 215.9018297 215.9136171 
703.0000000 215.7054112 215.7171986 
704.0000000 215.5089926 215.5207800 
705.0000000 215.3125741 215.3243615 
706.0000000 215.1161555 215.1279429 
707.0000000 214.9197370 214.9315244 
708.0000000 214.7233184 214.7351058 
709.0000000 214.5268999 214.5386873 
710.0000000 214.3304813 214.3422687 
711.0000000 214.1340628 214.1458502 
712.0000000 213.9376442 213.9494316 
713.0000000 213.7412257 213.7530131 
714.0000000 213.5448071 213.5565945 
715.0000000 213.3483886 213.3601760 
716.0000000 213.1519700 213.1637574 
717.0000000 212.9555515 212.9673389 
718.0000000 212.7591329 212.7709203 
719.0000000 212.5627144 212.5745018 
720.0000000 212.3662958 212.3780832 
721.0000000 212.1698773 212.1816647 
722.0000000 211.9734587 211.9852461 
723.0000000 211.7770402 211.7888276 
724.0000000 211.5806216 211.5924090 
725.0000000 211.3842031 211.3959905 
726.0000000 211.1877845 211.1995719 
727.0000000 210.9913660 211.0031534 
728.0000000 210.7949474 210.8067348 
729.0000000 210.5985289 210.6103163 
730.0000000 210.4021103 210.4138977 
731.0000000 210.2056918 210.2174792 
732.0000000 210.0092732 210.0210606 
733.0000000 209.8128547 209.8246421 
734.0000000 209.6164361 209.6282235 
735.0000000 209.4200176 209.4318050 
736.0000000 209.2235990 209.2353864 
737.0000000 209.0271805 209.0389679 
738.0000000 208.8307619 208.8425493 
739.0000000 208.6343434 208.6461308 
740.0000000 208.4379248 208.4497122 
741.0000000 208.2415062 208.2532937 
742.0000000 208.0450877 208.0568751 
743.0000000 207.8486691 207.8604566 
744.0000000 207.6522506 207.6640380 
745.0000000 207.4558320 207.4676195 
746.0000000 207.2594135 207.2712009 
747.0000000 207.0629949 207.0747824 
748.0000000 206.8665764 206.8783638 
749.0000000 206.6701578 206.6819453 
750.0000000 206.4737393 206.4855267 
751.0000000 206.2773207 206.2891082 
752.0000000 206.0809022 206.0926896 
753.0000000 205.8844836 205.8962711 
754.0000000 205.6880651 205.6998525 
755.0000000 205.4916465 205.5034340 
756.0000000 205.2952280 205.3070154 
757.0000000 205.0988094 205.1105969 
758.0000000 204.9023909 204.9141783 
759.0000000 204.7059723 204.7177598 
760.0000000 204.5095538 204.5213412 
761.0000000 204.3131352 204.3249227 
762.0000000 204.1167167 204.1285041 
763.0000000 203.9202981 203.9320856 
764.0000000 203.7238796 203.7356670 
765.0000000 203.5274610 203.5392485 
766.0000000 203.3310425 203.3428299 
767.0000000 203.1346239 203.1464114 
768.0000000 202.9382054 202.9499928 
769.0000000 202.7417868 202.7535743 
770.0000000 202.5453683 202.5571557 
771.0000000 202.3489497 202.3607372 
772.0000000 202.1525312 202.1643186 
773.0000000 201.9561126 201.9679001 
774.0000000 201.7596941 201.7714815 
775.0000000 201.5632755 201.5750630 
776.0000000 201.3668570 201.3786444 
777.0000000 201.1704384 201.1822259 
778.0000000 200.9740199 200.9858073 
779.0000000 200.7776013 200.7893888 
780.0000000 200.5811828 200.5929702 
781.0000000 200.3847642 200.3965517 
782.0000000 200.1883457 200.2001331 
783.0000000 199.9919271 200.0037146 
784.0000000 199.7955086 199.8072960 
785.0000000 199.5990900 199.6108775 
786.0000000 199.4026715 199.4144589 
787.0000000 199.2062529 199.2180404 
788.0000000 199.0098344 199.0216218 
789.0000000 198.8134158 198.8252033 
790.0000000 198.6169973 198.6287847 
791.0000000 198.4205787 198.4323662 
792.0000000 198.2241602 198.2359476 
793.0000000 198.0277416 198.0395291 
794.0000000 197.8313231 197.8431105 
795.0000000 197.6349045 197.6466920 
796.0000000 197.4384860 197.4502734 
797.0000000 197.2420674 197.2538548 
798.0000000 197.0456489 197.0574363 
799.0000000 196.8492303 196.8610177 
800.0000000 196.6528118 196.6645992 
801.0000000 196.4563932 196.4681806 
802.0000000 196.2599747 196.2717621 
803.0000000 196.0635561 196.0753435 
804.0000000 195.8671376 195.8789250 
805.0000000 195.6707190 195.6825064 
806.0000000 195.4743005 195.4860879 
807.0000000 195.2778819 195.2896693 
808.0000000 195.0814634 195.0932508 
809.0000000 194.8850448 194.8968322 
810.0000000 194.6886263 194.7004137 
811.0000000 194.4922077 194.5039951 
812.0000000 194.2957892 194.3075766 
813.0000000 194.0993706 194.1111580 
814.0000000 193.9029521 193.9147395 
815.0000000 193.7065335 193.7183209 
816.0000000 193.5101150 193.5219024 
817.0000000 193.3136964 193.3254838 
818.0000000 193.1172779 193.1290653 
819.0000000 192.9208593 192.9326467 
820.0000000 192.7244408 192.7362282 
821.0000000 192.5280222 192.5398096 
822.0000000 192.3316037 192.3433911 
823.0000000 192.1351851 192.1469725 
824.0000000 191.9387666 191.9505540 
825.0000000 191.7423480 191.7541354 
826.0000000 191.5459295 191.5577169 
827.0000000 191.3495109 191.3612983 
828.0000000 191.1530924 191.1648798 
829.0000000 190.9566738 190.9684612 
830.0000000 190.7602553 190.7720427 
831.0000000 190.5638367 190.5756241 
832.0000000 190.3674182 190.3792056 
833.0000000 190.1709996 190.1827870 
834.0000000 189.9745811 189.9863685 
835.0000000 189.7781625 189.7899499 
836.0000000 189.5817440 189.5935314 
837.0000000 189.3853254 189.3971128 
838.0000000 189.1889069 189.2006943 
839.0000000 188.9924883 189.0042757 
840.0000000 188.7960698 188.8078572 
841.0000000 188.5996512 188.6114386 
842.0000000 188.4032327 188.4150201 
843.0000000 188.2068141 188.2186015 
844.0000000 188.0103956 188.0221830 
845.0000000 187.8139770 187.8257644 
846.0000000 187.6175585 187.6293459 
847.0000000 187.4211399 187.4329273 
848.0000000 187.2247214 187.2365088 
849.0000000 187.0283028 187.0400902 
850.0000000 186.8318843 186.8436717 
851.0000000 186.6354657 186.6472531 
852.0000000 186.4390472 186.4508346 
853.0000000 186.2426286 186.2544160 
854.0000000 186.0462101 186.0579975 
855.0000000 185.8497915 185.8615789 
856.0000000 185.6533730 185.6651604 
857.0000000 185.4569544 185.4687418 
858.0000000 185.2605359 185.2723233 
859.0000000 185.0641173 185.0759047 
860.0000000 184.8676988 184.8794862 
861.0000000 184.6712802 184.6830676 
862.0000000 184.4748617 184.4866491 
863.0000000 184.2784431 184.2902305 
864.0000000 184.0820246 184.0938120 
865.0000000 183.8856060 183.8973934 
866.0000000 183.6891875 183.7009749 
867.0000000 183.4927689 183.5045563 
868.0000000 183.2963504 183.3081378 
869.0000000 183.0999318 183.1117192 
870.0000000 182.9035133 182.9153007 
871.0000000 182.7070947 182.7188821 
872.0000000 182.5106762 182.5224636 
873.0000000 182.3142576 182.3260450 
874.0000000 182.1178391 182.1296265 
875.0000000 181.9214205 181.9332079 
876.0000000 181.7250020 181.7367894 
877.0000000 181.5285834 181.5403708 
878.0000000 181.3321649 181.3439523 
879.0000000 181.1357463 181.1475337 
880.0000000 180.9393278 180.9511152 
881.0000000 180.7429092 180.7546966 
882.0000000 180.5464907 180.5582781 
883.0000000 180.3500721 180.3618595 
884.0000000 180.1536536 180.1654410 
885.0000000 179.9572350 179.9690224 
886.0000000 179.7608165 179.7726039 
887.0000000 179.5643979 179.5761853 
888.0000000 179.3679794 179.3797668 
889.0000000 179.1715608 179.1833482 
890.0000000 178.9751423 178.9869297 
891.0000000 178.7787237 178.7905111 
892.0000000 178.5823052 178.5940926 
893.0000000 178.3858866 178.3976740 
894.0000000 178.1894680 178.2012555 
895.0000000 177.9930495 178.0048369 
896.0000000 177.7966309 177.8084184 
897.0000000 177.6002124 177.6119998 
898.0000000 177.4037938 177.4155813 
899.0000000 177.2073753 177.2191627 
900.0000000 177.0109567 177.0227442 
901.0000000 176.8145382 176.8263256 
902.0000000 176.6181196 176.6299071 
903.0000000 176.4217011 176.4334885 
904.0000000 176.2252825 176.2370700 
905.0000000 176.0288640 176.0406514 
906.0000000 175.8324454 175.8442329 
907.0000000 175.6360269 175.6478143 
908.0000000 175.4396083 175.4513958 
909.0000000 175.2431898 175.2549772 
910.0000000 175.0467712 175.0585587 
911.0000000 174.8503527 174.8621401 
912.0000000 174.6539341 174.6657216 
913.0000000 174.4575156 174.4693030 
914.0000000 174.2610970 174.2728845 
915.0000000 174.0646785 174.0764659 
916.0000000 173.8682599 173.8800474 
917.0000000 173.6718414 173.6836288 
918.0000000 173.4754228 173.4872103 
919.0000000 173.2790043 173.2907917 
920.0000000 173.0825857 173.0943732 
921.0000000 172.8861672 172.8979546 
922.0000000 172.6897486 172.7015361 
923.0000000 172.4933301 172.5051175 
924.0000000 172.2969115 172.3086990 
925.0000000 172.1004930 172.1122804 
926.0000000 171.9040744 171.9158619 
927.0000000 171.7076559 171.7194433 
928.0000000 171.5112373 171.5230248 
929.0000000 171.3148188 171.3266062 
930.0000000 171.1184002 171.1301877 
931.0000000 170.9219817 170.9337691 
932.0000000 170.7255631 170.7373506 
933.0000000 170.5291446 170.5409320 
934.0000000 170.3327260 170.3445135 
935.0000000 170.1363075 170.1480949 
936.0000000 169.9398889 169.9516764 
937.0000000 169.7434704 169.7552578 
938.0000000 169.5470518 169.5588393 
939.0000000 169.3506333 169.3624207 
940.0000000 169.1542147 169.1660022 
941.0000000 168.9577962 168.9695836 
942.0000000 168.7613776 168.7731651 
943.0000000 168.5649591 168.5767465 
944.0000000 168.3685405 168.3803280 
945.0000000 168.1721220 168.1839094 
946.0000000 167.9757034 167.9874909 
947.0000000 167.7792849 167.7910723 
948.0000000 167.5828663 167.5946537 
949.0000000 167.3864478 167.3982352 
950.0000000 167.1900292 167.2018166 
951.0000000 166.9936107 167.0053981 
952.0000000 166.7971921 166.8089795 
953.0000000 166.6007736 166.6125610 
954.0000000 166.4043550 166.4161424 
955.0000000 166.2079365 166.2197239 
956.0000000 166.0115179 166.0233053 
957.0000000 165.8150994 165.8268868 
958.0000000 165.6186808 165.6304682 
959.0000000 165.4222623 165.4340497 
960.0000000 165.2258437 165.2376311 
961.0000000 165.0294252 165.0412126 
962.0000000 164.8330066 164.8447940 
963.0000000 164.6365881 164.6483755 
964.0000000 164.4401695 164.4519569 
965.0000000 164.2437510 164.2555384 
966.0000000 164.0473324 164.0591198 
967.0000000 163.8509139 163.8627013 
968.0000000 163.6544953 163.6662827 
969.0000000 163.4580768 163.4698642 
970.0000000 163.2616582 163.2734456 
971.0000000 163.0652397 163.0770271 
972.0000000 162.8688211 162.8806085 
973.0000000 162.6724026 162.6841900 
974.0000000 162.4759840 162.4877714 
975.0000000 162.2795655 162.2913529 
976.0000000 162.0831469 162.0949343 
977.0000000 161.8867284 161.8985158 
978.0000000 161.6903098 161.7020972 
979.0000000 161.4938913 161.5056787 
980.0000000 161.2974727 161.3092601 
981.0000000 161.1010542 161.1128416 
982.0000000 160.9046356 160.9164230 
983.0000000 160.7082171 160.7200045 
984.0000000 160.5117985 160.5235859 
985.0000000 160.3153800 160.3271674 
986.0000000 160.1189614 160.1307488 
987.0000000 159.9225429 159.9343303 
988.0000000 159.7261243 159.7379117 
989.0000000 159.5297058 159.5414932 
990.0000000 159.3332872 159.3450746 
991.0000000 159.1368687 159.1486561 
992.0000000 158.9404501 158.9522375 
993.0000000 158.7440316 158.7558190 
994.0000000 158.5476130 158.5594004 
995.0000000 158.3511945 158.3629819 
996.0000000 158.1547759 158.1665633 
997.0000000 157.9583574 157.9701448 
998.0000000 157.7619388 157.7737262 
999.0000000 157.5655203 157.5773077 
1000.0000000 157.3691017 157.3808891 
1001.0000000 157.1726832 157.1844706 
1002.0000000 156.9762646 156.9880520 
1003.0000000 156.7798461 156.7916335 
1004.0000000 156.5834275 156.5952149 
1005.0000000 156.3870090 156.3987964 
1006.0000000 156.1905904 156.2023778 
1007.0000000 155.9941719 156.0059593 
1008.0000000 155.7977533 155.8095407 
1009.0000000 155.6013348 155.6131222 
1010.0000000 155.4049162 155.4167036 
1011.0000000 155.2084977 155.2202851 
1012.0000000 155.0120791 155.0238665 
1013.0000000 154.8156606 154.8274480 
1014.0000000 154.6192420 154.6310294 
1015.0000000 154.4228235 154.4346109 
1016.0000000 154.2264049 154.2381923 
1017.0000000 154.0299864 154.0417738 
1018.0000000 153.8335678 153.8453552 
1019.0000000 153.6371493 153.6489367 
1020.0000000 153.4407307 153.4525181 
1021.0000000 153.2443122 153.2560996 
1022.0000000 153.0478936 153.0596810 
1023.0000000 152.8514751 152.8632625 
1024.0000000 152.6550565 152.6668439 
1025.0000000 152.4586380 152.4704254 
1026.0000000 152.2622194 152.2740068 
1027.0000000 152.0658009 152.0775883 
1028.0000000 151.8693823 151.8811697 
1029.0000000 151.6729638 151.6847512 
1030.0000000 151.4765452 151.4883326 
1031.0000000 151.2801267 151.2919141 
1032.0000000 151.0837081 151.0954955 
1033.0000000 150.8872896 150.8990770 
1034.0000000 150.6908710 150.7026584 
1035.0000000 150.4944525 150.5062399 
1036.0000000 150.2980339 150.3098213 
1037.0000000 150.1016154 150.1134028 
1038.0000000 149.9051968 149.9169842 
1039.0000000 149.7087783 149.7205657 
1040.0000000 149.5123597 149.5241471 
1041.0000000 149.3159412 149.3277286 
1042.0000000 149.1195226 149.1313100 
1043.0000000 148.9231041 148.9348915 
1044.0000000 148.7266855 148.7384729 
1045.0000000 148.5302669 148.5420544 
1046.0000000 148.3338484 148.3456358 
1047.0000000 148.1374298 148.1492173 
1048.0000000 147.9410113 147.9527987 
1049.0000000 147.7445927 147.7563802 
1050.0000000 147.5481742 147.5599616 
1051.0000000 147.3517556 147.3635431 
1052.0000000 147.1553371 147.1671245 
1053.0000000 146.9589185 146.9707060 
1054.0000000 146.7625000 146.7742874 
1055.0000000 146.5660814 146.5778689 
1056.0000000 146.3696629 146.3814503 
1057.0000000 146.1732443 146.1850318 
1058.0000000 145.9768258 145.9886132 
1059.0000000 145.7804072 145.7921947 
1060.0000000 145.5839887 145.5957761 
1061.0000000 145.3875701 145.3993576 
1062.0000000 145.1911516 145.2029390 
1063.0000000 144.9947330 145.0065205 
1064.0000000 144.7983145 144.8101019 
1065.0000000 144.6018959 144.6136834 
1066.0000000 144.4054774 144.4172648 
1067.0000000 144.2090588 144.2208463 
1068.0000000 144.0126403 144.0244277 
1069.0000000 143.8162217 143.8280092 
1070.0000000 143.6198032 143.6315906 
1071.0000000 143.4233846 143.4351721 
1072.0000000 143.2269661 143.2387535 
1073.0000000 143.0305475 143.0423350 
1074.0000000 142.8341290 142.8459164 
1075.0000000 142.6377104 142.6494979 
1076.0000000 142.4412919 142.4530793 
1077.0000000 142.2448733 142.2566608 
1078.0000000 142.0484548 142.0602422 
1079.0000000 141.8520362 141.8638237 
1080.0000000 141.6556177 141.6674051 
1081.0000000 141.4591991 141.4709866 
1082.0000000 141.2627806 141.2745680 
1083.0000000 141.0663620 141.0781495 
1084.0000000 140.8699435 140.8817309 
1085.0000000 140.6735249 140.6853124 
1086.0000000 140.4771064 140.4888938 
1087.0000000 140.2806878 140.2924753 
1088.0000000 140.0842693 140.0960567 
1089.0000000 139.8878507 139.8996382 
1090.0000000 139.6914322 139.7032196 
1091.0000000 139.4950136 139.5068011 
1092.0000000 139.2985951 139.3103825 
1093.0000000 139.1021765 139.1139640 
1094.0000000 138.9057580 138.9175454 
1095.0000000 138.7093394 138.7211269 
1096.0000000 138.5129209 138.5247083 
1097.0000000 138.3165023 138.3282898 
1098.0000000 138.1200838 138.1318712 
1099.0000000 137.9236652 137.9354526 
1100.0000000 137.7272467 137.7390341 
1101.0000000 137.5308281 137.5426155 
1102.0000000 137.3344096 137.3461970 
1103.0000000 137.1379910 137.1497784 
1104.0000000 136.9415725 136.9533599 
1105.0000000 136.7451539 136.7569413 
1106.0000000 136.5487354 136.5605228 
1107.0000000 136.3523168 136.3641042 
1108.0000000 136.1558983 136.1676857 
1109.0000000 135.9594797 135.9712671 
1110.0000000 135.7630612 135.7748486 
1111.0000000 135.5666426 135.5784300 
1112.0000000 135.3702241 135.3820115 
1113.0000000 135.1738055 135.1855929 
1114.0000000 134.9773870 134.9891744 
1115.0000000 134.7809684 134.7927558 
1116.0000000 134.5845499 134.5963373 
1117.0000000 134.3881313 134.3999187 
1118.0000000 134.1917128 134.2035002 
1119.0000000 133.9952942 134.0070816 
1120.0000000 133.7988757 133.8106631 
1121.0000000 133.6024571 133.6142445 
1122.0000000 133.4060386 133.4178260 
1123.0000000 133.2096200 133.2214074 
1124.0000000 133.0132015 133.0249889 
1125.0000000 132.8167829 132.8285703 
1126.0000000 132.6203644 132.6321518 
1127.0000000 132.4239458 132.4357332 
1128.0000000 132.2275273 132.2393147 
1129.0000000 132.0311087 132.0428961 
1130.0000000 131.8346902 131.8464776 
1131.0000000 131.6382716 131.6500590 
1132.0000000 131.4418531 131.4536405 
1133.0000000 131.2454345 131.2572219 
1134.0000000 131.0490160 131.0608034 
1135.0000000 130.8525974 130.8643848 
1136.0000000 130.6561789 130.6679663 
1137.0000000 130.4597603 130.4715477 
1138.0000000 130.2633418 130.2751292 
1139.0000000 130.0669232 130.0787106 
1140.0000000 129.8705047 129.8822921 
1141.0000000 129.6740861 129.6858735 
1142.0000000 129.4776676 129.4894550 
1143.0000000 129.2812490 129.2930364 
1144.0000000 129.0848305 129.0966179 
1145.0000000 128.8884119 128.9001993 
1146.0000000 128.6919934 128.7037808 
1147.0000000 128.4955748 128.5073622 
1148.0000000 128.2991563 128.3109437 
1149.0000000 128.1027377 128.1145251 
1150.0000000 127.9063192 127.9181066 
1151.0000000 127.7099006 127.7216880 
1152.0000000 127.5134821 127.5252695 
1153.0000000 127.3170635 127.3288509 
1154.0000000 127.1206450 127.1324324 
1155.0000000 126.9242264 126.9360138 
1156.0000000 126.7278079 126.7395953 
1157.0000000 126.5313893 126.5431767 
1158.0000000 126.3349708 126.3467582 
1159.0000000 126.1385522 126.1503396 
1160.0000000 125.9421337 125.9539211 
1161.0000000 125.7457151 125.7575025 
1162.0000000 125.5492966 125.5610840 
1163.0000000 125.3528780 125.3646654 
1164.0000000 125.1564595 125.1682469 
1165.0000000 124.9600409 124.9718283 
1166.0000000 124.7636224 124.7754098 
1167.0000000 124.5672038 124.5789912 
1168.0000000 124.3707853 124.3825727 
1169.0000000 124.1743667 124.1861541 
1170.0000000 123.9779482 123.9897356 
1171.0000000 123.7815296 123.7933170 
1172.0000000 123.5851111 123.5968985 
1173.0000000 123.3886925 123.4004799 
1174.0000000 123.1922740 123.2040614 
1175.0000000 122.9958554 123.0076428 
1176.0000000 122.7994369 122.8112243 
1177.0000000 122.6030183 122.6148057 
1178.0000000 122.4065998 122.4183872 
1179.0000000 122.2101812 122.2219686 
1180.0000000 122.0137627 122.0255501 
1181.0000000 121.8173441 121.8291315 
1182.0000000 121.6209256 121.6327130 
1183.0000000 121.4245070 121.4362944 
1184.0000000 121.2280885 121.2398759 
1185.0000000 121.0316699 121.0434573 
1186.0000000 120.8352514 120.8470388 
1187.0000000 120.6388328 120.6506202 
1188.0000000 120.4424143 120.4542017 
1189.0000000 120.2459957 120.2577831 
1190.0000000 120.0495772 120.0613646 
1191.0000000 119.8531586 119.8649460 
1192.0000000 119.6567401 119.6685275 
1193.0000000 119.4603215 119.4721089 
1194.0000000 119.2639030 119.2756904 
1195.0000000 119.0674844 119.0792718 
1196.0000000 118.8710659 118.8828533 
1197.0000000 118.6746473 118.6864347 
1198.0000000 118.4782287 118.4900162 
1199.0000000 118.2818102 118.2935976 
1200.0000000 118.0853916 118.0971791 
1201.0000000 117.8889731 117.9007605 
1202.0000000 117.6925545 117.7043420 
1203.0000000 117.4961360 117.5079234 
1204.0000000 117.2997174 117.3115049 
1205.0000000 117.1032989 117.1150863 
1206.0000000 116.9068803 116.9186678 
1207.0000000 116.7104618 116.7222492 
1208.0000000 116.5140432 116.5258307 
1209.0000000 116.3176247 116.3294121 
1210.0000000 116.1212061 116.1329936 
1211.0000000 115.9247876 115.9365750 
1212.0000000 115.7283690 115.7401565 
1213.0000000 115.5319505 115.5437379 
1214.0000000 115.3355319 115.3473194 
1215.0000000 115.1391134 115.1509008 
1216.0000000 114.9426948 114.9544823 
1217.0000000 114.7462763 114.7580637 
1218.0000000 114.5498577 114.5616452 
1219.0000000 114.3534392 114.3652266 
1220.0000000 114.1570206 114.1688081 
1221.0000000 113.9606021 113.9723895 
1222.0000000 113.7641835 113.7759710 
1223.0000000 113.5677650 113.5795524 
1224.0000000 113.3713464 113.3831339 
1225.0000000 113.1749279 113.1867153 
1226.0000000 112.9785093 112.9902968 
1227.0000000 112.7820908 112.7938782 
1228.0000000 112.5856722 112.5974597 
1229.0000000 112.3892537 112.4010411 
1230.0000000 112.1928351 112.2046226 
1231.0000000 111.9964166 112.0082040 
1232.0000000 111.7999980 111.8117855 
1233.0000000 111.6035795 111.6153669 
1234.0000000 111.4071609 111.4189484 
1235.0000000 111.2107424 111.2225298 
1236.0000000 111.0143238 111.0261113 
1237.0000000 110.8179053 110.8296927 
1238.0000000 110.6214867 110.6332742 
1239.0000000 110.4250682 110.4368556 
1240.0000000 110.2286496 110.2404371 
1241.0000000 110.0322311 110.0440185 
1242.0000000 109.8358125 109.8476000 
1243.0000000 109.6393940 109.6511814 
1244.0000000 109.4429754 109.4547629 
1245.0000000 109.2465569 109.2583443 
1246.0000000 109.0501383 109.0619258 
1247.0000000 108.8537198 108.8655072 
1248.0000000 108.6573012 108.6690887 
1249.0000000 108.4608827 108.4726701 
1250.0000000 108.2644641 108.2762516 
1251.0000000 108.0680456 108.0798330 
1252.0000000 107.8716270 107.8834144 
1253.0000000 107.6752085 107.6869959 
1254.0000000 107.4787899 107.4905773 
1255.0000000 107.2823714 107.2941588 
1256.0000000 107.0859528 107.0977402 
1257.0000000 106.8895343 106.9013217 
1258.0000000 106.6931157 106.7049031 
1259.0000000 106.4966972 106.5084846 
1260.0000000 106.3002786 106.3120660 
1261.0000000 106.1038601 106.1156475 
1262.0000000 105.9074415 105.9192289 
1263.0000000 105.7110230 105.7228104 
1264.0000000 105.5146044 105.5263918 
1265.0000000 105.3181859 105.3299733 
1266.0000000 105.1217673 105.1335547 
1267.0000000 104.9253488 104.9371362 
1268.0000000 104.7289302 104.7407176 
1269.0000000 104.5325117 104.5442991 
1270.0000000 104.3360931 104.3478805 
1271.0000000 104.1396746 104.1514620 
1272.0000000 103.9432560 103.9550434 
1273.0000000 103.7468375 103.7586249 
1274.0000000 103.5504189 103.5622063 
1275.0000000 103.3540004 103.3657878 
1276.0000000 103.1575818 103.1693692 
1277.0000000 102.9611633 102.9729507 
1278.0000000 102.7647447 102.7765321 
1279.0000000 102.5683262 102.5801136 
1280.0000000 102.3719076 102.3836950 
1281.0000000 102.1754891 102.1872765 
1282.0000000 101.9790705 101.9908579 
1283.0000000 101.7826520 101.7944394 
1284.0000000 101.5862334 101.5980208 
1285.0000000 101.3898149 101.4016023 
1286.0000000 101.1933963 101.2051837 
1287.0000000 100.9969778 101.0087652 
1288.0000000 100.8005592 100.8123466 
1289.0000000 100.6041407 100.6159281 
1290.0000000 100.4077221 100.4195095 
1291.0000000 100.2113036 100.2230910 
1292.0000000 100.0148850 100.0266724 
1293.0000000 99.8184665 99.8302539 
1294.0000000 99.6220479 99.6338353 
1295.0000000 99.4256294 99.4374168 
1296.0000000 99.2292108 99.2409982 
1297.0000000 99.0327923 99.0445797 
1298.0000000 98.8363737 98.8481611 
1299.0000000 98.6399552 98.6517426 
1300.0000000 98.4435366 98.4553240 
1301.0000000 98.2471181 98.2589055 
1302.0000000 98.0506995 98.0624869 
1303.0000000 97.8542810 97.8660684 
1304.0000000 97.6578624 97.6696498 
1305.0000000 97.4614439 97.4732313 
1306.0000000 97.2650253 97.2768127 
1307.0000000 97.0686068 97.0803942 
1308.0000000 96.8721882 96.8839756 
1309.0000000 96.6757697 96.6875571 
1310.0000000 96.4793511 96.4911385 
1311.0000000 96.2829326 96.2947200 
1312.0000000 96.0865140 96.0983014 
1313.0000000 95.8900955 95.9018829 
1314.0000000 95.6936769 95.7054643 
1315.0000000 95.4972584 95.5090458 
1316.0000000 95.3008398 95.3126272 
1317.0000000 95.1044213 95.1162087 
1318.0000000 94.9080027 94.9197901 
1319.0000000 94.7115842 94.7233716 
1320.0000000 94.5151656 94.5269530 
1321.0000000 94.3187471 94.3305345 
1322.0000000 94.1223285 94.1341159 
1323.0000000 93.9259100 93.9376974 
1324.0000000 93.7294914 93.7412788 
1325.0000000 93.5330729 93.5448603 
1326.0000000 93.3366543 93.3484417 
1327.0000000 93.1402358 93.1520232 
1328.0000000 92.9438172 92.9556046 
1329.0000000 92.7473987 92.7591861 
1330.0000000 92.5509801 92.5627675 
1331.0000000 92.3545616 92.3663490 
1332.0000000 92.1581430 92.1699304 
1333.0000000 91.9617245 91.9735119 
1334.0000000 91.7653059 91.7770933 
1335.0000000 91.5688874 91.5806748 
1336.0000000 91.3724688 91.3842562 
1337.0000000 91.1760503 91.1878377 
1338.0000000 90.9796317 90.9914191 
1339.0000000 90.7832132 90.7950006 
1340.0000000 90.5867946 90.5985820 
1341.0000000 90.3903761 90.4021635 
1342.0000000 90.1939575 90.2057449 
1343.0000000 89.9975390 90.0093264 
1344.0000000 89.8011204 89.8129078 
1345.0000000 89.6047019 89.6164893 
1346.0000000 89.4082833 89.4200707 
1347.0000000 89.2118648 89.2236522 
1348.0000000 89.0154462 89.0272336 
1349.0000000 88.8190276 88.8308151 
1350.0000000 88.6226091 88.6343965 
1351.0000000 88.4261905 88.4379780 
1352.0000000 88.2297720 88.2415594 
1353.0000000 88.0333534 88.0451409 
1354.0000000 87.8369349 87.8487223 
1355.0000000 87.6405163 87.6523038 
1356.0000000 87.4440978 87.4558852 
1357.0000000 87.2476792 87.2594667 
1358.0000000 87.0512607 87.0630481 
1359.0000000 86.8548421 86.8666296 
1360.0000000 86.6584236 86.6702110 
1361.0000000 86.4620050 86.4737925 
1362.0000000 86.2655865 86.2773739 
1363.0000000 86.0691679 86.0809554 
1364.0000000 85.8727494 85.8845368 
1365.0000000 85.6763308 85.6881183 
1366.0000000 85.4799123 85.4916997 
1367.0000000 85.2834937 85.2952812 
1368.0000000 85.0870752 85.0988626 
1369.0000000 84.8906566 84.9024441 
1370.0000000 84.6942381 84.7060255 
1371.0000000 84.4978195 84.5096070 
1372.0000000 84.3014010 84.3131884 
1373.0000000 84.1049824 84.1167699 
1374.0000000 83.9085639 83.9203513 
1375.0000000 83.7121453 83.7239328 
1376.0000000 83.5157268 83.5275142 
1377.0000000 83.3193082 83.3310957 
1378.0000000 83.1228897 83.1346771 
1379.0000000 82.9264711 82.9382586 
1380.0000000 82.7300526 82.7418400 
1381.0000000 82.5336340 82.5454215 
1382.0000000 82.3372155 82.3490029 
1383.0000000 82.1407969 82.1525844 
1384.0000000 81.9443784 81.9561658 
1385.0000000 81.7479598 81.7597473 
1386.0000000 81.5515413 81.5633287 
1387.0000000 81.3551227 81.3669102 
1388.0000000 81.1587042 81.1704916 
1389.0000000 80.9622856 80.9740731 
1390.0000000 80.7658671 80.7776545 
1391.0000000 80.5694485 80.5812360 
1392.0000000 80.3730300 80.3848174 
1393.0000000 80.1766114 80.1883989 
1394.0000000 79.9801929 79.9919803 
1395.0000000 79.7837743 79.7955618 
1396.0000000 79.5873558 79.5991432 
1397.0000000 79.3909372 79.4027247 
1398.0000000 79.1945187 79.2063061 
1399.0000000 78.9981001 79.0098876 
1400.0000000 78.8016816 78.8134690 
1401.0000000 78.6052630 78.6170505 
1402.0000000 78.4088445 78.4206319 
1403.0000000 78.2124259 78.2242133 
1404.0000000 78.0160074 78.0277948 
1405.0000000 77.8195888 77.8313762 
1406.0000000 77.6231703 77.6349577 
1407.0000000 77.4267517 77.4385391 
1408.0000000 77.2303332 77.2421206 
1409.0000000 77.0339146 77.0457020 
1410.0000000 76.8374961 76.8492835 
1411.0000000 76.6410775 76.6528649 
1412.0000000 76.4446590 76.4564464 
1413.0000000 76.2482404 76.2600278 
1414.0000000 76.0518219 76.0636093 
1415.0000000 75.8554033 75.8671907 
1416.0000000 75.6589848 75.6707722 
1417.0000000 75.4625662 75.4743536 
1418.0000000 75.2661477 75.2779351 
1419.0000000 75.0697291 75.0815165 
1420.0000000 74.8733106 74.8850980 
1421.0000000 74.6768920 74.6886794 
1422.0000000 74.4804735 74.4922609 
1423.0000000 74.2840549 74.2958423 
1424.0000000 74.0876364 74.0994238 
1425.0000000 73.8912178 73.9030052 
1426.0000000 73.6947993 73.7065867 
1427.0000000 73.4983807 73.5101681 
1428.0000000 73.3019622 73.3137496 
1429.0000000 73.1055436 73.1173310 
1430.0000000 72.9091251 72.9209125 
1431.0000000 72.7127065 72.7244939 
1432.0000000 72.5162880 72.5280754 
1433.0000000 72.3198694 72.3316568 
1434.0000000 72.1234509 72.1352383 
1435.0000000 71.9270323 71.9388197 
1436.0000000 71.7306138 71.7424012 
1437.0000000 71.5341952 71.5459826 
1438.0000000 71.3377767 71.3495641 
1439.0000000 71.1413581 71.1531455 
1440.0000000 70.9449396 70.9567270 
1441.0000000 70.7485210 70.7603084 
1442.0000000 70.5521025 70.5638899 
1443.0000000 70.3556839 70.3674713 
1444.0000000 70.1592654 70.1710528 
1445.0000000 69.9628468 69.9746342 
1446.0000000 69.7664283 69.7782157 
1447.0000000 69.5700097 69.5817971 
1448.0000000 69.3735912 69.3853786 
1449.0000000 69.1771726 69.1889600 
1450.0000000 68.9807541 68.9925415 
1451.0000000 68.7843355 68.7961229 
1452.0000000 68.5879170 68.5997044 
1453.0000000 68.3914984 68.4032858 
1454.0000000 68.1950799 68.2068673 
1455.0000000 67.9986613 68.0104487 
1456.0000000 67.8022428 67.8140302 
1457.0000000 67.6058242 67.6176116 
1458.0000000 67.4094057 67.4211931 
1459.0000000 67.2129871 67.2247745 
1460.0000000 67.0165686 67.0283560 
1461.0000000 66.8201500 66.8319374 
1462.0000000 66.6237315 66.6355189 
1463.0000000 66.4273129 66.4391003 
1464.0000000 66.2308944 66.2426818 
1465.0000000 66.0344758 66.0462632 
1466.0000000 65.8380573 65.8498447 
1467.0000000 65.6416387 65.6534261 
1468.0000000 65.4452202 65.4570076 
1469.0000000 65.2488016 65.2605890 
1470.0000000 65.0523831 65.0641705 
1471.0000000 64.8559645 64.8677519 
1472.0000000 64.6595460 64.6713334 
1473.0000000 64.4631274 64.4749148 
1474.0000000 64.2667089 64.2784963 
1475.0000000 64.0702903 64.0820777 
1476.0000000 63.8738718 63.8856592 
1477.0000000 63.6774532 63.6892406 
1478.0000000 63.4810347 63.4928221 
1479.0000000 63.2846161 63.2964035 
1480.0000000 63.0881976 63.0999850 
1481.0000000 62.8917790 62.9035664 
1482.0000000 62.6953605 62.7071479 
1483.0000000 62.4989419 62.5107293 
1484.0000000 62.3025234 62.3143108 
1485.0000000 62.1061048 62.1178922 
1486.0000000 61.9096863 61.9214737 
1487.0000000 61.7132677 61.7250551 
1488.0000000 61.5168492 61.5286366 
1489.0000000 61.3204306 61.3322180 
1490.0000000 61.1240121 61.1357995 
1491.0000000 60.9275935 60.9393809 
1492.0000000 60.7311750 60.7429624 
1493.0000000 60.5347564 60.5465438 
1494.0000000 60.3383379 60.3501253 
1495.0000000 60.1419193 60.1537067 
1496.0000000 59.9455008 59.9572882 
1497.0000000 59.7490822 59.7608696 
1498.0000000 59.5526637 59.5644511 
1499.0000000 59.3562451 59.3680325 
1500.0000000 59.1598265 59.1716140 
1501.0000000 58.9634080 58.9751954 
1502.0000000 58.7669894 58.7787769 
1503.0000000 58.5705709 58.5823583 
1504.0000000 58.3741523 58.3859398 
1505.0000000 58.1777338 58.1895212 
1506.0000000 57.9813152 57.9931027 
1507.0000000 57.7848967 57.7966841 
1508.0000000 57.5884781 57.6002656 
1509.0000000 57.3920596 57.4038470 
1510.0000000 57.1956410 57.2074285 
1511.0000000 56.9992225 57.0110099 
1512.0000000 56.8028039 56.8145914 
1513.0000000 56.6063854 56.6181728 
1514.0000000 56.4099668 56.4217543 
1515.0000000 56.2135483 56.2253357 
1516.0000000 56.0171297 56.0289172 
1517.0000000 55.8207112 55.8324986 
1518.0000000 55.6242926 55.6360801 
1519.0000000 55.4278741 55.4396615 
1520.0000000 55.2314555 55.2432430 
1521.0000000 55.0350370 55.0468244 
1522.0000000 54.8386184 54.8504059 
1523.0000000 54.6421999 54.6539873 
1524.0000000 54.4457813 54.4575688 
1525.0000000 54.2493628 54.2611502 
1526.0000000 54.0529442 54.0647317 
1527.0000000 53.8565257 53.8683131 
1528.0000000 53.6601071 53.6718946 
1529.0000000 53.4636886 53.4754760 
1530.0000000 53.2672700 53.2790575 
1531.0000000 53.0708515 53.0826389 
1532.0000000 52.8744329 52.8862204 
1533.0000000 52.6780144 52.6898018 
1534.0000000 52.4815958 52.4933833 
1535.0000000 52.2851773 52.2969647 
1536.0000000 52.0887587 52.1005462 
1537.0000000 51.8923402 51.9041276 
1538.0000000 51.6959216 51.7077091 
1539.0000000 51.4995031 51.5112905 
1540.0000000 51.3030845 51.3148720 
1541.0000000 51.1066660 51.1184534 
1542.0000000 50.9102474 50.9220349 
1543.0000000 50.7138289 50.7256163 
1544.0000000 50.5174103 50.5291978 
1545.0000000 50.3209918 50.3327792 
1546.0000000 50.1245732 50.1363607 
1547.0000000 49.9281547 49.9399421 
1548.0000000 49.7317361 49.7435236 
1549.0000000 49.5353176 49.5471050 
1550.0000000 49.3388990 49.3506865 
1551.0000000 49.1424805 49.1542679 
1552.0000000 48.9460619 48.9578494 
1553.0000000 48.7496434 48.7614308 
1554.0000000 48.5532248 48.5650122 
1555.0000000 48.3568063 48.3685937 
1556.0000000 48.1603877 48.1721751 
1557.0000000 47.9639692 47.9757566 
1558.0000000 47.7675506 47.7793380 
1559.0000000 47.5711321 47.5829195 
1560.0000000 47.3747135 47.3865009 
1561.0000000 47.1782950 47.1900824 
1562.0000000 46.9818764 46.9936638 
1563.0000000 46.7854579 46.7972453 
1564.0000000 46.5890393 46.6008267 
1565.0000000 46.3926208 46.4044082 
1566.0000000 46.1962022 46.2079896 
1567.0000000 45.9997837 46.0115711 
1568.0000000 45.8033651 45.8151525 
1569.0000000 45.6069466 45.6187340 
1570.0000000 45.4105280 45.4223154 
1571.0000000 45.2141095 45.2258969 
1572.0000000 45.0176909 45.0294783 
1573.0000000 44.8212724 44.8330598 
1574.0000000 44.6248538 44.6366412 
1575.0000000 44.4284353 44.4402227 
1576.0000000 44.2320167 44.2438041 
1577.0000000 44.0355982 44.0473856 
1578.0000000 43.8391796 43.8509670 
1579.0000000 43.6427611 43.6545485 
1580.0000000 43.4463425 43.4581299 
1581.0000000 43.2499240 43.2617114 
1582.0000000 43.0535054 43.0652928 
1583.0000000 42.8570869 42.8688743 
1584.0000000 42.6606683 42.6724557 
1585.0000000 42.4642498 42.4760372 
1586.0000000 42.2678312 42.2796186 
1587.0000000 42.0714127 42.0832001 
1588.0000000 41.8749941 41.8867815 
1589.0000000 41.6785756 41.6903630 
1590.0000000 41.4821570 41.4939444 
1591.0000000 41.2857385 41.2975259 
1592.0000000 41.0893199 41.1011073 
1593.0000000 40.8929014 40.9046888 
1594.0000000 40.6964828 40.7082702 
1595.0000000 40.5000643 40.5118517 
1596.0000000 40.3036457 40.3154331 
1597.0000000 40.1072272 40.1190146 
1598.0000000 39.9108086 39.9225960 
1599.0000000 39.7143901 39.7261775 
1600.0000000 39.5179715 39.5297589 
1601.0000000 39.3215530 39.3333404 
1602.0000000 39.1251344 39.1369218 
1603.0000000 38.9287159 38.9405033 
1604.0000000 38.7322973 38.7440847 
1605.0000000 38.5358788 38.5476662 
1606.0000000 38.3394602 38.3512476 
1607.0000000 38.1430417 38.1548291 
1608.0000000 37.9466231 37.9584105 
1609.0000000 37.7502046 37.7619920 
1610.0000000 37.5537860 37.5655734 
1611.0000000 37.3573675 37.3691549 
1612.0000000 37.1609489 37.1727363 
1613.0000000 36.9645304 36.9763178 
1614.0000000 36.7681118 36.7798992 
1615.0000000 36.5716933 36.5834807 
1616.0000000 36.3752747 36.3870621 
1617.0000000 36.1788562 36.1906436 
1618.0000000 35.9824376 35.9942250 
1619.0000000 35.7860191 35.7978065 
1620.0000000 35.5896005 35.6013879 
1621.0000000 35.3931820 35.4049694 
1622.0000000 35.1967634 35.2085508 
1623.0000000 35.0003449 35.0121323 
1624.0000000 34.8039263 34.8157137 
1625.0000000 34.6075078 34.6192952 
1626.0000000 34.4110892 34.4228766 
1627.0000000 34.2146707 34.2264581 
1628.0000000 34.0182521 34.0300395 
1629.0000000 33.8218336 33.8336210 
1630.0000000 33.6254150 33.6372024 
1631.0000000 33.4289965 33.4407839 
1632.0000000 33.2325779 33.2443653 
1633.0000000 33.0361594 33.0479468 
1634.0000000 32.8397408 32.8515282 
1635.0000000 32.6433223 32.6551097 
1636.0000000 32.4469037 32.4586911 
1637.0000000 32.2504852 32.2622726 
1638.0000000 32.0540666 32.0658540 
1639.0000000 31.8576481 31.8694355 
1640.0000000 31.6612295 31.6730169 
1641.0000000 31.4648110 31.4765984 
1642.0000000 31.2683924 31.2801798 
1643.0000000 31.0719739 31.0837613 
1644.0000000 30.8755553 30.8873427 
1645.0000000 30.6791368 30.6909242 
1646.0000000 30.4827182 30.4945056 
1647.0000000 30.2862997 30.2980871 
1648.0000000 30.0898811 30.1016685 
1649.0000000 29.8934626 29.9052500 
1650.0000000 29.6970440 29.7088314 
1651.0000000 29.5006255 29.5124129 
1652.0000000 29.3042069 29.3159943 
1653.0000000 29.1077883 29.1195758 
1654.0000000 28.9113698 28.9231572 
1655.0000000 28.7149512 28.7267387 
1656.0000000 28.5185327 28.5303201 
1657.0000000 28.3221141 28.3339016 
1658.0000000 28.1256956 28.1374830 
1659.0000000 27.9292770 27.9410645 
1660.0000000 27.7328585 27.7446459 
1661.0000000 27.5364399 27.5482274 
1662.0000000 27.3400214 27.3518088 
1663.0000000 27.1436028 27.1553903 
1664.0000000 26.9471843 26.9589717 
1665.0000000 26.7507657 26.7625532 
1666.0000000 26.5543472 26.5661346 
1667.0000000 26.3579286 26.3697161 
1668.0000000 26.1615101 26.1732975 
1669.0000000 25.9650915 25.9768790 
1670.0000000 25.7686730 25.7804604 
1671.0000000 25.5722544 25.5840419 
1672.0000000 25.3758359 25.3876233 
1673.0000000 25.1794173 25.1912048 
1674.0000000 24.9829988 24.9947862 
1675.0000000 24.7865802 24.7983677 
1676.0000000 24.5901617 24.6019491 
1677.0000000 24.3937431 24.4055306 
1678.0000000 24.1973246 24.2091120 
1679.0000000 24.0009060 24.0126935 
1680.0000000 23.8044875 23.8162749 
1681.0000000 23.6080689 23.6198564 
1682.0000000 23.4116504 23.4234378 
1683.0000000 23.2152318 23.2270193 
1684.0000000 23.0188133 23.0306007 
1685.0000000 22.8223947 22.8341822 
1686.0000000 22.6259762 22.6377636 
1687.0000000 22.4295576 22.4413451 
1688.0000000 22.2331391 22.2449265 
1689.0000000 22.0367205 22.0485080 
1690.0000000 21.8403020 21.8520894 
1691.0000000 21.6438834 21.6556709 
1692.0000000 21.4474649 21.4592523 
1693.0000000 21.2510463 21.2628338 
1694.0000000 21.0546278 21.0664152 
1695.0000000 20.8582092 20.8699967 
1696.0000000 20.6617907 20.6735781 
1697.0000000 20.4653721 20.4771596 
1698.0000000 20.2689536 20.2807410 
1699.0000000 20.0725350 20.0843225 
1700.0000000 19.8761165 19.8879039 
1701.0000000 19.6796979 19.6914854 
1702.0000000 19.4832794 19.4950668 
1703.0000000 19.2868608 19.2986483 
1704.0000000 19.0904423 19.1022297 
1705.0000000 18.8940237 18.9058112 
1706.0000000 18.6976052 18.7093926 
1707.0000000 18.5011866 18.5129740 
1708.0000000 18.3047681 18.3165555 
1709.0000000 18.1083495 18.1201369 
1710.0000000 17.9119310 17.9237184 
1711.0000000 17.7155124 17.7272998 
1712.0000000 17.5190939 17.5308813 
1713.0000000 17.3226753 17.3344627 
1714.0000000 17.1262568 17.1380442 
1715.0000000 16.9298382 16.9416256 
1716.0000000 16.7334197 16.7452071 
1717.0000000 16.5370011 16.5487885 
1718.0000000 16.3405826 16.3523700 
1719.0000000 16.1441640 16.1559514 
1720.0000000 15.9477455 15.9595329 
1721.0000000 15.7513269 15.7631143 
1722.0000000 15.5549084 15.5666958 
1723.0000000 15.3584898 15.3702772 
1724.0000000 15.1620713 15.1738587 
1725.0000000 14.9656527 14.9774401 
1726.0000000 14.7692342 14.7810216 
1727.0000000 14.5728156 14.5846030 
1728.0000000 14.3763971 14.3881845 
1729.0000000 14.1799785 14.1917659 
1730.0000000 13.9835600 13.9953474 
1731.0000000 13.7871414 13.7989288 
1732.0000000 13.5907229 13.6025103 
1733.0000000 13.3943043 13.4060917 
1734.0000000 13.1978858 13.2096732 
1735.0000000 13.0014672 13.0132546 
1736.0000000 12.8050487 12.8168361 
1737.0000000 12.6086301 12.6204175 
1738.0000000 12.4122116 12.4239990 
1739.0000000 12.2157930 12.2275804 
1740.0000000 12.0193745 12.0311619 
1741.0000000 11.8229559 11.8347433 
1742.0000000 11.6265374 11.6383248 
1743.0000000 11.4301188 11.4419062 
1744.0000000 11.2337003 11.2454877 
1745.0000000 11.0372817 11.0490691 
1746.0000000 10.8408632 10.8526506 
1747.0000000 10.6444446 10.6562320 
1748.0000000 10.4480261 10.4598135 
1749.0000000 10.2516075 10.2633949 
1750.0000000 10.0551890 10.0669764 
1751.0000000 9.8587704 9.8705578 
1752.0000000 9.6623519 9.6741393 
1753.0000000 9.4659333 9.4777207 
1754.0000000 9.2695148 9.2813022 
1755.0000000 9.0730962 9.0848836 
1756.0000000 8.8766777 8.8884651 
1757.0000000 8.6802591 8.6920465 
1758.0000000 8.4838406 8.4956280 
1759.0000000 8.2874220 8.2992094 
1760.0000000 8.0910035 8.1027909 
1761.0000000 7.8945849 7.9063723 
1762.0000000 7.6981664 7.7099538 
1763.0000000 7.5017478 7.5135352 
1764.0000000 7.3053293 7.3171167 
1765.0000000 7.1089107 7.1206981 
1766.0000000 6.9124922 6.9242796 
1767.0000000 6.7160736 6.7278610 
1768.0000000 6.5196551 6.5314425 
1769.0000000 6.3232365 6.3350239 
1770.0000000 6.1268180 6.1386054 
1771.0000000 5.9303994 5.9421868 
1772.0000000 5.7339809 5.7457683 
1773.0000000 5.5375623 5.5493497 
1774.0000000 5.3411438 5.3529312 
1775.0000000 5.1447252 5.1565126 
1776.0000000 4.9483067 4.9600941 
1777.0000000 4.7518881 4.7636755 
1778.0000000 4.5554696 4.5672570 
1779.0000000 4.3590510 4.3708384 
1780.0000000 4.1626325 4.1744199 
1781.0000000 3.9662139 3.9780013 
1782.0000000 3.7697954 3.7815828 
1783.0000000 3.5733768 3.5851642 
1784.0000000 3.3769583 3.3887457 
1785.0000000 3.1805397 3.1923271 
1786.0000000 2.9841212 2.9959086 
1787.0000000 2.7877026 2.7994900 
1788.0000000 2.5912841 2.6030715 
1789.0000000 2.3948655 2.4066529 
1790.0000000 2.1984470 2.2102344 
1791.0000000 2.0020284 2.0138158 
1792.0000000 1.8056099 1.8173973 
1793.0000000 1.6091913 1.6209787 
1794.0000000 1.4127728 1.4245602 
1795.0000000 1.2163542 1.2281416 
1796.0000000 1.0199357 1.0317231 
1797.0000000 0.8235171 0.8353045 
1798.0000000 0.6270986 0.6388860 
1799.0000000 0.4306800 0.4424674 
1800.0000000 0.2342615 0.2460489 

