1.0000000 353.5434989 353.4701549 
2.0000000 353.3470804 353.2737363 
3.0000000 353.1506618 353.0773178 
4.0000000 352.9542433 352.8808992 
5.0000000 352.7578247 352.6844807 
6.0000000 352.5614062 352.4880621 
7.0000000 352.3649876 352.2916436 
8.0000000 352.1685691 352.0952250 
9.0000000 351.9721505 351.8988065 
10.0000000 351.7757320 351.7023879 
11.0000000 351.5793134 351.5059694 
12.0000000 351.3828949 351.3095508 
13.0000000 351.1864763 351.1131323 
14.0000000 350.9900578 350.9167137 
15.0000000 350.7936392 350.7202952 
16.0000000 350.5972207 350.5238766 
17.0000000 350.4008021 350.3274581 
18.0000000 350.2043836 350.1310395 
19.0000000 350.0079650 349.9346210 
20.0000000 349.8115465 349.7382024 
21.0000000 349.6151279 349.5417839 
22.0000000 349.4187094 349.3453653 
23.0000000 349.2222908 349.1489468 
24.0000000 349.0258723 348.9525282 
25.0000000 348.8294537 348.7561097 
26.0000000 348.6330352 348.5596911 
27.0000000 348.4366166 348.3632726 
28.0000000 348.2401981 348.1668540 
29.0000000 348.0437795 347.9704355 
30.0000000 347.8473610 347.7740169 
31.0000000 347.6509424 347.5775984 
32.0000000 347.4545239 347.3811798 
33.0000000 347.2581053 347.1847613 
34.0000000 347.0616868 346.9883427 
35.0000000 346.8652682 346.7919242 
36.0000000 346.6688497 346.5955056 
37.0000000 346.4724311 346.3990871 
38.0000000 346.2760126 346.2026685 
39.0000000 346.0795940 346.0062500 
40.0000000 345.8831755 345.8098314 
41.0000000 345.6867569 345.6134129 
42.0000000 345.4903383 345.4169943 
43.0000000 345.2939198 345.2205758 
44.0000000 345.0975012 345.0241572 
45.0000000 344.9010827 344.8277387 
46.0000000 344.7046641 344.6313201 
47.0000000 344.5082456 344.4349016 
48.0000000 344.3118270 344.2384830 
49.0000000 344.1154085 344.0420645 
50.0000000 343.9189899 343.8456459 
51.0000000 343.7225714 343.6492274 
52.0000000 343.5261528 343.4528088 
53.0000000 343.3297343 343.2563903 
54.0000000 343.1333157 343.0599717 
55.0000000 342.9368972 342.8635532 
56.0000000 342.7404786 342.6671346 
57.0000000 342.5440601 342.4707161 
58.0000000 342.3476415 342.2742975 
59.0000000 342.1512230 342.0778789 
60.0000000 341.9548044 341.8814604 
61.0000000 341.7583859 341.6850418 
62.0000000 341.5619673 341.4886233 
63.0000000 341.3655488 341.2922047 
64.0000000 341.1691302 341.0957862 
65.0000000 340.9727117 340.8993676 
66.0000000 340.7762931 340.7029491 
67.0000000 340.5798746 340.5065305 
68.0000000 340.3834560 340.3101120 
69.0000000 340.1870375 340.1136934 
70.0000000 339.9906189 339.9172749 
71.0000000 339.7942004 339.7208563 
72.0000000 339.5977818 339.5244378 
73.0000000 339.4013633 339.3280192 
74.0000000 339.2049447 339.1316007 
75.0000000 339.0085262 338.9351821 
76.0000000 338.8121076 338.7387636 
77.0000000 338.6156891 338.5423450 
78.0000000 338.4192705 338.3459265 
79.0000000 338.2228520 338.1495079 
80.0000000 338.0264334 337.9530894 
81.0000000 337.8300149 337.7566708 
82.0000000 337.6335963 337.5602523 
83.0000000 337.4371778 337.3638337 
84.0000000 337.2407592 337.1674152 
85.0000000 337.0443407 336.9709966 
86.0000000 336.8479221 336.7745781 
87.0000000 336.6515036 336.5781595 
88.0000000 336.4550850 336.3817410 
89.0000000 336.2586665 336.1853224 
90.0000000 336.0622479 335.9889039 
91.0000000 335.8658294 335.7924853 
92.0000000 335.6694108 335.5960668 
93.0000000 335.4729923 335.3996482 
94.0000000 335.2765737 335.2032297 
95.0000000 335.0801552 335.0068111 
96.0000000 334.8837366 334.8103926 
97.0000000 334.6873181 334.6139740 
98.0000000 334.4908995 334.4175555 
99.0000000 334.2944810 334.2211369 
100.0000000 334.0980624 334.0247184 
101.0000000 333.9016439 333.8282998 
102.0000000 333.7052253 333.6318813 
103.0000000 333.5088068 333.4354627 
104.0000000 333.3123882 333.2390442 
105.0000000 333.1159697 333.0426256 
106.0000000 332.9195511 332.8462071 
107.0000000 332.7231326 332.6497885 
108.0000000 332.5267140 332.4533700 
109.0000000 332.3302955 332.2569514 
110.0000000 332.1338769 332.0605329 
111.0000000 331.9374584 331.8641143 
112.0000000 331.7410398 331.6676958 
113.0000000 331.5446213 331.4712772 
114.0000000 331.3482027 331.2748587 
115.0000000 331.1517842 331.0784401 
116.0000000 330.9553656 330.8820216 
117.0000000 330.7589471 330.6856030 
118.0000000 330.5625285 330.4891845 
119.0000000 330.3661100 330.2927659 
120.0000000 330.1696914 330.0963474 
121.0000000 329.9732729 329.8999288 
122.0000000 329.7768543 329.7035103 
123.0000000 329.5804358 329.5070917 
124.0000000 329.3840172 329.3106732 
125.0000000 329.1875987 329.1142546 
126.0000000 328.9911801 328.9178361 
127.0000000 328.7947616 328.7214175 
128.0000000 328.5983430 328.5249990 
129.0000000 328.4019245 328.3285804 
130.0000000 328.2055059 328.1321619 
131.0000000 328.0090874 327.9357433 
132.0000000 327.8126688 327.7393248 
133.0000000 327.6162503 327.5429062 
134.0000000 327.4198317 327.3464877 
135.0000000 327.2234132 327.1500691 
136.0000000 327.0269946 326.9536506 
137.0000000 326.8305761 326.7572320 
138.0000000 326.6341575 326.5608135 
139.0000000 326.4377390 326.3643949 
140.0000000 326.2413204 326.1679764 
141.0000000 326.0449019 325.9715578 
142.0000000 325.8484833 325.7751393 
143.0000000 325.6520648 325.5787207 
144.0000000 325.4556462 325.3823022 
145.0000000 325.2592277 325.1858836 
146.0000000 325.0628091 324.9894651 
147.0000000 324.8663906 324.7930465 
148.0000000 324.6699720 324.5966280 
149.0000000 324.4735535 324.4002094 
150.0000000 324.2771349 324.2037909 
151.0000000 324.0807164 324.0073723 
152.0000000 323.8842978 323.8109538 
153.0000000 323.6878793 323.6145352 
154.0000000 323.4914607 323.4181167 
155.0000000 323.2950422 323.2216981 
156.0000000 323.0986236 323.0252796 
157.0000000 322.9022051 322.8288610 
158.0000000 322.7057865 322.6324425 
159.0000000 322.5093680 322.4360239 
160.0000000 322.3129494 322.2396054 
161.0000000 322.1165309 322.0431868 
162.0000000 321.9201123 321.8467683 
163.0000000 321.7236938 321.6503497 
164.0000000 321.5272752 321.4539312 
165.0000000 321.3308567 321.2575126 
166.0000000 321.1344381 321.0610941 
167.0000000 320.9380196 320.8646755 
168.0000000 320.7416010 320.6682570 
169.0000000 320.5451825 320.4718384 
170.0000000 320.3487639 320.2754199 
171.0000000 320.1523454 320.0790013 
172.0000000 319.9559268 319.8825828 
173.0000000 319.7595083 319.6861642 
174.0000000 319.5630897 319.4897457 
175.0000000 319.3666712 319.2933271 
176.0000000 319.1702526 319.0969086 
177.0000000 318.9738341 318.9004900 
178.0000000 318.7774155 318.7040715 
179.0000000 318.5809970 318.5076529 
180.0000000 318.3845784 318.3112344 
181.0000000 318.1881599 318.1148158 
182.0000000 317.9917413 317.9183973 
183.0000000 317.7953228 317.7219787 
184.0000000 317.5989042 317.5255602 
185.0000000 317.4024857 317.3291416 
186.0000000 317.2060671 317.1327231 
187.0000000 317.0096486 316.9363045 
188.0000000 316.8132300 316.7398860 
189.0000000 316.6168115 316.5434674 
190.0000000 316.4203929 316.3470489 
191.0000000 316.2239744 316.1506303 
192.0000000 316.0275558 315.9542118 
193.0000000 315.8311372 315.7577932 
194.0000000 315.6347187 315.5613747 
195.0000000 315.4383001 315.3649561 
196.0000000 315.2418816 315.1685376 
197.0000000 315.0454630 314.9721190 
198.0000000 314.8490445 314.7757005 
199.0000000 314.6526259 314.5792819 
200.0000000 314.4562074 314.3828634 
201.0000000 314.2597888 314.1864448 
202.0000000 314.0633703 313.9900263 
203.0000000 313.8669517 313.7936077 
204.0000000 313.6705332 313.5971892 
205.0000000 313.4741146 313.4007706 
206.0000000 313.2776961 313.2043521 
207.0000000 313.0812775 313.0079335 
208.0000000 312.8848590 312.8115150 
209.0000000 312.6884404 312.6150964 
210.0000000 312.4920219 312.4186778 
211.0000000 312.2956033 312.2222593 
212.0000000 312.0991848 312.0258407 
213.0000000 311.9027662 311.8294222 
214.0000000 311.7063477 311.6330036 
215.0000000 311.5099291 311.4365851 
216.0000000 311.3135106 311.2401665 
217.0000000 311.1170920 311.0437480 
218.0000000 310.9206735 310.8473294 
219.0000000 310.7242549 310.6509109 
220.0000000 310.5278364 310.4544923 
221.0000000 310.3314178 310.2580738 
222.0000000 310.1349993 310.0616552 
223.0000000 309.9385807 309.8652367 
224.0000000 309.7421622 309.6688181 
225.0000000 309.5457436 309.4723996 
226.0000000 309.3493251 309.2759810 
227.0000000 309.1529065 309.0795625 
228.0000000 308.9564880 308.8831439 
229.0000000 308.7600694 308.6867254 
230.0000000 308.5636509 308.4903068 
231.0000000 308.3672323 308.2938883 
232.0000000 308.1708138 308.0974697 
233.0000000 307.9743952 307.9010512 
234.0000000 307.7779767 307.7046326 
235.0000000 307.5815581 307.5082141 
236.0000000 307.3851396 307.3117955 
237.0000000 307.1887210 307.1153770 
238.0000000 306.9923025 306.9189584 
239.0000000 306.7958839 306.7225399 
240.0000000 306.5994654 306.5261213 
241.0000000 306.4030468 306.3297028 
242.0000000 306.2066283 306.1332842 
243.0000000 306.0102097 305.9368657 
244.0000000 305.8137912 305.7404471 
245.0000000 305.6173726 305.5440286 
246.0000000 305.4209541 305.3476100 
247.0000000 305.2245355 305.1511915 
248.0000000 305.0281170 304.9547729 
249.0000000 304.8316984 304.7583544 
250.0000000 304.6352799 304.5619358 
251.0000000 304.4388613 304.3655173 
252.0000000 304.2424428 304.1690987 
253.0000000 304.0460242 303.9726802 
254.0000000 303.8496057 303.7762616 
255.0000000 303.6531871 303.5798431 
256.0000000 303.4567686 303.3834245 
257.0000000 303.2603500 303.1870060 
258.0000000 303.0639315 302.9905874 
259.0000000 302.8675129 302.7941689 
260.0000000 302.6710944 302.5977503 
261.0000000 302.4746758 302.4013318 
262.0000000 302.2782573 302.2049132 
263.0000000 302.0818387 302.0084947 
264.0000000 301.8854202 301.8120761 
265.0000000 301.6890016 301.6156576 
266.0000000 301.4925831 301.4192390 
267.0000000 301.2961645 301.2228205 
268.0000000 301.0997460 301.0264019 
269.0000000 300.9033274 300.8299834 
270.0000000 300.7069089 300.6335648 
271.0000000 300.5104903 300.4371463 
272.0000000 300.3140718 300.2407277 
273.0000000 300.1176532 300.0443092 
274.0000000 299.9212347 299.8478906 
275.0000000 299.7248161 299.6514721 
276.0000000 299.5283976 299.4550535 
277.0000000 299.3319790 299.2586350 
278.0000000 299.1355605 299.0622164 
279.0000000 298.9391419 298.8657979 
280.0000000 298.7427234 298.6693793 
281.0000000 298.5463048 298.4729608 
282.0000000 298.3498863 298.2765422 
283.0000000 298.1534677 298.0801237 
284.0000000 297.9570492 297.8837051 
285.0000000 297.7606306 297.6872866 
286.0000000 297.5642121 297.4908680 
287.0000000 297.3677935 297.2944495 
288.0000000 297.1713750 297.0980309 
289.0000000 296.9749564 296.9016124 
290.0000000 296.7785379 296.7051938 
291.0000000 296.5821193 296.5087753 
292.0000000 296.3857008 296.3123567 
293.0000000 296.1892822 296.1159382 
294.0000000 295.9928637 295.9195196 
295.0000000 295.7964451 295.7231011 
296.0000000 295.6000266 295.5266825 
297.0000000 295.4036080 295.3302640 
298.0000000 295.2071895 295.1338454 
299.0000000 295.0107709 294.9374269 
300.0000000 294.8143524 294.7410083 
301.0000000 294.6179338 294.5445898 
302.0000000 294.4215153 294.3481712 
303.0000000 294.2250967 294.1517527 
304.0000000 294.0286782 293.9553341 
305.0000000 293.8322596 293.7589156 
306.0000000 293.6358411 293.5624970 
307.0000000 293.4394225 293.3660785 
308.0000000 293.2430040 293.1696599 
309.0000000 293.0465854 292.9732414 
310.0000000 292.8501669 292.7768228 
311.0000000 292.6537483 292.5804043 
312.0000000 292.4573298 292.3839857 
313.0000000 292.2609112 292.1875672 
314.0000000 292.0644927 291.9911486 
315.0000000 291.8680741 291.7947301 
316.0000000 291.6716556 291.5983115 
317.0000000 291.4752370 291.4018930 
318.0000000 291.2788185 291.2054744 
319.0000000 291.0823999 291.0090559 
320.0000000 290.8859814 290.8126373 
321.0000000 290.6895628 290.6162188 
322.0000000 290.4931443 290.4198002 
323.0000000 290.2967257 290.2233817 
324.0000000 290.1003072 290.0269631 
325.0000000 289.9038886 289.8305446 
326.0000000 289.7074701 289.6341260 
327.0000000 289.5110515 289.4377075 
328.0000000 289.3146330 289.2412889 
329.0000000 289.1182144 289.0448704 
330.0000000 288.9217959 288.8484518 
331.0000000 288.7253773 288.6520333 
332.0000000 288.5289588 288.4556147 
333.0000000 288.3325402 288.2591962 
334.0000000 288.1361217 288.0627776 
335.0000000 287.9397031 287.8663591 
336.0000000 287.7432846 287.6699405 
337.0000000 287.5468660 287.4735220 
338.0000000 287.3504475 287.2771034 
339.0000000 287.1540289 287.0806849 
340.0000000 286.9576104 286.8842663 
341.0000000 286.7611918 286.6878478 
342.0000000 286.5647733 286.4914292 
343.0000000 286.3683547 286.2950107 
344.0000000 286.1719361 286.0985921 
345.0000000 285.9755176 285.9021736 
346.0000000 285.7790990 285.7057550 
347.0000000 285.5826805 285.5093365 
348.0000000 285.3862619 285.3129179 
349.0000000 285.1898434 285.1164994 
350.0000000 284.9934248 284.9200808 
351.0000000 284.7970063 284.7236623 
352.0000000 284.6005877 284.5272437 
353.0000000 284.4041692 284.3308252 
354.0000000 284.2077506 284.1344066 
355.0000000 284.0113321 283.9379881 
356.0000000 283.8149135 283.7415695 
357.0000000 283.6184950 283.5451510 
358.0000000 283.4220764 283.3487324 
359.0000000 283.2256579 283.1523139 
360.0000000 283.0292393 282.9558953 
361.0000000 282.8328208 282.7594768 
362.0000000 282.6364022 282.5630582 
363.0000000 282.4399837 282.3666396 
364.0000000 282.2435651 282.1702211 
365.0000000 282.0471466 281.9738025 
366.0000000 281.8507280 281.7773840 
367.0000000 281.6543095 281.5809654 
368.0000000 281.4578909 281.3845469 
369.0000000 281.2614724 281.1881283 
370.0000000 281.0650538 280.9917098 
371.0000000 280.8686353 280.7952912 
372.0000000 280.6722167 280.5988727 
373.0000000 280.4757982 280.4024541 
374.0000000 280.2793796 280.2060356 
375.0000000 280.0829611 280.0096170 
376.0000000 279.8865425 279.8131985 
377.0000000 279.6901240 279.6167799 
378.0000000 279.4937054 279.4203614 
379.0000000 279.2972869 279.2239428 
380.0000000 279.1008683 279.0275243 
381.0000000 278.9044498 278.8311057 
382.0000000 278.7080312 278.6346872 
383.0000000 278.5116127 278.4382686 
384.0000000 278.3151941 278.2418501 
385.0000000 278.1187756 278.0454315 
386.0000000 277.9223570 277.8490130 
387.0000000 277.7259385 277.6525944 
388.0000000 277.5295199 277.4561759 
389.0000000 277.3331014 277.2597573 
390.0000000 277.1366828 277.0633388 
391.0000000 276.9402643 276.8669202 
392.0000000 276.7438457 276.6705017 
393.0000000 276.5474272 276.4740831 
394.0000000 276.3510086 276.2776646 
395.0000000 276.1545901 276.0812460 
396.0000000 275.9581715 275.8848275 
397.0000000 275.7617530 275.6884089 
398.0000000 275.5653344 275.4919904 
399.0000000 275.3689159 275.2955718 
400.0000000 275.1724973 275.0991533 
401.0000000 274.9760788 274.9027347 
402.0000000 274.7796602 274.7063162 
403.0000000 274.5832417 274.5098976 
404.0000000 274.3868231 274.3134791 
405.0000000 274.1904046 274.1170605 
406.0000000 273.9939860 273.9206420 
407.0000000 273.7975675 273.7242234 
408.0000000 273.6011489 273.5278049 
409.0000000 273.4047304 273.3313863 
410.0000000 273.2083118 273.1349678 
411.0000000 273.0118933 272.9385492 
412.0000000 272.8154747 272.7421307 
413.0000000 272.6190562 272.5457121 
414.0000000 272.4226376 272.3492936 
415.0000000 272.2262191 272.1528750 
416.0000000 272.0298005 271.9564565 
417.0000000 271.8333820 271.7600379 
418.0000000 271.6369634 271.5636194 
419.0000000 271.4405449 271.3672008 
420.0000000 271.2441263 271.1707823 
421.0000000 271.0477078 270.9743637 
422.0000000 270.8512892 270.7779452 
423.0000000 270.6548707 270.5815266 
424.0000000 270.4584521 270.3851081 
425.0000000 270.2620336 270.1886895 
426.0000000 270.0656150 269.9922710 
427.0000000 269.8691965 269.7958524 
428.0000000 269.6727779 269.5994339 
429.0000000 269.4763594 269.4030153 
430.0000000 269.2799408 269.2065968 
431.0000000 269.0835223 269.0101782 
432.0000000 268.8871037 268.8137597 
433.0000000 268.6906852 268.6173411 
434.0000000 268.4942666 268.4209226 
435.0000000 268.2978481 268.2245040 
436.0000000 268.1014295 268.0280855 
437.0000000 267.9050110 267.8316669 
438.0000000 267.7085924 267.6352484 
439.0000000 267.5121739 267.4388298 
440.0000000 267.3157553 267.2424113 
441.0000000 267.1193368 267.0459927 
442.0000000 266.9229182 266.8495742 
443.0000000 266.7264997 266.6531556 
444.0000000 266.5300811 266.4567371 
445.0000000 266.3336626 266.2603185 
446.0000000 266.1372440 266.0639000 
447.0000000 265.9408255 265.8674814 
448.0000000 265.7444069 265.6710629 
449.0000000 265.5479884 265.4746443 
450.0000000 265.3515698 265.2782258 
451.0000000 265.1551513 265.0818072 
452.0000000 264.9587327 264.8853887 
453.0000000 264.7623142 264.6889701 
454.0000000 264.5658956 264.4925516 
455.0000000 264.3694771 264.2961330 
456.0000000 264.1730585 264.0997145 
457.0000000 263.9766400 263.9032959 
458.0000000 263.7802214 263.7068774 
459.0000000 263.5838029 263.5104588 
460.0000000 263.3873843 263.3140403 
461.0000000 263.1909658 263.1176217 
462.0000000 262.9945472 262.9212032 
463.0000000 262.7981287 262.7247846 
464.0000000 262.6017101 262.5283661 
465.0000000 262.4052916 262.3319475 
466.0000000 262.2088730 262.1355290 
467.0000000 262.0124545 261.9391104 
468.0000000 261.8160359 261.7426919 
469.0000000 261.6196174 261.5462733 
470.0000000 261.4231988 261.3498548 
471.0000000 261.2267803 261.1534362 
472.0000000 261.0303617 260.9570177 
473.0000000 260.8339432 260.7605991 
474.0000000 260.6375246 260.5641806 
475.0000000 260.4411061 260.3677620 
476.0000000 260.2446875 260.1713435 
477.0000000 260.0482690 259.9749249 
478.0000000 259.8518504 259.7785064 
479.0000000 259.6554319 259.5820878 
480.0000000 259.4590133 259.3856693 
481.0000000 259.2625948 259.1892507 
482.0000000 259.0661762 258.9928322 
483.0000000 258.8697577 258.7964136 
484.0000000 258.6733391 258.5999951 
485.0000000 258.4769206 258.4035765 
486.0000000 258.2805020 258.2071580 
487.0000000 258.0840835 258.0107394 
488.0000000 257.8876649 257.8143209 
489.0000000 257.6912464 257.6179023 
490.0000000 257.4948278 257.4214838 
491.0000000 257.2984093 257.2250652 
492.0000000 257.1019907 257.0286467 
493.0000000 256.9055722 256.8322281 
494.0000000 256.7091536 256.6358096 
495.0000000 256.5127351 256.4393910 
496.0000000 256.3163165 256.2429725 
497.0000000 256.1198979 256.0465539 
498.0000000 255.9234794 255.8501354 
499.0000000 255.7270608 255.6537168 
500.0000000 255.5306423 255.4572983 
501.0000000 255.3342237 255.2608797 
502.0000000 255.1378052 255.0644612 
503.0000000 254.9413866 254.8680426 
504.0000000 254.7449681 254.6716241 
505.0000000 254.5485495 254.4752055 
506.0000000 254.3521310 254.2787870 
507.0000000 254.1557124 254.0823684 
508.0000000 253.9592939 253.8859499 
509.0000000 253.7628753 253.6895313 
510.0000000 253.5664568 253.4931128 
511.0000000 253.3700382 253.2966942 
512.0000000 253.1736197 253.1002757 
513.0000000 252.9772011 252.9038571 
514.0000000 252.7807826 252.7074385 
515.0000000 252.5843640 252.5110200 
516.0000000 252.3879455 252.3146014 
517.0000000 252.1915269 252.1181829 
518.0000000 251.9951084 251.9217643 
519.0000000 251.7986898 251.7253458 
520.0000000 251.6022713 251.5289272 
521.0000000 251.4058527 251.3325087 
522.0000000 251.2094342 251.1360901 
523.0000000 251.0130156 250.9396716 
524.0000000 250.8165971 250.7432530 
525.0000000 250.6201785 250.5468345 
526.0000000 250.4237600 250.3504159 
527.0000000 250.2273414 250.1539974 
528.0000000 250.0309229 249.9575788 
529.0000000 249.8345043 249.7611603 
530.0000000 249.6380858 249.5647417 
531.0000000 249.4416672 249.3683232 
532.0000000 249.2452487 249.1719046 
533.0000000 249.0488301 248.9754861 
534.0000000 248.8524116 248.7790675 
535.0000000 248.6559930 248.5826490 
536.0000000 248.4595745 248.3862304 
537.0000000 248.2631559 248.1898119 
538.0000000 248.0667374 247.9933933 
539.0000000 247.8703188 247.7969748 
540.0000000 247.6739003 247.6005562 
541.0000000 247.4774817 247.4041377 
542.0000000 247.2810632 247.2077191 
543.0000000 247.0846446 247.0113006 
544.0000000 246.8882261 246.8148820 
545.0000000 246.6918075 246.6184635 
546.0000000 246.4953890 246.4220449 
547.0000000 246.2989704 246.2256264 
548.0000000 246.1025519 246.0292078 
549.0000000 245.9061333 245.8327893 
550.0000000 245.7097148 245.6363707 
551.0000000 245.5132962 245.4399522 
552.0000000 245.3168777 245.2435336 
553.0000000 245.1204591 245.0471151 
554.0000000 244.9240406 244.8506965 
555.0000000 244.7276220 244.6542780 
556.0000000 244.5312035 244.4578594 
557.0000000 244.3347849 244.2614409 
558.0000000 244.1383664 244.0650223 
559.0000000 243.9419478 243.8686038 
560.0000000 243.7455293 243.6721852 
561.0000000 243.5491107 243.4757667 
562.0000000 243.3526922 243.2793481 
563.0000000 243.1562736 243.0829296 
564.0000000 242.9598551 242.8865110 
565.0000000 242.7634365 242.6900925 
566.0000000 242.5670180 242.4936739 
567.0000000 242.3705994 242.2972554 
568.0000000 242.1741809 242.1008368 
569.0000000 241.9777623 241.9044183 
570.0000000 241.7813438 241.7079997 
571.0000000 241.5849252 241.5115812 
572.0000000 241.3885067 241.3151626 
573.0000000 241.1920881 241.1187441 
574.0000000 240.9956696 240.9223255 
575.0000000 240.7992510 240.7259070 
576.0000000 240.6028325 240.5294884 
577.0000000 240.4064139 240.3330699 
578.0000000 240.2099954 240.1366513 
579.0000000 240.0135768 239.9402328 
580.0000000 239.8171583 239.7438142 
581.0000000 239.6207397 239.5473957 
582.0000000 239.4243212 239.3509771 
583.0000000 239.2279026 239.1545586 
584.0000000 239.0314841 238.9581400 
585.0000000 238.8350655 238.7617215 
586.0000000 238.6386470 238.5653029 
587.0000000 238.4422284 238.3688844 
588.0000000 238.2458099 238.1724658 
589.0000000 238.0493913 237.9760473 
590.0000000 237.8529728 237.7796287 
591.0000000 237.6565542 237.5832102 
592.0000000 237.4601357 237.3867916 
593.0000000 237.2637171 237.1903731 
594.0000000 237.0672986 236.9939545 
595.0000000 236.8708800 236.7975360 
596.0000000 236.6744615 236.6011174 
597.0000000 236.4780429 236.4046989 
598.0000000 236.2816244 236.2082803 
599.0000000 236.0852058 236.0118618 
600.0000000 235.8887873 235.8154432 
601.0000000 235.6923687 235.6190247 
602.0000000 235.4959502 235.4226061 
603.0000000 235.2995316 235.2261876 
604.0000000 235.1031131 235.0297690 
605.0000000 234.9066945 234.8333505 
606.0000000 234.7102760 234.6369319 
607.0000000 234.5138574 234.4405134 
608.0000000 234.3174389 234.2440948 
609.0000000 234.1210203 234.0476763 
610.0000000 233.9246018 233.8512577 
611.0000000 233.7281832 233.6548392 
612.0000000 233.5317647 233.4584206 
613.0000000 233.3353461 233.2620021 
614.0000000 233.1389276 233.0655835 
615.0000000 232.9425090 232.8691650 
616.0000000 232.7460905 232.6727464 
617.0000000 232.5496719 232.4763279 
618.0000000 232.3532534 232.2799093 
619.0000000 232.1568348 232.0834908 
620.0000000 231.9604163 231.8870722 
621.0000000 231.7639977 231.6906537 
622.0000000 231.5675792 231.4942351 
623.0000000 231.3711606 231.2978166 
624.0000000 231.1747421 231.1013980 
625.0000000 230.9783235 230.9049795 
626.0000000 230.7819050 230.7085609 
627.0000000 230.5854864 230.5121424 
628.0000000 230.3890679 230.3157238 
629.0000000 230.1926493 230.1193053 
630.0000000 229.9962308 229.9228867 
631.0000000 229.7998122 229.7264682 
632.0000000 229.6033937 229.5300496 
633.0000000 229.4069751 229.3336311 
634.0000000 229.2105566 229.1372125 
635.0000000 229.0141380 228.9407940 
636.0000000 228.8177195 228.7443754 
637.0000000 228.6213009 228.5479569 
638.0000000 228.4248824 228.3515383 
639.0000000 228.2284638 228.1551198 
640.0000000 228.0320453 227.9587012 
641.0000000 227.8356267 227.7622827 
642.0000000 227.6392082 227.5658641 
643.0000000 227.4427896 227.3694456 
644.0000000 227.2463711 227.1730270 
645.0000000 227.0499525 226.9766085 
646.0000000 226.8535340 226.7801899 
647.0000000 226.6571154 226.5837714 
648.0000000 226.4606968 226.3873528 
649.0000000 226.2642783 226.1909343 
650.0000000 226.0678597 225.9945157 
651.0000000 225.8714412 225.7980972 
652.0000000 225.6750226 225.6016786 
653.0000000 225.4786041 225.4052601 
654.0000000 225.2821855 225.2088415 
655.0000000 225.0857670 225.0124230 
656.0000000 224.8893484 224.8160044 
657.0000000 224.6929299 224.6195859 
658.0000000 224.4965113 224.4231673 
659.0000000 224.3000928 224.2267488 
660.0000000 224.1036742 224.0303302 
661.0000000 223.9072557 223.8339117 
662.0000000 223.7108371 223.6374931 
663.0000000 223.5144186 223.4410746 
664.0000000 223.3180000 223.2446560 
665.0000000 223.1215815 223.0482375 
666.0000000 222.9251629 222.8518189 
667.0000000 222.7287444 222.6554003 
668.0000000 222.5323258 222.4589818 
669.0000000 222.3359073 222.2625632 
670.0000000 222.1394887 222.0661447 
671.0000000 221.9430702 221.8697261 
672.0000000 221.7466516 221.6733076 
673.0000000 221.5502331 221.4768890 
674.0000000 221.3538145 221.2804705 
675.0000000 221.1573960 221.0840519 
676.0000000 220.9609774 220.8876334 
677.0000000 220.7645589 220.6912148 
678.0000000 220.5681403 220.4947963 
679.0000000 220.3717218 220.2983777 
680.0000000 220.1753032 220.1019592 
681.0000000 219.9788847 219.9055406 
682.0000000 219.7824661 219.7091221 
683.0000000 219.5860476 219.5127035 
684.0000000 219.3896290 219.3162850 
685.0000000 219.1932105 219.1198664 
686.0000000 218.9967919 218.9234479 
687.0000000 218.8003734 218.7270293 
688.0000000 218.6039548 218.5306108 
689.0000000 218.4075363 218.3341922 
690.0000000 218.2111177 218.1377737 
691.0000000 218.0146992 217.9413551 
692.0000000 217.8182806 217.7449366 
693.0000000 217.6218621 217.5485180 
694.0000000 217.4254435 217.3520995 
695.0000000 217.2290250 217.1556809 
696.0000000 217.0326064 216.9592624 
697.0000000 216.8361879 216.7628438 
698.0000000 216.6397693 216.5664253 
699.0000000 216.4433508 216.3700067 
700.0000000 216.2469322 216.1735882 
701.0000000 216.0505137 215.9771696 
702.0000000 215.8540951 215.7807511 
703.0000000 215.6576766 215.5843325 
704.0000000 215.4612580 215.3879140 
705.0000000 215.2648395 215.1914954 
706.0000000 215.0684209 214.9950769 
707.0000000 214.8720024 214.7986583 
708.0000000 214.6755838 214.6022398 
709.0000000 214.4791653 214.4058212 
710.0000000 214.2827467 214.2094027 
711.0000000 214.0863282 214.0129841 
712.0000000 213.8899096 213.8165656 
713.0000000 213.6934911 213.6201470 
714.0000000 213.4970725 213.4237285 
715.0000000 213.3006540 213.2273099 
716.0000000 213.1042354 213.0308914 
717.0000000 212.9078169 212.8344728 
718.0000000 212.7113983 212.6380543 
719.0000000 212.5149798 212.4416357 
720.0000000 212.3185612 212.2452172 
721.0000000 212.1221427 212.0487986 
722.0000000 211.9257241 211.8523801 
723.0000000 211.7293056 211.6559615 
724.0000000 211.5328870 211.4595430 
725.0000000 211.3364685 211.2631244 
726.0000000 211.1400499 211.0667059 
727.0000000 210.9436314 210.8702873 
728.0000000 210.7472128 210.6738688 
729.0000000 210.5507943 210.4774502 
730.0000000 210.3543757 210.2810317 
731.0000000 210.1579572 210.0846131 
732.0000000 209.9615386 209.8881946 
733.0000000 209.7651201 209.6917760 
734.0000000 209.5687015 209.4953575 
735.0000000 209.3722830 209.2989389 
736.0000000 209.1758644 209.1025204 
737.0000000 208.9794459 208.9061018 
738.0000000 208.7830273 208.7096833 
739.0000000 208.5866088 208.5132647 
740.0000000 208.3901902 208.3168462 
741.0000000 208.1937717 208.1204276 
742.0000000 207.9973531 207.9240091 
743.0000000 207.8009346 207.7275905 
744.0000000 207.6045160 207.5311720 
745.0000000 207.4080975 207.3347534 
746.0000000 207.2116789 207.1383349 
747.0000000 207.0152604 206.9419163 
748.0000000 206.8188418 206.7454978 
749.0000000 206.6224233 206.5490792 
750.0000000 206.4260047 206.3526607 
751.0000000 206.2295862 206.1562421 
752.0000000 206.0331676 205.9598236 
753.0000000 205.8367491 205.7634050 
754.0000000 205.6403305 205.5669865 
755.0000000 205.4439120 205.3705679 
756.0000000 205.2474934 205.1741494 
757.0000000 205.0510749 204.9777308 
758.0000000 204.8546563 204.7813123 
759.0000000 204.6582378 204.5848937 
760.0000000 204.4618192 204.3884752 
761.0000000 204.2654007 204.1920566 
762.0000000 204.0689821 203.9956381 
763.0000000 203.8725636 203.7992195 
764.0000000 203.6761450 203.6028010 
765.0000000 203.4797265 203.4063824 
766.0000000 203.2833079 203.2099639 
767.0000000 203.0868894 203.0135453 
768.0000000 202.8904708 202.8171268 
769.0000000 202.6940523 202.6207082 
770.0000000 202.4976337 202.4242897 
771.0000000 202.3012152 202.2278711 
772.0000000 202.1047966 202.0314526 
773.0000000 201.9083781 201.8350340 
774.0000000 201.7119595 201.6386155 
775.0000000 201.5155410 201.4421969 
776.0000000 201.3191224 201.2457784 
777.0000000 201.1227039 201.0493598 
778.0000000 200.9262853 200.8529413 
779.0000000 200.7298668 200.6565227 
780.0000000 200.5334482 200.4601042 
781.0000000 200.3370297 200.2636856 
782.0000000 200.1406111 200.0672671 
783.0000000 199.9441926 199.8708485 
784.0000000 199.7477740 199.6744300 
785.0000000 199.5513555 199.4780114 
786.0000000 199.3549369 199.2815929 
787.0000000 199.1585184 199.0851743 
788.0000000 198.9620998 198.8887558 
789.0000000 198.7656813 198.6923372 
790.0000000 198.5692627 198.4959187 
791.0000000 198.3728442 198.2995001 
792.0000000 198.1764256 198.1030816 
793.0000000 197.9800071 197.9066630 
794.0000000 197.7835885 197.7102445 
795.0000000 197.5871700 197.5138259 
796.0000000 197.3907514 197.3174074 
797.0000000 197.1943329 197.1209888 
798.0000000 196.9979143 196.9245703 
799.0000000 196.8014957 196.7281517 
800.0000000 196.6050772 196.5317332 
801.0000000 196.4086586 196.3353146 
802.0000000 196.2122401 196.1388961 
803.0000000 196.0158215 195.9424775 
804.0000000 195.8194030 195.7460590 
805.0000000 195.6229844 195.5496404 
806.0000000 195.4265659 195.3532219 
807.0000000 195.2301473 195.1568033 
808.0000000 195.0337288 194.9603848 
809.0000000 194.8373102 194.7639662 
810.0000000 194.6408917 194.5675477 
811.0000000 194.4444731 194.3711291 
812.0000000 194.2480546 194.1747106 
813.0000000 194.0516360 193.9782920 
814.0000000 193.8552175 193.7818735 
815.0000000 193.6587989 193.5854549 
816.0000000 193.4623804 193.3890364 
817.0000000 193.2659618 193.1926178 
818.0000000 193.0695433 192.9961992 
819.0000000 192.8731247 192.7997807 
820.0000000 192.6767062 192.6033621 
821.0000000 192.4802876 192.4069436 
822.0000000 192.2838691 192.2105250 
823.0000000 192.0874505 192.0141065 
824.0000000 191.8910320 191.8176879 
825.0000000 191.6946134 191.6212694 
826.0000000 191.4981949 191.4248508 
827.0000000 191.3017763 191.2284323 
828.0000000 191.1053578 191.0320137 
829.0000000 190.9089392 190.8355952 
830.0000000 190.7125207 190.6391766 
831.0000000 190.5161021 190.4427581 
832.0000000 190.3196836 190.2463395 
833.0000000 190.1232650 190.0499210 
834.0000000 189.9268465 189.8535024 
835.0000000 189.7304279 189.6570839 
836.0000000 189.5340094 189.4606653 
837.0000000 189.3375908 189.2642468 
838.0000000 189.1411723 189.0678282 
839.0000000 188.9447537 188.8714097 
840.0000000 188.7483352 188.6749911 
841.0000000 188.5519166 188.4785726 
842.0000000 188.3554981 188.2821540 
843.0000000 188.1590795 188.0857355 
844.0000000 187.9626610 187.8893169 
845.0000000 187.7662424 187.6928984 
846.0000000 187.5698239 187.4964798 
847.0000000 187.3734053 187.3000613 
848.0000000 187.1769868 187.1036427 
849.0000000 186.9805682 186.9072242 
850.0000000 186.7841497 186.7108056 
851.0000000 186.5877311 186.5143871 
852.0000000 186.3913126 186.3179685 
853.0000000 186.1948940 186.1215500 
854.0000000 185.9984755 185.9251314 
855.0000000 185.8020569 185.7287129 
856.0000000 185.6056384 185.5322943 
857.0000000 185.4092198 185.3358758 
858.0000000 185.2128013 185.1394572 
859.0000000 185.0163827 184.9430387 
860.0000000 184.8199642 184.7466201 
861.0000000 184.6235456 184.5502016 
862.0000000 184.4271271 184.3537830 
863.0000000 184.2307085 184.1573645 
864.0000000 184.0342900 183.9609459 
865.0000000 183.8378714 183.7645274 
866.0000000 183.6414529 183.5681088 
867.0000000 183.4450343 183.3716903 
868.0000000 183.2486158 183.1752717 
869.0000000 183.0521972 182.9788532 
870.0000000 182.8557787 182.7824346 
871.0000000 182.6593601 182.5860161 
872.0000000 182.4629416 182.3895975 
873.0000000 182.2665230 182.1931790 
874.0000000 182.0701045 181.9967604 
875.0000000 181.8736859 181.8003419 
876.0000000 181.6772674 181.6039233 
877.0000000 181.4808488 181.4075048 
878.0000000 181.2844303 181.2110862 
879.0000000 181.0880117 181.0146677 
880.0000000 180.8915932 180.8182491 
881.0000000 180.6951746 180.6218306 
882.0000000 180.4987561 180.4254120 
883.0000000 180.3023375 180.2289935 
884.0000000 180.1059190 180.0325749 
885.0000000 179.9095004 179.8361564 
886.0000000 179.7130819 179.6397378 
887.0000000 179.5166633 179.4433193 
888.0000000 179.3202448 179.2469007 
889.0000000 179.1238262 179.0504822 
890.0000000 178.9274077 178.8540636 
891.0000000 178.7309891 178.6576451 
892.0000000 178.5345706 178.4612265 
893.0000000 178.3381520 178.2648080 
894.0000000 178.1417335 178.0683894 
895.0000000 177.9453149 177.8719709 
896.0000000 177.7488964 177.6755523 
897.0000000 177.5524778 177.4791338 
898.0000000 177.3560593 177.2827152 
899.0000000 177.1596407 177.0862967 
900.0000000 176.9632222 176.8898781 
901.0000000 176.7668036 176.6934596 
902.0000000 176.5703851 176.4970410 
903.0000000 176.3739665 176.3006225 
904.0000000 176.1775480 176.1042039 
905.0000000 175.9811294 175.9077854 
906.0000000 175.7847109 175.7113668 
907.0000000 175.5882923 175.5149483 
908.0000000 175.3918738 175.3185297 
909.0000000 175.1954552 175.1221112 
910.0000000 174.9990367 174.9256926 
911.0000000 174.8026181 174.7292741 
912.0000000 174.6061996 174.5328555 
913.0000000 174.4097810 174.3364370 
914.0000000 174.2133625 174.1400184 
915.0000000 174.0169439 173.9435999 
916.0000000 173.8205254 173.7471813 
917.0000000 173.6241068 173.5507628 
918.0000000 173.4276883 173.3543442 
919.0000000 173.2312697 173.1579257 
920.0000000 173.0348512 172.9615071 
921.0000000 172.8384326 172.7650886 
922.0000000 172.6420141 172.5686700 
923.0000000 172.4455955 172.3722515 
924.0000000 172.2491770 172.1758329 
925.0000000 172.0527584 171.9794144 
926.0000000 171.8563399 171.7829958 
927.0000000 171.6599213 171.5865773 
928.0000000 171.4635028 171.3901587 
929.0000000 171.2670842 171.1937402 
930.0000000 171.0706657 170.9973216 
931.0000000 170.8742471 170.8009031 
932.0000000 170.6778286 170.6044845 
933.0000000 170.4814100 170.4080660 
934.0000000 170.2849915 170.2116474 
935.0000000 170.0885729 170.0152289 
936.0000000 169.8921544 169.8188103 
937.0000000 169.6957358 169.6223918 
938.0000000 169.4993173 169.4259732 
939.0000000 169.3028987 169.2295547 
940.0000000 169.1064802 169.0331361 
941.0000000 168.9100616 168.8367176 
942.0000000 168.7136431 168.6402990 
943.0000000 168.5172245 168.4438805 
944.0000000 168.3208060 168.2474619 
945.0000000 168.1243874 168.0510434 
946.0000000 167.9279689 167.8546248 
947.0000000 167.7315503 167.6582063 
948.0000000 167.5351318 167.4617877 
949.0000000 167.3387132 167.2653692 
950.0000000 167.1422947 167.0689506 
951.0000000 166.9458761 166.8725321 
952.0000000 166.7494575 166.6761135 
953.0000000 166.5530390 166.4796950 
954.0000000 166.3566204 166.2832764 
955.0000000 166.1602019 166.0868579 
956.0000000 165.9637833 165.8904393 
957.0000000 165.7673648 165.6940208 
958.0000000 165.5709462 165.4976022 
959.0000000 165.3745277 165.3011837 
960.0000000 165.1781091 165.1047651 
961.0000000 164.9816906 164.9083466 
962.0000000 164.7852720 164.7119280 
963.0000000 164.5888535 164.5155095 
964.0000000 164.3924349 164.3190909 
965.0000000 164.1960164 164.1226724 
966.0000000 163.9995978 163.9262538 
967.0000000 163.8031793 163.7298353 
968.0000000 163.6067607 163.5334167 
969.0000000 163.4103422 163.3369981 
970.0000000 163.2139236 163.1405796 
971.0000000 163.0175051 162.9441610 
972.0000000 162.8210865 162.7477425 
973.0000000 162.6246680 162.5513239 
974.0000000 162.4282494 162.3549054 
975.0000000 162.2318309 162.1584868 
976.0000000 162.0354123 161.9620683 
977.0000000 161.8389938 161.7656497 
978.0000000 161.6425752 161.5692312 
979.0000000 161.4461567 161.3728126 
980.0000000 161.2497381 161.1763941 
981.0000000 161.0533196 160.9799755 
982.0000000 160.8569010 160.7835570 
983.0000000 160.6604825 160.5871384 
984.0000000 160.4640639 160.3907199 
985.0000000 160.2676454 160.1943013 
986.0000000 160.0712268 159.9978828 
987.0000000 159.8748083 159.8014642 
988.0000000 159.6783897 159.6050457 
989.0000000 159.4819712 159.4086271 
990.0000000 159.2855526 159.2122086 
991.0000000 159.0891341 159.0157900 
992.0000000 158.8927155 158.8193715 
993.0000000 158.6962970 158.6229529 
994.0000000 158.4998784 158.4265344 
995.0000000 158.3034599 158.2301158 
996.0000000 158.1070413 158.0336973 
997.0000000 157.9106228 157.8372787 
998.0000000 157.7142042 157.6408602 
999.0000000 157.5177857 157.4444416 
1000.0000000 157.3213671 157.2480231 
1001.0000000 157.1249486 157.0516045 
1002.0000000 156.9285300 156.8551860 
1003.0000000 156.7321115 156.6587674 
1004.0000000 156.5356929 156.4623489 
1005.0000000 156.3392744 156.2659303 
1006.0000000 156.1428558 156.0695118 
1007.0000000 155.9464373 155.8730932 
1008.0000000 155.7500187 155.6766747 
1009.0000000 155.5536002 155.4802561 
1010.0000000 155.3571816 155.2838376 
1011.0000000 155.1607631 155.0874190 
1012.0000000 154.9643445 154.8910005 
1013.0000000 154.7679260 154.6945819 
1014.0000000 154.5715074 154.4981634 
1015.0000000 154.3750889 154.3017448 
1016.0000000 154.1786703 154.1053263 
1017.0000000 153.9822518 153.9089077 
1018.0000000 153.7858332 153.7124892 
1019.0000000 153.5894147 153.5160706 
1020.0000000 153.3929961 153.3196521 
1021.0000000 153.1965776 153.1232335 
1022.0000000 153.0001590 152.9268150 
1023.0000000 152.8037405 152.7303964 
1024.0000000 152.6073219 152.5339779 
1025.0000000 152.4109034 152.3375593 
1026.0000000 152.2144848 152.1411408 
1027.0000000 152.0180663 151.9447222 
1028.0000000 151.8216477 151.7483037 
1029.0000000 151.6252292 151.5518851 
1030.0000000 151.4288106 151.3554666 
1031.0000000 151.2323921 151.1590480 
1032.0000000 151.0359735 150.9626295 
1033.0000000 150.8395550 150.7662109 
1034.0000000 150.6431364 150.5697924 
1035.0000000 150.4467179 150.3733738 
1036.0000000 150.2502993 150.1769553 
1037.0000000 150.0538808 149.9805367 
1038.0000000 149.8574622 149.7841182 
1039.0000000 149.6610437 149.5876996 
1040.0000000 149.4646251 149.3912811 
1041.0000000 149.2682066 149.1948625 
1042.0000000 149.0717880 148.9984440 
1043.0000000 148.8753695 148.8020254 
1044.0000000 148.6789509 148.6056069 
1045.0000000 148.4825324 148.4091883 
1046.0000000 148.2861138 148.2127698 
1047.0000000 148.0896953 148.0163512 
1048.0000000 147.8932767 147.8199327 
1049.0000000 147.6968582 147.6235141 
1050.0000000 147.5004396 147.4270956 
1051.0000000 147.3040211 147.2306770 
1052.0000000 147.1076025 147.0342585 
1053.0000000 146.9111840 146.8378399 
1054.0000000 146.7147654 146.6414214 
1055.0000000 146.5183469 146.4450028 
1056.0000000 146.3219283 146.2485843 
1057.0000000 146.1255098 146.0521657 
1058.0000000 145.9290912 145.8557472 
1059.0000000 145.7326727 145.6593286 
1060.0000000 145.5362541 145.4629101 
1061.0000000 145.3398356 145.2664915 
1062.0000000 145.1434170 145.0700730 
1063.0000000 144.9469985 144.8736544 
1064.0000000 144.7505799 144.6772359 
1065.0000000 144.5541614 144.4808173 
1066.0000000 144.3577428 144.2843988 
1067.0000000 144.1613243 144.0879802 
1068.0000000 143.9649057 143.8915617 
1069.0000000 143.7684872 143.6951431 
1070.0000000 143.5720686 143.4987246 
1071.0000000 143.3756501 143.3023060 
1072.0000000 143.1792315 143.1058875 
1073.0000000 142.9828130 142.9094689 
1074.0000000 142.7863944 142.7130504 
1075.0000000 142.5899759 142.5166318 
1076.0000000 142.3935573 142.3202133 
1077.0000000 142.1971388 142.1237947 
1078.0000000 142.0007202 141.9273762 
1079.0000000 141.8043017 141.7309576 
1080.0000000 141.6078831 141.5345391 
1081.0000000 141.4114646 141.3381205 
1082.0000000 141.2150460 141.1417020 
1083.0000000 141.0186275 140.9452834 
1084.0000000 140.8222089 140.7488649 
1085.0000000 140.6257904 140.5524463 
1086.0000000 140.4293718 140.3560278 
1087.0000000 140.2329533 140.1596092 
1088.0000000 140.0365347 139.9631907 
1089.0000000 139.8401162 139.7667721 
1090.0000000 139.6436976 139.5703536 
1091.0000000 139.4472791 139.3739350 
1092.0000000 139.2508605 139.1775165 
1093.0000000 139.0544420 138.9810979 
1094.0000000 138.8580234 138.7846794 
1095.0000000 138.6616049 138.5882608 
1096.0000000 138.4651863 138.3918423 
1097.0000000 138.2687678 138.1954237 
1098.0000000 138.0723492 137.9990052 
1099.0000000 137.8759307 137.8025866 
1100.0000000 137.6795121 137.6061681 
1101.0000000 137.4830936 137.4097495 
1102.0000000 137.2866750 137.2133310 
1103.0000000 137.0902564 137.0169124 
1104.0000000 136.8938379 136.8204939 
1105.0000000 136.6974193 136.6240753 
1106.0000000 136.5010008 136.4276568 
1107.0000000 136.3045822 136.2312382 
1108.0000000 136.1081637 136.0348197 
1109.0000000 135.9117451 135.8384011 
1110.0000000 135.7153266 135.6419826 
1111.0000000 135.5189080 135.4455640 
1112.0000000 135.3224895 135.2491455 
1113.0000000 135.1260709 135.0527269 
1114.0000000 134.9296524 134.8563084 
1115.0000000 134.7332338 134.6598898 
1116.0000000 134.5368153 134.4634713 
1117.0000000 134.3403967 134.2670527 
1118.0000000 134.1439782 134.0706342 
1119.0000000 133.9475596 133.8742156 
1120.0000000 133.7511411 133.6777971 
1121.0000000 133.5547225 133.4813785 
1122.0000000 133.3583040 133.2849599 
1123.0000000 133.1618854 133.0885414 
1124.0000000 132.9654669 132.8921228 
1125.0000000 132.7690483 132.6957043 
1126.0000000 132.5726298 132.4992857 
1127.0000000 132.3762112 132.3028672 
1128.0000000 132.1797927 132.1064486 
1129.0000000 131.9833741 131.9100301 
1130.0000000 131.7869556 131.7136115 
1131.0000000 131.5905370 131.5171930 
1132.0000000 131.3941185 131.3207744 
1133.0000000 131.1976999 131.1243559 
1134.0000000 131.0012814 130.9279373 
1135.0000000 130.8048628 130.7315188 
1136.0000000 130.6084443 130.5351002 
1137.0000000 130.4120257 130.3386817 
1138.0000000 130.2156072 130.1422631 
1139.0000000 130.0191886 129.9458446 
1140.0000000 129.8227701 129.7494260 
1141.0000000 129.6263515 129.5530075 
1142.0000000 129.4299330 129.3565889 
1143.0000000 129.2335144 129.1601704 
1144.0000000 129.0370959 128.9637518 
1145.0000000 128.8406773 128.7673333 
1146.0000000 128.6442588 128.5709147 
1147.0000000 128.4478402 128.3744962 
1148.0000000 128.2514217 128.1780776 
1149.0000000 128.0550031 127.9816591 
1150.0000000 127.8585846 127.7852405 
1151.0000000 127.6621660 127.5888220 
1152.0000000 127.4657475 127.3924034 
1153.0000000 127.2693289 127.1959849 
1154.0000000 127.0729104 126.9995663 
1155.0000000 126.8764918 126.8031478 
1156.0000000 126.6800733 126.6067292 
1157.0000000 126.4836547 126.4103107 
1158.0000000 126.2872362 126.2138921 
1159.0000000 126.0908176 126.0174736 
1160.0000000 125.8943991 125.8210550 
1161.0000000 125.6979805 125.6246365 
1162.0000000 125.5015620 125.4282179 
1163.0000000 125.3051434 125.2317994 
1164.0000000 125.1087249 125.0353808 
1165.0000000 124.9123063 124.8389623 
1166.0000000 124.7158878 124.6425437 
1167.0000000 124.5194692 124.4461252 
1168.0000000 124.3230507 124.2497066 
1169.0000000 124.1266321 124.0532881 
1170.0000000 123.9302136 123.8568695 
1171.0000000 123.7337950 123.6604510 
1172.0000000 123.5373765 123.4640324 
1173.0000000 123.3409579 123.2676139 
1174.0000000 123.1445394 123.0711953 
1175.0000000 122.9481208 122.8747768 
1176.0000000 122.7517023 122.6783582 
1177.0000000 122.5552837 122.4819397 
1178.0000000 122.3588652 122.2855211 
1179.0000000 122.1624466 122.0891026 
1180.0000000 121.9660281 121.8926840 
1181.0000000 121.7696095 121.6962655 
1182.0000000 121.5731910 121.4998469 
1183.0000000 121.3767724 121.3034284 
1184.0000000 121.1803539 121.1070098 
1185.0000000 120.9839353 120.9105913 
1186.0000000 120.7875168 120.7141727 
1187.0000000 120.5910982 120.5177542 
1188.0000000 120.3946797 120.3213356 
1189.0000000 120.1982611 120.1249171 
1190.0000000 120.0018426 119.9284985 
1191.0000000 119.8054240 119.7320800 
1192.0000000 119.6090055 119.5356614 
1193.0000000 119.4125869 119.3392429 
1194.0000000 119.2161684 119.1428243 
1195.0000000 119.0197498 118.9464058 
1196.0000000 118.8233313 118.7499872 
1197.0000000 118.6269127 118.5535687 
1198.0000000 118.4304942 118.3571501 
1199.0000000 118.2340756 118.1607316 
1200.0000000 118.0376571 117.9643130 
1201.0000000 117.8412385 117.7678945 
1202.0000000 117.6448200 117.5714759 
1203.0000000 117.4484014 117.3750574 
1204.0000000 117.2519829 117.1786388 
1205.0000000 117.0555643 116.9822203 
1206.0000000 116.8591458 116.7858017 
1207.0000000 116.6627272 116.5893832 
1208.0000000 116.4663087 116.3929646 
1209.0000000 116.2698901 116.1965461 
1210.0000000 116.0734716 116.0001275 
1211.0000000 115.8770530 115.8037090 
1212.0000000 115.6806345 115.6072904 
1213.0000000 115.4842159 115.4108719 
1214.0000000 115.2877974 115.2144533 
1215.0000000 115.0913788 115.0180348 
1216.0000000 114.8949603 114.8216162 
1217.0000000 114.6985417 114.6251977 
1218.0000000 114.5021232 114.4287791 
1219.0000000 114.3057046 114.2323606 
1220.0000000 114.1092861 114.0359420 
1221.0000000 113.9128675 113.8395235 
1222.0000000 113.7164490 113.6431049 
1223.0000000 113.5200304 113.4466864 
1224.0000000 113.3236119 113.2502678 
1225.0000000 113.1271933 113.0538493 
1226.0000000 112.9307748 112.8574307 
1227.0000000 112.7343562 112.6610122 
1228.0000000 112.5379377 112.4645936 
1229.0000000 112.3415191 112.2681751 
1230.0000000 112.1451006 112.0717565 
1231.0000000 111.9486820 111.8753380 
1232.0000000 111.7522635 111.6789194 
1233.0000000 111.5558449 111.4825009 
1234.0000000 111.3594264 111.2860823 
1235.0000000 111.1630078 111.0896638 
1236.0000000 110.9665893 110.8932452 
1237.0000000 110.7701707 110.6968267 
1238.0000000 110.5737522 110.5004081 
1239.0000000 110.3773336 110.3039896 
1240.0000000 110.1809151 110.1075710 
1241.0000000 109.9844965 109.9111525 
1242.0000000 109.7880780 109.7147339 
1243.0000000 109.5916594 109.5183154 
1244.0000000 109.3952409 109.3218968 
1245.0000000 109.1988223 109.1254783 
1246.0000000 109.0024038 108.9290597 
1247.0000000 108.8059852 108.7326412 
1248.0000000 108.6095667 108.5362226 
1249.0000000 108.4131481 108.3398041 
1250.0000000 108.2167296 108.1433855 
1251.0000000 108.0203110 107.9469670 
1252.0000000 107.8238925 107.7505484 
1253.0000000 107.6274739 107.5541299 
1254.0000000 107.4310553 107.3577113 
1255.0000000 107.2346368 107.1612928 
1256.0000000 107.0382182 106.9648742 
1257.0000000 106.8417997 106.7684557 
1258.0000000 106.6453811 106.5720371 
1259.0000000 106.4489626 106.3756186 
1260.0000000 106.2525440 106.1792000 
1261.0000000 106.0561255 105.9827815 
1262.0000000 105.8597069 105.7863629 
1263.0000000 105.6632884 105.5899444 
1264.0000000 105.4668698 105.3935258 
1265.0000000 105.2704513 105.1971073 
1266.0000000 105.0740327 105.0006887 
1267.0000000 104.8776142 104.8042702 
1268.0000000 104.6811956 104.6078516 
1269.0000000 104.4847771 104.4114331 
1270.0000000 104.2883585 104.2150145 
1271.0000000 104.0919400 104.0185960 
1272.0000000 103.8955214 103.8221774 
1273.0000000 103.6991029 103.6257588 
1274.0000000 103.5026843 103.4293403 
1275.0000000 103.3062658 103.2329217 
1276.0000000 103.1098472 103.0365032 
1277.0000000 102.9134287 102.8400846 
1278.0000000 102.7170101 102.6436661 
1279.0000000 102.5205916 102.4472475 
1280.0000000 102.3241730 102.2508290 
1281.0000000 102.1277545 102.0544104 
1282.0000000 101.9313359 101.8579919 
1283.0000000 101.7349174 101.6615733 
1284.0000000 101.5384988 101.4651548 
1285.0000000 101.3420803 101.2687362 
1286.0000000 101.1456617 101.0723177 
1287.0000000 100.9492432 100.8758991 
1288.0000000 100.7528246 100.6794806 
1289.0000000 100.5564061 100.4830620 
1290.0000000 100.3599875 100.2866435 
1291.0000000 100.1635690 100.0902249 
1292.0000000 99.9671504 99.8938064 
1293.0000000 99.7707319 99.6973878 
1294.0000000 99.5743133 99.5009693 
1295.0000000 99.3778948 99.3045507 
1296.0000000 99.1814762 99.1081322 
1297.0000000 98.9850577 98.9117136 
1298.0000000 98.7886391 98.7152951 
1299.0000000 98.5922206 98.5188765 
1300.0000000 98.3958020 98.3224580 
1301.0000000 98.1993835 98.1260394 
1302.0000000 98.0029649 97.9296209 
1303.0000000 97.8065464 97.7332023 
1304.0000000 97.6101278 97.5367838 
1305.0000000 97.4137093 97.3403652 
1306.0000000 97.2172907 97.1439467 
1307.0000000 97.0208722 96.9475281 
1308.0000000 96.8244536 96.7511096 
1309.0000000 96.6280351 96.5546910 
1310.0000000 96.4316165 96.3582725 
1311.0000000 96.2351980 96.1618539 
1312.0000000 96.0387794 95.9654354 
1313.0000000 95.8423609 95.7690168 
1314.0000000 95.6459423 95.5725983 
1315.0000000 95.4495238 95.3761797 
1316.0000000 95.2531052 95.1797612 
1317.0000000 95.0566867 94.9833426 
1318.0000000 94.8602681 94.7869241 
1319.0000000 94.6638496 94.5905055 
1320.0000000 94.4674310 94.3940870 
1321.0000000 94.2710125 94.1976684 
1322.0000000 94.0745939 94.0012499 
1323.0000000 93.8781754 93.8048313 
1324.0000000 93.6817568 93.6084128 
1325.0000000 93.4853383 93.4119942 
1326.0000000 93.2889197 93.2155757 
1327.0000000 93.0925012 93.0191571 
1328.0000000 92.8960826 92.8227386 
1329.0000000 92.6996641 92.6263200 
1330.0000000 92.5032455 92.4299015 
1331.0000000 92.3068270 92.2334829 
1332.0000000 92.1104084 92.0370644 
1333.0000000 91.9139899 91.8406458 
1334.0000000 91.7175713 91.6442273 
1335.0000000 91.5211528 91.4478087 
1336.0000000 91.3247342 91.2513902 
1337.0000000 91.1283157 91.0549716 
1338.0000000 90.9318971 90.8585531 
1339.0000000 90.7354786 90.6621345 
1340.0000000 90.5390600 90.4657160 
1341.0000000 90.3426415 90.2692974 
1342.0000000 90.1462229 90.0728789 
1343.0000000 89.9498044 89.8764603 
1344.0000000 89.7533858 89.6800418 
1345.0000000 89.5569673 89.4836232 
1346.0000000 89.3605487 89.2872047 
1347.0000000 89.1641302 89.0907861 
1348.0000000 88.9677116 88.8943676 
1349.0000000 88.7712931 88.6979490 
1350.0000000 88.5748745 88.5015305 
1351.0000000 88.3784560 88.3051119 
1352.0000000 88.1820374 88.1086934 
1353.0000000 87.9856189 87.9122748 
1354.0000000 87.7892003 87.7158563 
1355.0000000 87.5927818 87.5194377 
1356.0000000 87.3963632 87.3230192 
1357.0000000 87.1999447 87.1266006 
1358.0000000 87.0035261 86.9301821 
1359.0000000 86.8071076 86.7337635 
1360.0000000 86.6106890 86.5373450 
1361.0000000 86.4142705 86.3409264 
1362.0000000 86.2178519 86.1445079 
1363.0000000 86.0214334 85.9480893 
1364.0000000 85.8250148 85.7516708 
1365.0000000 85.6285963 85.5552522 
1366.0000000 85.4321777 85.3588337 
1367.0000000 85.2357592 85.1624151 
1368.0000000 85.0393406 84.9659966 
1369.0000000 84.8429221 84.7695780 
1370.0000000 84.6465035 84.5731595 
1371.0000000 84.4500850 84.3767409 
1372.0000000 84.2536664 84.1803224 
1373.0000000 84.0572479 83.9839038 
1374.0000000 83.8608293 83.7874853 
1375.0000000 83.6644108 83.5910667 
1376.0000000 83.4679922 83.3946482 
1377.0000000 83.2715737 83.1982296 
1378.0000000 83.0751551 83.0018111 
1379.0000000 82.8787366 82.8053925 
1380.0000000 82.6823180 82.6089740 
1381.0000000 82.4858995 82.4125554 
1382.0000000 82.2894809 82.2161369 
1383.0000000 82.0930624 82.0197183 
1384.0000000 81.8966438 81.8232998 
1385.0000000 81.7002253 81.6268812 
1386.0000000 81.5038067 81.4304627 
1387.0000000 81.3073882 81.2340441 
1388.0000000 81.1109696 81.0376256 
1389.0000000 80.9145511 80.8412070 
1390.0000000 80.7181325 80.6447885 
1391.0000000 80.5217140 80.4483699 
1392.0000000 80.3252954 80.2519514 
1393.0000000 80.1288769 80.0555328 
1394.0000000 79.9324583 79.8591143 
1395.0000000 79.7360398 79.6626957 
1396.0000000 79.5396212 79.4662772 
1397.0000000 79.3432027 79.2698586 
1398.0000000 79.1467841 79.0734401 
1399.0000000 78.9503656 78.8770215 
1400.0000000 78.7539470 78.6806030 
1401.0000000 78.5575285 78.4841844 
1402.0000000 78.3611099 78.2877659 
1403.0000000 78.1646914 78.0913473 
1404.0000000 77.9682728 77.8949288 
1405.0000000 77.7718543 77.6985102 
1406.0000000 77.5754357 77.5020917 
1407.0000000 77.3790171 77.3056731 
1408.0000000 77.1825986 77.1092546 
1409.0000000 76.9861800 76.9128360 
1410.0000000 76.7897615 76.7164175 
1411.0000000 76.5933429 76.5199989 
1412.0000000 76.3969244 76.3235804 
1413.0000000 76.2005058 76.1271618 
1414.0000000 76.0040873 75.9307433 
1415.0000000 75.8076687 75.7343247 
1416.0000000 75.6112502 75.5379062 
1417.0000000 75.4148316 75.3414876 
1418.0000000 75.2184131 75.1450691 
1419.0000000 75.0219945 74.9486505 
1420.0000000 74.8255760 74.7522320 
1421.0000000 74.6291574 74.5558134 
1422.0000000 74.4327389 74.3593949 
1423.0000000 74.2363203 74.1629763 
1424.0000000 74.0399018 73.9665577 
1425.0000000 73.8434832 73.7701392 
1426.0000000 73.6470647 73.5737206 
1427.0000000 73.4506461 73.3773021 
1428.0000000 73.2542276 73.1808835 
1429.0000000 73.0578090 72.9844650 
1430.0000000 72.8613905 72.7880464 
1431.0000000 72.6649719 72.5916279 
1432.0000000 72.4685534 72.3952093 
1433.0000000 72.2721348 72.1987908 
1434.0000000 72.0757163 72.0023722 
1435.0000000 71.8792977 71.8059537 
1436.0000000 71.6828792 71.6095351 
1437.0000000 71.4864606 71.4131166 
1438.0000000 71.2900421 71.2166980 
1439.0000000 71.0936235 71.0202795 
1440.0000000 70.8972050 70.8238609 
1441.0000000 70.7007864 70.6274424 
1442.0000000 70.5043679 70.4310238 
1443.0000000 70.3079493 70.2346053 
1444.0000000 70.1115308 70.0381867 
1445.0000000 69.9151122 69.8417682 
1446.0000000 69.7186937 69.6453496 
1447.0000000 69.5222751 69.4489311 
1448.0000000 69.3258566 69.2525125 
1449.0000000 69.1294380 69.0560940 
1450.0000000 68.9330195 68.8596754 
1451.0000000 68.7366009 68.6632569 
1452.0000000 68.5401824 68.4668383 
1453.0000000 68.3437638 68.2704198 
1454.0000000 68.1473453 68.0740012 
1455.0000000 67.9509267 67.8775827 
1456.0000000 67.7545082 67.6811641 
1457.0000000 67.5580896 67.4847456 
1458.0000000 67.3616711 67.2883270 
1459.0000000 67.1652525 67.0919085 
1460.0000000 66.9688340 66.8954899 
1461.0000000 66.7724154 66.6990714 
1462.0000000 66.5759969 66.5026528 
1463.0000000 66.3795783 66.3062343 
1464.0000000 66.1831598 66.1098157 
1465.0000000 65.9867412 65.9133972 
1466.0000000 65.7903227 65.7169786 
1467.0000000 65.5939041 65.5205601 
1468.0000000 65.3974856 65.3241415 
1469.0000000 65.2010670 65.1277230 
1470.0000000 65.0046485 64.9313044 
1471.0000000 64.8082299 64.7348859 
1472.0000000 64.6118114 64.5384673 
1473.0000000 64.4153928 64.3420488 
1474.0000000 64.2189743 64.1456302 
1475.0000000 64.0225557 63.9492117 
1476.0000000 63.8261372 63.7527931 
1477.0000000 63.6297186 63.5563746 
1478.0000000 63.4333001 63.3599560 
1479.0000000 63.2368815 63.1635375 
1480.0000000 63.0404630 62.9671189 
1481.0000000 62.8440444 62.7707004 
1482.0000000 62.6476259 62.5742818 
1483.0000000 62.4512073 62.3778633 
1484.0000000 62.2547888 62.1814447 
1485.0000000 62.0583702 61.9850262 
1486.0000000 61.8619517 61.7886076 
1487.0000000 61.6655331 61.5921891 
1488.0000000 61.4691146 61.3957705 
1489.0000000 61.2726960 61.1993520 
1490.0000000 61.0762775 61.0029334 
1491.0000000 60.8798589 60.8065149 
1492.0000000 60.6834404 60.6100963 
1493.0000000 60.4870218 60.4136778 
1494.0000000 60.2906033 60.2172592 
1495.0000000 60.0941847 60.0208407 
1496.0000000 59.8977662 59.8244221 
1497.0000000 59.7013476 59.6280036 
1498.0000000 59.5049291 59.4315850 
1499.0000000 59.3085105 59.2351665 
1500.0000000 59.1120920 59.0387479 
1501.0000000 58.9156734 58.8423294 
1502.0000000 58.7192549 58.6459108 
1503.0000000 58.5228363 58.4494923 
1504.0000000 58.3264178 58.2530737 
1505.0000000 58.1299992 58.0566552 
1506.0000000 57.9335807 57.8602366 
1507.0000000 57.7371621 57.6638181 
1508.0000000 57.5407436 57.4673995 
1509.0000000 57.3443250 57.2709810 
1510.0000000 57.1479065 57.0745624 
1511.0000000 56.9514879 56.8781439 
1512.0000000 56.7550694 56.6817253 
1513.0000000 56.5586508 56.4853068 
1514.0000000 56.3622323 56.2888882 
1515.0000000 56.1658137 56.0924697 
1516.0000000 55.9693952 55.8960511 
1517.0000000 55.7729766 55.6996326 
1518.0000000 55.5765581 55.5032140 
1519.0000000 55.3801395 55.3067955 
1520.0000000 55.1837210 55.1103769 
1521.0000000 54.9873024 54.9139584 
1522.0000000 54.7908839 54.7175398 
1523.0000000 54.5944653 54.5211213 
1524.0000000 54.3980468 54.3247027 
1525.0000000 54.2016282 54.1282842 
1526.0000000 54.0052097 53.9318656 
1527.0000000 53.8087911 53.7354471 
1528.0000000 53.6123726 53.5390285 
1529.0000000 53.4159540 53.3426100 
1530.0000000 53.2195355 53.1461914 
1531.0000000 53.0231169 52.9497729 
1532.0000000 52.8266984 52.7533543 
1533.0000000 52.6302798 52.5569358 
1534.0000000 52.4338613 52.3605172 
1535.0000000 52.2374427 52.1640987 
1536.0000000 52.0410242 51.9676801 
1537.0000000 51.8446056 51.7712616 
1538.0000000 51.6481871 51.5748430 
1539.0000000 51.4517685 51.3784245 
1540.0000000 51.2553500 51.1820059 
1541.0000000 51.0589314 50.9855874 
1542.0000000 50.8625129 50.7891688 
1543.0000000 50.6660943 50.5927503 
1544.0000000 50.4696758 50.3963317 
1545.0000000 50.2732572 50.1999132 
1546.0000000 50.0768387 50.0034946 
1547.0000000 49.8804201 49.8070761 
1548.0000000 49.6840016 49.6106575 
1549.0000000 49.4875830 49.4142390 
1550.0000000 49.2911645 49.2178204 
1551.0000000 49.0947459 49.0214019 
1552.0000000 48.8983274 48.8249833 
1553.0000000 48.7019088 48.6285648 
1554.0000000 48.5054903 48.4321462 
1555.0000000 48.3090717 48.2357277 
1556.0000000 48.1126532 48.0393091 
1557.0000000 47.9162346 47.8428906 
1558.0000000 47.7198160 47.6464720 
1559.0000000 47.5233975 47.4500535 
1560.0000000 47.3269789 47.2536349 
1561.0000000 47.1305604 47.0572164 
1562.0000000 46.9341418 46.8607978 
1563.0000000 46.7377233 46.6643793 
1564.0000000 46.5413047 46.4679607 
1565.0000000 46.3448862 46.2715422 
1566.0000000 46.1484676 46.0751236 
1567.0000000 45.9520491 45.8787051 
1568.0000000 45.7556305 45.6822865 
1569.0000000 45.5592120 45.4858680 
1570.0000000 45.3627934 45.2894494 
1571.0000000 45.1663749 45.0930309 
1572.0000000 44.9699563 44.8966123 
1573.0000000 44.7735378 44.7001938 
1574.0000000 44.5771192 44.5037752 
1575.0000000 44.3807007 44.3073567 
1576.0000000 44.1842821 44.1109381 
1577.0000000 43.9878636 43.9145195 
1578.0000000 43.7914450 43.7181010 
1579.0000000 43.5950265 43.5216824 
1580.0000000 43.3986079 43.3252639 
1581.0000000 43.2021894 43.1288453 
1582.0000000 43.0057708 42.9324268 
1583.0000000 42.8093523 42.7360082 
1584.0000000 42.6129337 42.5395897 
1585.0000000 42.4165152 42.3431711 
1586.0000000 42.2200966 42.1467526 
1587.0000000 42.0236781 41.9503340 
1588.0000000 41.8272595 41.7539155 
1589.0000000 41.6308410 41.5574969 
1590.0000000 41.4344224 41.3610784 
1591.0000000 41.2380039 41.1646598 
1592.0000000 41.0415853 40.9682413 
1593.0000000 40.8451668 40.7718227 
1594.0000000 40.6487482 40.5754042 
1595.0000000 40.4523297 40.3789856 
1596.0000000 40.2559111 40.1825671 
1597.0000000 40.0594926 39.9861485 
1598.0000000 39.8630740 39.7897300 
1599.0000000 39.6666555 39.5933114 
1600.0000000 39.4702369 39.3968929 
1601.0000000 39.2738184 39.2004743 
1602.0000000 39.0773998 39.0040558 
1603.0000000 38.8809813 38.8076372 
1604.0000000 38.6845627 38.6112187 
1605.0000000 38.4881442 38.4148001 
1606.0000000 38.2917256 38.2183816 
1607.0000000 38.0953071 38.0219630 
1608.0000000 37.8988885 37.8255445 
1609.0000000 37.7024700 37.6291259 
1610.0000000 37.5060514 37.4327074 
1611.0000000 37.3096329 37.2362888 
1612.0000000 37.1132143 37.0398703 
1613.0000000 36.9167958 36.8434517 
1614.0000000 36.7203772 36.6470332 
1615.0000000 36.5239587 36.4506146 
1616.0000000 36.3275401 36.2541961 
1617.0000000 36.1311216 36.0577775 
1618.0000000 35.9347030 35.8613590 
1619.0000000 35.7382845 35.6649404 
1620.0000000 35.5418659 35.4685219 
1621.0000000 35.3454474 35.2721033 
1622.0000000 35.1490288 35.0756848 
1623.0000000 34.9526103 34.8792662 
1624.0000000 34.7561917 34.6828477 
1625.0000000 34.5597732 34.4864291 
1626.0000000 34.3633546 34.2900106 
1627.0000000 34.1669361 34.0935920 
1628.0000000 33.9705175 33.8971735 
1629.0000000 33.7740990 33.7007549 
1630.0000000 33.5776804 33.5043364 
1631.0000000 33.3812619 33.3079178 
1632.0000000 33.1848433 33.1114993 
1633.0000000 32.9884248 32.9150807 
1634.0000000 32.7920062 32.7186622 
1635.0000000 32.5955877 32.5222436 
1636.0000000 32.3991691 32.3258251 
1637.0000000 32.2027506 32.1294065 
1638.0000000 32.0063320 31.9329880 
1639.0000000 31.8099135 31.7365694 
1640.0000000 31.6134949 31.5401509 
1641.0000000 31.4170764 31.3437323 
1642.0000000 31.2206578 31.1473138 
1643.0000000 31.0242393 30.9508952 
1644.0000000 30.8278207 30.7544767 
1645.0000000 30.6314022 30.5580581 
1646.0000000 30.4349836 30.3616396 
1647.0000000 30.2385651 30.1652210 
1648.0000000 30.0421465 29.9688025 
1649.0000000 29.8457280 29.7723839 
1650.0000000 29.6493094 29.5759654 
1651.0000000 29.4528909 29.3795468 
1652.0000000 29.2564723 29.1831283 
1653.0000000 29.0600538 28.9867097 
1654.0000000 28.8636352 28.7902912 
1655.0000000 28.6672167 28.5938726 
1656.0000000 28.4707981 28.3974541 
1657.0000000 28.2743796 28.2010355 
1658.0000000 28.0779610 28.0046170 
1659.0000000 27.8815425 27.8081984 
1660.0000000 27.6851239 27.6117799 
1661.0000000 27.4887054 27.4153613 
1662.0000000 27.2922868 27.2189428 
1663.0000000 27.0958683 27.0225242 
1664.0000000 26.8994497 26.8261057 
1665.0000000 26.7030312 26.6296871 
1666.0000000 26.5066126 26.4332686 
1667.0000000 26.3101941 26.2368500 
1668.0000000 26.1137755 26.0404315 
1669.0000000 25.9173570 25.8440129 
1670.0000000 25.7209384 25.6475944 
1671.0000000 25.5245199 25.4511758 
1672.0000000 25.3281013 25.2547573 
1673.0000000 25.1316828 25.0583387 
1674.0000000 24.9352642 24.8619202 
1675.0000000 24.7388457 24.6655016 
1676.0000000 24.5424271 24.4690831 
1677.0000000 24.3460086 24.2726645 
1678.0000000 24.1495900 24.0762460 
1679.0000000 23.9531715 23.8798274 
1680.0000000 23.7567529 23.6834089 
1681.0000000 23.5603344 23.4869903 
1682.0000000 23.3639158 23.2905718 
1683.0000000 23.1674973 23.0941532 
1684.0000000 22.9710787 22.8977347 
1685.0000000 22.7746602 22.7013161 
1686.0000000 22.5782416 22.5048976 
1687.0000000 22.3818231 22.3084790 
1688.0000000 22.1854045 22.1120605 
1689.0000000 21.9889860 21.9156419 
1690.0000000 21.7925674 21.7192234 
1691.0000000 21.5961489 21.5228048 
1692.0000000 21.3997303 21.3263863 
1693.0000000 21.2033118 21.1299677 
1694.0000000 21.0068932 20.9335492 
1695.0000000 20.8104747 20.7371306 
1696.0000000 20.6140561 20.5407121 
1697.0000000 20.4176376 20.3442935 
1698.0000000 20.2212190 20.1478750 
1699.0000000 20.0248005 19.9514564 
1700.0000000 19.8283819 19.7550379 
1701.0000000 19.6319634 19.5586193 
1702.0000000 19.4355448 19.3622008 
1703.0000000 19.2391263 19.1657822 
1704.0000000 19.0427077 18.9693637 
1705.0000000 18.8462892 18.7729451 
1706.0000000 18.6498706 18.5765266 
1707.0000000 18.4534521 18.3801080 
1708.0000000 18.2570335 18.1836895 
1709.0000000 18.0606150 17.9872709 
1710.0000000 17.8641964 17.7908524 
1711.0000000 17.6677778 17.5944338 
1712.0000000 17.4713593 17.3980153 
1713.0000000 17.2749407 17.2015967 
1714.0000000 17.0785222 17.0051782 
1715.0000000 16.8821036 16.8087596 
1716.0000000 16.6856851 16.6123411 
1717.0000000 16.4892665 16.4159225 
1718.0000000 16.2928480 16.2195040 
1719.0000000 16.0964294 16.0230854 
1720.0000000 15.9000109 15.8266669 
1721.0000000 15.7035923 15.6302483 
1722.0000000 15.5071738 15.4338298 
1723.0000000 15.3107552 15.2374112 
1724.0000000 15.1143367 15.0409927 
1725.0000000 14.9179181 14.8445741 
1726.0000000 14.7214996 14.6481556 
1727.0000000 14.5250810 14.4517370 
1728.0000000 14.3286625 14.2553184 
1729.0000000 14.1322439 14.0588999 
1730.0000000 13.9358254 13.8624813 
1731.0000000 13.7394068 13.6660628 
1732.0000000 13.5429883 13.4696442 
1733.0000000 13.3465697 13.2732257 
1734.0000000 13.1501512 13.0768071 
1735.0000000 12.9537326 12.8803886 
1736.0000000 12.7573141 12.6839700 
1737.0000000 12.5608955 12.4875515 
1738.0000000 12.3644770 12.2911329 
1739.0000000 12.1680584 12.0947144 
1740.0000000 11.9716399 11.8982958 
1741.0000000 11.7752213 11.7018773 
1742.0000000 11.5788028 11.5054587 
1743.0000000 11.3823842 11.3090402 
1744.0000000 11.1859657 11.1126216 
1745.0000000 10.9895471 10.9162031 
1746.0000000 10.7931286 10.7197845 
1747.0000000 10.5967100 10.5233660 
1748.0000000 10.4002915 10.3269474 
1749.0000000 10.2038729 10.1305289 
1750.0000000 10.0074544 9.9341103 
1751.0000000 9.8110358 9.7376918 
1752.0000000 9.6146173 9.5412732 
1753.0000000 9.4181987 9.3448547 
1754.0000000 9.2217802 9.1484361 
1755.0000000 9.0253616 8.9520176 
1756.0000000 8.8289431 8.7555990 
1757.0000000 8.6325245 8.5591805 
1758.0000000 8.4361060 8.3627619 
1759.0000000 8.2396874 8.1663434 
1760.0000000 8.0432689 7.9699248 
1761.0000000 7.8468503 7.7735063 
1762.0000000 7.6504318 7.5770877 
1763.0000000 7.4540132 7.3806692 
1764.0000000 7.2575947 7.1842506 
1765.0000000 7.0611761 6.9878321 
1766.0000000 6.8647576 6.7914135 
1767.0000000 6.6683390 6.5949950 
1768.0000000 6.4719205 6.3985764 
1769.0000000 6.2755019 6.2021579 
1770.0000000 6.0790834 6.0057393 
1771.0000000 5.8826648 5.8093208 
1772.0000000 5.6862463 5.6129022 
1773.0000000 5.4898277 5.4164837 
1774.0000000 5.2934092 5.2200651 
1775.0000000 5.0969906 5.0236466 
1776.0000000 4.9005721 4.8272280 
1777.0000000 4.7041535 4.6308095 
1778.0000000 4.5077350 4.4343909 
1779.0000000 4.3113164 4.2379724 
1780.0000000 4.1148979 4.0415538 
1781.0000000 3.9184793 3.8451353 
1782.0000000 3.7220608 3.6487167 
1783.0000000 3.5256422 3.4522982 
1784.0000000 3.3292237 3.2558796 
1785.0000000 3.1328051 3.0594611 
1786.0000000 2.9363866 2.8630425 
1787.0000000 2.7399680 2.6666240 
1788.0000000 2.5435495 2.4702054 
1789.0000000 2.3471309 2.2737869 
1790.0000000 2.1507124 2.0773683 
1791.0000000 1.9542938 1.8809498 
1792.0000000 1.7578753 1.6845312 
1793.0000000 1.5614567 1.4881127 
1794.0000000 1.3650382 1.2916941 
1795.0000000 1.1686196 1.0952756 
1796.0000000 0.9722011 0.8988570 
1797.0000000 0.7757825 0.7024385 
1798.0000000 0.5793640 0.5060199 
1799.0000000 0.3829454 0.3096014 
1800.0000000 0.1865269 0.1131828 

