1.0000000 353.4991860 353.6360581 
2.0000000 353.3027674 353.4396395 
3.0000000 353.1063489 353.2432210 
4.0000000 352.9099303 353.0468024 
5.0000000 352.7135118 352.8503839 
6.0000000 352.5170932 352.6539653 
7.0000000 352.3206747 352.4575468 
8.0000000 352.1242561 352.2611282 
9.0000000 351.9278376 352.0647097 
10.0000000 351.7314190 351.8682911 
11.0000000 351.5350005 351.6718726 
12.0000000 351.3385819 351.4754540 
13.0000000 351.1421634 351.2790355 
14.0000000 350.9457448 351.0826169 
15.0000000 350.7493263 350.8861984 
16.0000000 350.5529077 350.6897798 
17.0000000 350.3564892 350.4933613 
18.0000000 350.1600706 350.2969427 
19.0000000 349.9636521 350.1005242 
20.0000000 349.7672335 349.9041056 
21.0000000 349.5708150 349.7076871 
22.0000000 349.3743964 349.5112685 
23.0000000 349.1779779 349.3148500 
24.0000000 348.9815593 349.1184314 
25.0000000 348.7851408 348.9220129 
26.0000000 348.5887222 348.7255943 
27.0000000 348.3923037 348.5291758 
28.0000000 348.1958851 348.3327572 
29.0000000 347.9994666 348.1363387 
30.0000000 347.8030480 347.9399201 
31.0000000 347.6066295 347.7435016 
32.0000000 347.4102109 347.5470830 
33.0000000 347.2137924 347.3506645 
34.0000000 347.0173738 347.1542459 
35.0000000 346.8209553 346.9578274 
36.0000000 346.6245367 346.7614088 
37.0000000 346.4281182 346.5649903 
38.0000000 346.2316996 346.3685717 
39.0000000 346.0352811 346.1721532 
40.0000000 345.8388625 345.9757346 
41.0000000 345.6424440 345.7793161 
42.0000000 345.4460254 345.5828975 
43.0000000 345.2496069 345.3864790 
44.0000000 345.0531883 345.1900604 
45.0000000 344.8567698 344.9936419 
46.0000000 344.6603512 344.7972233 
47.0000000 344.4639327 344.6008048 
48.0000000 344.2675141 344.4043862 
49.0000000 344.0710956 344.2079676 
50.0000000 343.8746770 344.0115491 
51.0000000 343.6782585 343.8151305 
52.0000000 343.4818399 343.6187120 
53.0000000 343.2854214 343.4222934 
54.0000000 343.0890028 343.2258749 
55.0000000 342.8925843 343.0294563 
56.0000000 342.6961657 342.8330378 
57.0000000 342.4997472 342.6366192 
58.0000000 342.3033286 342.4402007 
59.0000000 342.1069101 342.2437821 
60.0000000 341.9104915 342.0473636 
61.0000000 341.7140730 341.8509450 
62.0000000 341.5176544 341.6545265 
63.0000000 341.3212359 341.4581079 
64.0000000 341.1248173 341.2616894 
65.0000000 340.9283988 341.0652708 
66.0000000 340.7319802 340.8688523 
67.0000000 340.5355617 340.6724337 
68.0000000 340.3391431 340.4760152 
69.0000000 340.1427246 340.2795966 
70.0000000 339.9463060 340.0831781 
71.0000000 339.7498875 339.8867595 
72.0000000 339.5534689 339.6903410 
73.0000000 339.3570504 339.4939224 
74.0000000 339.1606318 339.2975039 
75.0000000 338.9642133 339.1010853 
76.0000000 338.7677947 338.9046668 
77.0000000 338.5713762 338.7082482 
78.0000000 338.3749576 338.5118297 
79.0000000 338.1785391 338.3154111 
80.0000000 337.9821205 338.1189926 
81.0000000 337.7857020 337.9225740 
82.0000000 337.5892834 337.7261555 
83.0000000 337.3928649 337.5297369 
84.0000000 337.1964463 337.3333184 
85.0000000 337.0000278 337.1368998 
86.0000000 336.8036092 336.9404813 
87.0000000 336.6071907 336.7440627 
88.0000000 336.4107721 336.5476442 
89.0000000 336.2143536 336.3512256 
90.0000000 336.0179350 336.1548071 
91.0000000 335.8215165 335.9583885 
92.0000000 335.6250979 335.7619700 
93.0000000 335.4286794 335.5655514 
94.0000000 335.2322608 335.3691329 
95.0000000 335.0358423 335.1727143 
96.0000000 334.8394237 334.9762958 
97.0000000 334.6430052 334.7798772 
98.0000000 334.4465866 334.5834587 
99.0000000 334.2501681 334.3870401 
100.0000000 334.0537495 334.1906216 
101.0000000 333.8573310 333.9942030 
102.0000000 333.6609124 333.7977845 
103.0000000 333.4644939 333.6013659 
104.0000000 333.2680753 333.4049474 
105.0000000 333.0716568 333.2085288 
106.0000000 332.8752382 333.0121103 
107.0000000 332.6788197 332.8156917 
108.0000000 332.4824011 332.6192732 
109.0000000 332.2859826 332.4228546 
110.0000000 332.0895640 332.2264361 
111.0000000 331.8931455 332.0300175 
112.0000000 331.6967269 331.8335990 
113.0000000 331.5003084 331.6371804 
114.0000000 331.3038898 331.4407619 
115.0000000 331.1074712 331.2443433 
116.0000000 330.9110527 331.0479248 
117.0000000 330.7146341 330.8515062 
118.0000000 330.5182156 330.6550877 
119.0000000 330.3217970 330.4586691 
120.0000000 330.1253785 330.2622506 
121.0000000 329.9289599 330.0658320 
122.0000000 329.7325414 329.8694135 
123.0000000 329.5361228 329.6729949 
124.0000000 329.3397043 329.4765764 
125.0000000 329.1432857 329.2801578 
126.0000000 328.9468672 329.0837393 
127.0000000 328.7504486 328.8873207 
128.0000000 328.5540301 328.6909022 
129.0000000 328.3576115 328.4944836 
130.0000000 328.1611930 328.2980651 
131.0000000 327.9647744 328.1016465 
132.0000000 327.7683559 327.9052280 
133.0000000 327.5719373 327.7088094 
134.0000000 327.3755188 327.5123909 
135.0000000 327.1791002 327.3159723 
136.0000000 326.9826817 327.1195538 
137.0000000 326.7862631 326.9231352 
138.0000000 326.5898446 326.7267167 
139.0000000 326.3934260 326.5302981 
140.0000000 326.1970075 326.3338796 
141.0000000 326.0005889 326.1374610 
142.0000000 325.8041704 325.9410425 
143.0000000 325.6077518 325.7446239 
144.0000000 325.4113333 325.5482054 
145.0000000 325.2149147 325.3517868 
146.0000000 325.0184962 325.1553683 
147.0000000 324.8220776 324.9589497 
148.0000000 324.6256591 324.7625312 
149.0000000 324.4292405 324.5661126 
150.0000000 324.2328220 324.3696941 
151.0000000 324.0364034 324.1732755 
152.0000000 323.8399849 323.9768570 
153.0000000 323.6435663 323.7804384 
154.0000000 323.4471478 323.5840199 
155.0000000 323.2507292 323.3876013 
156.0000000 323.0543107 323.1911828 
157.0000000 322.8578921 322.9947642 
158.0000000 322.6614736 322.7983457 
159.0000000 322.4650550 322.6019271 
160.0000000 322.2686365 322.4055086 
161.0000000 322.0722179 322.2090900 
162.0000000 321.8757994 322.0126715 
163.0000000 321.6793808 321.8162529 
164.0000000 321.4829623 321.6198344 
165.0000000 321.2865437 321.4234158 
166.0000000 321.0901252 321.2269973 
167.0000000 320.8937066 321.0305787 
168.0000000 320.6972881 320.8341602 
169.0000000 320.5008695 320.6377416 
170.0000000 320.3044510 320.4413231 
171.0000000 320.1080324 320.2449045 
172.0000000 319.9116139 320.0484860 
173.0000000 319.7151953 319.8520674 
174.0000000 319.5187768 319.6556489 
175.0000000 319.3223582 319.4592303 
176.0000000 319.1259397 319.2628118 
177.0000000 318.9295211 319.0663932 
178.0000000 318.7331026 318.8699747 
179.0000000 318.5366840 318.6735561 
180.0000000 318.3402655 318.4771376 
181.0000000 318.1438469 318.2807190 
182.0000000 317.9474284 318.0843005 
183.0000000 317.7510098 317.8878819 
184.0000000 317.5545913 317.6914634 
185.0000000 317.3581727 317.4950448 
186.0000000 317.1617542 317.2986263 
187.0000000 316.9653356 317.1022077 
188.0000000 316.7689171 316.9057892 
189.0000000 316.5724985 316.7093706 
190.0000000 316.3760800 316.5129521 
191.0000000 316.1796614 316.3165335 
192.0000000 315.9832429 316.1201150 
193.0000000 315.7868243 315.9236964 
194.0000000 315.5904058 315.7272779 
195.0000000 315.3939872 315.5308593 
196.0000000 315.1975687 315.3344408 
197.0000000 315.0011501 315.1380222 
198.0000000 314.8047316 314.9416037 
199.0000000 314.6083130 314.7451851 
200.0000000 314.4118945 314.5487665 
201.0000000 314.2154759 314.3523480 
202.0000000 314.0190574 314.1559294 
203.0000000 313.8226388 313.9595109 
204.0000000 313.6262203 313.7630923 
205.0000000 313.4298017 313.5666738 
206.0000000 313.2333832 313.3702552 
207.0000000 313.0369646 313.1738367 
208.0000000 312.8405461 312.9774181 
209.0000000 312.6441275 312.7809996 
210.0000000 312.4477090 312.5845810 
211.0000000 312.2512904 312.3881625 
212.0000000 312.0548719 312.1917439 
213.0000000 311.8584533 311.9953254 
214.0000000 311.6620348 311.7989068 
215.0000000 311.4656162 311.6024883 
216.0000000 311.2691977 311.4060697 
217.0000000 311.0727791 311.2096512 
218.0000000 310.8763606 311.0132326 
219.0000000 310.6799420 310.8168141 
220.0000000 310.4835235 310.6203955 
221.0000000 310.2871049 310.4239770 
222.0000000 310.0906864 310.2275584 
223.0000000 309.8942678 310.0311399 
224.0000000 309.6978493 309.8347213 
225.0000000 309.5014307 309.6383028 
226.0000000 309.3050122 309.4418842 
227.0000000 309.1085936 309.2454657 
228.0000000 308.9121751 309.0490471 
229.0000000 308.7157565 308.8526286 
230.0000000 308.5193380 308.6562100 
231.0000000 308.3229194 308.4597915 
232.0000000 308.1265009 308.2633729 
233.0000000 307.9300823 308.0669544 
234.0000000 307.7336638 307.8705358 
235.0000000 307.5372452 307.6741173 
236.0000000 307.3408267 307.4776987 
237.0000000 307.1444081 307.2812802 
238.0000000 306.9479896 307.0848616 
239.0000000 306.7515710 306.8884431 
240.0000000 306.5551525 306.6920245 
241.0000000 306.3587339 306.4956060 
242.0000000 306.1623154 306.2991874 
243.0000000 305.9658968 306.1027689 
244.0000000 305.7694783 305.9063503 
245.0000000 305.5730597 305.7099318 
246.0000000 305.3766412 305.5135132 
247.0000000 305.1802226 305.3170947 
248.0000000 304.9838041 305.1206761 
249.0000000 304.7873855 304.9242576 
250.0000000 304.5909670 304.7278390 
251.0000000 304.3945484 304.5314205 
252.0000000 304.1981299 304.3350019 
253.0000000 304.0017113 304.1385834 
254.0000000 303.8052928 303.9421648 
255.0000000 303.6088742 303.7457463 
256.0000000 303.4124557 303.5493277 
257.0000000 303.2160371 303.3529092 
258.0000000 303.0196186 303.1564906 
259.0000000 302.8232000 302.9600721 
260.0000000 302.6267815 302.7636535 
261.0000000 302.4303629 302.5672350 
262.0000000 302.2339444 302.3708164 
263.0000000 302.0375258 302.1743979 
264.0000000 301.8411073 301.9779793 
265.0000000 301.6446887 301.7815608 
266.0000000 301.4482701 301.5851422 
267.0000000 301.2518516 301.3887237 
268.0000000 301.0554330 301.1923051 
269.0000000 300.8590145 300.9958866 
270.0000000 300.6625959 300.7994680 
271.0000000 300.4661774 300.6030495 
272.0000000 300.2697588 300.4066309 
273.0000000 300.0733403 300.2102124 
274.0000000 299.8769217 300.0137938 
275.0000000 299.6805032 299.8173753 
276.0000000 299.4840846 299.6209567 
277.0000000 299.2876661 299.4245382 
278.0000000 299.0912475 299.2281196 
279.0000000 298.8948290 299.0317011 
280.0000000 298.6984104 298.8352825 
281.0000000 298.5019919 298.6388640 
282.0000000 298.3055733 298.4424454 
283.0000000 298.1091548 298.2460269 
284.0000000 297.9127362 298.0496083 
285.0000000 297.7163177 297.8531898 
286.0000000 297.5198991 297.6567712 
287.0000000 297.3234806 297.4603527 
288.0000000 297.1270620 297.2639341 
289.0000000 296.9306435 297.0675156 
290.0000000 296.7342249 296.8710970 
291.0000000 296.5378064 296.6746785 
292.0000000 296.3413878 296.4782599 
293.0000000 296.1449693 296.2818414 
294.0000000 295.9485507 296.0854228 
295.0000000 295.7521322 295.8890043 
296.0000000 295.5557136 295.6925857 
297.0000000 295.3592951 295.4961672 
298.0000000 295.1628765 295.2997486 
299.0000000 294.9664580 295.1033301 
300.0000000 294.7700394 294.9069115 
301.0000000 294.5736209 294.7104930 
302.0000000 294.3772023 294.5140744 
303.0000000 294.1807838 294.3176559 
304.0000000 293.9843652 294.1212373 
305.0000000 293.7879467 293.9248188 
306.0000000 293.5915281 293.7284002 
307.0000000 293.3951096 293.5319817 
308.0000000 293.1986910 293.3355631 
309.0000000 293.0022725 293.1391446 
310.0000000 292.8058539 292.9427260 
311.0000000 292.6094354 292.7463075 
312.0000000 292.4130168 292.5498889 
313.0000000 292.2165983 292.3534704 
314.0000000 292.0201797 292.1570518 
315.0000000 291.8237612 291.9606333 
316.0000000 291.6273426 291.7642147 
317.0000000 291.4309241 291.5677962 
318.0000000 291.2345055 291.3713776 
319.0000000 291.0380870 291.1749591 
320.0000000 290.8416684 290.9785405 
321.0000000 290.6452499 290.7821220 
322.0000000 290.4488313 290.5857034 
323.0000000 290.2524128 290.3892849 
324.0000000 290.0559942 290.1928663 
325.0000000 289.8595757 289.9964478 
326.0000000 289.6631571 289.8000292 
327.0000000 289.4667386 289.6036107 
328.0000000 289.2703200 289.4071921 
329.0000000 289.0739015 289.2107736 
330.0000000 288.8774829 289.0143550 
331.0000000 288.6810644 288.8179365 
332.0000000 288.4846458 288.6215179 
333.0000000 288.2882273 288.4250994 
334.0000000 288.0918087 288.2286808 
335.0000000 287.8953902 288.0322623 
336.0000000 287.6989716 287.8358437 
337.0000000 287.5025531 287.6394252 
338.0000000 287.3061345 287.4430066 
339.0000000 287.1097160 287.2465881 
340.0000000 286.9132974 287.0501695 
341.0000000 286.7168789 286.8537510 
342.0000000 286.5204603 286.6573324 
343.0000000 286.3240418 286.4609139 
344.0000000 286.1276232 286.2644953 
345.0000000 285.9312047 286.0680768 
346.0000000 285.7347861 285.8716582 
347.0000000 285.5383676 285.6752397 
348.0000000 285.3419490 285.4788211 
349.0000000 285.1455305 285.2824026 
350.0000000 284.9491119 285.0859840 
351.0000000 284.7526934 284.8895655 
352.0000000 284.5562748 284.6931469 
353.0000000 284.3598563 284.4967283 
354.0000000 284.1634377 284.3003098 
355.0000000 283.9670192 284.1038912 
356.0000000 283.7706006 283.9074727 
357.0000000 283.5741821 283.7110541 
358.0000000 283.3777635 283.5146356 
359.0000000 283.1813450 283.3182170 
360.0000000 282.9849264 283.1217985 
361.0000000 282.7885079 282.9253799 
362.0000000 282.5920893 282.7289614 
363.0000000 282.3956708 282.5325428 
364.0000000 282.1992522 282.3361243 
365.0000000 282.0028337 282.1397057 
366.0000000 281.8064151 281.9432872 
367.0000000 281.6099966 281.7468686 
368.0000000 281.4135780 281.5504501 
369.0000000 281.2171595 281.3540315 
370.0000000 281.0207409 281.1576130 
371.0000000 280.8243224 280.9611944 
372.0000000 280.6279038 280.7647759 
373.0000000 280.4314853 280.5683573 
374.0000000 280.2350667 280.3719388 
375.0000000 280.0386482 280.1755202 
376.0000000 279.8422296 279.9791017 
377.0000000 279.6458111 279.7826831 
378.0000000 279.4493925 279.5862646 
379.0000000 279.2529740 279.3898460 
380.0000000 279.0565554 279.1934275 
381.0000000 278.8601369 278.9970089 
382.0000000 278.6637183 278.8005904 
383.0000000 278.4672998 278.6041718 
384.0000000 278.2708812 278.4077533 
385.0000000 278.0744627 278.2113347 
386.0000000 277.8780441 278.0149162 
387.0000000 277.6816256 277.8184976 
388.0000000 277.4852070 277.6220791 
389.0000000 277.2887885 277.4256605 
390.0000000 277.0923699 277.2292420 
391.0000000 276.8959514 277.0328234 
392.0000000 276.6995328 276.8364049 
393.0000000 276.5031143 276.6399863 
394.0000000 276.3066957 276.4435678 
395.0000000 276.1102772 276.2471492 
396.0000000 275.9138586 276.0507307 
397.0000000 275.7174401 275.8543121 
398.0000000 275.5210215 275.6578936 
399.0000000 275.3246030 275.4614750 
400.0000000 275.1281844 275.2650565 
401.0000000 274.9317659 275.0686379 
402.0000000 274.7353473 274.8722194 
403.0000000 274.5389288 274.6758008 
404.0000000 274.3425102 274.4793823 
405.0000000 274.1460917 274.2829637 
406.0000000 273.9496731 274.0865452 
407.0000000 273.7532546 273.8901266 
408.0000000 273.5568360 273.6937081 
409.0000000 273.3604175 273.4972895 
410.0000000 273.1639989 273.3008710 
411.0000000 272.9675804 273.1044524 
412.0000000 272.7711618 272.9080339 
413.0000000 272.5747433 272.7116153 
414.0000000 272.3783247 272.5151968 
415.0000000 272.1819062 272.3187782 
416.0000000 271.9854876 272.1223597 
417.0000000 271.7890690 271.9259411 
418.0000000 271.5926505 271.7295226 
419.0000000 271.3962319 271.5331040 
420.0000000 271.1998134 271.3366855 
421.0000000 271.0033948 271.1402669 
422.0000000 270.8069763 270.9438484 
423.0000000 270.6105577 270.7474298 
424.0000000 270.4141392 270.5510113 
425.0000000 270.2177206 270.3545927 
426.0000000 270.0213021 270.1581742 
427.0000000 269.8248835 269.9617556 
428.0000000 269.6284650 269.7653371 
429.0000000 269.4320464 269.5689185 
430.0000000 269.2356279 269.3725000 
431.0000000 269.0392093 269.1760814 
432.0000000 268.8427908 268.9796629 
433.0000000 268.6463722 268.7832443 
434.0000000 268.4499537 268.5868258 
435.0000000 268.2535351 268.3904072 
436.0000000 268.0571166 268.1939887 
437.0000000 267.8606980 267.9975701 
438.0000000 267.6642795 267.8011516 
439.0000000 267.4678609 267.6047330 
440.0000000 267.2714424 267.4083145 
441.0000000 267.0750238 267.2118959 
442.0000000 266.8786053 267.0154774 
443.0000000 266.6821867 266.8190588 
444.0000000 266.4857682 266.6226403 
445.0000000 266.2893496 266.4262217 
446.0000000 266.0929311 266.2298032 
447.0000000 265.8965125 266.0333846 
448.0000000 265.7000940 265.8369661 
449.0000000 265.5036754 265.6405475 
450.0000000 265.3072569 265.4441290 
451.0000000 265.1108383 265.2477104 
452.0000000 264.9144198 265.0512919 
453.0000000 264.7180012 264.8548733 
454.0000000 264.5215827 264.6584548 
455.0000000 264.3251641 264.4620362 
456.0000000 264.1287456 264.2656177 
457.0000000 263.9323270 264.0691991 
458.0000000 263.7359085 263.8727806 
459.0000000 263.5394899 263.6763620 
460.0000000 263.3430714 263.4799435 
461.0000000 263.1466528 263.2835249 
462.0000000 262.9502343 263.0871064 
463.0000000 262.7538157 262.8906878 
464.0000000 262.5573972 262.6942693 
465.0000000 262.3609786 262.4978507 
466.0000000 262.1645601 262.3014322 
467.0000000 261.9681415 262.1050136 
468.0000000 261.7717230 261.9085951 
469.0000000 261.5753044 261.7121765 
470.0000000 261.3788859 261.5157580 
471.0000000 261.1824673 261.3193394 
472.0000000 260.9860488 261.1229209 
473.0000000 260.7896302 260.9265023 
474.0000000 260.5932117 260.7300838 
475.0000000 260.3967931 260.5336652 
476.0000000 260.2003746 260.3372467 
477.0000000 260.0039560 260.1408281 
478.0000000 259.8075375 259.9444096 
479.0000000 259.6111189 259.7479910 
480.0000000 259.4147004 259.5515725 
481.0000000 259.2182818 259.3551539 
482.0000000 259.0218633 259.1587354 
483.0000000 258.8254447 258.9623168 
484.0000000 258.6290262 258.7658983 
485.0000000 258.4326076 258.5694797 
486.0000000 258.2361891 258.3730612 
487.0000000 258.0397705 258.1766426 
488.0000000 257.8433520 257.9802241 
489.0000000 257.6469334 257.7838055 
490.0000000 257.4505149 257.5873870 
491.0000000 257.2540963 257.3909684 
492.0000000 257.0576778 257.1945499 
493.0000000 256.8612592 256.9981313 
494.0000000 256.6648407 256.8017128 
495.0000000 256.4684221 256.6052942 
496.0000000 256.2720036 256.4088757 
497.0000000 256.0755850 256.2124571 
498.0000000 255.8791665 256.0160386 
499.0000000 255.6827479 255.8196200 
500.0000000 255.4863294 255.6232015 
501.0000000 255.2899108 255.4267829 
502.0000000 255.0934923 255.2303644 
503.0000000 254.8970737 255.0339458 
504.0000000 254.7006552 254.8375272 
505.0000000 254.5042366 254.6411087 
506.0000000 254.3078181 254.4446901 
507.0000000 254.1113995 254.2482716 
508.0000000 253.9149810 254.0518530 
509.0000000 253.7185624 253.8554345 
510.0000000 253.5221439 253.6590159 
511.0000000 253.3257253 253.4625974 
512.0000000 253.1293068 253.2661788 
513.0000000 252.9328882 253.0697603 
514.0000000 252.7364697 252.8733417 
515.0000000 252.5400511 252.6769232 
516.0000000 252.3436326 252.4805046 
517.0000000 252.1472140 252.2840861 
518.0000000 251.9507955 252.0876675 
519.0000000 251.7543769 251.8912490 
520.0000000 251.5579584 251.6948304 
521.0000000 251.3615398 251.4984119 
522.0000000 251.1651213 251.3019933 
523.0000000 250.9687027 251.1055748 
524.0000000 250.7722842 250.9091562 
525.0000000 250.5758656 250.7127377 
526.0000000 250.3794471 250.5163191 
527.0000000 250.1830285 250.3199006 
528.0000000 249.9866100 250.1234820 
529.0000000 249.7901914 249.9270635 
530.0000000 249.5937729 249.7306449 
531.0000000 249.3973543 249.5342264 
532.0000000 249.2009358 249.3378078 
533.0000000 249.0045172 249.1413893 
534.0000000 248.8080987 248.9449707 
535.0000000 248.6116801 248.7485522 
536.0000000 248.4152616 248.5521336 
537.0000000 248.2188430 248.3557151 
538.0000000 248.0224245 248.1592965 
539.0000000 247.8260059 247.9628780 
540.0000000 247.6295874 247.7664594 
541.0000000 247.4331688 247.5700409 
542.0000000 247.2367503 247.3736223 
543.0000000 247.0403317 247.1772038 
544.0000000 246.8439132 246.9807852 
545.0000000 246.6474946 246.7843667 
546.0000000 246.4510761 246.5879481 
547.0000000 246.2546575 246.3915296 
548.0000000 246.0582390 246.1951110 
549.0000000 245.8618204 245.9986925 
550.0000000 245.6654019 245.8022739 
551.0000000 245.4689833 245.6058554 
552.0000000 245.2725648 245.4094368 
553.0000000 245.0761462 245.2130183 
554.0000000 244.8797277 245.0165997 
555.0000000 244.6833091 244.8201812 
556.0000000 244.4868906 244.6237626 
557.0000000 244.2904720 244.4273441 
558.0000000 244.0940535 244.2309255 
559.0000000 243.8976349 244.0345070 
560.0000000 243.7012164 243.8380884 
561.0000000 243.5047978 243.6416699 
562.0000000 243.3083793 243.4452513 
563.0000000 243.1119607 243.2488328 
564.0000000 242.9155422 243.0524142 
565.0000000 242.7191236 242.8559957 
566.0000000 242.5227051 242.6595771 
567.0000000 242.3262865 242.4631586 
568.0000000 242.1298680 242.2667400 
569.0000000 241.9334494 242.0703215 
570.0000000 241.7370308 241.8739029 
571.0000000 241.5406123 241.6774844 
572.0000000 241.3441937 241.4810658 
573.0000000 241.1477752 241.2846473 
574.0000000 240.9513566 241.0882287 
575.0000000 240.7549381 240.8918102 
576.0000000 240.5585195 240.6953916 
577.0000000 240.3621010 240.4989731 
578.0000000 240.1656824 240.3025545 
579.0000000 239.9692639 240.1061360 
580.0000000 239.7728453 239.9097174 
581.0000000 239.5764268 239.7132989 
582.0000000 239.3800082 239.5168803 
583.0000000 239.1835897 239.3204618 
584.0000000 238.9871711 239.1240432 
585.0000000 238.7907526 238.9276247 
586.0000000 238.5943340 238.7312061 
587.0000000 238.3979155 238.5347876 
588.0000000 238.2014969 238.3383690 
589.0000000 238.0050784 238.1419505 
590.0000000 237.8086598 237.9455319 
591.0000000 237.6122413 237.7491134 
592.0000000 237.4158227 237.5526948 
593.0000000 237.2194042 237.3562763 
594.0000000 237.0229856 237.1598577 
595.0000000 236.8265671 236.9634392 
596.0000000 236.6301485 236.7670206 
597.0000000 236.4337300 236.5706021 
598.0000000 236.2373114 236.3741835 
599.0000000 236.0408929 236.1777650 
600.0000000 235.8444743 235.9813464 
601.0000000 235.6480558 235.7849279 
602.0000000 235.4516372 235.5885093 
603.0000000 235.2552187 235.3920908 
604.0000000 235.0588001 235.1956722 
605.0000000 234.8623816 234.9992537 
606.0000000 234.6659630 234.8028351 
607.0000000 234.4695445 234.6064166 
608.0000000 234.2731259 234.4099980 
609.0000000 234.0767074 234.2135795 
610.0000000 233.8802888 234.0171609 
611.0000000 233.6838703 233.8207424 
612.0000000 233.4874517 233.6243238 
613.0000000 233.2910332 233.4279053 
614.0000000 233.0946146 233.2314867 
615.0000000 232.8981961 233.0350682 
616.0000000 232.7017775 232.8386496 
617.0000000 232.5053590 232.6422311 
618.0000000 232.3089404 232.4458125 
619.0000000 232.1125219 232.2493940 
620.0000000 231.9161033 232.0529754 
621.0000000 231.7196848 231.8565569 
622.0000000 231.5232662 231.6601383 
623.0000000 231.3268477 231.4637198 
624.0000000 231.1304291 231.2673012 
625.0000000 230.9340106 231.0708827 
626.0000000 230.7375920 230.8744641 
627.0000000 230.5411735 230.6780456 
628.0000000 230.3447549 230.4816270 
629.0000000 230.1483364 230.2852085 
630.0000000 229.9519178 230.0887899 
631.0000000 229.7554993 229.8923714 
632.0000000 229.5590807 229.6959528 
633.0000000 229.3626622 229.4995343 
634.0000000 229.1662436 229.3031157 
635.0000000 228.9698251 229.1066972 
636.0000000 228.7734065 228.9102786 
637.0000000 228.5769880 228.7138601 
638.0000000 228.3805694 228.5174415 
639.0000000 228.1841509 228.3210230 
640.0000000 227.9877323 228.1246044 
641.0000000 227.7913138 227.9281859 
642.0000000 227.5948952 227.7317673 
643.0000000 227.3984767 227.5353488 
644.0000000 227.2020581 227.3389302 
645.0000000 227.0056396 227.1425117 
646.0000000 226.8092210 226.9460931 
647.0000000 226.6128025 226.7496746 
648.0000000 226.4163839 226.5532560 
649.0000000 226.2199654 226.3568375 
650.0000000 226.0235468 226.1604189 
651.0000000 225.8271283 225.9640004 
652.0000000 225.6307097 225.7675818 
653.0000000 225.4342912 225.5711633 
654.0000000 225.2378726 225.3747447 
655.0000000 225.0414541 225.1783262 
656.0000000 224.8450355 224.9819076 
657.0000000 224.6486170 224.7854890 
658.0000000 224.4521984 224.5890705 
659.0000000 224.2557799 224.3926519 
660.0000000 224.0593613 224.1962334 
661.0000000 223.8629428 223.9998148 
662.0000000 223.6665242 223.8033963 
663.0000000 223.4701057 223.6069777 
664.0000000 223.2736871 223.4105592 
665.0000000 223.0772686 223.2141406 
666.0000000 222.8808500 223.0177221 
667.0000000 222.6844315 222.8213035 
668.0000000 222.4880129 222.6248850 
669.0000000 222.2915944 222.4284664 
670.0000000 222.0951758 222.2320479 
671.0000000 221.8987573 222.0356293 
672.0000000 221.7023387 221.8392108 
673.0000000 221.5059202 221.6427922 
674.0000000 221.3095016 221.4463737 
675.0000000 221.1130831 221.2499551 
676.0000000 220.9166645 221.0535366 
677.0000000 220.7202460 220.8571180 
678.0000000 220.5238274 220.6606995 
679.0000000 220.3274089 220.4642809 
680.0000000 220.1309903 220.2678624 
681.0000000 219.9345718 220.0714438 
682.0000000 219.7381532 219.8750253 
683.0000000 219.5417347 219.6786067 
684.0000000 219.3453161 219.4821882 
685.0000000 219.1488976 219.2857696 
686.0000000 218.9524790 219.0893511 
687.0000000 218.7560605 218.8929325 
688.0000000 218.5596419 218.6965140 
689.0000000 218.3632234 218.5000954 
690.0000000 218.1668048 218.3036769 
691.0000000 217.9703863 218.1072583 
692.0000000 217.7739677 217.9108398 
693.0000000 217.5775492 217.7144212 
694.0000000 217.3811306 217.5180027 
695.0000000 217.1847121 217.3215841 
696.0000000 216.9882935 217.1251656 
697.0000000 216.7918750 216.9287470 
698.0000000 216.5954564 216.7323285 
699.0000000 216.3990379 216.5359099 
700.0000000 216.2026193 216.3394914 
701.0000000 216.0062008 216.1430728 
702.0000000 215.8097822 215.9466543 
703.0000000 215.6133637 215.7502357 
704.0000000 215.4169451 215.5538172 
705.0000000 215.2205266 215.3573986 
706.0000000 215.0241080 215.1609801 
707.0000000 214.8276895 214.9645615 
708.0000000 214.6312709 214.7681430 
709.0000000 214.4348524 214.5717244 
710.0000000 214.2384338 214.3753059 
711.0000000 214.0420153 214.1788873 
712.0000000 213.8455967 213.9824688 
713.0000000 213.6491782 213.7860502 
714.0000000 213.4527596 213.5896317 
715.0000000 213.2563411 213.3932131 
716.0000000 213.0599225 213.1967946 
717.0000000 212.8635040 213.0003760 
718.0000000 212.6670854 212.8039575 
719.0000000 212.4706669 212.6075389 
720.0000000 212.2742483 212.4111204 
721.0000000 212.0778297 212.2147018 
722.0000000 211.8814112 212.0182833 
723.0000000 211.6849926 211.8218647 
724.0000000 211.4885741 211.6254462 
725.0000000 211.2921555 211.4290276 
726.0000000 211.0957370 211.2326091 
727.0000000 210.8993184 211.0361905 
728.0000000 210.7028999 210.8397720 
729.0000000 210.5064813 210.6433534 
730.0000000 210.3100628 210.4469349 
731.0000000 210.1136442 210.2505163 
732.0000000 209.9172257 210.0540978 
733.0000000 209.7208071 209.8576792 
734.0000000 209.5243886 209.6612607 
735.0000000 209.3279700 209.4648421 
736.0000000 209.1315515 209.2684236 
737.0000000 208.9351329 209.0720050 
738.0000000 208.7387144 208.8755865 
739.0000000 208.5422958 208.6791679 
740.0000000 208.3458773 208.4827494 
741.0000000 208.1494587 208.2863308 
742.0000000 207.9530402 208.0899123 
743.0000000 207.7566216 207.8934937 
744.0000000 207.5602031 207.6970752 
745.0000000 207.3637845 207.5006566 
746.0000000 207.1673660 207.3042381 
747.0000000 206.9709474 207.1078195 
748.0000000 206.7745289 206.9114010 
749.0000000 206.5781103 206.7149824 
750.0000000 206.3816918 206.5185639 
751.0000000 206.1852732 206.3221453 
752.0000000 205.9888547 206.1257268 
753.0000000 205.7924361 205.9293082 
754.0000000 205.5960176 205.7328897 
755.0000000 205.3995990 205.5364711 
756.0000000 205.2031805 205.3400526 
757.0000000 205.0067619 205.1436340 
758.0000000 204.8103434 204.9472155 
759.0000000 204.6139248 204.7507969 
760.0000000 204.4175063 204.5543784 
761.0000000 204.2210877 204.3579598 
762.0000000 204.0246692 204.1615413 
763.0000000 203.8282506 203.9651227 
764.0000000 203.6318321 203.7687042 
765.0000000 203.4354135 203.5722856 
766.0000000 203.2389950 203.3758671 
767.0000000 203.0425764 203.1794485 
768.0000000 202.8461579 202.9830300 
769.0000000 202.6497393 202.7866114 
770.0000000 202.4533208 202.5901929 
771.0000000 202.2569022 202.3937743 
772.0000000 202.0604837 202.1973558 
773.0000000 201.8640651 202.0009372 
774.0000000 201.6676466 201.8045187 
775.0000000 201.4712280 201.6081001 
776.0000000 201.2748095 201.4116816 
777.0000000 201.0783909 201.2152630 
778.0000000 200.8819724 201.0188445 
779.0000000 200.6855538 200.8224259 
780.0000000 200.4891353 200.6260074 
781.0000000 200.2927167 200.4295888 
782.0000000 200.0962982 200.2331703 
783.0000000 199.8998796 200.0367517 
784.0000000 199.7034611 199.8403332 
785.0000000 199.5070425 199.6439146 
786.0000000 199.3106240 199.4474961 
787.0000000 199.1142054 199.2510775 
788.0000000 198.9177869 199.0546590 
789.0000000 198.7213683 198.8582404 
790.0000000 198.5249498 198.6618219 
791.0000000 198.3285312 198.4654033 
792.0000000 198.1321127 198.2689848 
793.0000000 197.9356941 198.0725662 
794.0000000 197.7392756 197.8761477 
795.0000000 197.5428570 197.6797291 
796.0000000 197.3464385 197.4833106 
797.0000000 197.1500199 197.2868920 
798.0000000 196.9536014 197.0904735 
799.0000000 196.7571828 196.8940549 
800.0000000 196.5607643 196.6976364 
801.0000000 196.3643457 196.5012178 
802.0000000 196.1679272 196.3047993 
803.0000000 195.9715086 196.1083807 
804.0000000 195.7750901 195.9119622 
805.0000000 195.5786715 195.7155436 
806.0000000 195.3822530 195.5191251 
807.0000000 195.1858344 195.3227065 
808.0000000 194.9894159 195.1262879 
809.0000000 194.7929973 194.9298694 
810.0000000 194.5965788 194.7334508 
811.0000000 194.4001602 194.5370323 
812.0000000 194.2037417 194.3406137 
813.0000000 194.0073231 194.1441952 
814.0000000 193.8109046 193.9477766 
815.0000000 193.6144860 193.7513581 
816.0000000 193.4180675 193.5549395 
817.0000000 193.2216489 193.3585210 
818.0000000 193.0252304 193.1621024 
819.0000000 192.8288118 192.9656839 
820.0000000 192.6323933 192.7692653 
821.0000000 192.4359747 192.5728468 
822.0000000 192.2395562 192.3764282 
823.0000000 192.0431376 192.1800097 
824.0000000 191.8467191 191.9835911 
825.0000000 191.6503005 191.7871726 
826.0000000 191.4538820 191.5907540 
827.0000000 191.2574634 191.3943355 
828.0000000 191.0610449 191.1979169 
829.0000000 190.8646263 191.0014984 
830.0000000 190.6682078 190.8050798 
831.0000000 190.4717892 190.6086613 
832.0000000 190.2753707 190.4122427 
833.0000000 190.0789521 190.2158242 
834.0000000 189.8825336 190.0194056 
835.0000000 189.6861150 189.8229871 
836.0000000 189.4896965 189.6265685 
837.0000000 189.2932779 189.4301500 
838.0000000 189.0968594 189.2337314 
839.0000000 188.9004408 189.0373129 
840.0000000 188.7040223 188.8408943 
841.0000000 188.5076037 188.6444758 
842.0000000 188.3111852 188.4480572 
843.0000000 188.1147666 188.2516387 
844.0000000 187.9183481 188.0552201 
845.0000000 187.7219295 187.8588016 
846.0000000 187.5255110 187.6623830 
847.0000000 187.3290924 187.4659645 
848.0000000 187.1326739 187.2695459 
849.0000000 186.9362553 187.0731274 
850.0000000 186.7398368 186.8767088 
851.0000000 186.5434182 186.6802903 
852.0000000 186.3469997 186.4838717 
853.0000000 186.1505811 186.2874532 
854.0000000 185.9541626 186.0910346 
855.0000000 185.7577440 185.8946161 
856.0000000 185.5613255 185.6981975 
857.0000000 185.3649069 185.5017790 
858.0000000 185.1684884 185.3053604 
859.0000000 184.9720698 185.1089419 
860.0000000 184.7756513 184.9125233 
861.0000000 184.5792327 184.7161048 
862.0000000 184.3828142 184.5196862 
863.0000000 184.1863956 184.3232677 
864.0000000 183.9899771 184.1268491 
865.0000000 183.7935585 183.9304306 
866.0000000 183.5971400 183.7340120 
867.0000000 183.4007214 183.5375935 
868.0000000 183.2043029 183.3411749 
869.0000000 183.0078843 183.1447564 
870.0000000 182.8114658 182.9483378 
871.0000000 182.6150472 182.7519193 
872.0000000 182.4186286 182.5555007 
873.0000000 182.2222101 182.3590822 
874.0000000 182.0257915 182.1626636 
875.0000000 181.8293730 181.9662451 
876.0000000 181.6329544 181.7698265 
877.0000000 181.4365359 181.5734080 
878.0000000 181.2401173 181.3769894 
879.0000000 181.0436988 181.1805709 
880.0000000 180.8472802 180.9841523 
881.0000000 180.6508617 180.7877338 
882.0000000 180.4544431 180.5913152 
883.0000000 180.2580246 180.3948967 
884.0000000 180.0616060 180.1984781 
885.0000000 179.8651875 180.0020596 
886.0000000 179.6687689 179.8056410 
887.0000000 179.4723504 179.6092225 
888.0000000 179.2759318 179.4128039 
889.0000000 179.0795133 179.2163854 
890.0000000 178.8830947 179.0199668 
891.0000000 178.6866762 178.8235483 
892.0000000 178.4902576 178.6271297 
893.0000000 178.2938391 178.4307112 
894.0000000 178.0974205 178.2342926 
895.0000000 177.9010020 178.0378741 
896.0000000 177.7045834 177.8414555 
897.0000000 177.5081649 177.6450370 
898.0000000 177.3117463 177.4486184 
899.0000000 177.1153278 177.2521999 
900.0000000 176.9189092 177.0557813 
901.0000000 176.7224907 176.8593628 
902.0000000 176.5260721 176.6629442 
903.0000000 176.3296536 176.4665257 
904.0000000 176.1332350 176.2701071 
905.0000000 175.9368165 176.0736886 
906.0000000 175.7403979 175.8772700 
907.0000000 175.5439794 175.6808515 
908.0000000 175.3475608 175.4844329 
909.0000000 175.1511423 175.2880144 
910.0000000 174.9547237 175.0915958 
911.0000000 174.7583052 174.8951773 
912.0000000 174.5618866 174.6987587 
913.0000000 174.3654681 174.5023402 
914.0000000 174.1690495 174.3059216 
915.0000000 173.9726310 174.1095031 
916.0000000 173.7762124 173.9130845 
917.0000000 173.5797939 173.7166660 
918.0000000 173.3833753 173.5202474 
919.0000000 173.1869568 173.3238289 
920.0000000 172.9905382 173.1274103 
921.0000000 172.7941197 172.9309918 
922.0000000 172.5977011 172.7345732 
923.0000000 172.4012826 172.5381547 
924.0000000 172.2048640 172.3417361 
925.0000000 172.0084455 172.1453176 
926.0000000 171.8120269 171.9488990 
927.0000000 171.6156084 171.7524805 
928.0000000 171.4191898 171.5560619 
929.0000000 171.2227713 171.3596434 
930.0000000 171.0263527 171.1632248 
931.0000000 170.8299342 170.9668063 
932.0000000 170.6335156 170.7703877 
933.0000000 170.4370971 170.5739692 
934.0000000 170.2406785 170.3775506 
935.0000000 170.0442600 170.1811321 
936.0000000 169.8478414 169.9847135 
937.0000000 169.6514229 169.7882950 
938.0000000 169.4550043 169.5918764 
939.0000000 169.2585858 169.3954579 
940.0000000 169.0621672 169.1990393 
941.0000000 168.8657487 169.0026208 
942.0000000 168.6693301 168.8062022 
943.0000000 168.4729116 168.6097837 
944.0000000 168.2764930 168.4133651 
945.0000000 168.0800745 168.2169466 
946.0000000 167.8836559 168.0205280 
947.0000000 167.6872374 167.8241095 
948.0000000 167.4908188 167.6276909 
949.0000000 167.2944003 167.4312724 
950.0000000 167.0979817 167.2348538 
951.0000000 166.9015632 167.0384353 
952.0000000 166.7051446 166.8420167 
953.0000000 166.5087261 166.6455982 
954.0000000 166.3123075 166.4491796 
955.0000000 166.1158890 166.2527611 
956.0000000 165.9194704 166.0563425 
957.0000000 165.7230519 165.8599240 
958.0000000 165.5266333 165.6635054 
959.0000000 165.3302148 165.4670868 
960.0000000 165.1337962 165.2706683 
961.0000000 164.9373777 165.0742497 
962.0000000 164.7409591 164.8778312 
963.0000000 164.5445406 164.6814126 
964.0000000 164.3481220 164.4849941 
965.0000000 164.1517035 164.2885755 
966.0000000 163.9552849 164.0921570 
967.0000000 163.7588664 163.8957384 
968.0000000 163.5624478 163.6993199 
969.0000000 163.3660293 163.5029013 
970.0000000 163.1696107 163.3064828 
971.0000000 162.9731922 163.1100642 
972.0000000 162.7767736 162.9136457 
973.0000000 162.5803551 162.7172271 
974.0000000 162.3839365 162.5208086 
975.0000000 162.1875180 162.3243900 
976.0000000 161.9910994 162.1279715 
977.0000000 161.7946809 161.9315529 
978.0000000 161.5982623 161.7351344 
979.0000000 161.4018438 161.5387158 
980.0000000 161.2054252 161.3422973 
981.0000000 161.0090067 161.1458787 
982.0000000 160.8125881 160.9494602 
983.0000000 160.6161696 160.7530416 
984.0000000 160.4197510 160.5566231 
985.0000000 160.2233325 160.3602045 
986.0000000 160.0269139 160.1637860 
987.0000000 159.8304954 159.9673674 
988.0000000 159.6340768 159.7709489 
989.0000000 159.4376583 159.5745303 
990.0000000 159.2412397 159.3781118 
991.0000000 159.0448212 159.1816932 
992.0000000 158.8484026 158.9852747 
993.0000000 158.6519841 158.7888561 
994.0000000 158.4555655 158.5924376 
995.0000000 158.2591470 158.3960190 
996.0000000 158.0627284 158.1996005 
997.0000000 157.8663099 158.0031819 
998.0000000 157.6698913 157.8067634 
999.0000000 157.4734728 157.6103448 
1000.0000000 157.2770542 157.4139263 
1001.0000000 157.0806357 157.2175077 
1002.0000000 156.8842171 157.0210892 
1003.0000000 156.6877986 156.8246706 
1004.0000000 156.4913800 156.6282521 
1005.0000000 156.2949615 156.4318335 
1006.0000000 156.0985429 156.2354150 
1007.0000000 155.9021244 156.0389964 
1008.0000000 155.7057058 155.8425779 
1009.0000000 155.5092873 155.6461593 
1010.0000000 155.3128687 155.4497408 
1011.0000000 155.1164502 155.2533222 
1012.0000000 154.9200316 155.0569037 
1013.0000000 154.7236131 154.8604851 
1014.0000000 154.5271945 154.6640666 
1015.0000000 154.3307760 154.4676480 
1016.0000000 154.1343574 154.2712295 
1017.0000000 153.9379389 154.0748109 
1018.0000000 153.7415203 153.8783924 
1019.0000000 153.5451018 153.6819738 
1020.0000000 153.3486832 153.4855553 
1021.0000000 153.1522647 153.2891367 
1022.0000000 152.9558461 153.0927182 
1023.0000000 152.7594276 152.8962996 
1024.0000000 152.5630090 152.6998811 
1025.0000000 152.3665904 152.5034625 
1026.0000000 152.1701719 152.3070440 
1027.0000000 151.9737533 152.1106254 
1028.0000000 151.7773348 151.9142069 
1029.0000000 151.5809162 151.7177883 
1030.0000000 151.3844977 151.5213698 
1031.0000000 151.1880791 151.3249512 
1032.0000000 150.9916606 151.1285327 
1033.0000000 150.7952420 150.9321141 
1034.0000000 150.5988235 150.7356956 
1035.0000000 150.4024049 150.5392770 
1036.0000000 150.2059864 150.3428585 
1037.0000000 150.0095678 150.1464399 
1038.0000000 149.8131493 149.9500214 
1039.0000000 149.6167307 149.7536028 
1040.0000000 149.4203122 149.5571843 
1041.0000000 149.2238936 149.3607657 
1042.0000000 149.0274751 149.1643472 
1043.0000000 148.8310565 148.9679286 
1044.0000000 148.6346380 148.7715101 
1045.0000000 148.4382194 148.5750915 
1046.0000000 148.2418009 148.3786730 
1047.0000000 148.0453823 148.1822544 
1048.0000000 147.8489638 147.9858359 
1049.0000000 147.6525452 147.7894173 
1050.0000000 147.4561267 147.5929988 
1051.0000000 147.2597081 147.3965802 
1052.0000000 147.0632896 147.2001617 
1053.0000000 146.8668710 147.0037431 
1054.0000000 146.6704525 146.8073246 
1055.0000000 146.4740339 146.6109060 
1056.0000000 146.2776154 146.4144875 
1057.0000000 146.0811968 146.2180689 
1058.0000000 145.8847783 146.0216504 
1059.0000000 145.6883597 145.8252318 
1060.0000000 145.4919412 145.6288133 
1061.0000000 145.2955226 145.4323947 
1062.0000000 145.0991041 145.2359762 
1063.0000000 144.9026855 145.0395576 
1064.0000000 144.7062670 144.8431391 
1065.0000000 144.5098484 144.6467205 
1066.0000000 144.3134299 144.4503020 
1067.0000000 144.1170113 144.2538834 
1068.0000000 143.9205928 144.0574649 
1069.0000000 143.7241742 143.8610463 
1070.0000000 143.5277557 143.6646278 
1071.0000000 143.3313371 143.4682092 
1072.0000000 143.1349186 143.2717907 
1073.0000000 142.9385000 143.0753721 
1074.0000000 142.7420815 142.8789536 
1075.0000000 142.5456629 142.6825350 
1076.0000000 142.3492444 142.4861165 
1077.0000000 142.1528258 142.2896979 
1078.0000000 141.9564073 142.0932794 
1079.0000000 141.7599887 141.8968608 
1080.0000000 141.5635702 141.7004423 
1081.0000000 141.3671516 141.5040237 
1082.0000000 141.1707331 141.3076052 
1083.0000000 140.9743145 141.1111866 
1084.0000000 140.7778960 140.9147681 
1085.0000000 140.5814774 140.7183495 
1086.0000000 140.3850589 140.5219310 
1087.0000000 140.1886403 140.3255124 
1088.0000000 139.9922218 140.1290939 
1089.0000000 139.7958032 139.9326753 
1090.0000000 139.5993847 139.7362568 
1091.0000000 139.4029661 139.5398382 
1092.0000000 139.2065476 139.3434197 
1093.0000000 139.0101290 139.1470011 
1094.0000000 138.8137105 138.9505826 
1095.0000000 138.6172919 138.7541640 
1096.0000000 138.4208734 138.5577455 
1097.0000000 138.2244548 138.3613269 
1098.0000000 138.0280363 138.1649084 
1099.0000000 137.8316177 137.9684898 
1100.0000000 137.6351992 137.7720713 
1101.0000000 137.4387806 137.5756527 
1102.0000000 137.2423621 137.3792342 
1103.0000000 137.0459435 137.1828156 
1104.0000000 136.8495250 136.9863971 
1105.0000000 136.6531064 136.7899785 
1106.0000000 136.4566879 136.5935600 
1107.0000000 136.2602693 136.3971414 
1108.0000000 136.0638508 136.2007229 
1109.0000000 135.8674322 136.0043043 
1110.0000000 135.6710137 135.8078858 
1111.0000000 135.4745951 135.6114672 
1112.0000000 135.2781766 135.4150486 
1113.0000000 135.0817580 135.2186301 
1114.0000000 134.8853395 135.0222115 
1115.0000000 134.6889209 134.8257930 
1116.0000000 134.4925024 134.6293744 
1117.0000000 134.2960838 134.4329559 
1118.0000000 134.0996653 134.2365373 
1119.0000000 133.9032467 134.0401188 
1120.0000000 133.7068282 133.8437002 
1121.0000000 133.5104096 133.6472817 
1122.0000000 133.3139911 133.4508631 
1123.0000000 133.1175725 133.2544446 
1124.0000000 132.9211540 133.0580260 
1125.0000000 132.7247354 132.8616075 
1126.0000000 132.5283169 132.6651889 
1127.0000000 132.3318983 132.4687704 
1128.0000000 132.1354798 132.2723518 
1129.0000000 131.9390612 132.0759333 
1130.0000000 131.7426427 131.8795147 
1131.0000000 131.5462241 131.6830962 
1132.0000000 131.3498056 131.4866776 
1133.0000000 131.1533870 131.2902591 
1134.0000000 130.9569685 131.0938405 
1135.0000000 130.7605499 130.8974220 
1136.0000000 130.5641314 130.7010034 
1137.0000000 130.3677128 130.5045849 
1138.0000000 130.1712943 130.3081663 
1139.0000000 129.9748757 130.1117478 
1140.0000000 129.7784572 129.9153292 
1141.0000000 129.5820386 129.7189107 
1142.0000000 129.3856201 129.5224921 
1143.0000000 129.1892015 129.3260736 
1144.0000000 128.9927830 129.1296550 
1145.0000000 128.7963644 128.9332365 
1146.0000000 128.5999459 128.7368179 
1147.0000000 128.4035273 128.5403994 
1148.0000000 128.2071088 128.3439808 
1149.0000000 128.0106902 128.1475623 
1150.0000000 127.8142717 127.9511437 
1151.0000000 127.6178531 127.7547252 
1152.0000000 127.4214346 127.5583066 
1153.0000000 127.2250160 127.3618881 
1154.0000000 127.0285975 127.1654695 
1155.0000000 126.8321789 126.9690510 
1156.0000000 126.6357604 126.7726324 
1157.0000000 126.4393418 126.5762139 
1158.0000000 126.2429233 126.3797953 
1159.0000000 126.0465047 126.1833768 
1160.0000000 125.8500862 125.9869582 
1161.0000000 125.6536676 125.7905397 
1162.0000000 125.4572491 125.5941211 
1163.0000000 125.2608305 125.3977026 
1164.0000000 125.0644120 125.2012840 
1165.0000000 124.8679934 125.0048655 
1166.0000000 124.6715749 124.8084469 
1167.0000000 124.4751563 124.6120284 
1168.0000000 124.2787378 124.4156098 
1169.0000000 124.0823192 124.2191913 
1170.0000000 123.8859007 124.0227727 
1171.0000000 123.6894821 123.8263542 
1172.0000000 123.4930636 123.6299356 
1173.0000000 123.2966450 123.4335171 
1174.0000000 123.1002265 123.2370985 
1175.0000000 122.9038079 123.0406800 
1176.0000000 122.7073893 122.8442614 
1177.0000000 122.5109708 122.6478429 
1178.0000000 122.3145522 122.4514243 
1179.0000000 122.1181337 122.2550058 
1180.0000000 121.9217151 122.0585872 
1181.0000000 121.7252966 121.8621687 
1182.0000000 121.5288780 121.6657501 
1183.0000000 121.3324595 121.4693316 
1184.0000000 121.1360409 121.2729130 
1185.0000000 120.9396224 121.0764945 
1186.0000000 120.7432038 120.8800759 
1187.0000000 120.5467853 120.6836574 
1188.0000000 120.3503667 120.4872388 
1189.0000000 120.1539482 120.2908203 
1190.0000000 119.9575296 120.0944017 
1191.0000000 119.7611111 119.8979832 
1192.0000000 119.5646925 119.7015646 
1193.0000000 119.3682740 119.5051461 
1194.0000000 119.1718554 119.3087275 
1195.0000000 118.9754369 119.1123090 
1196.0000000 118.7790183 118.9158904 
1197.0000000 118.5825998 118.7194719 
1198.0000000 118.3861812 118.5230533 
1199.0000000 118.1897627 118.3266348 
1200.0000000 117.9933441 118.1302162 
1201.0000000 117.7969256 117.9337977 
1202.0000000 117.6005070 117.7373791 
1203.0000000 117.4040885 117.5409606 
1204.0000000 117.2076699 117.3445420 
1205.0000000 117.0112514 117.1481235 
1206.0000000 116.8148328 116.9517049 
1207.0000000 116.6184143 116.7552864 
1208.0000000 116.4219957 116.5588678 
1209.0000000 116.2255772 116.3624493 
1210.0000000 116.0291586 116.1660307 
1211.0000000 115.8327401 115.9696122 
1212.0000000 115.6363215 115.7731936 
1213.0000000 115.4399030 115.5767751 
1214.0000000 115.2434844 115.3803565 
1215.0000000 115.0470659 115.1839380 
1216.0000000 114.8506473 114.9875194 
1217.0000000 114.6542288 114.7911009 
1218.0000000 114.4578102 114.5946823 
1219.0000000 114.2613917 114.3982638 
1220.0000000 114.0649731 114.2018452 
1221.0000000 113.8685546 114.0054267 
1222.0000000 113.6721360 113.8090081 
1223.0000000 113.4757175 113.6125896 
1224.0000000 113.2792989 113.4161710 
1225.0000000 113.0828804 113.2197525 
1226.0000000 112.8864618 113.0233339 
1227.0000000 112.6900433 112.8269154 
1228.0000000 112.4936247 112.6304968 
1229.0000000 112.2972062 112.4340783 
1230.0000000 112.1007876 112.2376597 
1231.0000000 111.9043691 112.0412412 
1232.0000000 111.7079505 111.8448226 
1233.0000000 111.5115320 111.6484041 
1234.0000000 111.3151134 111.4519855 
1235.0000000 111.1186949 111.2555670 
1236.0000000 110.9222763 111.0591484 
1237.0000000 110.7258578 110.8627299 
1238.0000000 110.5294392 110.6663113 
1239.0000000 110.3330207 110.4698928 
1240.0000000 110.1366021 110.2734742 
1241.0000000 109.9401836 110.0770557 
1242.0000000 109.7437650 109.8806371 
1243.0000000 109.5473465 109.6842186 
1244.0000000 109.3509279 109.4878000 
1245.0000000 109.1545094 109.2913815 
1246.0000000 108.9580908 109.0949629 
1247.0000000 108.7616723 108.8985444 
1248.0000000 108.5652537 108.7021258 
1249.0000000 108.3688352 108.5057073 
1250.0000000 108.1724166 108.3092887 
1251.0000000 107.9759981 108.1128702 
1252.0000000 107.7795795 107.9164516 
1253.0000000 107.5831610 107.7200331 
1254.0000000 107.3867424 107.5236145 
1255.0000000 107.1903239 107.3271960 
1256.0000000 106.9939053 107.1307774 
1257.0000000 106.7974868 106.9343589 
1258.0000000 106.6010682 106.7379403 
1259.0000000 106.4046497 106.5415218 
1260.0000000 106.2082311 106.3451032 
1261.0000000 106.0118126 106.1486847 
1262.0000000 105.8153940 105.9522661 
1263.0000000 105.6189755 105.7558475 
1264.0000000 105.4225569 105.5594290 
1265.0000000 105.2261384 105.3630104 
1266.0000000 105.0297198 105.1665919 
1267.0000000 104.8333013 104.9701733 
1268.0000000 104.6368827 104.7737548 
1269.0000000 104.4404642 104.5773362 
1270.0000000 104.2440456 104.3809177 
1271.0000000 104.0476271 104.1844991 
1272.0000000 103.8512085 103.9880806 
1273.0000000 103.6547900 103.7916620 
1274.0000000 103.4583714 103.5952435 
1275.0000000 103.2619529 103.3988249 
1276.0000000 103.0655343 103.2024064 
1277.0000000 102.8691158 103.0059878 
1278.0000000 102.6726972 102.8095693 
1279.0000000 102.4762787 102.6131507 
1280.0000000 102.2798601 102.4167322 
1281.0000000 102.0834416 102.2203136 
1282.0000000 101.8870230 102.0238951 
1283.0000000 101.6906045 101.8274765 
1284.0000000 101.4941859 101.6310580 
1285.0000000 101.2977674 101.4346394 
1286.0000000 101.1013488 101.2382209 
1287.0000000 100.9049303 101.0418023 
1288.0000000 100.7085117 100.8453838 
1289.0000000 100.5120932 100.6489652 
1290.0000000 100.3156746 100.4525467 
1291.0000000 100.1192561 100.2561281 
1292.0000000 99.9228375 100.0597096 
1293.0000000 99.7264190 99.8632910 
1294.0000000 99.5300004 99.6668725 
1295.0000000 99.3335819 99.4704539 
1296.0000000 99.1371633 99.2740354 
1297.0000000 98.9407448 99.0776168 
1298.0000000 98.7443262 98.8811983 
1299.0000000 98.5479077 98.6847797 
1300.0000000 98.3514891 98.4883612 
1301.0000000 98.1550706 98.2919426 
1302.0000000 97.9586520 98.0955241 
1303.0000000 97.7622335 97.8991055 
1304.0000000 97.5658149 97.7026870 
1305.0000000 97.3693964 97.5062684 
1306.0000000 97.1729778 97.3098499 
1307.0000000 96.9765593 97.1134313 
1308.0000000 96.7801407 96.9170128 
1309.0000000 96.5837222 96.7205942 
1310.0000000 96.3873036 96.5241757 
1311.0000000 96.1908851 96.3277571 
1312.0000000 95.9944665 96.1313386 
1313.0000000 95.7980480 95.9349200 
1314.0000000 95.6016294 95.7385015 
1315.0000000 95.4052109 95.5420829 
1316.0000000 95.2087923 95.3456644 
1317.0000000 95.0123738 95.1492458 
1318.0000000 94.8159552 94.9528273 
1319.0000000 94.6195367 94.7564087 
1320.0000000 94.4231181 94.5599902 
1321.0000000 94.2266996 94.3635716 
1322.0000000 94.0302810 94.1671531 
1323.0000000 93.8338625 93.9707345 
1324.0000000 93.6374439 93.7743160 
1325.0000000 93.4410254 93.5778974 
1326.0000000 93.2446068 93.3814789 
1327.0000000 93.0481882 93.1850603 
1328.0000000 92.8517697 92.9886418 
1329.0000000 92.6553511 92.7922232 
1330.0000000 92.4589326 92.5958047 
1331.0000000 92.2625140 92.3993861 
1332.0000000 92.0660955 92.2029676 
1333.0000000 91.8696769 92.0065490 
1334.0000000 91.6732584 91.8101305 
1335.0000000 91.4768398 91.6137119 
1336.0000000 91.2804213 91.4172934 
1337.0000000 91.0840027 91.2208748 
1338.0000000 90.8875842 91.0244563 
1339.0000000 90.6911656 90.8280377 
1340.0000000 90.4947471 90.6316192 
1341.0000000 90.2983285 90.4352006 
1342.0000000 90.1019100 90.2387821 
1343.0000000 89.9054914 90.0423635 
1344.0000000 89.7090729 89.8459450 
1345.0000000 89.5126543 89.6495264 
1346.0000000 89.3162358 89.4531079 
1347.0000000 89.1198172 89.2566893 
1348.0000000 88.9233987 89.0602708 
1349.0000000 88.7269801 88.8638522 
1350.0000000 88.5305616 88.6674337 
1351.0000000 88.3341430 88.4710151 
1352.0000000 88.1377245 88.2745966 
1353.0000000 87.9413059 88.0781780 
1354.0000000 87.7448874 87.8817595 
1355.0000000 87.5484688 87.6853409 
1356.0000000 87.3520503 87.4889224 
1357.0000000 87.1556317 87.2925038 
1358.0000000 86.9592132 87.0960853 
1359.0000000 86.7627946 86.8996667 
1360.0000000 86.5663761 86.7032482 
1361.0000000 86.3699575 86.5068296 
1362.0000000 86.1735390 86.3104111 
1363.0000000 85.9771204 86.1139925 
1364.0000000 85.7807019 85.9175740 
1365.0000000 85.5842833 85.7211554 
1366.0000000 85.3878648 85.5247369 
1367.0000000 85.1914462 85.3283183 
1368.0000000 84.9950277 85.1318998 
1369.0000000 84.7986091 84.9354812 
1370.0000000 84.6021906 84.7390627 
1371.0000000 84.4057720 84.5426441 
1372.0000000 84.2093535 84.3462256 
1373.0000000 84.0129349 84.1498070 
1374.0000000 83.8165164 83.9533885 
1375.0000000 83.6200978 83.7569699 
1376.0000000 83.4236793 83.5605514 
1377.0000000 83.2272607 83.3641328 
1378.0000000 83.0308422 83.1677143 
1379.0000000 82.8344236 82.9712957 
1380.0000000 82.6380051 82.7748772 
1381.0000000 82.4415865 82.5784586 
1382.0000000 82.2451680 82.3820401 
1383.0000000 82.0487494 82.1856215 
1384.0000000 81.8523309 81.9892030 
1385.0000000 81.6559123 81.7927844 
1386.0000000 81.4594938 81.5963659 
1387.0000000 81.2630752 81.3999473 
1388.0000000 81.0666567 81.2035288 
1389.0000000 80.8702381 81.0071102 
1390.0000000 80.6738196 80.8106917 
1391.0000000 80.4774010 80.6142731 
1392.0000000 80.2809825 80.4178546 
1393.0000000 80.0845639 80.2214360 
1394.0000000 79.8881454 80.0250175 
1395.0000000 79.6917268 79.8285989 
1396.0000000 79.4953083 79.6321804 
1397.0000000 79.2988897 79.4357618 
1398.0000000 79.1024712 79.2393433 
1399.0000000 78.9060526 79.0429247 
1400.0000000 78.7096341 78.8465062 
1401.0000000 78.5132155 78.6500876 
1402.0000000 78.3167970 78.4536691 
1403.0000000 78.1203784 78.2572505 
1404.0000000 77.9239599 78.0608320 
1405.0000000 77.7275413 77.8644134 
1406.0000000 77.5311228 77.6679949 
1407.0000000 77.3347042 77.4715763 
1408.0000000 77.1382857 77.2751578 
1409.0000000 76.9418671 77.0787392 
1410.0000000 76.7454486 76.8823207 
1411.0000000 76.5490300 76.6859021 
1412.0000000 76.3526115 76.4894836 
1413.0000000 76.1561929 76.2930650 
1414.0000000 75.9597744 76.0966464 
1415.0000000 75.7633558 75.9002279 
1416.0000000 75.5669373 75.7038093 
1417.0000000 75.3705187 75.5073908 
1418.0000000 75.1741002 75.3109722 
1419.0000000 74.9776816 75.1145537 
1420.0000000 74.7812631 74.9181351 
1421.0000000 74.5848445 74.7217166 
1422.0000000 74.3884260 74.5252980 
1423.0000000 74.1920074 74.3288795 
1424.0000000 73.9955889 74.1324609 
1425.0000000 73.7991703 73.9360424 
1426.0000000 73.6027518 73.7396238 
1427.0000000 73.4063332 73.5432053 
1428.0000000 73.2099147 73.3467867 
1429.0000000 73.0134961 73.1503682 
1430.0000000 72.8170776 72.9539496 
1431.0000000 72.6206590 72.7575311 
1432.0000000 72.4242405 72.5611125 
1433.0000000 72.2278219 72.3646940 
1434.0000000 72.0314034 72.1682754 
1435.0000000 71.8349848 71.9718569 
1436.0000000 71.6385663 71.7754383 
1437.0000000 71.4421477 71.5790198 
1438.0000000 71.2457292 71.3826012 
1439.0000000 71.0493106 71.1861827 
1440.0000000 70.8528921 70.9897641 
1441.0000000 70.6564735 70.7933456 
1442.0000000 70.4600550 70.5969270 
1443.0000000 70.2636364 70.4005085 
1444.0000000 70.0672179 70.2040899 
1445.0000000 69.8707993 70.0076714 
1446.0000000 69.6743808 69.8112528 
1447.0000000 69.4779622 69.6148343 
1448.0000000 69.2815437 69.4184157 
1449.0000000 69.0851251 69.2219972 
1450.0000000 68.8887066 69.0255786 
1451.0000000 68.6922880 68.8291601 
1452.0000000 68.4958695 68.6327415 
1453.0000000 68.2994509 68.4363230 
1454.0000000 68.1030324 68.2399044 
1455.0000000 67.9066138 68.0434859 
1456.0000000 67.7101953 67.8470673 
1457.0000000 67.5137767 67.6506488 
1458.0000000 67.3173582 67.4542302 
1459.0000000 67.1209396 67.2578117 
1460.0000000 66.9245211 67.0613931 
1461.0000000 66.7281025 66.8649746 
1462.0000000 66.5316840 66.6685560 
1463.0000000 66.3352654 66.4721375 
1464.0000000 66.1388469 66.2757189 
1465.0000000 65.9424283 66.0793004 
1466.0000000 65.7460098 65.8828818 
1467.0000000 65.5495912 65.6864633 
1468.0000000 65.3531727 65.4900447 
1469.0000000 65.1567541 65.2936262 
1470.0000000 64.9603356 65.0972076 
1471.0000000 64.7639170 64.9007891 
1472.0000000 64.5674985 64.7043705 
1473.0000000 64.3710799 64.5079520 
1474.0000000 64.1746614 64.3115334 
1475.0000000 63.9782428 64.1151149 
1476.0000000 63.7818243 63.9186963 
1477.0000000 63.5854057 63.7222778 
1478.0000000 63.3889872 63.5258592 
1479.0000000 63.1925686 63.3294407 
1480.0000000 62.9961500 63.1330221 
1481.0000000 62.7997315 62.9366036 
1482.0000000 62.6033129 62.7401850 
1483.0000000 62.4068944 62.5437665 
1484.0000000 62.2104758 62.3473479 
1485.0000000 62.0140573 62.1509294 
1486.0000000 61.8176387 61.9545108 
1487.0000000 61.6212202 61.7580923 
1488.0000000 61.4248016 61.5616737 
1489.0000000 61.2283831 61.3652552 
1490.0000000 61.0319645 61.1688366 
1491.0000000 60.8355460 60.9724181 
1492.0000000 60.6391274 60.7759995 
1493.0000000 60.4427089 60.5795810 
1494.0000000 60.2462903 60.3831624 
1495.0000000 60.0498718 60.1867439 
1496.0000000 59.8534532 59.9903253 
1497.0000000 59.6570347 59.7939068 
1498.0000000 59.4606161 59.5974882 
1499.0000000 59.2641976 59.4010697 
1500.0000000 59.0677790 59.2046511 
1501.0000000 58.8713605 59.0082326 
1502.0000000 58.6749419 58.8118140 
1503.0000000 58.4785234 58.6153955 
1504.0000000 58.2821048 58.4189769 
1505.0000000 58.0856863 58.2225584 
1506.0000000 57.8892677 58.0261398 
1507.0000000 57.6928492 57.8297213 
1508.0000000 57.4964306 57.6333027 
1509.0000000 57.3000121 57.4368842 
1510.0000000 57.1035935 57.2404656 
1511.0000000 56.9071750 57.0440471 
1512.0000000 56.7107564 56.8476285 
1513.0000000 56.5143379 56.6512100 
1514.0000000 56.3179193 56.4547914 
1515.0000000 56.1215008 56.2583729 
1516.0000000 55.9250822 56.0619543 
1517.0000000 55.7286637 55.8655358 
1518.0000000 55.5322451 55.6691172 
1519.0000000 55.3358266 55.4726987 
1520.0000000 55.1394080 55.2762801 
1521.0000000 54.9429895 55.0798616 
1522.0000000 54.7465709 54.8834430 
1523.0000000 54.5501524 54.6870245 
1524.0000000 54.3537338 54.4906059 
1525.0000000 54.1573153 54.2941874 
1526.0000000 53.9608967 54.0977688 
1527.0000000 53.7644782 53.9013503 
1528.0000000 53.5680596 53.7049317 
1529.0000000 53.3716411 53.5085132 
1530.0000000 53.1752225 53.3120946 
1531.0000000 52.9788040 53.1156761 
1532.0000000 52.7823854 52.9192575 
1533.0000000 52.5859669 52.7228390 
1534.0000000 52.3895483 52.5264204 
1535.0000000 52.1931298 52.3300019 
1536.0000000 51.9967112 52.1335833 
1537.0000000 51.8002927 51.9371648 
1538.0000000 51.6038741 51.7407462 
1539.0000000 51.4074556 51.5443277 
1540.0000000 51.2110370 51.3479091 
1541.0000000 51.0146185 51.1514906 
1542.0000000 50.8181999 50.9550720 
1543.0000000 50.6217814 50.7586535 
1544.0000000 50.4253628 50.5622349 
1545.0000000 50.2289443 50.3658164 
1546.0000000 50.0325257 50.1693978 
1547.0000000 49.8361072 49.9729793 
1548.0000000 49.6396886 49.7765607 
1549.0000000 49.4432701 49.5801422 
1550.0000000 49.2468515 49.3837236 
1551.0000000 49.0504330 49.1873051 
1552.0000000 48.8540144 48.9908865 
1553.0000000 48.6575959 48.7944680 
1554.0000000 48.4611773 48.5980494 
1555.0000000 48.2647588 48.4016309 
1556.0000000 48.0683402 48.2052123 
1557.0000000 47.8719217 48.0087938 
1558.0000000 47.6755031 47.8123752 
1559.0000000 47.4790846 47.6159567 
1560.0000000 47.2826660 47.4195381 
1561.0000000 47.0862475 47.2231196 
1562.0000000 46.8898289 47.0267010 
1563.0000000 46.6934104 46.8302825 
1564.0000000 46.4969918 46.6338639 
1565.0000000 46.3005733 46.4374454 
1566.0000000 46.1041547 46.2410268 
1567.0000000 45.9077362 46.0446082 
1568.0000000 45.7113176 45.8481897 
1569.0000000 45.5148991 45.6517711 
1570.0000000 45.3184805 45.4553526 
1571.0000000 45.1220620 45.2589340 
1572.0000000 44.9256434 45.0625155 
1573.0000000 44.7292249 44.8660969 
1574.0000000 44.5328063 44.6696784 
1575.0000000 44.3363878 44.4732598 
1576.0000000 44.1399692 44.2768413 
1577.0000000 43.9435507 44.0804227 
1578.0000000 43.7471321 43.8840042 
1579.0000000 43.5507136 43.6875856 
1580.0000000 43.3542950 43.4911671 
1581.0000000 43.1578765 43.2947485 
1582.0000000 42.9614579 43.0983300 
1583.0000000 42.7650394 42.9019114 
1584.0000000 42.5686208 42.7054929 
1585.0000000 42.3722023 42.5090743 
1586.0000000 42.1757837 42.3126558 
1587.0000000 41.9793652 42.1162372 
1588.0000000 41.7829466 41.9198187 
1589.0000000 41.5865281 41.7234001 
1590.0000000 41.3901095 41.5269816 
1591.0000000 41.1936910 41.3305630 
1592.0000000 40.9972724 41.1341445 
1593.0000000 40.8008539 40.9377259 
1594.0000000 40.6044353 40.7413074 
1595.0000000 40.4080168 40.5448888 
1596.0000000 40.2115982 40.3484703 
1597.0000000 40.0151797 40.1520517 
1598.0000000 39.8187611 39.9556332 
1599.0000000 39.6223426 39.7592146 
1600.0000000 39.4259240 39.5627961 
1601.0000000 39.2295055 39.3663775 
1602.0000000 39.0330869 39.1699590 
1603.0000000 38.8366684 38.9735404 
1604.0000000 38.6402498 38.7771219 
1605.0000000 38.4438313 38.5807033 
1606.0000000 38.2474127 38.3842848 
1607.0000000 38.0509942 38.1878662 
1608.0000000 37.8545756 37.9914477 
1609.0000000 37.6581571 37.7950291 
1610.0000000 37.4617385 37.5986106 
1611.0000000 37.2653200 37.4021920 
1612.0000000 37.0689014 37.2057735 
1613.0000000 36.8724829 37.0093549 
1614.0000000 36.6760643 36.8129364 
1615.0000000 36.4796458 36.6165178 
1616.0000000 36.2832272 36.4200993 
1617.0000000 36.0868087 36.2236807 
1618.0000000 35.8903901 36.0272622 
1619.0000000 35.6939716 35.8308436 
1620.0000000 35.4975530 35.6344251 
1621.0000000 35.3011345 35.4380065 
1622.0000000 35.1047159 35.2415880 
1623.0000000 34.9082974 35.0451694 
1624.0000000 34.7118788 34.8487509 
1625.0000000 34.5154603 34.6523323 
1626.0000000 34.3190417 34.4559138 
1627.0000000 34.1226232 34.2594952 
1628.0000000 33.9262046 34.0630767 
1629.0000000 33.7297861 33.8666581 
1630.0000000 33.5333675 33.6702396 
1631.0000000 33.3369489 33.4738210 
1632.0000000 33.1405304 33.2774025 
1633.0000000 32.9441118 33.0809839 
1634.0000000 32.7476933 32.8845654 
1635.0000000 32.5512747 32.6881468 
1636.0000000 32.3548562 32.4917283 
1637.0000000 32.1584376 32.2953097 
1638.0000000 31.9620191 32.0988912 
1639.0000000 31.7656005 31.9024726 
1640.0000000 31.5691820 31.7060541 
1641.0000000 31.3727634 31.5096355 
1642.0000000 31.1763449 31.3132170 
1643.0000000 30.9799263 31.1167984 
1644.0000000 30.7835078 30.9203799 
1645.0000000 30.5870892 30.7239613 
1646.0000000 30.3906707 30.5275428 
1647.0000000 30.1942521 30.3311242 
1648.0000000 29.9978336 30.1347057 
1649.0000000 29.8014150 29.9382871 
1650.0000000 29.6049965 29.7418686 
1651.0000000 29.4085779 29.5454500 
1652.0000000 29.2121594 29.3490315 
1653.0000000 29.0157408 29.1526129 
1654.0000000 28.8193223 28.9561944 
1655.0000000 28.6229037 28.7597758 
1656.0000000 28.4264852 28.5633573 
1657.0000000 28.2300666 28.3669387 
1658.0000000 28.0336481 28.1705202 
1659.0000000 27.8372295 27.9741016 
1660.0000000 27.6408110 27.7776831 
1661.0000000 27.4443924 27.5812645 
1662.0000000 27.2479739 27.3848460 
1663.0000000 27.0515553 27.1884274 
1664.0000000 26.8551368 26.9920089 
1665.0000000 26.6587182 26.7955903 
1666.0000000 26.4622997 26.5991718 
1667.0000000 26.2658811 26.4027532 
1668.0000000 26.0694626 26.2063347 
1669.0000000 25.8730440 26.0099161 
1670.0000000 25.6766255 25.8134976 
1671.0000000 25.4802069 25.6170790 
1672.0000000 25.2837884 25.4206605 
1673.0000000 25.0873698 25.2242419 
1674.0000000 24.8909513 25.0278234 
1675.0000000 24.6945327 24.8314048 
1676.0000000 24.4981142 24.6349863 
1677.0000000 24.3016956 24.4385677 
1678.0000000 24.1052771 24.2421492 
1679.0000000 23.9088585 24.0457306 
1680.0000000 23.7124400 23.8493121 
1681.0000000 23.5160214 23.6528935 
1682.0000000 23.3196029 23.4564750 
1683.0000000 23.1231843 23.2600564 
1684.0000000 22.9267658 23.0636379 
1685.0000000 22.7303472 22.8672193 
1686.0000000 22.5339287 22.6708008 
1687.0000000 22.3375101 22.4743822 
1688.0000000 22.1410916 22.2779637 
1689.0000000 21.9446730 22.0815451 
1690.0000000 21.7482545 21.8851266 
1691.0000000 21.5518359 21.6887080 
1692.0000000 21.3554174 21.4922895 
1693.0000000 21.1589988 21.2958709 
1694.0000000 20.9625803 21.0994524 
1695.0000000 20.7661617 20.9030338 
1696.0000000 20.5697432 20.7066153 
1697.0000000 20.3733246 20.5101967 
1698.0000000 20.1769061 20.3137782 
1699.0000000 19.9804875 20.1173596 
1700.0000000 19.7840690 19.9209411 
1701.0000000 19.5876504 19.7245225 
1702.0000000 19.3912319 19.5281040 
1703.0000000 19.1948133 19.3316854 
1704.0000000 18.9983948 19.1352669 
1705.0000000 18.8019762 18.9388483 
1706.0000000 18.6055577 18.7424298 
1707.0000000 18.4091391 18.5460112 
1708.0000000 18.2127206 18.3495927 
1709.0000000 18.0163020 18.1531741 
1710.0000000 17.8198835 17.9567556 
1711.0000000 17.6234649 17.7603370 
1712.0000000 17.4270464 17.5639185 
1713.0000000 17.2306278 17.3674999 
1714.0000000 17.0342093 17.1710814 
1715.0000000 16.8377907 16.9746628 
1716.0000000 16.6413722 16.7782443 
1717.0000000 16.4449536 16.5818257 
1718.0000000 16.2485351 16.3854071 
1719.0000000 16.0521165 16.1889886 
1720.0000000 15.8556980 15.9925700 
1721.0000000 15.6592794 15.7961515 
1722.0000000 15.4628609 15.5997329 
1723.0000000 15.2664423 15.4033144 
1724.0000000 15.0700238 15.2068958 
1725.0000000 14.8736052 15.0104773 
1726.0000000 14.6771867 14.8140587 
1727.0000000 14.4807681 14.6176402 
1728.0000000 14.2843496 14.4212216 
1729.0000000 14.0879310 14.2248031 
1730.0000000 13.8915125 14.0283845 
1731.0000000 13.6950939 13.8319660 
1732.0000000 13.4986754 13.6355474 
1733.0000000 13.3022568 13.4391289 
1734.0000000 13.1058383 13.2427103 
1735.0000000 12.9094197 13.0462918 
1736.0000000 12.7130012 12.8498732 
1737.0000000 12.5165826 12.6534547 
1738.0000000 12.3201641 12.4570361 
1739.0000000 12.1237455 12.2606176 
1740.0000000 11.9273270 12.0641990 
1741.0000000 11.7309084 11.8677805 
1742.0000000 11.5344899 11.6713619 
1743.0000000 11.3380713 11.4749434 
1744.0000000 11.1416528 11.2785248 
1745.0000000 10.9452342 11.0821063 
1746.0000000 10.7488157 10.8856877 
1747.0000000 10.5523971 10.6892692 
1748.0000000 10.3559786 10.4928506 
1749.0000000 10.1595600 10.2964321 
1750.0000000 9.9631415 10.1000135 
1751.0000000 9.7667229 9.9035950 
1752.0000000 9.5703044 9.7071764 
1753.0000000 9.3738858 9.5107579 
1754.0000000 9.1774673 9.3143393 
1755.0000000 8.9810487 9.1179208 
1756.0000000 8.7846302 8.9215022 
1757.0000000 8.5882116 8.7250837 
1758.0000000 8.3917931 8.5286651 
1759.0000000 8.1953745 8.3322466 
1760.0000000 7.9989560 8.1358280 
1761.0000000 7.8025374 7.9394095 
1762.0000000 7.6061189 7.7429909 
1763.0000000 7.4097003 7.5465724 
1764.0000000 7.2132818 7.3501538 
1765.0000000 7.0168632 7.1537353 
1766.0000000 6.8204447 6.9573167 
1767.0000000 6.6240261 6.7608982 
1768.0000000 6.4276076 6.5644796 
1769.0000000 6.2311890 6.3680611 
1770.0000000 6.0347705 6.1716425 
1771.0000000 5.8383519 5.9752240 
1772.0000000 5.6419334 5.7788054 
1773.0000000 5.4455148 5.5823869 
1774.0000000 5.2490963 5.3859683 
1775.0000000 5.0526777 5.1895498 
1776.0000000 4.8562592 4.9931312 
1777.0000000 4.6598406 4.7967127 
1778.0000000 4.4634221 4.6002941 
1779.0000000 4.2670035 4.4038756 
1780.0000000 4.0705850 4.2074570 
1781.0000000 3.8741664 4.0110385 
1782.0000000 3.6777478 3.8146199 
1783.0000000 3.4813293 3.6182014 
1784.0000000 3.2849107 3.4217828 
1785.0000000 3.0884922 3.2253643 
1786.0000000 2.8920736 3.0289457 
1787.0000000 2.6956551 2.8325272 
1788.0000000 2.4992365 2.6361086 
1789.0000000 2.3028180 2.4396901 
1790.0000000 2.1063994 2.2432715 
1791.0000000 1.9099809 2.0468530 
1792.0000000 1.7135623 1.8504344 
1793.0000000 1.5171438 1.6540159 
1794.0000000 1.3207252 1.4575973 
1795.0000000 1.1243067 1.2611788 
1796.0000000 0.9278881 1.0647602 
1797.0000000 0.7314696 0.8683417 
1798.0000000 0.5350510 0.6719231 
1799.0000000 0.3386325 0.4755046 
1800.0000000 0.1422139 0.2790860 

