1.0000000 353.4702778 353.5333471 
2.0000000 353.2738592 353.3369286 
3.0000000 353.0774407 353.1405100 
4.0000000 352.8810221 352.9440915 
5.0000000 352.6846036 352.7476729 
6.0000000 352.4881850 352.5512544 
7.0000000 352.2917665 352.3548358 
8.0000000 352.0953479 352.1584173 
9.0000000 351.8989294 351.9619987 
10.0000000 351.7025108 351.7655802 
11.0000000 351.5060923 351.5691616 
12.0000000 351.3096737 351.3727431 
13.0000000 351.1132552 351.1763245 
14.0000000 350.9168366 350.9799060 
15.0000000 350.7204181 350.7834874 
16.0000000 350.5239995 350.5870689 
17.0000000 350.3275810 350.3906503 
18.0000000 350.1311624 350.1942318 
19.0000000 349.9347439 349.9978132 
20.0000000 349.7383253 349.8013947 
21.0000000 349.5419068 349.6049761 
22.0000000 349.3454882 349.4085576 
23.0000000 349.1490697 349.2121390 
24.0000000 348.9526511 349.0157205 
25.0000000 348.7562326 348.8193019 
26.0000000 348.5598140 348.6228834 
27.0000000 348.3633955 348.4264648 
28.0000000 348.1669769 348.2300463 
29.0000000 347.9705584 348.0336277 
30.0000000 347.7741398 347.8372092 
31.0000000 347.5777213 347.6407906 
32.0000000 347.3813027 347.4443721 
33.0000000 347.1848842 347.2479535 
34.0000000 346.9884656 347.0515350 
35.0000000 346.7920471 346.8551164 
36.0000000 346.5956285 346.6586979 
37.0000000 346.3992100 346.4622793 
38.0000000 346.2027914 346.2658608 
39.0000000 346.0063728 346.0694422 
40.0000000 345.8099543 345.8730237 
41.0000000 345.6135357 345.6766051 
42.0000000 345.4171172 345.4801866 
43.0000000 345.2206986 345.2837680 
44.0000000 345.0242801 345.0873495 
45.0000000 344.8278615 344.8909309 
46.0000000 344.6314430 344.6945124 
47.0000000 344.4350244 344.4980938 
48.0000000 344.2386059 344.3016753 
49.0000000 344.0421873 344.1052567 
50.0000000 343.8457688 343.9088382 
51.0000000 343.6493502 343.7124196 
52.0000000 343.4529317 343.5160011 
53.0000000 343.2565131 343.3195825 
54.0000000 343.0600946 343.1231640 
55.0000000 342.8636760 342.9267454 
56.0000000 342.6672575 342.7303269 
57.0000000 342.4708389 342.5339083 
58.0000000 342.2744204 342.3374898 
59.0000000 342.0780018 342.1410712 
60.0000000 341.8815833 341.9446527 
61.0000000 341.6851647 341.7482341 
62.0000000 341.4887462 341.5518156 
63.0000000 341.2923276 341.3553970 
64.0000000 341.0959091 341.1589785 
65.0000000 340.8994905 340.9625599 
66.0000000 340.7030720 340.7661414 
67.0000000 340.5066534 340.5697228 
68.0000000 340.3102349 340.3733043 
69.0000000 340.1138163 340.1768857 
70.0000000 339.9173978 339.9804672 
71.0000000 339.7209792 339.7840486 
72.0000000 339.5245607 339.5876300 
73.0000000 339.3281421 339.3912115 
74.0000000 339.1317236 339.1947929 
75.0000000 338.9353050 338.9983744 
76.0000000 338.7388865 338.8019558 
77.0000000 338.5424679 338.6055373 
78.0000000 338.3460494 338.4091187 
79.0000000 338.1496308 338.2127002 
80.0000000 337.9532123 338.0162816 
81.0000000 337.7567937 337.8198631 
82.0000000 337.5603752 337.6234445 
83.0000000 337.3639566 337.4270260 
84.0000000 337.1675381 337.2306074 
85.0000000 336.9711195 337.0341889 
86.0000000 336.7747010 336.8377703 
87.0000000 336.5782824 336.6413518 
88.0000000 336.3818639 336.4449332 
89.0000000 336.1854453 336.2485147 
90.0000000 335.9890268 336.0520961 
91.0000000 335.7926082 335.8556776 
92.0000000 335.5961897 335.6592590 
93.0000000 335.3997711 335.4628405 
94.0000000 335.2033526 335.2664219 
95.0000000 335.0069340 335.0700034 
96.0000000 334.8105155 334.8735848 
97.0000000 334.6140969 334.6771663 
98.0000000 334.4176784 334.4807477 
99.0000000 334.2212598 334.2843292 
100.0000000 334.0248413 334.0879106 
101.0000000 333.8284227 333.8914921 
102.0000000 333.6320042 333.6950735 
103.0000000 333.4355856 333.4986550 
104.0000000 333.2391671 333.3022364 
105.0000000 333.0427485 333.1058179 
106.0000000 332.8463300 332.9093993 
107.0000000 332.6499114 332.7129808 
108.0000000 332.4534929 332.5165622 
109.0000000 332.2570743 332.3201437 
110.0000000 332.0606558 332.1237251 
111.0000000 331.8642372 331.9273066 
112.0000000 331.6678187 331.7308880 
113.0000000 331.4714001 331.5344695 
114.0000000 331.2749816 331.3380509 
115.0000000 331.0785630 331.1416324 
116.0000000 330.8821445 330.9452138 
117.0000000 330.6857259 330.7487953 
118.0000000 330.4893074 330.5523767 
119.0000000 330.2928888 330.3559582 
120.0000000 330.0964703 330.1595396 
121.0000000 329.9000517 329.9631211 
122.0000000 329.7036332 329.7667025 
123.0000000 329.5072146 329.5702840 
124.0000000 329.3107961 329.3738654 
125.0000000 329.1143775 329.1774469 
126.0000000 328.9179590 328.9810283 
127.0000000 328.7215404 328.7846098 
128.0000000 328.5251219 328.5881912 
129.0000000 328.3287033 328.3917727 
130.0000000 328.1322848 328.1953541 
131.0000000 327.9358662 327.9989356 
132.0000000 327.7394477 327.8025170 
133.0000000 327.5430291 327.6060985 
134.0000000 327.3466106 327.4096799 
135.0000000 327.1501920 327.2132614 
136.0000000 326.9537735 327.0168428 
137.0000000 326.7573549 326.8204243 
138.0000000 326.5609364 326.6240057 
139.0000000 326.3645178 326.4275872 
140.0000000 326.1680993 326.2311686 
141.0000000 325.9716807 326.0347501 
142.0000000 325.7752622 325.8383315 
143.0000000 325.5788436 325.6419130 
144.0000000 325.3824251 325.4454944 
145.0000000 325.1860065 325.2490759 
146.0000000 324.9895880 325.0526573 
147.0000000 324.7931694 324.8562388 
148.0000000 324.5967509 324.6598202 
149.0000000 324.4003323 324.4634017 
150.0000000 324.2039138 324.2669831 
151.0000000 324.0074952 324.0705646 
152.0000000 323.8110767 323.8741460 
153.0000000 323.6146581 323.6777275 
154.0000000 323.4182396 323.4813089 
155.0000000 323.2218210 323.2848904 
156.0000000 323.0254025 323.0884718 
157.0000000 322.8289839 322.8920533 
158.0000000 322.6325654 322.6956347 
159.0000000 322.4361468 322.4992162 
160.0000000 322.2397283 322.3027976 
161.0000000 322.0433097 322.1063791 
162.0000000 321.8468912 321.9099605 
163.0000000 321.6504726 321.7135420 
164.0000000 321.4540541 321.5171234 
165.0000000 321.2576355 321.3207049 
166.0000000 321.0612170 321.1242863 
167.0000000 320.8647984 320.9278678 
168.0000000 320.6683799 320.7314492 
169.0000000 320.4719613 320.5350307 
170.0000000 320.2755428 320.3386121 
171.0000000 320.0791242 320.1421936 
172.0000000 319.8827057 319.9457750 
173.0000000 319.6862871 319.7493565 
174.0000000 319.4898686 319.5529379 
175.0000000 319.2934500 319.3565194 
176.0000000 319.0970315 319.1601008 
177.0000000 318.9006129 318.9636823 
178.0000000 318.7041944 318.7672637 
179.0000000 318.5077758 318.5708452 
180.0000000 318.3113573 318.3744266 
181.0000000 318.1149387 318.1780081 
182.0000000 317.9185202 317.9815895 
183.0000000 317.7221016 317.7851710 
184.0000000 317.5256831 317.5887524 
185.0000000 317.3292645 317.3923339 
186.0000000 317.1328460 317.1959153 
187.0000000 316.9364274 316.9994968 
188.0000000 316.7400089 316.8030782 
189.0000000 316.5435903 316.6066597 
190.0000000 316.3471718 316.4102411 
191.0000000 316.1507532 316.2138226 
192.0000000 315.9543346 316.0174040 
193.0000000 315.7579161 315.8209855 
194.0000000 315.5614975 315.6245669 
195.0000000 315.3650790 315.4281484 
196.0000000 315.1686604 315.2317298 
197.0000000 314.9722419 315.0353113 
198.0000000 314.7758233 314.8388927 
199.0000000 314.5794048 314.6424742 
200.0000000 314.3829862 314.4460556 
201.0000000 314.1865677 314.2496371 
202.0000000 313.9901491 314.0532185 
203.0000000 313.7937306 313.8568000 
204.0000000 313.5973120 313.6603814 
205.0000000 313.4008935 313.4639629 
206.0000000 313.2044749 313.2675443 
207.0000000 313.0080564 313.0711258 
208.0000000 312.8116378 312.8747072 
209.0000000 312.6152193 312.6782887 
210.0000000 312.4188007 312.4818701 
211.0000000 312.2223822 312.2854516 
212.0000000 312.0259636 312.0890330 
213.0000000 311.8295451 311.8926145 
214.0000000 311.6331265 311.6961959 
215.0000000 311.4367080 311.4997774 
216.0000000 311.2402894 311.3033588 
217.0000000 311.0438709 311.1069403 
218.0000000 310.8474523 310.9105217 
219.0000000 310.6510338 310.7141032 
220.0000000 310.4546152 310.5176846 
221.0000000 310.2581967 310.3212661 
222.0000000 310.0617781 310.1248475 
223.0000000 309.8653596 309.9284289 
224.0000000 309.6689410 309.7320104 
225.0000000 309.4725225 309.5355918 
226.0000000 309.2761039 309.3391733 
227.0000000 309.0796854 309.1427547 
228.0000000 308.8832668 308.9463362 
229.0000000 308.6868483 308.7499176 
230.0000000 308.4904297 308.5534991 
231.0000000 308.2940112 308.3570805 
232.0000000 308.0975926 308.1606620 
233.0000000 307.9011741 307.9642434 
234.0000000 307.7047555 307.7678249 
235.0000000 307.5083370 307.5714063 
236.0000000 307.3119184 307.3749878 
237.0000000 307.1154999 307.1785692 
238.0000000 306.9190813 306.9821507 
239.0000000 306.7226628 306.7857321 
240.0000000 306.5262442 306.5893136 
241.0000000 306.3298257 306.3928950 
242.0000000 306.1334071 306.1964765 
243.0000000 305.9369886 306.0000579 
244.0000000 305.7405700 305.8036394 
245.0000000 305.5441515 305.6072208 
246.0000000 305.3477329 305.4108023 
247.0000000 305.1513144 305.2143837 
248.0000000 304.9548958 305.0179652 
249.0000000 304.7584773 304.8215466 
250.0000000 304.5620587 304.6251281 
251.0000000 304.3656402 304.4287095 
252.0000000 304.1692216 304.2322910 
253.0000000 303.9728031 304.0358724 
254.0000000 303.7763845 303.8394539 
255.0000000 303.5799660 303.6430353 
256.0000000 303.3835474 303.4466168 
257.0000000 303.1871289 303.2501982 
258.0000000 302.9907103 303.0537797 
259.0000000 302.7942918 302.8573611 
260.0000000 302.5978732 302.6609426 
261.0000000 302.4014547 302.4645240 
262.0000000 302.2050361 302.2681055 
263.0000000 302.0086176 302.0716869 
264.0000000 301.8121990 301.8752684 
265.0000000 301.6157805 301.6788498 
266.0000000 301.4193619 301.4824313 
267.0000000 301.2229434 301.2860127 
268.0000000 301.0265248 301.0895942 
269.0000000 300.8301063 300.8931756 
270.0000000 300.6336877 300.6967571 
271.0000000 300.4372692 300.5003385 
272.0000000 300.2408506 300.3039200 
273.0000000 300.0444321 300.1075014 
274.0000000 299.8480135 299.9110829 
275.0000000 299.6515950 299.7146643 
276.0000000 299.4551764 299.5182458 
277.0000000 299.2587579 299.3218272 
278.0000000 299.0623393 299.1254087 
279.0000000 298.8659208 298.9289901 
280.0000000 298.6695022 298.7325716 
281.0000000 298.4730837 298.5361530 
282.0000000 298.2766651 298.3397345 
283.0000000 298.0802466 298.1433159 
284.0000000 297.8838280 297.9468974 
285.0000000 297.6874095 297.7504788 
286.0000000 297.4909909 297.5540603 
287.0000000 297.2945724 297.3576417 
288.0000000 297.0981538 297.1612232 
289.0000000 296.9017353 296.9648046 
290.0000000 296.7053167 296.7683861 
291.0000000 296.5088982 296.5719675 
292.0000000 296.3124796 296.3755490 
293.0000000 296.1160611 296.1791304 
294.0000000 295.9196425 295.9827119 
295.0000000 295.7232240 295.7862933 
296.0000000 295.5268054 295.5898748 
297.0000000 295.3303869 295.3934562 
298.0000000 295.1339683 295.1970377 
299.0000000 294.9375498 295.0006191 
300.0000000 294.7411312 294.8042006 
301.0000000 294.5447127 294.6077820 
302.0000000 294.3482941 294.4113635 
303.0000000 294.1518756 294.2149449 
304.0000000 293.9554570 294.0185264 
305.0000000 293.7590385 293.8221078 
306.0000000 293.5626199 293.6256893 
307.0000000 293.3662014 293.4292707 
308.0000000 293.1697828 293.2328522 
309.0000000 292.9733643 293.0364336 
310.0000000 292.7769457 292.8400151 
311.0000000 292.5805272 292.6435965 
312.0000000 292.3841086 292.4471780 
313.0000000 292.1876901 292.2507594 
314.0000000 291.9912715 292.0543409 
315.0000000 291.7948530 291.8579223 
316.0000000 291.5984344 291.6615038 
317.0000000 291.4020159 291.4650852 
318.0000000 291.2055973 291.2686667 
319.0000000 291.0091788 291.0722481 
320.0000000 290.8127602 290.8758296 
321.0000000 290.6163417 290.6794110 
322.0000000 290.4199231 290.4829925 
323.0000000 290.2235046 290.2865739 
324.0000000 290.0270860 290.0901554 
325.0000000 289.8306675 289.8937368 
326.0000000 289.6342489 289.6973183 
327.0000000 289.4378304 289.5008997 
328.0000000 289.2414118 289.3044812 
329.0000000 289.0449933 289.1080626 
330.0000000 288.8485747 288.9116441 
331.0000000 288.6521562 288.7152255 
332.0000000 288.4557376 288.5188070 
333.0000000 288.2593191 288.3223884 
334.0000000 288.0629005 288.1259699 
335.0000000 287.8664820 287.9295513 
336.0000000 287.6700634 287.7331328 
337.0000000 287.4736449 287.5367142 
338.0000000 287.2772263 287.3402957 
339.0000000 287.0808078 287.1438771 
340.0000000 286.8843892 286.9474586 
341.0000000 286.6879707 286.7510400 
342.0000000 286.4915521 286.5546215 
343.0000000 286.2951335 286.3582029 
344.0000000 286.0987150 286.1617844 
345.0000000 285.9022964 285.9653658 
346.0000000 285.7058779 285.7689473 
347.0000000 285.5094593 285.5725287 
348.0000000 285.3130408 285.3761102 
349.0000000 285.1166222 285.1796916 
350.0000000 284.9202037 284.9832731 
351.0000000 284.7237851 284.7868545 
352.0000000 284.5273666 284.5904360 
353.0000000 284.3309480 284.3940174 
354.0000000 284.1345295 284.1975989 
355.0000000 283.9381109 284.0011803 
356.0000000 283.7416924 283.8047618 
357.0000000 283.5452738 283.6083432 
358.0000000 283.3488553 283.4119247 
359.0000000 283.1524367 283.2155061 
360.0000000 282.9560182 283.0190876 
361.0000000 282.7595996 282.8226690 
362.0000000 282.5631811 282.6262505 
363.0000000 282.3667625 282.4298319 
364.0000000 282.1703440 282.2334134 
365.0000000 281.9739254 282.0369948 
366.0000000 281.7775069 281.8405763 
367.0000000 281.5810883 281.6441577 
368.0000000 281.3846698 281.4477392 
369.0000000 281.1882512 281.2513206 
370.0000000 280.9918327 281.0549021 
371.0000000 280.7954141 280.8584835 
372.0000000 280.5989956 280.6620650 
373.0000000 280.4025770 280.4656464 
374.0000000 280.2061585 280.2692279 
375.0000000 280.0097399 280.0728093 
376.0000000 279.8133214 279.8763907 
377.0000000 279.6169028 279.6799722 
378.0000000 279.4204843 279.4835536 
379.0000000 279.2240657 279.2871351 
380.0000000 279.0276472 279.0907165 
381.0000000 278.8312286 278.8942980 
382.0000000 278.6348101 278.6978794 
383.0000000 278.4383915 278.5014609 
384.0000000 278.2419730 278.3050423 
385.0000000 278.0455544 278.1086238 
386.0000000 277.8491359 277.9122052 
387.0000000 277.6527173 277.7157867 
388.0000000 277.4562988 277.5193681 
389.0000000 277.2598802 277.3229496 
390.0000000 277.0634617 277.1265310 
391.0000000 276.8670431 276.9301125 
392.0000000 276.6706246 276.7336939 
393.0000000 276.4742060 276.5372754 
394.0000000 276.2777875 276.3408568 
395.0000000 276.0813689 276.1444383 
396.0000000 275.8849504 275.9480197 
397.0000000 275.6885318 275.7516012 
398.0000000 275.4921133 275.5551826 
399.0000000 275.2956947 275.3587641 
400.0000000 275.0992762 275.1623455 
401.0000000 274.9028576 274.9659270 
402.0000000 274.7064391 274.7695084 
403.0000000 274.5100205 274.5730899 
404.0000000 274.3136020 274.3766713 
405.0000000 274.1171834 274.1802528 
406.0000000 273.9207649 273.9838342 
407.0000000 273.7243463 273.7874157 
408.0000000 273.5279278 273.5909971 
409.0000000 273.3315092 273.3945786 
410.0000000 273.1350907 273.1981600 
411.0000000 272.9386721 273.0017415 
412.0000000 272.7422536 272.8053229 
413.0000000 272.5458350 272.6089044 
414.0000000 272.3494165 272.4124858 
415.0000000 272.1529979 272.2160673 
416.0000000 271.9565794 272.0196487 
417.0000000 271.7601608 271.8232302 
418.0000000 271.5637423 271.6268116 
419.0000000 271.3673237 271.4303931 
420.0000000 271.1709052 271.2339745 
421.0000000 270.9744866 271.0375560 
422.0000000 270.7780681 270.8411374 
423.0000000 270.5816495 270.6447189 
424.0000000 270.3852310 270.4483003 
425.0000000 270.1888124 270.2518818 
426.0000000 269.9923939 270.0554632 
427.0000000 269.7959753 269.8590447 
428.0000000 269.5995568 269.6626261 
429.0000000 269.4031382 269.4662076 
430.0000000 269.2067197 269.2697890 
431.0000000 269.0103011 269.0733705 
432.0000000 268.8138826 268.8769519 
433.0000000 268.6174640 268.6805334 
434.0000000 268.4210455 268.4841148 
435.0000000 268.2246269 268.2876963 
436.0000000 268.0282084 268.0912777 
437.0000000 267.8317898 267.8948592 
438.0000000 267.6353713 267.6984406 
439.0000000 267.4389527 267.5020221 
440.0000000 267.2425342 267.3056035 
441.0000000 267.0461156 267.1091850 
442.0000000 266.8496971 266.9127664 
443.0000000 266.6532785 266.7163479 
444.0000000 266.4568600 266.5199293 
445.0000000 266.2604414 266.3235108 
446.0000000 266.0640229 266.1270922 
447.0000000 265.8676043 265.9306737 
448.0000000 265.6711858 265.7342551 
449.0000000 265.4747672 265.5378366 
450.0000000 265.2783487 265.3414180 
451.0000000 265.0819301 265.1449995 
452.0000000 264.8855116 264.9485809 
453.0000000 264.6890930 264.7521624 
454.0000000 264.4926745 264.5557438 
455.0000000 264.2962559 264.3593253 
456.0000000 264.0998374 264.1629067 
457.0000000 263.9034188 263.9664882 
458.0000000 263.7070003 263.7700696 
459.0000000 263.5105817 263.5736511 
460.0000000 263.3141632 263.3772325 
461.0000000 263.1177446 263.1808140 
462.0000000 262.9213261 262.9843954 
463.0000000 262.7249075 262.7879769 
464.0000000 262.5284890 262.5915583 
465.0000000 262.3320704 262.3951398 
466.0000000 262.1356519 262.1987212 
467.0000000 261.9392333 262.0023027 
468.0000000 261.7428148 261.8058841 
469.0000000 261.5463962 261.6094656 
470.0000000 261.3499777 261.4130470 
471.0000000 261.1535591 261.2166285 
472.0000000 260.9571406 261.0202099 
473.0000000 260.7607220 260.8237914 
474.0000000 260.5643035 260.6273728 
475.0000000 260.3678849 260.4309543 
476.0000000 260.1714664 260.2345357 
477.0000000 259.9750478 260.0381172 
478.0000000 259.7786293 259.8416986 
479.0000000 259.5822107 259.6452801 
480.0000000 259.3857922 259.4488615 
481.0000000 259.1893736 259.2524430 
482.0000000 258.9929551 259.0560244 
483.0000000 258.7965365 258.8596059 
484.0000000 258.6001180 258.6631873 
485.0000000 258.4036994 258.4667688 
486.0000000 258.2072809 258.2703502 
487.0000000 258.0108623 258.0739317 
488.0000000 257.8144438 257.8775131 
489.0000000 257.6180252 257.6810946 
490.0000000 257.4216067 257.4846760 
491.0000000 257.2251881 257.2882575 
492.0000000 257.0287696 257.0918389 
493.0000000 256.8323510 256.8954204 
494.0000000 256.6359324 256.6990018 
495.0000000 256.4395139 256.5025833 
496.0000000 256.2430953 256.3061647 
497.0000000 256.0466768 256.1097462 
498.0000000 255.8502582 255.9133276 
499.0000000 255.6538397 255.7169091 
500.0000000 255.4574211 255.5204905 
501.0000000 255.2610026 255.3240720 
502.0000000 255.0645840 255.1276534 
503.0000000 254.8681655 254.9312349 
504.0000000 254.6717469 254.7348163 
505.0000000 254.4753284 254.5383978 
506.0000000 254.2789098 254.3419792 
507.0000000 254.0824913 254.1455607 
508.0000000 253.8860727 253.9491421 
509.0000000 253.6896542 253.7527236 
510.0000000 253.4932356 253.5563050 
511.0000000 253.2968171 253.3598865 
512.0000000 253.1003985 253.1634679 
513.0000000 252.9039800 252.9670494 
514.0000000 252.7075614 252.7706308 
515.0000000 252.5111429 252.5742123 
516.0000000 252.3147243 252.3777937 
517.0000000 252.1183058 252.1813752 
518.0000000 251.9218872 251.9849566 
519.0000000 251.7254687 251.7885381 
520.0000000 251.5290501 251.5921195 
521.0000000 251.3326316 251.3957010 
522.0000000 251.1362130 251.1992824 
523.0000000 250.9397945 251.0028639 
524.0000000 250.7433759 250.8064453 
525.0000000 250.5469574 250.6100268 
526.0000000 250.3505388 250.4136082 
527.0000000 250.1541203 250.2171896 
528.0000000 249.9577017 250.0207711 
529.0000000 249.7612832 249.8243525 
530.0000000 249.5648646 249.6279340 
531.0000000 249.3684461 249.4315154 
532.0000000 249.1720275 249.2350969 
533.0000000 248.9756090 249.0386783 
534.0000000 248.7791904 248.8422598 
535.0000000 248.5827719 248.6458412 
536.0000000 248.3863533 248.4494227 
537.0000000 248.1899348 248.2530041 
538.0000000 247.9935162 248.0565856 
539.0000000 247.7970977 247.8601670 
540.0000000 247.6006791 247.6637485 
541.0000000 247.4042606 247.4673299 
542.0000000 247.2078420 247.2709114 
543.0000000 247.0114235 247.0744928 
544.0000000 246.8150049 246.8780743 
545.0000000 246.6185864 246.6816557 
546.0000000 246.4221678 246.4852372 
547.0000000 246.2257493 246.2888186 
548.0000000 246.0293307 246.0924001 
549.0000000 245.8329122 245.8959815 
550.0000000 245.6364936 245.6995630 
551.0000000 245.4400751 245.5031444 
552.0000000 245.2436565 245.3067259 
553.0000000 245.0472380 245.1103073 
554.0000000 244.8508194 244.9138888 
555.0000000 244.6544009 244.7174702 
556.0000000 244.4579823 244.5210517 
557.0000000 244.2615638 244.3246331 
558.0000000 244.0651452 244.1282146 
559.0000000 243.8687267 243.9317960 
560.0000000 243.6723081 243.7353775 
561.0000000 243.4758896 243.5389589 
562.0000000 243.2794710 243.3425404 
563.0000000 243.0830525 243.1461218 
564.0000000 242.8866339 242.9497033 
565.0000000 242.6902154 242.7532847 
566.0000000 242.4937968 242.5568662 
567.0000000 242.2973783 242.3604476 
568.0000000 242.1009597 242.1640291 
569.0000000 241.9045412 241.9676105 
570.0000000 241.7081226 241.7711920 
571.0000000 241.5117041 241.5747734 
572.0000000 241.3152855 241.3783549 
573.0000000 241.1188670 241.1819363 
574.0000000 240.9224484 240.9855178 
575.0000000 240.7260299 240.7890992 
576.0000000 240.5296113 240.5926807 
577.0000000 240.3331928 240.3962621 
578.0000000 240.1367742 240.1998436 
579.0000000 239.9403557 240.0034250 
580.0000000 239.7439371 239.8070065 
581.0000000 239.5475186 239.6105879 
582.0000000 239.3511000 239.4141694 
583.0000000 239.1546815 239.2177508 
584.0000000 238.9582629 239.0213323 
585.0000000 238.7618444 238.8249137 
586.0000000 238.5654258 238.6284952 
587.0000000 238.3690073 238.4320766 
588.0000000 238.1725887 238.2356581 
589.0000000 237.9761702 238.0392395 
590.0000000 237.7797516 237.8428210 
591.0000000 237.5833331 237.6464024 
592.0000000 237.3869145 237.4499839 
593.0000000 237.1904960 237.2535653 
594.0000000 236.9940774 237.0571468 
595.0000000 236.7976589 236.8607282 
596.0000000 236.6012403 236.6643097 
597.0000000 236.4048218 236.4678911 
598.0000000 236.2084032 236.2714726 
599.0000000 236.0119847 236.0750540 
600.0000000 235.8155661 235.8786355 
601.0000000 235.6191476 235.6822169 
602.0000000 235.4227290 235.4857984 
603.0000000 235.2263105 235.2893798 
604.0000000 235.0298919 235.0929613 
605.0000000 234.8334734 234.8965427 
606.0000000 234.6370548 234.7001242 
607.0000000 234.4406363 234.5037056 
608.0000000 234.2442177 234.3072871 
609.0000000 234.0477992 234.1108685 
610.0000000 233.8513806 233.9144500 
611.0000000 233.6549621 233.7180314 
612.0000000 233.4585435 233.5216129 
613.0000000 233.2621250 233.3251943 
614.0000000 233.0657064 233.1287758 
615.0000000 232.8692879 232.9323572 
616.0000000 232.6728693 232.7359387 
617.0000000 232.4764508 232.5395201 
618.0000000 232.2800322 232.3431016 
619.0000000 232.0836137 232.1466830 
620.0000000 231.8871951 231.9502645 
621.0000000 231.6907766 231.7538459 
622.0000000 231.4943580 231.5574274 
623.0000000 231.2979395 231.3610088 
624.0000000 231.1015209 231.1645903 
625.0000000 230.9051024 230.9681717 
626.0000000 230.7086838 230.7717532 
627.0000000 230.5122653 230.5753346 
628.0000000 230.3158467 230.3789161 
629.0000000 230.1194282 230.1824975 
630.0000000 229.9230096 229.9860790 
631.0000000 229.7265911 229.7896604 
632.0000000 229.5301725 229.5932419 
633.0000000 229.3337540 229.3968233 
634.0000000 229.1373354 229.2004048 
635.0000000 228.9409169 229.0039862 
636.0000000 228.7444983 228.8075677 
637.0000000 228.5480798 228.6111491 
638.0000000 228.3516612 228.4147306 
639.0000000 228.1552427 228.2183120 
640.0000000 227.9588241 228.0218935 
641.0000000 227.7624056 227.8254749 
642.0000000 227.5659870 227.6290564 
643.0000000 227.3695685 227.4326378 
644.0000000 227.1731499 227.2362193 
645.0000000 226.9767314 227.0398007 
646.0000000 226.7803128 226.8433822 
647.0000000 226.5838942 226.6469636 
648.0000000 226.3874757 226.4505451 
649.0000000 226.1910571 226.2541265 
650.0000000 225.9946386 226.0577080 
651.0000000 225.7982200 225.8612894 
652.0000000 225.6018015 225.6648709 
653.0000000 225.4053829 225.4684523 
654.0000000 225.2089644 225.2720338 
655.0000000 225.0125458 225.0756152 
656.0000000 224.8161273 224.8791967 
657.0000000 224.6197087 224.6827781 
658.0000000 224.4232902 224.4863596 
659.0000000 224.2268716 224.2899410 
660.0000000 224.0304531 224.0935225 
661.0000000 223.8340345 223.8971039 
662.0000000 223.6376160 223.7006854 
663.0000000 223.4411974 223.5042668 
664.0000000 223.2447789 223.3078483 
665.0000000 223.0483603 223.1114297 
666.0000000 222.8519418 222.9150112 
667.0000000 222.6555232 222.7185926 
668.0000000 222.4591047 222.5221741 
669.0000000 222.2626861 222.3257555 
670.0000000 222.0662676 222.1293370 
671.0000000 221.8698490 221.9329184 
672.0000000 221.6734305 221.7364999 
673.0000000 221.4770119 221.5400813 
674.0000000 221.2805934 221.3436628 
675.0000000 221.0841748 221.1472442 
676.0000000 220.8877563 220.9508257 
677.0000000 220.6913377 220.7544071 
678.0000000 220.4949192 220.5579885 
679.0000000 220.2985006 220.3615700 
680.0000000 220.1020821 220.1651514 
681.0000000 219.9056635 219.9687329 
682.0000000 219.7092450 219.7723143 
683.0000000 219.5128264 219.5758958 
684.0000000 219.3164079 219.3794772 
685.0000000 219.1199893 219.1830587 
686.0000000 218.9235708 218.9866401 
687.0000000 218.7271522 218.7902216 
688.0000000 218.5307337 218.5938030 
689.0000000 218.3343151 218.3973845 
690.0000000 218.1378966 218.2009659 
691.0000000 217.9414780 218.0045474 
692.0000000 217.7450595 217.8081288 
693.0000000 217.5486409 217.6117103 
694.0000000 217.3522224 217.4152917 
695.0000000 217.1558038 217.2188732 
696.0000000 216.9593853 217.0224546 
697.0000000 216.7629667 216.8260361 
698.0000000 216.5665482 216.6296175 
699.0000000 216.3701296 216.4331990 
700.0000000 216.1737111 216.2367804 
701.0000000 215.9772925 216.0403619 
702.0000000 215.7808740 215.8439433 
703.0000000 215.5844554 215.6475248 
704.0000000 215.3880369 215.4511062 
705.0000000 215.1916183 215.2546877 
706.0000000 214.9951998 215.0582691 
707.0000000 214.7987812 214.8618506 
708.0000000 214.6023627 214.6654320 
709.0000000 214.4059441 214.4690135 
710.0000000 214.2095256 214.2725949 
711.0000000 214.0131070 214.0761764 
712.0000000 213.8166885 213.8797578 
713.0000000 213.6202699 213.6833393 
714.0000000 213.4238514 213.4869207 
715.0000000 213.2274328 213.2905022 
716.0000000 213.0310143 213.0940836 
717.0000000 212.8345957 212.8976651 
718.0000000 212.6381772 212.7012465 
719.0000000 212.4417586 212.5048280 
720.0000000 212.2453401 212.3084094 
721.0000000 212.0489215 212.1119909 
722.0000000 211.8525030 211.9155723 
723.0000000 211.6560844 211.7191538 
724.0000000 211.4596659 211.5227352 
725.0000000 211.2632473 211.3263167 
726.0000000 211.0668288 211.1298981 
727.0000000 210.8704102 210.9334796 
728.0000000 210.6739917 210.7370610 
729.0000000 210.4775731 210.5406425 
730.0000000 210.2811546 210.3442239 
731.0000000 210.0847360 210.1478054 
732.0000000 209.8883175 209.9513868 
733.0000000 209.6918989 209.7549683 
734.0000000 209.4954804 209.5585497 
735.0000000 209.2990618 209.3621312 
736.0000000 209.1026433 209.1657126 
737.0000000 208.9062247 208.9692941 
738.0000000 208.7098062 208.7728755 
739.0000000 208.5133876 208.5764570 
740.0000000 208.3169691 208.3800384 
741.0000000 208.1205505 208.1836199 
742.0000000 207.9241320 207.9872013 
743.0000000 207.7277134 207.7907828 
744.0000000 207.5312949 207.5943642 
745.0000000 207.3348763 207.3979457 
746.0000000 207.1384578 207.2015271 
747.0000000 206.9420392 207.0051086 
748.0000000 206.7456207 206.8086900 
749.0000000 206.5492021 206.6122715 
750.0000000 206.3527836 206.4158529 
751.0000000 206.1563650 206.2194344 
752.0000000 205.9599465 206.0230158 
753.0000000 205.7635279 205.8265973 
754.0000000 205.5671094 205.6301787 
755.0000000 205.3706908 205.4337602 
756.0000000 205.1742723 205.2373416 
757.0000000 204.9778537 205.0409231 
758.0000000 204.7814352 204.8445045 
759.0000000 204.5850166 204.6480860 
760.0000000 204.3885981 204.4516674 
761.0000000 204.1921795 204.2552489 
762.0000000 203.9957610 204.0588303 
763.0000000 203.7993424 203.8624118 
764.0000000 203.6029239 203.6659932 
765.0000000 203.4065053 203.4695747 
766.0000000 203.2100868 203.2731561 
767.0000000 203.0136682 203.0767376 
768.0000000 202.8172497 202.8803190 
769.0000000 202.6208311 202.6839005 
770.0000000 202.4244126 202.4874819 
771.0000000 202.2279940 202.2910634 
772.0000000 202.0315755 202.0946448 
773.0000000 201.8351569 201.8982263 
774.0000000 201.6387384 201.7018077 
775.0000000 201.4423198 201.5053892 
776.0000000 201.2459013 201.3089706 
777.0000000 201.0494827 201.1125521 
778.0000000 200.8530642 200.9161335 
779.0000000 200.6566456 200.7197150 
780.0000000 200.4602271 200.5232964 
781.0000000 200.2638085 200.3268779 
782.0000000 200.0673900 200.1304593 
783.0000000 199.8709714 199.9340408 
784.0000000 199.6745529 199.7376222 
785.0000000 199.4781343 199.5412037 
786.0000000 199.2817158 199.3447851 
787.0000000 199.0852972 199.1483666 
788.0000000 198.8888787 198.9519480 
789.0000000 198.6924601 198.7555295 
790.0000000 198.4960416 198.5591109 
791.0000000 198.2996230 198.3626924 
792.0000000 198.1032045 198.1662738 
793.0000000 197.9067859 197.9698553 
794.0000000 197.7103674 197.7734367 
795.0000000 197.5139488 197.5770182 
796.0000000 197.3175303 197.3805996 
797.0000000 197.1211117 197.1841811 
798.0000000 196.9246931 196.9877625 
799.0000000 196.7282746 196.7913440 
800.0000000 196.5318560 196.5949254 
801.0000000 196.3354375 196.3985069 
802.0000000 196.1390189 196.2020883 
803.0000000 195.9426004 196.0056698 
804.0000000 195.7461818 195.8092512 
805.0000000 195.5497633 195.6128327 
806.0000000 195.3533447 195.4164141 
807.0000000 195.1569262 195.2199956 
808.0000000 194.9605076 195.0235770 
809.0000000 194.7640891 194.8271585 
810.0000000 194.5676705 194.6307399 
811.0000000 194.3712520 194.4343214 
812.0000000 194.1748334 194.2379028 
813.0000000 193.9784149 194.0414843 
814.0000000 193.7819963 193.8450657 
815.0000000 193.5855778 193.6486472 
816.0000000 193.3891592 193.4522286 
817.0000000 193.1927407 193.2558101 
818.0000000 192.9963221 193.0593915 
819.0000000 192.7999036 192.8629730 
820.0000000 192.6034850 192.6665544 
821.0000000 192.4070665 192.4701359 
822.0000000 192.2106479 192.2737173 
823.0000000 192.0142294 192.0772988 
824.0000000 191.8178108 191.8808802 
825.0000000 191.6213923 191.6844617 
826.0000000 191.4249737 191.4880431 
827.0000000 191.2285552 191.2916246 
828.0000000 191.0321366 191.0952060 
829.0000000 190.8357181 190.8987875 
830.0000000 190.6392995 190.7023689 
831.0000000 190.4428810 190.5059503 
832.0000000 190.2464624 190.3095318 
833.0000000 190.0500439 190.1131132 
834.0000000 189.8536253 189.9166947 
835.0000000 189.6572068 189.7202761 
836.0000000 189.4607882 189.5238576 
837.0000000 189.2643697 189.3274390 
838.0000000 189.0679511 189.1310205 
839.0000000 188.8715326 188.9346019 
840.0000000 188.6751140 188.7381834 
841.0000000 188.4786955 188.5417648 
842.0000000 188.2822769 188.3453463 
843.0000000 188.0858584 188.1489277 
844.0000000 187.8894398 187.9525092 
845.0000000 187.6930213 187.7560906 
846.0000000 187.4966027 187.5596721 
847.0000000 187.3001842 187.3632535 
848.0000000 187.1037656 187.1668350 
849.0000000 186.9073471 186.9704164 
850.0000000 186.7109285 186.7739979 
851.0000000 186.5145100 186.5775793 
852.0000000 186.3180914 186.3811608 
853.0000000 186.1216729 186.1847422 
854.0000000 185.9252543 185.9883237 
855.0000000 185.7288358 185.7919051 
856.0000000 185.5324172 185.5954866 
857.0000000 185.3359987 185.3990680 
858.0000000 185.1395801 185.2026495 
859.0000000 184.9431616 185.0062309 
860.0000000 184.7467430 184.8098124 
861.0000000 184.5503245 184.6133938 
862.0000000 184.3539059 184.4169753 
863.0000000 184.1574874 184.2205567 
864.0000000 183.9610688 184.0241382 
865.0000000 183.7646503 183.8277196 
866.0000000 183.5682317 183.6313011 
867.0000000 183.3718132 183.4348825 
868.0000000 183.1753946 183.2384640 
869.0000000 182.9789761 183.0420454 
870.0000000 182.7825575 182.8456269 
871.0000000 182.5861390 182.6492083 
872.0000000 182.3897204 182.4527898 
873.0000000 182.1933019 182.2563712 
874.0000000 181.9968833 182.0599527 
875.0000000 181.8004648 181.8635341 
876.0000000 181.6040462 181.6671156 
877.0000000 181.4076277 181.4706970 
878.0000000 181.2112091 181.2742785 
879.0000000 181.0147906 181.0778599 
880.0000000 180.8183720 180.8814414 
881.0000000 180.6219535 180.6850228 
882.0000000 180.4255349 180.4886043 
883.0000000 180.2291164 180.2921857 
884.0000000 180.0326978 180.0957672 
885.0000000 179.8362793 179.8993486 
886.0000000 179.6398607 179.7029301 
887.0000000 179.4434422 179.5065115 
888.0000000 179.2470236 179.3100930 
889.0000000 179.0506051 179.1136744 
890.0000000 178.8541865 178.9172559 
891.0000000 178.6577680 178.7208373 
892.0000000 178.4613494 178.5244188 
893.0000000 178.2649309 178.3280002 
894.0000000 178.0685123 178.1315817 
895.0000000 177.8720938 177.9351631 
896.0000000 177.6756752 177.7387446 
897.0000000 177.4792567 177.5423260 
898.0000000 177.2828381 177.3459075 
899.0000000 177.0864196 177.1494889 
900.0000000 176.8900010 176.9530704 
901.0000000 176.6935825 176.7566518 
902.0000000 176.4971639 176.5602333 
903.0000000 176.3007454 176.3638147 
904.0000000 176.1043268 176.1673962 
905.0000000 175.9079083 175.9709776 
906.0000000 175.7114897 175.7745591 
907.0000000 175.5150712 175.5781405 
908.0000000 175.3186526 175.3817220 
909.0000000 175.1222341 175.1853034 
910.0000000 174.9258155 174.9888849 
911.0000000 174.7293970 174.7924663 
912.0000000 174.5329784 174.5960478 
913.0000000 174.3365599 174.3996292 
914.0000000 174.1401413 174.2032107 
915.0000000 173.9437228 174.0067921 
916.0000000 173.7473042 173.8103736 
917.0000000 173.5508857 173.6139550 
918.0000000 173.3544671 173.4175365 
919.0000000 173.1580486 173.2211179 
920.0000000 172.9616300 173.0246994 
921.0000000 172.7652115 172.8282808 
922.0000000 172.5687929 172.6318623 
923.0000000 172.3723744 172.4354437 
924.0000000 172.1759558 172.2390252 
925.0000000 171.9795373 172.0426066 
926.0000000 171.7831187 171.8461881 
927.0000000 171.5867002 171.6497695 
928.0000000 171.3902816 171.4533510 
929.0000000 171.1938631 171.2569324 
930.0000000 170.9974445 171.0605139 
931.0000000 170.8010260 170.8640953 
932.0000000 170.6046074 170.6676768 
933.0000000 170.4081889 170.4712582 
934.0000000 170.2117703 170.2748397 
935.0000000 170.0153518 170.0784211 
936.0000000 169.8189332 169.8820026 
937.0000000 169.6225147 169.6855840 
938.0000000 169.4260961 169.4891655 
939.0000000 169.2296776 169.2927469 
940.0000000 169.0332590 169.0963284 
941.0000000 168.8368405 168.8999098 
942.0000000 168.6404219 168.7034913 
943.0000000 168.4440034 168.5070727 
944.0000000 168.2475848 168.3106542 
945.0000000 168.0511663 168.1142356 
946.0000000 167.8547477 167.9178171 
947.0000000 167.6583292 167.7213985 
948.0000000 167.4619106 167.5249800 
949.0000000 167.2654920 167.3285614 
950.0000000 167.0690735 167.1321429 
951.0000000 166.8726549 166.9357243 
952.0000000 166.6762364 166.7393058 
953.0000000 166.4798178 166.5428872 
954.0000000 166.2833993 166.3464687 
955.0000000 166.0869807 166.1500501 
956.0000000 165.8905622 165.9536316 
957.0000000 165.6941436 165.7572130 
958.0000000 165.4977251 165.5607945 
959.0000000 165.3013065 165.3643759 
960.0000000 165.1048880 165.1679574 
961.0000000 164.9084694 164.9715388 
962.0000000 164.7120509 164.7751203 
963.0000000 164.5156323 164.5787017 
964.0000000 164.3192138 164.3822832 
965.0000000 164.1227952 164.1858646 
966.0000000 163.9263767 163.9894461 
967.0000000 163.7299581 163.7930275 
968.0000000 163.5335396 163.5966090 
969.0000000 163.3371210 163.4001904 
970.0000000 163.1407025 163.2037719 
971.0000000 162.9442839 163.0073533 
972.0000000 162.7478654 162.8109348 
973.0000000 162.5514468 162.6145162 
974.0000000 162.3550283 162.4180977 
975.0000000 162.1586097 162.2216791 
976.0000000 161.9621912 162.0252606 
977.0000000 161.7657726 161.8288420 
978.0000000 161.5693541 161.6324235 
979.0000000 161.3729355 161.4360049 
980.0000000 161.1765170 161.2395864 
981.0000000 160.9800984 161.0431678 
982.0000000 160.7836799 160.8467492 
983.0000000 160.5872613 160.6503307 
984.0000000 160.3908428 160.4539121 
985.0000000 160.1944242 160.2574936 
986.0000000 159.9980057 160.0610750 
987.0000000 159.8015871 159.8646565 
988.0000000 159.6051686 159.6682379 
989.0000000 159.4087500 159.4718194 
990.0000000 159.2123315 159.2754008 
991.0000000 159.0159129 159.0789823 
992.0000000 158.8194944 158.8825637 
993.0000000 158.6230758 158.6861452 
994.0000000 158.4266573 158.4897266 
995.0000000 158.2302387 158.2933081 
996.0000000 158.0338202 158.0968895 
997.0000000 157.8374016 157.9004710 
998.0000000 157.6409831 157.7040524 
999.0000000 157.4445645 157.5076339 
1000.0000000 157.2481460 157.3112153 
1001.0000000 157.0517274 157.1147968 
1002.0000000 156.8553089 156.9183782 
1003.0000000 156.6588903 156.7219597 
1004.0000000 156.4624718 156.5255411 
1005.0000000 156.2660532 156.3291226 
1006.0000000 156.0696347 156.1327040 
1007.0000000 155.8732161 155.9362855 
1008.0000000 155.6767976 155.7398669 
1009.0000000 155.4803790 155.5434484 
1010.0000000 155.2839605 155.3470298 
1011.0000000 155.0875419 155.1506113 
1012.0000000 154.8911234 154.9541927 
1013.0000000 154.6947048 154.7577742 
1014.0000000 154.4982863 154.5613556 
1015.0000000 154.3018677 154.3649371 
1016.0000000 154.1054492 154.1685185 
1017.0000000 153.9090306 153.9721000 
1018.0000000 153.7126121 153.7756814 
1019.0000000 153.5161935 153.5792629 
1020.0000000 153.3197750 153.3828443 
1021.0000000 153.1233564 153.1864258 
1022.0000000 152.9269379 152.9900072 
1023.0000000 152.7305193 152.7935887 
1024.0000000 152.5341008 152.5971701 
1025.0000000 152.3376822 152.4007516 
1026.0000000 152.1412637 152.2043330 
1027.0000000 151.9448451 152.0079145 
1028.0000000 151.7484266 151.8114959 
1029.0000000 151.5520080 151.6150774 
1030.0000000 151.3555895 151.4186588 
1031.0000000 151.1591709 151.2222403 
1032.0000000 150.9627524 151.0258217 
1033.0000000 150.7663338 150.8294032 
1034.0000000 150.5699153 150.6329846 
1035.0000000 150.3734967 150.4365661 
1036.0000000 150.1770782 150.2401475 
1037.0000000 149.9806596 150.0437290 
1038.0000000 149.7842411 149.8473104 
1039.0000000 149.5878225 149.6508919 
1040.0000000 149.3914040 149.4544733 
1041.0000000 149.1949854 149.2580548 
1042.0000000 148.9985669 149.0616362 
1043.0000000 148.8021483 148.8652177 
1044.0000000 148.6057298 148.6687991 
1045.0000000 148.4093112 148.4723806 
1046.0000000 148.2128927 148.2759620 
1047.0000000 148.0164741 148.0795435 
1048.0000000 147.8200556 147.8831249 
1049.0000000 147.6236370 147.6867064 
1050.0000000 147.4272185 147.4902878 
1051.0000000 147.2307999 147.2938693 
1052.0000000 147.0343814 147.0974507 
1053.0000000 146.8379628 146.9010322 
1054.0000000 146.6415443 146.7046136 
1055.0000000 146.4451257 146.5081951 
1056.0000000 146.2487072 146.3117765 
1057.0000000 146.0522886 146.1153580 
1058.0000000 145.8558701 145.9189394 
1059.0000000 145.6594515 145.7225209 
1060.0000000 145.4630330 145.5261023 
1061.0000000 145.2666144 145.3296838 
1062.0000000 145.0701959 145.1332652 
1063.0000000 144.8737773 144.9368467 
1064.0000000 144.6773588 144.7404281 
1065.0000000 144.4809402 144.5440096 
1066.0000000 144.2845217 144.3475910 
1067.0000000 144.0881031 144.1511725 
1068.0000000 143.8916846 143.9547539 
1069.0000000 143.6952660 143.7583354 
1070.0000000 143.4988475 143.5619168 
1071.0000000 143.3024289 143.3654983 
1072.0000000 143.1060104 143.1690797 
1073.0000000 142.9095918 142.9726612 
1074.0000000 142.7131733 142.7762426 
1075.0000000 142.5167547 142.5798241 
1076.0000000 142.3203362 142.3834055 
1077.0000000 142.1239176 142.1869870 
1078.0000000 141.9274991 141.9905684 
1079.0000000 141.7310805 141.7941499 
1080.0000000 141.5346620 141.5977313 
1081.0000000 141.3382434 141.4013128 
1082.0000000 141.1418249 141.2048942 
1083.0000000 140.9454063 141.0084757 
1084.0000000 140.7489878 140.8120571 
1085.0000000 140.5525692 140.6156386 
1086.0000000 140.3561507 140.4192200 
1087.0000000 140.1597321 140.2228015 
1088.0000000 139.9633136 140.0263829 
1089.0000000 139.7668950 139.8299644 
1090.0000000 139.5704765 139.6335458 
1091.0000000 139.3740579 139.4371273 
1092.0000000 139.1776394 139.2407087 
1093.0000000 138.9812208 139.0442902 
1094.0000000 138.7848023 138.8478716 
1095.0000000 138.5883837 138.6514531 
1096.0000000 138.3919652 138.4550345 
1097.0000000 138.1955466 138.2586160 
1098.0000000 137.9991281 138.0621974 
1099.0000000 137.8027095 137.8657789 
1100.0000000 137.6062910 137.6693603 
1101.0000000 137.4098724 137.4729418 
1102.0000000 137.2134538 137.2765232 
1103.0000000 137.0170353 137.0801047 
1104.0000000 136.8206167 136.8836861 
1105.0000000 136.6241982 136.6872676 
1106.0000000 136.4277796 136.4908490 
1107.0000000 136.2313611 136.2944305 
1108.0000000 136.0349425 136.0980119 
1109.0000000 135.8385240 135.9015934 
1110.0000000 135.6421054 135.7051748 
1111.0000000 135.4456869 135.5087563 
1112.0000000 135.2492683 135.3123377 
1113.0000000 135.0528498 135.1159192 
1114.0000000 134.8564312 134.9195006 
1115.0000000 134.6600127 134.7230821 
1116.0000000 134.4635941 134.5266635 
1117.0000000 134.2671756 134.3302450 
1118.0000000 134.0707570 134.1338264 
1119.0000000 133.8743385 133.9374079 
1120.0000000 133.6779199 133.7409893 
1121.0000000 133.4815014 133.5445708 
1122.0000000 133.2850828 133.3481522 
1123.0000000 133.0886643 133.1517337 
1124.0000000 132.8922457 132.9553151 
1125.0000000 132.6958272 132.7588966 
1126.0000000 132.4994086 132.5624780 
1127.0000000 132.3029901 132.3660595 
1128.0000000 132.1065715 132.1696409 
1129.0000000 131.9101530 131.9732224 
1130.0000000 131.7137344 131.7768038 
1131.0000000 131.5173159 131.5803853 
1132.0000000 131.3208973 131.3839667 
1133.0000000 131.1244788 131.1875481 
1134.0000000 130.9280602 130.9911296 
1135.0000000 130.7316417 130.7947110 
1136.0000000 130.5352231 130.5982925 
1137.0000000 130.3388046 130.4018739 
1138.0000000 130.1423860 130.2054554 
1139.0000000 129.9459675 130.0090368 
1140.0000000 129.7495489 129.8126183 
1141.0000000 129.5531304 129.6161997 
1142.0000000 129.3567118 129.4197812 
1143.0000000 129.1602933 129.2233626 
1144.0000000 128.9638747 129.0269441 
1145.0000000 128.7674562 128.8305255 
1146.0000000 128.5710376 128.6341070 
1147.0000000 128.3746191 128.4376884 
1148.0000000 128.1782005 128.2412699 
1149.0000000 127.9817820 128.0448513 
1150.0000000 127.7853634 127.8484328 
1151.0000000 127.5889449 127.6520142 
1152.0000000 127.3925263 127.4555957 
1153.0000000 127.1961078 127.2591771 
1154.0000000 126.9996892 127.0627586 
1155.0000000 126.8032707 126.8663400 
1156.0000000 126.6068521 126.6699215 
1157.0000000 126.4104336 126.4735029 
1158.0000000 126.2140150 126.2770844 
1159.0000000 126.0175965 126.0806658 
1160.0000000 125.8211779 125.8842473 
1161.0000000 125.6247594 125.6878287 
1162.0000000 125.4283408 125.4914102 
1163.0000000 125.2319223 125.2949916 
1164.0000000 125.0355037 125.0985731 
1165.0000000 124.8390852 124.9021545 
1166.0000000 124.6426666 124.7057360 
1167.0000000 124.4462481 124.5093174 
1168.0000000 124.2498295 124.3128989 
1169.0000000 124.0534110 124.1164803 
1170.0000000 123.8569924 123.9200618 
1171.0000000 123.6605739 123.7236432 
1172.0000000 123.4641553 123.5272247 
1173.0000000 123.2677368 123.3308061 
1174.0000000 123.0713182 123.1343876 
1175.0000000 122.8748997 122.9379690 
1176.0000000 122.6784811 122.7415505 
1177.0000000 122.4820626 122.5451319 
1178.0000000 122.2856440 122.3487134 
1179.0000000 122.0892255 122.1522948 
1180.0000000 121.8928069 121.9558763 
1181.0000000 121.6963884 121.7594577 
1182.0000000 121.4999698 121.5630392 
1183.0000000 121.3035513 121.3666206 
1184.0000000 121.1071327 121.1702021 
1185.0000000 120.9107142 120.9737835 
1186.0000000 120.7142956 120.7773650 
1187.0000000 120.5178771 120.5809464 
1188.0000000 120.3214585 120.3845279 
1189.0000000 120.1250400 120.1881093 
1190.0000000 119.9286214 119.9916908 
1191.0000000 119.7322029 119.7952722 
1192.0000000 119.5357843 119.5988537 
1193.0000000 119.3393658 119.4024351 
1194.0000000 119.1429472 119.2060166 
1195.0000000 118.9465287 119.0095980 
1196.0000000 118.7501101 118.8131795 
1197.0000000 118.5536916 118.6167609 
1198.0000000 118.3572730 118.4203424 
1199.0000000 118.1608545 118.2239238 
1200.0000000 117.9644359 118.0275053 
1201.0000000 117.7680174 117.8310867 
1202.0000000 117.5715988 117.6346682 
1203.0000000 117.3751803 117.4382496 
1204.0000000 117.1787617 117.2418311 
1205.0000000 116.9823432 117.0454125 
1206.0000000 116.7859246 116.8489940 
1207.0000000 116.5895061 116.6525754 
1208.0000000 116.3930875 116.4561569 
1209.0000000 116.1966690 116.2597383 
1210.0000000 116.0002504 116.0633198 
1211.0000000 115.8038319 115.8669012 
1212.0000000 115.6074133 115.6704827 
1213.0000000 115.4109948 115.4740641 
1214.0000000 115.2145762 115.2776456 
1215.0000000 115.0181577 115.0812270 
1216.0000000 114.8217391 114.8848085 
1217.0000000 114.6253206 114.6883899 
1218.0000000 114.4289020 114.4919714 
1219.0000000 114.2324835 114.2955528 
1220.0000000 114.0360649 114.0991343 
1221.0000000 113.8396464 113.9027157 
1222.0000000 113.6432278 113.7062972 
1223.0000000 113.4468093 113.5098786 
1224.0000000 113.2503907 113.3134601 
1225.0000000 113.0539722 113.1170415 
1226.0000000 112.8575536 112.9206230 
1227.0000000 112.6611351 112.7242044 
1228.0000000 112.4647165 112.5277859 
1229.0000000 112.2682980 112.3313673 
1230.0000000 112.0718794 112.1349488 
1231.0000000 111.8754609 111.9385302 
1232.0000000 111.6790423 111.7421117 
1233.0000000 111.4826238 111.5456931 
1234.0000000 111.2862052 111.3492746 
1235.0000000 111.0897867 111.1528560 
1236.0000000 110.8933681 110.9564375 
1237.0000000 110.6969496 110.7600189 
1238.0000000 110.5005310 110.5636004 
1239.0000000 110.3041125 110.3671818 
1240.0000000 110.1076939 110.1707633 
1241.0000000 109.9112754 109.9743447 
1242.0000000 109.7148568 109.7779262 
1243.0000000 109.5184383 109.5815076 
1244.0000000 109.3220197 109.3850891 
1245.0000000 109.1256012 109.1886705 
1246.0000000 108.9291826 108.9922520 
1247.0000000 108.7327641 108.7958334 
1248.0000000 108.5363455 108.5994149 
1249.0000000 108.3399270 108.4029963 
1250.0000000 108.1435084 108.2065778 
1251.0000000 107.9470899 108.0101592 
1252.0000000 107.7506713 107.8137407 
1253.0000000 107.5542527 107.6173221 
1254.0000000 107.3578342 107.4209036 
1255.0000000 107.1614156 107.2244850 
1256.0000000 106.9649971 107.0280665 
1257.0000000 106.7685785 106.8316479 
1258.0000000 106.5721600 106.6352294 
1259.0000000 106.3757414 106.4388108 
1260.0000000 106.1793229 106.2423923 
1261.0000000 105.9829043 106.0459737 
1262.0000000 105.7864858 105.8495552 
1263.0000000 105.5900672 105.6531366 
1264.0000000 105.3936487 105.4567181 
1265.0000000 105.1972301 105.2602995 
1266.0000000 105.0008116 105.0638810 
1267.0000000 104.8043930 104.8674624 
1268.0000000 104.6079745 104.6710439 
1269.0000000 104.4115559 104.4746253 
1270.0000000 104.2151374 104.2782068 
1271.0000000 104.0187188 104.0817882 
1272.0000000 103.8223003 103.8853697 
1273.0000000 103.6258817 103.6889511 
1274.0000000 103.4294632 103.4925326 
1275.0000000 103.2330446 103.2961140 
1276.0000000 103.0366261 103.0996955 
1277.0000000 102.8402075 102.9032769 
1278.0000000 102.6437890 102.7068584 
1279.0000000 102.4473704 102.5104398 
1280.0000000 102.2509519 102.3140213 
1281.0000000 102.0545333 102.1176027 
1282.0000000 101.8581148 101.9211842 
1283.0000000 101.6616962 101.7247656 
1284.0000000 101.4652777 101.5283471 
1285.0000000 101.2688591 101.3319285 
1286.0000000 101.0724406 101.1355099 
1287.0000000 100.8760220 100.9390914 
1288.0000000 100.6796035 100.7426728 
1289.0000000 100.4831849 100.5462543 
1290.0000000 100.2867664 100.3498357 
1291.0000000 100.0903478 100.1534172 
1292.0000000 99.8939293 99.9569986 
1293.0000000 99.6975107 99.7605801 
1294.0000000 99.5010922 99.5641615 
1295.0000000 99.3046736 99.3677430 
1296.0000000 99.1082551 99.1713244 
1297.0000000 98.9118365 98.9749059 
1298.0000000 98.7154180 98.7784873 
1299.0000000 98.5189994 98.5820688 
1300.0000000 98.3225809 98.3856502 
1301.0000000 98.1261623 98.1892317 
1302.0000000 97.9297438 97.9928131 
1303.0000000 97.7333252 97.7963946 
1304.0000000 97.5369067 97.5999760 
1305.0000000 97.3404881 97.4035575 
1306.0000000 97.1440696 97.2071389 
1307.0000000 96.9476510 97.0107204 
1308.0000000 96.7512325 96.8143018 
1309.0000000 96.5548139 96.6178833 
1310.0000000 96.3583954 96.4214647 
1311.0000000 96.1619768 96.2250462 
1312.0000000 95.9655583 96.0286276 
1313.0000000 95.7691397 95.8322091 
1314.0000000 95.5727212 95.6357905 
1315.0000000 95.3763026 95.4393720 
1316.0000000 95.1798841 95.2429534 
1317.0000000 94.9834655 95.0465349 
1318.0000000 94.7870470 94.8501163 
1319.0000000 94.5906284 94.6536978 
1320.0000000 94.3942099 94.4572792 
1321.0000000 94.1977913 94.2608607 
1322.0000000 94.0013728 94.0644421 
1323.0000000 93.8049542 93.8680236 
1324.0000000 93.6085357 93.6716050 
1325.0000000 93.4121171 93.4751865 
1326.0000000 93.2156986 93.2787679 
1327.0000000 93.0192800 93.0823494 
1328.0000000 92.8228615 92.8859308 
1329.0000000 92.6264429 92.6895123 
1330.0000000 92.4300244 92.4930937 
1331.0000000 92.2336058 92.2966752 
1332.0000000 92.0371873 92.1002566 
1333.0000000 91.8407687 91.9038381 
1334.0000000 91.6443502 91.7074195 
1335.0000000 91.4479316 91.5110010 
1336.0000000 91.2515131 91.3145824 
1337.0000000 91.0550945 91.1181639 
1338.0000000 90.8586760 90.9217453 
1339.0000000 90.6622574 90.7253268 
1340.0000000 90.4658389 90.5289082 
1341.0000000 90.2694203 90.3324897 
1342.0000000 90.0730018 90.1360711 
1343.0000000 89.8765832 89.9396526 
1344.0000000 89.6801647 89.7432340 
1345.0000000 89.4837461 89.5468155 
1346.0000000 89.2873276 89.3503969 
1347.0000000 89.0909090 89.1539784 
1348.0000000 88.8944905 88.9575598 
1349.0000000 88.6980719 88.7611413 
1350.0000000 88.5016534 88.5647227 
1351.0000000 88.3052348 88.3683042 
1352.0000000 88.1088163 88.1718856 
1353.0000000 87.9123977 87.9754671 
1354.0000000 87.7159792 87.7790485 
1355.0000000 87.5195606 87.5826300 
1356.0000000 87.3231421 87.3862114 
1357.0000000 87.1267235 87.1897929 
1358.0000000 86.9303050 86.9933743 
1359.0000000 86.7338864 86.7969558 
1360.0000000 86.5374679 86.6005372 
1361.0000000 86.3410493 86.4041187 
1362.0000000 86.1446308 86.2077001 
1363.0000000 85.9482122 86.0112816 
1364.0000000 85.7517937 85.8148630 
1365.0000000 85.5553751 85.6184445 
1366.0000000 85.3589566 85.4220259 
1367.0000000 85.1625380 85.2256074 
1368.0000000 84.9661195 85.0291888 
1369.0000000 84.7697009 84.8327703 
1370.0000000 84.5732824 84.6363517 
1371.0000000 84.3768638 84.4399332 
1372.0000000 84.1804453 84.2435146 
1373.0000000 83.9840267 84.0470961 
1374.0000000 83.7876082 83.8506775 
1375.0000000 83.5911896 83.6542590 
1376.0000000 83.3947711 83.4578404 
1377.0000000 83.1983525 83.2614219 
1378.0000000 83.0019340 83.0650033 
1379.0000000 82.8055154 82.8685848 
1380.0000000 82.6090969 82.6721662 
1381.0000000 82.4126783 82.4757477 
1382.0000000 82.2162598 82.2793291 
1383.0000000 82.0198412 82.0829106 
1384.0000000 81.8234227 81.8864920 
1385.0000000 81.6270041 81.6900735 
1386.0000000 81.4305856 81.4936549 
1387.0000000 81.2341670 81.2972364 
1388.0000000 81.0377485 81.1008178 
1389.0000000 80.8413299 80.9043993 
1390.0000000 80.6449114 80.7079807 
1391.0000000 80.4484928 80.5115622 
1392.0000000 80.2520743 80.3151436 
1393.0000000 80.0556557 80.1187251 
1394.0000000 79.8592372 79.9223065 
1395.0000000 79.6628186 79.7258880 
1396.0000000 79.4664001 79.5294694 
1397.0000000 79.2699815 79.3330509 
1398.0000000 79.0735630 79.1366323 
1399.0000000 78.8771444 78.9402138 
1400.0000000 78.6807259 78.7437952 
1401.0000000 78.4843073 78.5473767 
1402.0000000 78.2878888 78.3509581 
1403.0000000 78.0914702 78.1545396 
1404.0000000 77.8950516 77.9581210 
1405.0000000 77.6986331 77.7617025 
1406.0000000 77.5022145 77.5652839 
1407.0000000 77.3057960 77.3688654 
1408.0000000 77.1093774 77.1724468 
1409.0000000 76.9129589 76.9760283 
1410.0000000 76.7165403 76.7796097 
1411.0000000 76.5201218 76.5831912 
1412.0000000 76.3237032 76.3867726 
1413.0000000 76.1272847 76.1903541 
1414.0000000 75.9308661 75.9939355 
1415.0000000 75.7344476 75.7975170 
1416.0000000 75.5380290 75.6010984 
1417.0000000 75.3416105 75.4046799 
1418.0000000 75.1451919 75.2082613 
1419.0000000 74.9487734 75.0118428 
1420.0000000 74.7523548 74.8154242 
1421.0000000 74.5559363 74.6190057 
1422.0000000 74.3595177 74.4225871 
1423.0000000 74.1630992 74.2261686 
1424.0000000 73.9666806 74.0297500 
1425.0000000 73.7702621 73.8333315 
1426.0000000 73.5738435 73.6369129 
1427.0000000 73.3774250 73.4404944 
1428.0000000 73.1810064 73.2440758 
1429.0000000 72.9845879 73.0476573 
1430.0000000 72.7881693 72.8512387 
1431.0000000 72.5917508 72.6548202 
1432.0000000 72.3953322 72.4584016 
1433.0000000 72.1989137 72.2619831 
1434.0000000 72.0024951 72.0655645 
1435.0000000 71.8060766 71.8691460 
1436.0000000 71.6096580 71.6727274 
1437.0000000 71.4132395 71.4763088 
1438.0000000 71.2168209 71.2798903 
1439.0000000 71.0204024 71.0834717 
1440.0000000 70.8239838 70.8870532 
1441.0000000 70.6275653 70.6906346 
1442.0000000 70.4311467 70.4942161 
1443.0000000 70.2347282 70.2977975 
1444.0000000 70.0383096 70.1013790 
1445.0000000 69.8418911 69.9049604 
1446.0000000 69.6454725 69.7085419 
1447.0000000 69.4490540 69.5121233 
1448.0000000 69.2526354 69.3157048 
1449.0000000 69.0562169 69.1192862 
1450.0000000 68.8597983 68.9228677 
1451.0000000 68.6633798 68.7264491 
1452.0000000 68.4669612 68.5300306 
1453.0000000 68.2705427 68.3336120 
1454.0000000 68.0741241 68.1371935 
1455.0000000 67.8777056 67.9407749 
1456.0000000 67.6812870 67.7443564 
1457.0000000 67.4848685 67.5479378 
1458.0000000 67.2884499 67.3515193 
1459.0000000 67.0920314 67.1551007 
1460.0000000 66.8956128 66.9586822 
1461.0000000 66.6991943 66.7622636 
1462.0000000 66.5027757 66.5658451 
1463.0000000 66.3063572 66.3694265 
1464.0000000 66.1099386 66.1730080 
1465.0000000 65.9135201 65.9765894 
1466.0000000 65.7171015 65.7801709 
1467.0000000 65.5206830 65.5837523 
1468.0000000 65.3242644 65.3873338 
1469.0000000 65.1278459 65.1909152 
1470.0000000 64.9314273 64.9944967 
1471.0000000 64.7350088 64.7980781 
1472.0000000 64.5385902 64.6016596 
1473.0000000 64.3421717 64.4052410 
1474.0000000 64.1457531 64.2088225 
1475.0000000 63.9493346 64.0124039 
1476.0000000 63.7529160 63.8159854 
1477.0000000 63.5564975 63.6195668 
1478.0000000 63.3600789 63.4231483 
1479.0000000 63.1636604 63.2267297 
1480.0000000 62.9672418 63.0303112 
1481.0000000 62.7708233 62.8338926 
1482.0000000 62.5744047 62.6374741 
1483.0000000 62.3779862 62.4410555 
1484.0000000 62.1815676 62.2446370 
1485.0000000 61.9851491 62.0482184 
1486.0000000 61.7887305 61.8517999 
1487.0000000 61.5923120 61.6553813 
1488.0000000 61.3958934 61.4589628 
1489.0000000 61.1994749 61.2625442 
1490.0000000 61.0030563 61.0661257 
1491.0000000 60.8066378 60.8697071 
1492.0000000 60.6102192 60.6732886 
1493.0000000 60.4138007 60.4768700 
1494.0000000 60.2173821 60.2804515 
1495.0000000 60.0209636 60.0840329 
1496.0000000 59.8245450 59.8876144 
1497.0000000 59.6281265 59.6911958 
1498.0000000 59.4317079 59.4947773 
1499.0000000 59.2352894 59.2983587 
1500.0000000 59.0388708 59.1019402 
1501.0000000 58.8424523 58.9055216 
1502.0000000 58.6460337 58.7091031 
1503.0000000 58.4496152 58.5126845 
1504.0000000 58.2531966 58.3162660 
1505.0000000 58.0567781 58.1198474 
1506.0000000 57.8603595 57.9234289 
1507.0000000 57.6639410 57.7270103 
1508.0000000 57.4675224 57.5305918 
1509.0000000 57.2711039 57.3341732 
1510.0000000 57.0746853 57.1377547 
1511.0000000 56.8782668 56.9413361 
1512.0000000 56.6818482 56.7449176 
1513.0000000 56.4854297 56.5484990 
1514.0000000 56.2890111 56.3520805 
1515.0000000 56.0925926 56.1556619 
1516.0000000 55.8961740 55.9592434 
1517.0000000 55.6997555 55.7628248 
1518.0000000 55.5033369 55.5664063 
1519.0000000 55.3069184 55.3699877 
1520.0000000 55.1104998 55.1735692 
1521.0000000 54.9140813 54.9771506 
1522.0000000 54.7176627 54.7807321 
1523.0000000 54.5212442 54.5843135 
1524.0000000 54.3248256 54.3878950 
1525.0000000 54.1284071 54.1914764 
1526.0000000 53.9319885 53.9950579 
1527.0000000 53.7355700 53.7986393 
1528.0000000 53.5391514 53.6022208 
1529.0000000 53.3427329 53.4058022 
1530.0000000 53.1463143 53.2093837 
1531.0000000 52.9498958 53.0129651 
1532.0000000 52.7534772 52.8165466 
1533.0000000 52.5570587 52.6201280 
1534.0000000 52.3606401 52.4237095 
1535.0000000 52.1642216 52.2272909 
1536.0000000 51.9678030 52.0308724 
1537.0000000 51.7713845 51.8344538 
1538.0000000 51.5749659 51.6380353 
1539.0000000 51.3785474 51.4416167 
1540.0000000 51.1821288 51.2451982 
1541.0000000 50.9857103 51.0487796 
1542.0000000 50.7892917 50.8523611 
1543.0000000 50.5928732 50.6559425 
1544.0000000 50.3964546 50.4595240 
1545.0000000 50.2000361 50.2631054 
1546.0000000 50.0036175 50.0666869 
1547.0000000 49.8071990 49.8702683 
1548.0000000 49.6107804 49.6738498 
1549.0000000 49.4143619 49.4774312 
1550.0000000 49.2179433 49.2810127 
1551.0000000 49.0215248 49.0845941 
1552.0000000 48.8251062 48.8881756 
1553.0000000 48.6286877 48.6917570 
1554.0000000 48.4322691 48.4953385 
1555.0000000 48.2358506 48.2989199 
1556.0000000 48.0394320 48.1025014 
1557.0000000 47.8430134 47.9060828 
1558.0000000 47.6465949 47.7096643 
1559.0000000 47.4501763 47.5132457 
1560.0000000 47.2537578 47.3168272 
1561.0000000 47.0573392 47.1204086 
1562.0000000 46.8609207 46.9239901 
1563.0000000 46.6645021 46.7275715 
1564.0000000 46.4680836 46.5311530 
1565.0000000 46.2716650 46.3347344 
1566.0000000 46.0752465 46.1383159 
1567.0000000 45.8788279 45.9418973 
1568.0000000 45.6824094 45.7454788 
1569.0000000 45.4859908 45.5490602 
1570.0000000 45.2895723 45.3526417 
1571.0000000 45.0931537 45.1562231 
1572.0000000 44.8967352 44.9598046 
1573.0000000 44.7003166 44.7633860 
1574.0000000 44.5038981 44.5669675 
1575.0000000 44.3074795 44.3705489 
1576.0000000 44.1110610 44.1741304 
1577.0000000 43.9146424 43.9777118 
1578.0000000 43.7182239 43.7812933 
1579.0000000 43.5218053 43.5848747 
1580.0000000 43.3253868 43.3884562 
1581.0000000 43.1289682 43.1920376 
1582.0000000 42.9325497 42.9956191 
1583.0000000 42.7361311 42.7992005 
1584.0000000 42.5397126 42.6027820 
1585.0000000 42.3432940 42.4063634 
1586.0000000 42.1468755 42.2099449 
1587.0000000 41.9504569 42.0135263 
1588.0000000 41.7540384 41.8171078 
1589.0000000 41.5576198 41.6206892 
1590.0000000 41.3612013 41.4242706 
1591.0000000 41.1647827 41.2278521 
1592.0000000 40.9683642 41.0314335 
1593.0000000 40.7719456 40.8350150 
1594.0000000 40.5755271 40.6385964 
1595.0000000 40.3791085 40.4421779 
1596.0000000 40.1826900 40.2457593 
1597.0000000 39.9862714 40.0493408 
1598.0000000 39.7898529 39.8529222 
1599.0000000 39.5934343 39.6565037 
1600.0000000 39.3970158 39.4600851 
1601.0000000 39.2005972 39.2636666 
1602.0000000 39.0041787 39.0672480 
1603.0000000 38.8077601 38.8708295 
1604.0000000 38.6113416 38.6744109 
1605.0000000 38.4149230 38.4779924 
1606.0000000 38.2185045 38.2815738 
1607.0000000 38.0220859 38.0851553 
1608.0000000 37.8256674 37.8887367 
1609.0000000 37.6292488 37.6923182 
1610.0000000 37.4328303 37.4958996 
1611.0000000 37.2364117 37.2994811 
1612.0000000 37.0399932 37.1030625 
1613.0000000 36.8435746 36.9066440 
1614.0000000 36.6471561 36.7102254 
1615.0000000 36.4507375 36.5138069 
1616.0000000 36.2543190 36.3173883 
1617.0000000 36.0579004 36.1209698 
1618.0000000 35.8614819 35.9245512 
1619.0000000 35.6650633 35.7281327 
1620.0000000 35.4686448 35.5317141 
1621.0000000 35.2722262 35.3352956 
1622.0000000 35.0758077 35.1388770 
1623.0000000 34.8793891 34.9424585 
1624.0000000 34.6829706 34.7460399 
1625.0000000 34.4865520 34.5496214 
1626.0000000 34.2901335 34.3532028 
1627.0000000 34.0937149 34.1567843 
1628.0000000 33.8972964 33.9603657 
1629.0000000 33.7008778 33.7639472 
1630.0000000 33.5044593 33.5675286 
1631.0000000 33.3080407 33.3711101 
1632.0000000 33.1116222 33.1746915 
1633.0000000 32.9152036 32.9782730 
1634.0000000 32.7187851 32.7818544 
1635.0000000 32.5223665 32.5854359 
1636.0000000 32.3259480 32.3890173 
1637.0000000 32.1295294 32.1925988 
1638.0000000 31.9331109 31.9961802 
1639.0000000 31.7366923 31.7997617 
1640.0000000 31.5402738 31.6033431 
1641.0000000 31.3438552 31.4069246 
1642.0000000 31.1474367 31.2105060 
1643.0000000 30.9510181 31.0140875 
1644.0000000 30.7545996 30.8176689 
1645.0000000 30.5581810 30.6212504 
1646.0000000 30.3617625 30.4248318 
1647.0000000 30.1653439 30.2284133 
1648.0000000 29.9689254 30.0319947 
1649.0000000 29.7725068 29.8355762 
1650.0000000 29.5760883 29.6391576 
1651.0000000 29.3796697 29.4427391 
1652.0000000 29.1832512 29.2463205 
1653.0000000 28.9868326 29.0499020 
1654.0000000 28.7904141 28.8534834 
1655.0000000 28.5939955 28.6570649 
1656.0000000 28.3975770 28.4606463 
1657.0000000 28.2011584 28.2642278 
1658.0000000 28.0047399 28.0678092 
1659.0000000 27.8083213 27.8713907 
1660.0000000 27.6119028 27.6749721 
1661.0000000 27.4154842 27.4785536 
1662.0000000 27.2190657 27.2821350 
1663.0000000 27.0226471 27.0857165 
1664.0000000 26.8262286 26.8892979 
1665.0000000 26.6298100 26.6928794 
1666.0000000 26.4333915 26.4964608 
1667.0000000 26.2369729 26.3000423 
1668.0000000 26.0405544 26.1036237 
1669.0000000 25.8441358 25.9072052 
1670.0000000 25.6477173 25.7107866 
1671.0000000 25.4512987 25.5143681 
1672.0000000 25.2548802 25.3179495 
1673.0000000 25.0584616 25.1215310 
1674.0000000 24.8620431 24.9251124 
1675.0000000 24.6656245 24.7286939 
1676.0000000 24.4692060 24.5322753 
1677.0000000 24.2727874 24.3358568 
1678.0000000 24.0763689 24.1394382 
1679.0000000 23.8799503 23.9430197 
1680.0000000 23.6835318 23.7466011 
1681.0000000 23.4871132 23.5501826 
1682.0000000 23.2906947 23.3537640 
1683.0000000 23.0942761 23.1573455 
1684.0000000 22.8978576 22.9609269 
1685.0000000 22.7014390 22.7645084 
1686.0000000 22.5050205 22.5680898 
1687.0000000 22.3086019 22.3716713 
1688.0000000 22.1121834 22.1752527 
1689.0000000 21.9157648 21.9788342 
1690.0000000 21.7193463 21.7824156 
1691.0000000 21.5229277 21.5859971 
1692.0000000 21.3265092 21.3895785 
1693.0000000 21.1300906 21.1931600 
1694.0000000 20.9336721 20.9967414 
1695.0000000 20.7372535 20.8003229 
1696.0000000 20.5408350 20.6039043 
1697.0000000 20.3444164 20.4074858 
1698.0000000 20.1479979 20.2110672 
1699.0000000 19.9515793 20.0146487 
1700.0000000 19.7551608 19.8182301 
1701.0000000 19.5587422 19.6218116 
1702.0000000 19.3623237 19.4253930 
1703.0000000 19.1659051 19.2289745 
1704.0000000 18.9694866 19.0325559 
1705.0000000 18.7730680 18.8361374 
1706.0000000 18.5766495 18.6397188 
1707.0000000 18.3802309 18.4433003 
1708.0000000 18.1838123 18.2468817 
1709.0000000 17.9873938 18.0504632 
1710.0000000 17.7909752 17.8540446 
1711.0000000 17.5945567 17.6576261 
1712.0000000 17.3981381 17.4612075 
1713.0000000 17.2017196 17.2647890 
1714.0000000 17.0053010 17.0683704 
1715.0000000 16.8088825 16.8719519 
1716.0000000 16.6124639 16.6755333 
1717.0000000 16.4160454 16.4791148 
1718.0000000 16.2196268 16.2826962 
1719.0000000 16.0232083 16.0862777 
1720.0000000 15.8267897 15.8898591 
1721.0000000 15.6303712 15.6934406 
1722.0000000 15.4339526 15.4970220 
1723.0000000 15.2375341 15.3006035 
1724.0000000 15.0411155 15.1041849 
1725.0000000 14.8446970 14.9077664 
1726.0000000 14.6482784 14.7113478 
1727.0000000 14.4518599 14.5149293 
1728.0000000 14.2554413 14.3185107 
1729.0000000 14.0590228 14.1220922 
1730.0000000 13.8626042 13.9256736 
1731.0000000 13.6661857 13.7292551 
1732.0000000 13.4697671 13.5328365 
1733.0000000 13.2733486 13.3364180 
1734.0000000 13.0769300 13.1399994 
1735.0000000 12.8805115 12.9435809 
1736.0000000 12.6840929 12.7471623 
1737.0000000 12.4876744 12.5507438 
1738.0000000 12.2912558 12.3543252 
1739.0000000 12.0948373 12.1579067 
1740.0000000 11.8984187 11.9614881 
1741.0000000 11.7020002 11.7650695 
1742.0000000 11.5055816 11.5686510 
1743.0000000 11.3091631 11.3722324 
1744.0000000 11.1127445 11.1758139 
1745.0000000 10.9163260 10.9793953 
1746.0000000 10.7199074 10.7829768 
1747.0000000 10.5234889 10.5865582 
1748.0000000 10.3270703 10.3901397 
1749.0000000 10.1306518 10.1937211 
1750.0000000 9.9342332 9.9973026 
1751.0000000 9.7378147 9.8008840 
1752.0000000 9.5413961 9.6044655 
1753.0000000 9.3449776 9.4080469 
1754.0000000 9.1485590 9.2116284 
1755.0000000 8.9521405 9.0152098 
1756.0000000 8.7557219 8.8187913 
1757.0000000 8.5593034 8.6223727 
1758.0000000 8.3628848 8.4259542 
1759.0000000 8.1664663 8.2295356 
1760.0000000 7.9700477 8.0331171 
1761.0000000 7.7736292 7.8366985 
1762.0000000 7.5772106 7.6402800 
1763.0000000 7.3807921 7.4438614 
1764.0000000 7.1843735 7.2474429 
1765.0000000 6.9879550 7.0510243 
1766.0000000 6.7915364 6.8546058 
1767.0000000 6.5951179 6.6581872 
1768.0000000 6.3986993 6.4617687 
1769.0000000 6.2022808 6.2653501 
1770.0000000 6.0058622 6.0689316 
1771.0000000 5.8094437 5.8725130 
1772.0000000 5.6130251 5.6760945 
1773.0000000 5.4166066 5.4796759 
1774.0000000 5.2201880 5.2832574 
1775.0000000 5.0237695 5.0868388 
1776.0000000 4.8273509 4.8904203 
1777.0000000 4.6309324 4.6940017 
1778.0000000 4.4345138 4.4975832 
1779.0000000 4.2380953 4.3011646 
1780.0000000 4.0416767 4.1047461 
1781.0000000 3.8452582 3.9083275 
1782.0000000 3.6488396 3.7119090 
1783.0000000 3.4524211 3.5154904 
1784.0000000 3.2560025 3.3190719 
1785.0000000 3.0595840 3.1226533 
1786.0000000 2.8631654 2.9262348 
1787.0000000 2.6667469 2.7298162 
1788.0000000 2.4703283 2.5333977 
1789.0000000 2.2739098 2.3369791 
1790.0000000 2.0774912 2.1405606 
1791.0000000 1.8810727 1.9441420 
1792.0000000 1.6846541 1.7477235 
1793.0000000 1.4882356 1.5513049 
1794.0000000 1.2918170 1.3548864 
1795.0000000 1.0953985 1.1584678 
1796.0000000 0.8989799 0.9620493 
1797.0000000 0.7025614 0.7656307 
1798.0000000 0.5061428 0.5692122 
1799.0000000 0.3097243 0.3727936 
1800.0000000 0.1133057 0.1763751 

