1.0000000 353.5053647 353.6134043 
2.0000000 353.3089461 353.4169857 
3.0000000 353.1125276 353.2205672 
4.0000000 352.9161090 353.0241486 
5.0000000 352.7196905 352.8277301 
6.0000000 352.5232719 352.6313115 
7.0000000 352.3268534 352.4348930 
8.0000000 352.1304348 352.2384744 
9.0000000 351.9340163 352.0420559 
10.0000000 351.7375977 351.8456373 
11.0000000 351.5411792 351.6492188 
12.0000000 351.3447606 351.4528002 
13.0000000 351.1483421 351.2563817 
14.0000000 350.9519235 351.0599631 
15.0000000 350.7555050 350.8635446 
16.0000000 350.5590864 350.6671260 
17.0000000 350.3626679 350.4707075 
18.0000000 350.1662493 350.2742889 
19.0000000 349.9698308 350.0778704 
20.0000000 349.7734122 349.8814518 
21.0000000 349.5769937 349.6850333 
22.0000000 349.3805751 349.4886147 
23.0000000 349.1841566 349.2921962 
24.0000000 348.9877380 349.0957776 
25.0000000 348.7913195 348.8993591 
26.0000000 348.5949009 348.7029405 
27.0000000 348.3984824 348.5065220 
28.0000000 348.2020638 348.3101034 
29.0000000 348.0056453 348.1136849 
30.0000000 347.8092267 347.9172663 
31.0000000 347.6128082 347.7208478 
32.0000000 347.4163896 347.5244292 
33.0000000 347.2199711 347.3280107 
34.0000000 347.0235525 347.1315921 
35.0000000 346.8271340 346.9351736 
36.0000000 346.6307154 346.7387550 
37.0000000 346.4342969 346.5423365 
38.0000000 346.2378783 346.3459179 
39.0000000 346.0414598 346.1494994 
40.0000000 345.8450412 345.9530808 
41.0000000 345.6486227 345.7566623 
42.0000000 345.4522041 345.5602437 
43.0000000 345.2557856 345.3638252 
44.0000000 345.0593670 345.1674066 
45.0000000 344.8629485 344.9709881 
46.0000000 344.6665299 344.7745695 
47.0000000 344.4701114 344.5781510 
48.0000000 344.2736928 344.3817324 
49.0000000 344.0772743 344.1853139 
50.0000000 343.8808557 343.9888953 
51.0000000 343.6844372 343.7924768 
52.0000000 343.4880186 343.5960582 
53.0000000 343.2916001 343.3996397 
54.0000000 343.0951815 343.2032211 
55.0000000 342.8987630 343.0068026 
56.0000000 342.7023444 342.8103840 
57.0000000 342.5059259 342.6139655 
58.0000000 342.3095073 342.4175469 
59.0000000 342.1130888 342.2211284 
60.0000000 341.9166702 342.0247098 
61.0000000 341.7202517 341.8282913 
62.0000000 341.5238331 341.6318727 
63.0000000 341.3274146 341.4354542 
64.0000000 341.1309960 341.2390356 
65.0000000 340.9345775 341.0426171 
66.0000000 340.7381589 340.8461985 
67.0000000 340.5417404 340.6497800 
68.0000000 340.3453218 340.4533614 
69.0000000 340.1489033 340.2569429 
70.0000000 339.9524847 340.0605243 
71.0000000 339.7560662 339.8641058 
72.0000000 339.5596476 339.6676872 
73.0000000 339.3632291 339.4712687 
74.0000000 339.1668105 339.2748501 
75.0000000 338.9703919 339.0784316 
76.0000000 338.7739734 338.8820130 
77.0000000 338.5775548 338.6855945 
78.0000000 338.3811363 338.4891759 
79.0000000 338.1847177 338.2927574 
80.0000000 337.9882992 338.0963388 
81.0000000 337.7918806 337.8999203 
82.0000000 337.5954621 337.7035017 
83.0000000 337.3990435 337.5070832 
84.0000000 337.2026250 337.3106646 
85.0000000 337.0062064 337.1142461 
86.0000000 336.8097879 336.9178275 
87.0000000 336.6133693 336.7214090 
88.0000000 336.4169508 336.5249904 
89.0000000 336.2205322 336.3285719 
90.0000000 336.0241137 336.1321533 
91.0000000 335.8276951 335.9357348 
92.0000000 335.6312766 335.7393162 
93.0000000 335.4348580 335.5428977 
94.0000000 335.2384395 335.3464791 
95.0000000 335.0420209 335.1500606 
96.0000000 334.8456024 334.9536420 
97.0000000 334.6491838 334.7572235 
98.0000000 334.4527653 334.5608049 
99.0000000 334.2563467 334.3643864 
100.0000000 334.0599282 334.1679678 
101.0000000 333.8635096 333.9715493 
102.0000000 333.6670911 333.7751307 
103.0000000 333.4706725 333.5787122 
104.0000000 333.2742540 333.3822936 
105.0000000 333.0778354 333.1858751 
106.0000000 332.8814169 332.9894565 
107.0000000 332.6849983 332.7930380 
108.0000000 332.4885798 332.5966194 
109.0000000 332.2921612 332.4002009 
110.0000000 332.0957427 332.2037823 
111.0000000 331.8993241 332.0073638 
112.0000000 331.7029056 331.8109452 
113.0000000 331.5064870 331.6145267 
114.0000000 331.3100685 331.4181081 
115.0000000 331.1136499 331.2216896 
116.0000000 330.9172314 331.0252710 
117.0000000 330.7208128 330.8288525 
118.0000000 330.5243943 330.6324339 
119.0000000 330.3279757 330.4360154 
120.0000000 330.1315572 330.2395968 
121.0000000 329.9351386 330.0431782 
122.0000000 329.7387201 329.8467597 
123.0000000 329.5423015 329.6503411 
124.0000000 329.3458830 329.4539226 
125.0000000 329.1494644 329.2575040 
126.0000000 328.9530459 329.0610855 
127.0000000 328.7566273 328.8646669 
128.0000000 328.5602088 328.6682484 
129.0000000 328.3637902 328.4718298 
130.0000000 328.1673717 328.2754113 
131.0000000 327.9709531 328.0789927 
132.0000000 327.7745346 327.8825742 
133.0000000 327.5781160 327.6861556 
134.0000000 327.3816975 327.4897371 
135.0000000 327.1852789 327.2933185 
136.0000000 326.9888604 327.0969000 
137.0000000 326.7924418 326.9004814 
138.0000000 326.5960233 326.7040629 
139.0000000 326.3996047 326.5076443 
140.0000000 326.2031862 326.3112258 
141.0000000 326.0067676 326.1148072 
142.0000000 325.8103491 325.9183887 
143.0000000 325.6139305 325.7219701 
144.0000000 325.4175120 325.5255516 
145.0000000 325.2210934 325.3291330 
146.0000000 325.0246749 325.1327145 
147.0000000 324.8282563 324.9362959 
148.0000000 324.6318378 324.7398774 
149.0000000 324.4354192 324.5434588 
150.0000000 324.2390007 324.3470403 
151.0000000 324.0425821 324.1506217 
152.0000000 323.8461636 323.9542032 
153.0000000 323.6497450 323.7577846 
154.0000000 323.4533265 323.5613661 
155.0000000 323.2569079 323.3649475 
156.0000000 323.0604894 323.1685290 
157.0000000 322.8640708 322.9721104 
158.0000000 322.6676523 322.7756919 
159.0000000 322.4712337 322.5792733 
160.0000000 322.2748152 322.3828548 
161.0000000 322.0783966 322.1864362 
162.0000000 321.8819781 321.9900177 
163.0000000 321.6855595 321.7935991 
164.0000000 321.4891410 321.5971806 
165.0000000 321.2927224 321.4007620 
166.0000000 321.0963039 321.2043435 
167.0000000 320.8998853 321.0079249 
168.0000000 320.7034668 320.8115064 
169.0000000 320.5070482 320.6150878 
170.0000000 320.3106297 320.4186693 
171.0000000 320.1142111 320.2222507 
172.0000000 319.9177926 320.0258322 
173.0000000 319.7213740 319.8294136 
174.0000000 319.5249555 319.6329951 
175.0000000 319.3285369 319.4365765 
176.0000000 319.1321184 319.2401580 
177.0000000 318.9356998 319.0437394 
178.0000000 318.7392813 318.8473209 
179.0000000 318.5428627 318.6509023 
180.0000000 318.3464442 318.4544838 
181.0000000 318.1500256 318.2580652 
182.0000000 317.9536071 318.0616467 
183.0000000 317.7571885 317.8652281 
184.0000000 317.5607700 317.6688096 
185.0000000 317.3643514 317.4723910 
186.0000000 317.1679329 317.2759725 
187.0000000 316.9715143 317.0795539 
188.0000000 316.7750958 316.8831354 
189.0000000 316.5786772 316.6867168 
190.0000000 316.3822587 316.4902983 
191.0000000 316.1858401 316.2938797 
192.0000000 315.9894216 316.0974612 
193.0000000 315.7930030 315.9010426 
194.0000000 315.5965845 315.7046241 
195.0000000 315.4001659 315.5082055 
196.0000000 315.2037474 315.3117870 
197.0000000 315.0073288 315.1153684 
198.0000000 314.8109103 314.9189499 
199.0000000 314.6144917 314.7225313 
200.0000000 314.4180732 314.5261128 
201.0000000 314.2216546 314.3296942 
202.0000000 314.0252361 314.1332757 
203.0000000 313.8288175 313.9368571 
204.0000000 313.6323990 313.7404386 
205.0000000 313.4359804 313.5440200 
206.0000000 313.2395619 313.3476015 
207.0000000 313.0431433 313.1511829 
208.0000000 312.8467248 312.9547644 
209.0000000 312.6503062 312.7583458 
210.0000000 312.4538877 312.5619273 
211.0000000 312.2574691 312.3655087 
212.0000000 312.0610506 312.1690902 
213.0000000 311.8646320 311.9726716 
214.0000000 311.6682135 311.7762531 
215.0000000 311.4717949 311.5798345 
216.0000000 311.2753764 311.3834160 
217.0000000 311.0789578 311.1869974 
218.0000000 310.8825393 310.9905789 
219.0000000 310.6861207 310.7941603 
220.0000000 310.4897022 310.5977418 
221.0000000 310.2932836 310.4013232 
222.0000000 310.0968651 310.2049047 
223.0000000 309.9004465 310.0084861 
224.0000000 309.7040280 309.8120676 
225.0000000 309.5076094 309.6156490 
226.0000000 309.3111908 309.4192305 
227.0000000 309.1147723 309.2228119 
228.0000000 308.9183537 309.0263934 
229.0000000 308.7219352 308.8299748 
230.0000000 308.5255166 308.6335563 
231.0000000 308.3290981 308.4371377 
232.0000000 308.1326795 308.2407192 
233.0000000 307.9362610 308.0443006 
234.0000000 307.7398424 307.8478821 
235.0000000 307.5434239 307.6514635 
236.0000000 307.3470053 307.4550450 
237.0000000 307.1505868 307.2586264 
238.0000000 306.9541682 307.0622079 
239.0000000 306.7577497 306.8657893 
240.0000000 306.5613311 306.6693708 
241.0000000 306.3649126 306.4729522 
242.0000000 306.1684940 306.2765337 
243.0000000 305.9720755 306.0801151 
244.0000000 305.7756569 305.8836966 
245.0000000 305.5792384 305.6872780 
246.0000000 305.3828198 305.4908595 
247.0000000 305.1864013 305.2944409 
248.0000000 304.9899827 305.0980224 
249.0000000 304.7935642 304.9016038 
250.0000000 304.5971456 304.7051853 
251.0000000 304.4007271 304.5087667 
252.0000000 304.2043085 304.3123482 
253.0000000 304.0078900 304.1159296 
254.0000000 303.8114714 303.9195111 
255.0000000 303.6150529 303.7230925 
256.0000000 303.4186343 303.5266740 
257.0000000 303.2222158 303.3302554 
258.0000000 303.0257972 303.1338369 
259.0000000 302.8293787 302.9374183 
260.0000000 302.6329601 302.7409998 
261.0000000 302.4365416 302.5445812 
262.0000000 302.2401230 302.3481627 
263.0000000 302.0437045 302.1517441 
264.0000000 301.8472859 301.9553256 
265.0000000 301.6508674 301.7589070 
266.0000000 301.4544488 301.5624885 
267.0000000 301.2580303 301.3660699 
268.0000000 301.0616117 301.1696514 
269.0000000 300.8651932 300.9732328 
270.0000000 300.6687746 300.7768143 
271.0000000 300.4723561 300.5803957 
272.0000000 300.2759375 300.3839771 
273.0000000 300.0795190 300.1875586 
274.0000000 299.8831004 299.9911400 
275.0000000 299.6866819 299.7947215 
276.0000000 299.4902633 299.5983029 
277.0000000 299.2938448 299.4018844 
278.0000000 299.0974262 299.2054658 
279.0000000 298.9010077 299.0090473 
280.0000000 298.7045891 298.8126287 
281.0000000 298.5081706 298.6162102 
282.0000000 298.3117520 298.4197916 
283.0000000 298.1153335 298.2233731 
284.0000000 297.9189149 298.0269545 
285.0000000 297.7224964 297.8305360 
286.0000000 297.5260778 297.6341174 
287.0000000 297.3296593 297.4376989 
288.0000000 297.1332407 297.2412803 
289.0000000 296.9368222 297.0448618 
290.0000000 296.7404036 296.8484432 
291.0000000 296.5439851 296.6520247 
292.0000000 296.3475665 296.4556061 
293.0000000 296.1511480 296.2591876 
294.0000000 295.9547294 296.0627690 
295.0000000 295.7583109 295.8663505 
296.0000000 295.5618923 295.6699319 
297.0000000 295.3654738 295.4735134 
298.0000000 295.1690552 295.2770948 
299.0000000 294.9726367 295.0806763 
300.0000000 294.7762181 294.8842577 
301.0000000 294.5797996 294.6878392 
302.0000000 294.3833810 294.4914206 
303.0000000 294.1869625 294.2950021 
304.0000000 293.9905439 294.0985835 
305.0000000 293.7941254 293.9021650 
306.0000000 293.5977068 293.7057464 
307.0000000 293.4012883 293.5093279 
308.0000000 293.2048697 293.3129093 
309.0000000 293.0084512 293.1164908 
310.0000000 292.8120326 292.9200722 
311.0000000 292.6156141 292.7236537 
312.0000000 292.4191955 292.5272351 
313.0000000 292.2227770 292.3308166 
314.0000000 292.0263584 292.1343980 
315.0000000 291.8299399 291.9379795 
316.0000000 291.6335213 291.7415609 
317.0000000 291.4371028 291.5451424 
318.0000000 291.2406842 291.3487238 
319.0000000 291.0442657 291.1523053 
320.0000000 290.8478471 290.9558867 
321.0000000 290.6514286 290.7594682 
322.0000000 290.4550100 290.5630496 
323.0000000 290.2585915 290.3666311 
324.0000000 290.0621729 290.1702125 
325.0000000 289.8657544 289.9737940 
326.0000000 289.6693358 289.7773754 
327.0000000 289.4729173 289.5809569 
328.0000000 289.2764987 289.3845383 
329.0000000 289.0800802 289.1881198 
330.0000000 288.8836616 288.9917012 
331.0000000 288.6872431 288.7952827 
332.0000000 288.4908245 288.5988641 
333.0000000 288.2944060 288.4024456 
334.0000000 288.0979874 288.2060270 
335.0000000 287.9015689 288.0096085 
336.0000000 287.7051503 287.8131899 
337.0000000 287.5087318 287.6167714 
338.0000000 287.3123132 287.4203528 
339.0000000 287.1158947 287.2239343 
340.0000000 286.9194761 287.0275157 
341.0000000 286.7230576 286.8310972 
342.0000000 286.5266390 286.6346786 
343.0000000 286.3302205 286.4382601 
344.0000000 286.1338019 286.2418415 
345.0000000 285.9373834 286.0454230 
346.0000000 285.7409648 285.8490044 
347.0000000 285.5445463 285.6525859 
348.0000000 285.3481277 285.4561673 
349.0000000 285.1517092 285.2597488 
350.0000000 284.9552906 285.0633302 
351.0000000 284.7588721 284.8669117 
352.0000000 284.5624535 284.6704931 
353.0000000 284.3660350 284.4740746 
354.0000000 284.1696164 284.2776560 
355.0000000 283.9731979 284.0812375 
356.0000000 283.7767793 283.8848189 
357.0000000 283.5803608 283.6884004 
358.0000000 283.3839422 283.4919818 
359.0000000 283.1875237 283.2955633 
360.0000000 282.9911051 283.0991447 
361.0000000 282.7946866 282.9027262 
362.0000000 282.5982680 282.7063076 
363.0000000 282.4018495 282.5098891 
364.0000000 282.2054309 282.3134705 
365.0000000 282.0090124 282.1170520 
366.0000000 281.8125938 281.9206334 
367.0000000 281.6161753 281.7242149 
368.0000000 281.4197567 281.5277963 
369.0000000 281.2233382 281.3313778 
370.0000000 281.0269196 281.1349592 
371.0000000 280.8305011 280.9385407 
372.0000000 280.6340825 280.7421221 
373.0000000 280.4376640 280.5457036 
374.0000000 280.2412454 280.3492850 
375.0000000 280.0448269 280.1528665 
376.0000000 279.8484083 279.9564479 
377.0000000 279.6519897 279.7600294 
378.0000000 279.4555712 279.5636108 
379.0000000 279.2591526 279.3671923 
380.0000000 279.0627341 279.1707737 
381.0000000 278.8663155 278.9743552 
382.0000000 278.6698970 278.7779366 
383.0000000 278.4734784 278.5815181 
384.0000000 278.2770599 278.3850995 
385.0000000 278.0806413 278.1886810 
386.0000000 277.8842228 277.9922624 
387.0000000 277.6878042 277.7958439 
388.0000000 277.4913857 277.5994253 
389.0000000 277.2949671 277.4030068 
390.0000000 277.0985486 277.2065882 
391.0000000 276.9021300 277.0101697 
392.0000000 276.7057115 276.8137511 
393.0000000 276.5092929 276.6173326 
394.0000000 276.3128744 276.4209140 
395.0000000 276.1164558 276.2244955 
396.0000000 275.9200373 276.0280769 
397.0000000 275.7236187 275.8316584 
398.0000000 275.5272002 275.6352398 
399.0000000 275.3307816 275.4388213 
400.0000000 275.1343631 275.2424027 
401.0000000 274.9379445 275.0459842 
402.0000000 274.7415260 274.8495656 
403.0000000 274.5451074 274.6531471 
404.0000000 274.3486889 274.4567285 
405.0000000 274.1522703 274.2603100 
406.0000000 273.9558518 274.0638914 
407.0000000 273.7594332 273.8674729 
408.0000000 273.5630147 273.6710543 
409.0000000 273.3665961 273.4746358 
410.0000000 273.1701776 273.2782172 
411.0000000 272.9737590 273.0817987 
412.0000000 272.7773405 272.8853801 
413.0000000 272.5809219 272.6889616 
414.0000000 272.3845034 272.4925430 
415.0000000 272.1880848 272.2961245 
416.0000000 271.9916663 272.0997059 
417.0000000 271.7952477 271.9032874 
418.0000000 271.5988292 271.7068688 
419.0000000 271.4024106 271.5104503 
420.0000000 271.2059921 271.3140317 
421.0000000 271.0095735 271.1176132 
422.0000000 270.8131550 270.9211946 
423.0000000 270.6167364 270.7247761 
424.0000000 270.4203179 270.5283575 
425.0000000 270.2238993 270.3319389 
426.0000000 270.0274808 270.1355204 
427.0000000 269.8310622 269.9391018 
428.0000000 269.6346437 269.7426833 
429.0000000 269.4382251 269.5462647 
430.0000000 269.2418066 269.3498462 
431.0000000 269.0453880 269.1534276 
432.0000000 268.8489695 268.9570091 
433.0000000 268.6525509 268.7605905 
434.0000000 268.4561324 268.5641720 
435.0000000 268.2597138 268.3677534 
436.0000000 268.0632953 268.1713349 
437.0000000 267.8668767 267.9749163 
438.0000000 267.6704582 267.7784978 
439.0000000 267.4740396 267.5820792 
440.0000000 267.2776211 267.3856607 
441.0000000 267.0812025 267.1892421 
442.0000000 266.8847840 266.9928236 
443.0000000 266.6883654 266.7964050 
444.0000000 266.4919469 266.5999865 
445.0000000 266.2955283 266.4035679 
446.0000000 266.0991098 266.2071494 
447.0000000 265.9026912 266.0107308 
448.0000000 265.7062727 265.8143123 
449.0000000 265.5098541 265.6178937 
450.0000000 265.3134356 265.4214752 
451.0000000 265.1170170 265.2250566 
452.0000000 264.9205985 265.0286381 
453.0000000 264.7241799 264.8322195 
454.0000000 264.5277614 264.6358010 
455.0000000 264.3313428 264.4393824 
456.0000000 264.1349243 264.2429639 
457.0000000 263.9385057 264.0465453 
458.0000000 263.7420872 263.8501268 
459.0000000 263.5456686 263.6537082 
460.0000000 263.3492501 263.4572897 
461.0000000 263.1528315 263.2608711 
462.0000000 262.9564130 263.0644526 
463.0000000 262.7599944 262.8680340 
464.0000000 262.5635759 262.6716155 
465.0000000 262.3671573 262.4751969 
466.0000000 262.1707388 262.2787784 
467.0000000 261.9743202 262.0823598 
468.0000000 261.7779017 261.8859413 
469.0000000 261.5814831 261.6895227 
470.0000000 261.3850646 261.4931042 
471.0000000 261.1886460 261.2966856 
472.0000000 260.9922275 261.1002671 
473.0000000 260.7958089 260.9038485 
474.0000000 260.5993904 260.7074300 
475.0000000 260.4029718 260.5110114 
476.0000000 260.2065533 260.3145929 
477.0000000 260.0101347 260.1181743 
478.0000000 259.8137162 259.9217558 
479.0000000 259.6172976 259.7253372 
480.0000000 259.4208791 259.5289187 
481.0000000 259.2244605 259.3325001 
482.0000000 259.0280420 259.1360816 
483.0000000 258.8316234 258.9396630 
484.0000000 258.6352049 258.7432445 
485.0000000 258.4387863 258.5468259 
486.0000000 258.2423678 258.3504074 
487.0000000 258.0459492 258.1539888 
488.0000000 257.8495307 257.9575703 
489.0000000 257.6531121 257.7611517 
490.0000000 257.4566936 257.5647332 
491.0000000 257.2602750 257.3683146 
492.0000000 257.0638565 257.1718961 
493.0000000 256.8674379 256.9754775 
494.0000000 256.6710194 256.7790590 
495.0000000 256.4746008 256.5826404 
496.0000000 256.2781823 256.3862219 
497.0000000 256.0817637 256.1898033 
498.0000000 255.8853452 255.9933848 
499.0000000 255.6889266 255.7969662 
500.0000000 255.4925081 255.6005477 
501.0000000 255.2960895 255.4041291 
502.0000000 255.0996710 255.2077106 
503.0000000 254.9032524 255.0112920 
504.0000000 254.7068339 254.8148735 
505.0000000 254.5104153 254.6184549 
506.0000000 254.3139968 254.4220364 
507.0000000 254.1175782 254.2256178 
508.0000000 253.9211597 254.0291993 
509.0000000 253.7247411 253.8327807 
510.0000000 253.5283226 253.6363622 
511.0000000 253.3319040 253.4399436 
512.0000000 253.1354855 253.2435251 
513.0000000 252.9390669 253.0471065 
514.0000000 252.7426484 252.8506880 
515.0000000 252.5462298 252.6542694 
516.0000000 252.3498113 252.4578509 
517.0000000 252.1533927 252.2614323 
518.0000000 251.9569742 252.0650138 
519.0000000 251.7605556 251.8685952 
520.0000000 251.5641371 251.6721767 
521.0000000 251.3677185 251.4757581 
522.0000000 251.1713000 251.2793396 
523.0000000 250.9748814 251.0829210 
524.0000000 250.7784629 250.8865025 
525.0000000 250.5820443 250.6900839 
526.0000000 250.3856258 250.4936654 
527.0000000 250.1892072 250.2972468 
528.0000000 249.9927887 250.1008283 
529.0000000 249.7963701 249.9044097 
530.0000000 249.5999515 249.7079912 
531.0000000 249.4035330 249.5115726 
532.0000000 249.2071144 249.3151541 
533.0000000 249.0106959 249.1187355 
534.0000000 248.8142773 248.9223170 
535.0000000 248.6178588 248.7258984 
536.0000000 248.4214402 248.5294799 
537.0000000 248.2250217 248.3330613 
538.0000000 248.0286031 248.1366428 
539.0000000 247.8321846 247.9402242 
540.0000000 247.6357660 247.7438057 
541.0000000 247.4393475 247.5473871 
542.0000000 247.2429289 247.3509686 
543.0000000 247.0465104 247.1545500 
544.0000000 246.8500918 246.9581315 
545.0000000 246.6536733 246.7617129 
546.0000000 246.4572547 246.5652944 
547.0000000 246.2608362 246.3688758 
548.0000000 246.0644176 246.1724573 
549.0000000 245.8679991 245.9760387 
550.0000000 245.6715805 245.7796202 
551.0000000 245.4751620 245.5832016 
552.0000000 245.2787434 245.3867831 
553.0000000 245.0823249 245.1903645 
554.0000000 244.8859063 244.9939460 
555.0000000 244.6894878 244.7975274 
556.0000000 244.4930692 244.6011089 
557.0000000 244.2966507 244.4046903 
558.0000000 244.1002321 244.2082718 
559.0000000 243.9038136 244.0118532 
560.0000000 243.7073950 243.8154347 
561.0000000 243.5109765 243.6190161 
562.0000000 243.3145579 243.4225976 
563.0000000 243.1181394 243.2261790 
564.0000000 242.9217208 243.0297605 
565.0000000 242.7253023 242.8333419 
566.0000000 242.5288837 242.6369234 
567.0000000 242.3324652 242.4405048 
568.0000000 242.1360466 242.2440863 
569.0000000 241.9396281 242.0476677 
570.0000000 241.7432095 241.8512492 
571.0000000 241.5467910 241.6548306 
572.0000000 241.3503724 241.4584121 
573.0000000 241.1539539 241.2619935 
574.0000000 240.9575353 241.0655750 
575.0000000 240.7611168 240.8691564 
576.0000000 240.5646982 240.6727378 
577.0000000 240.3682797 240.4763193 
578.0000000 240.1718611 240.2799007 
579.0000000 239.9754426 240.0834822 
580.0000000 239.7790240 239.8870636 
581.0000000 239.5826055 239.6906451 
582.0000000 239.3861869 239.4942265 
583.0000000 239.1897684 239.2978080 
584.0000000 238.9933498 239.1013894 
585.0000000 238.7969313 238.9049709 
586.0000000 238.6005127 238.7085523 
587.0000000 238.4040942 238.5121338 
588.0000000 238.2076756 238.3157152 
589.0000000 238.0112571 238.1192967 
590.0000000 237.8148385 237.9228781 
591.0000000 237.6184200 237.7264596 
592.0000000 237.4220014 237.5300410 
593.0000000 237.2255829 237.3336225 
594.0000000 237.0291643 237.1372039 
595.0000000 236.8327458 236.9407854 
596.0000000 236.6363272 236.7443668 
597.0000000 236.4399087 236.5479483 
598.0000000 236.2434901 236.3515297 
599.0000000 236.0470716 236.1551112 
600.0000000 235.8506530 235.9586926 
601.0000000 235.6542345 235.7622741 
602.0000000 235.4578159 235.5658555 
603.0000000 235.2613974 235.3694370 
604.0000000 235.0649788 235.1730184 
605.0000000 234.8685603 234.9765999 
606.0000000 234.6721417 234.7801813 
607.0000000 234.4757232 234.5837628 
608.0000000 234.2793046 234.3873442 
609.0000000 234.0828861 234.1909257 
610.0000000 233.8864675 233.9945071 
611.0000000 233.6900490 233.7980886 
612.0000000 233.4936304 233.6016700 
613.0000000 233.2972119 233.4052515 
614.0000000 233.1007933 233.2088329 
615.0000000 232.9043748 233.0124144 
616.0000000 232.7079562 232.8159958 
617.0000000 232.5115377 232.6195773 
618.0000000 232.3151191 232.4231587 
619.0000000 232.1187006 232.2267402 
620.0000000 231.9222820 232.0303216 
621.0000000 231.7258635 231.8339031 
622.0000000 231.5294449 231.6374845 
623.0000000 231.3330264 231.4410660 
624.0000000 231.1366078 231.2446474 
625.0000000 230.9401893 231.0482289 
626.0000000 230.7437707 230.8518103 
627.0000000 230.5473522 230.6553918 
628.0000000 230.3509336 230.4589732 
629.0000000 230.1545151 230.2625547 
630.0000000 229.9580965 230.0661361 
631.0000000 229.7616780 229.8697176 
632.0000000 229.5652594 229.6732990 
633.0000000 229.3688409 229.4768805 
634.0000000 229.1724223 229.2804619 
635.0000000 228.9760038 229.0840434 
636.0000000 228.7795852 228.8876248 
637.0000000 228.5831667 228.6912063 
638.0000000 228.3867481 228.4947877 
639.0000000 228.1903296 228.2983692 
640.0000000 227.9939110 228.1019506 
641.0000000 227.7974925 227.9055321 
642.0000000 227.6010739 227.7091135 
643.0000000 227.4046554 227.5126950 
644.0000000 227.2082368 227.3162764 
645.0000000 227.0118183 227.1198579 
646.0000000 226.8153997 226.9234393 
647.0000000 226.6189812 226.7270208 
648.0000000 226.4225626 226.5306022 
649.0000000 226.2261441 226.3341837 
650.0000000 226.0297255 226.1377651 
651.0000000 225.8333070 225.9413466 
652.0000000 225.6368884 225.7449280 
653.0000000 225.4404699 225.5485095 
654.0000000 225.2440513 225.3520909 
655.0000000 225.0476328 225.1556724 
656.0000000 224.8512142 224.9592538 
657.0000000 224.6547957 224.7628353 
658.0000000 224.4583771 224.5664167 
659.0000000 224.2619586 224.3699982 
660.0000000 224.0655400 224.1735796 
661.0000000 223.8691215 223.9771611 
662.0000000 223.6727029 223.7807425 
663.0000000 223.4762844 223.5843240 
664.0000000 223.2798658 223.3879054 
665.0000000 223.0834473 223.1914869 
666.0000000 222.8870287 222.9950683 
667.0000000 222.6906102 222.7986498 
668.0000000 222.4941916 222.6022312 
669.0000000 222.2977731 222.4058127 
670.0000000 222.1013545 222.2093941 
671.0000000 221.9049360 222.0129756 
672.0000000 221.7085174 221.8165570 
673.0000000 221.5120989 221.6201385 
674.0000000 221.3156803 221.4237199 
675.0000000 221.1192618 221.2273014 
676.0000000 220.9228432 221.0308828 
677.0000000 220.7264247 220.8344643 
678.0000000 220.5300061 220.6380457 
679.0000000 220.3335876 220.4416272 
680.0000000 220.1371690 220.2452086 
681.0000000 219.9407504 220.0487901 
682.0000000 219.7443319 219.8523715 
683.0000000 219.5479133 219.6559530 
684.0000000 219.3514948 219.4595344 
685.0000000 219.1550762 219.2631159 
686.0000000 218.9586577 219.0666973 
687.0000000 218.7622391 218.8702788 
688.0000000 218.5658206 218.6738602 
689.0000000 218.3694020 218.4774417 
690.0000000 218.1729835 218.2810231 
691.0000000 217.9765649 218.0846046 
692.0000000 217.7801464 217.8881860 
693.0000000 217.5837278 217.6917675 
694.0000000 217.3873093 217.4953489 
695.0000000 217.1908907 217.2989304 
696.0000000 216.9944722 217.1025118 
697.0000000 216.7980536 216.9060933 
698.0000000 216.6016351 216.7096747 
699.0000000 216.4052165 216.5132562 
700.0000000 216.2087980 216.3168376 
701.0000000 216.0123794 216.1204191 
702.0000000 215.8159609 215.9240005 
703.0000000 215.6195423 215.7275820 
704.0000000 215.4231238 215.5311634 
705.0000000 215.2267052 215.3347449 
706.0000000 215.0302867 215.1383263 
707.0000000 214.8338681 214.9419078 
708.0000000 214.6374496 214.7454892 
709.0000000 214.4410310 214.5490707 
710.0000000 214.2446125 214.3526521 
711.0000000 214.0481939 214.1562336 
712.0000000 213.8517754 213.9598150 
713.0000000 213.6553568 213.7633965 
714.0000000 213.4589383 213.5669779 
715.0000000 213.2625197 213.3705594 
716.0000000 213.0661012 213.1741408 
717.0000000 212.8696826 212.9777223 
718.0000000 212.6732641 212.7813037 
719.0000000 212.4768455 212.5848852 
720.0000000 212.2804270 212.3884666 
721.0000000 212.0840084 212.1920481 
722.0000000 211.8875899 211.9956295 
723.0000000 211.6911713 211.7992110 
724.0000000 211.4947528 211.6027924 
725.0000000 211.2983342 211.4063739 
726.0000000 211.1019157 211.2099553 
727.0000000 210.9054971 211.0135368 
728.0000000 210.7090786 210.8171182 
729.0000000 210.5126600 210.6206996 
730.0000000 210.3162415 210.4242811 
731.0000000 210.1198229 210.2278625 
732.0000000 209.9234044 210.0314440 
733.0000000 209.7269858 209.8350254 
734.0000000 209.5305673 209.6386069 
735.0000000 209.3341487 209.4421883 
736.0000000 209.1377302 209.2457698 
737.0000000 208.9413116 209.0493512 
738.0000000 208.7448931 208.8529327 
739.0000000 208.5484745 208.6565141 
740.0000000 208.3520560 208.4600956 
741.0000000 208.1556374 208.2636770 
742.0000000 207.9592189 208.0672585 
743.0000000 207.7628003 207.8708399 
744.0000000 207.5663818 207.6744214 
745.0000000 207.3699632 207.4780028 
746.0000000 207.1735447 207.2815843 
747.0000000 206.9771261 207.0851657 
748.0000000 206.7807076 206.8887472 
749.0000000 206.5842890 206.6923286 
750.0000000 206.3878705 206.4959101 
751.0000000 206.1914519 206.2994915 
752.0000000 205.9950334 206.1030730 
753.0000000 205.7986148 205.9066544 
754.0000000 205.6021963 205.7102359 
755.0000000 205.4057777 205.5138173 
756.0000000 205.2093592 205.3173988 
757.0000000 205.0129406 205.1209802 
758.0000000 204.8165221 204.9245617 
759.0000000 204.6201035 204.7281431 
760.0000000 204.4236850 204.5317246 
761.0000000 204.2272664 204.3353060 
762.0000000 204.0308479 204.1388875 
763.0000000 203.8344293 203.9424689 
764.0000000 203.6380108 203.7460504 
765.0000000 203.4415922 203.5496318 
766.0000000 203.2451737 203.3532133 
767.0000000 203.0487551 203.1567947 
768.0000000 202.8523366 202.9603762 
769.0000000 202.6559180 202.7639576 
770.0000000 202.4594995 202.5675391 
771.0000000 202.2630809 202.3711205 
772.0000000 202.0666624 202.1747020 
773.0000000 201.8702438 201.9782834 
774.0000000 201.6738253 201.7818649 
775.0000000 201.4774067 201.5854463 
776.0000000 201.2809882 201.3890278 
777.0000000 201.0845696 201.1926092 
778.0000000 200.8881511 200.9961907 
779.0000000 200.6917325 200.7997721 
780.0000000 200.4953140 200.6033536 
781.0000000 200.2988954 200.4069350 
782.0000000 200.1024769 200.2105165 
783.0000000 199.9060583 200.0140979 
784.0000000 199.7096398 199.8176794 
785.0000000 199.5132212 199.6212608 
786.0000000 199.3168027 199.4248423 
787.0000000 199.1203841 199.2284237 
788.0000000 198.9239656 199.0320052 
789.0000000 198.7275470 198.8355866 
790.0000000 198.5311285 198.6391681 
791.0000000 198.3347099 198.4427495 
792.0000000 198.1382914 198.2463310 
793.0000000 197.9418728 198.0499124 
794.0000000 197.7454543 197.8534939 
795.0000000 197.5490357 197.6570753 
796.0000000 197.3526172 197.4606568 
797.0000000 197.1561986 197.2642382 
798.0000000 196.9597801 197.0678197 
799.0000000 196.7633615 196.8714011 
800.0000000 196.5669430 196.6749826 
801.0000000 196.3705244 196.4785640 
802.0000000 196.1741059 196.2821455 
803.0000000 195.9776873 196.0857269 
804.0000000 195.7812688 195.8893084 
805.0000000 195.5848502 195.6928898 
806.0000000 195.3884317 195.4964713 
807.0000000 195.1920131 195.3000527 
808.0000000 194.9955946 195.1036342 
809.0000000 194.7991760 194.9072156 
810.0000000 194.6027575 194.7107971 
811.0000000 194.4063389 194.5143785 
812.0000000 194.2099204 194.3179600 
813.0000000 194.0135018 194.1215414 
814.0000000 193.8170833 193.9251229 
815.0000000 193.6206647 193.7287043 
816.0000000 193.4242462 193.5322858 
817.0000000 193.2278276 193.3358672 
818.0000000 193.0314091 193.1394487 
819.0000000 192.8349905 192.9430301 
820.0000000 192.6385720 192.7466116 
821.0000000 192.4421534 192.5501930 
822.0000000 192.2457349 192.3537745 
823.0000000 192.0493163 192.1573559 
824.0000000 191.8528978 191.9609374 
825.0000000 191.6564792 191.7645188 
826.0000000 191.4600607 191.5681003 
827.0000000 191.2636421 191.3716817 
828.0000000 191.0672236 191.1752632 
829.0000000 190.8708050 190.9788446 
830.0000000 190.6743865 190.7824261 
831.0000000 190.4779679 190.5860075 
832.0000000 190.2815493 190.3895890 
833.0000000 190.0851308 190.1931704 
834.0000000 189.8887122 189.9967519 
835.0000000 189.6922937 189.8003333 
836.0000000 189.4958751 189.6039148 
837.0000000 189.2994566 189.4074962 
838.0000000 189.1030380 189.2110777 
839.0000000 188.9066195 189.0146591 
840.0000000 188.7102009 188.8182406 
841.0000000 188.5137824 188.6218220 
842.0000000 188.3173638 188.4254035 
843.0000000 188.1209453 188.2289849 
844.0000000 187.9245267 188.0325664 
845.0000000 187.7281082 187.8361478 
846.0000000 187.5316896 187.6397293 
847.0000000 187.3352711 187.4433107 
848.0000000 187.1388525 187.2468922 
849.0000000 186.9424340 187.0504736 
850.0000000 186.7460154 186.8540551 
851.0000000 186.5495969 186.6576365 
852.0000000 186.3531783 186.4612180 
853.0000000 186.1567598 186.2647994 
854.0000000 185.9603412 186.0683809 
855.0000000 185.7639227 185.8719623 
856.0000000 185.5675041 185.6755438 
857.0000000 185.3710856 185.4791252 
858.0000000 185.1746670 185.2827067 
859.0000000 184.9782485 185.0862881 
860.0000000 184.7818299 184.8898696 
861.0000000 184.5854114 184.6934510 
862.0000000 184.3889928 184.4970325 
863.0000000 184.1925743 184.3006139 
864.0000000 183.9961557 184.1041954 
865.0000000 183.7997372 183.9077768 
866.0000000 183.6033186 183.7113583 
867.0000000 183.4069001 183.5149397 
868.0000000 183.2104815 183.3185212 
869.0000000 183.0140630 183.1221026 
870.0000000 182.8176444 182.9256841 
871.0000000 182.6212259 182.7292655 
872.0000000 182.4248073 182.5328470 
873.0000000 182.2283888 182.3364284 
874.0000000 182.0319702 182.1400099 
875.0000000 181.8355517 181.9435913 
876.0000000 181.6391331 181.7471728 
877.0000000 181.4427146 181.5507542 
878.0000000 181.2462960 181.3543357 
879.0000000 181.0498775 181.1579171 
880.0000000 180.8534589 180.9614985 
881.0000000 180.6570404 180.7650800 
882.0000000 180.4606218 180.5686614 
883.0000000 180.2642033 180.3722429 
884.0000000 180.0677847 180.1758243 
885.0000000 179.8713662 179.9794058 
886.0000000 179.6749476 179.7829872 
887.0000000 179.4785291 179.5865687 
888.0000000 179.2821105 179.3901501 
889.0000000 179.0856920 179.1937316 
890.0000000 178.8892734 178.9973130 
891.0000000 178.6928549 178.8008945 
892.0000000 178.4964363 178.6044759 
893.0000000 178.3000178 178.4080574 
894.0000000 178.1035992 178.2116388 
895.0000000 177.9071807 178.0152203 
896.0000000 177.7107621 177.8188017 
897.0000000 177.5143436 177.6223832 
898.0000000 177.3179250 177.4259646 
899.0000000 177.1215065 177.2295461 
900.0000000 176.9250879 177.0331275 
901.0000000 176.7286694 176.8367090 
902.0000000 176.5322508 176.6402904 
903.0000000 176.3358323 176.4438719 
904.0000000 176.1394137 176.2474533 
905.0000000 175.9429952 176.0510348 
906.0000000 175.7465766 175.8546162 
907.0000000 175.5501581 175.6581977 
908.0000000 175.3537395 175.4617791 
909.0000000 175.1573210 175.2653606 
910.0000000 174.9609024 175.0689420 
911.0000000 174.7644839 174.8725235 
912.0000000 174.5680653 174.6761049 
913.0000000 174.3716468 174.4796864 
914.0000000 174.1752282 174.2832678 
915.0000000 173.9788097 174.0868493 
916.0000000 173.7823911 173.8904307 
917.0000000 173.5859726 173.6940122 
918.0000000 173.3895540 173.4975936 
919.0000000 173.1931355 173.3011751 
920.0000000 172.9967169 173.1047565 
921.0000000 172.8002984 172.9083380 
922.0000000 172.6038798 172.7119194 
923.0000000 172.4074613 172.5155009 
924.0000000 172.2110427 172.3190823 
925.0000000 172.0146242 172.1226638 
926.0000000 171.8182056 171.9262452 
927.0000000 171.6217871 171.7298267 
928.0000000 171.4253685 171.5334081 
929.0000000 171.2289500 171.3369896 
930.0000000 171.0325314 171.1405710 
931.0000000 170.8361129 170.9441525 
932.0000000 170.6396943 170.7477339 
933.0000000 170.4432758 170.5513154 
934.0000000 170.2468572 170.3548968 
935.0000000 170.0504387 170.1584783 
936.0000000 169.8540201 169.9620597 
937.0000000 169.6576016 169.7656412 
938.0000000 169.4611830 169.5692226 
939.0000000 169.2647645 169.3728041 
940.0000000 169.0683459 169.1763855 
941.0000000 168.8719274 168.9799670 
942.0000000 168.6755088 168.7835484 
943.0000000 168.4790903 168.5871299 
944.0000000 168.2826717 168.3907113 
945.0000000 168.0862532 168.1942928 
946.0000000 167.8898346 167.9978742 
947.0000000 167.6934161 167.8014557 
948.0000000 167.4969975 167.6050371 
949.0000000 167.3005790 167.4086186 
950.0000000 167.1041604 167.2122000 
951.0000000 166.9077419 167.0157815 
952.0000000 166.7113233 166.8193629 
953.0000000 166.5149048 166.6229444 
954.0000000 166.3184862 166.4265258 
955.0000000 166.1220677 166.2301073 
956.0000000 165.9256491 166.0336887 
957.0000000 165.7292306 165.8372702 
958.0000000 165.5328120 165.6408516 
959.0000000 165.3363935 165.4444331 
960.0000000 165.1399749 165.2480145 
961.0000000 164.9435564 165.0515960 
962.0000000 164.7471378 164.8551774 
963.0000000 164.5507193 164.6587589 
964.0000000 164.3543007 164.4623403 
965.0000000 164.1578822 164.2659218 
966.0000000 163.9614636 164.0695032 
967.0000000 163.7650451 163.8730847 
968.0000000 163.5686265 163.6766661 
969.0000000 163.3722080 163.4802476 
970.0000000 163.1757894 163.2838290 
971.0000000 162.9793709 163.0874105 
972.0000000 162.7829523 162.8909919 
973.0000000 162.5865338 162.6945734 
974.0000000 162.3901152 162.4981548 
975.0000000 162.1936967 162.3017363 
976.0000000 161.9972781 162.1053177 
977.0000000 161.8008596 161.9088992 
978.0000000 161.6044410 161.7124806 
979.0000000 161.4080225 161.5160621 
980.0000000 161.2116039 161.3196435 
981.0000000 161.0151854 161.1232250 
982.0000000 160.8187668 160.9268064 
983.0000000 160.6223483 160.7303879 
984.0000000 160.4259297 160.5339693 
985.0000000 160.2295111 160.3375508 
986.0000000 160.0330926 160.1411322 
987.0000000 159.8366740 159.9447137 
988.0000000 159.6402555 159.7482951 
989.0000000 159.4438369 159.5518766 
990.0000000 159.2474184 159.3554580 
991.0000000 159.0509998 159.1590395 
992.0000000 158.8545813 158.9626209 
993.0000000 158.6581627 158.7662024 
994.0000000 158.4617442 158.5697838 
995.0000000 158.2653256 158.3733653 
996.0000000 158.0689071 158.1769467 
997.0000000 157.8724885 157.9805282 
998.0000000 157.6760700 157.7841096 
999.0000000 157.4796514 157.5876911 
1000.0000000 157.2832329 157.3912725 
1001.0000000 157.0868143 157.1948540 
1002.0000000 156.8903958 156.9984354 
1003.0000000 156.6939772 156.8020169 
1004.0000000 156.4975587 156.6055983 
1005.0000000 156.3011401 156.4091798 
1006.0000000 156.1047216 156.2127612 
1007.0000000 155.9083030 156.0163427 
1008.0000000 155.7118845 155.8199241 
1009.0000000 155.5154659 155.6235056 
1010.0000000 155.3190474 155.4270870 
1011.0000000 155.1226288 155.2306685 
1012.0000000 154.9262103 155.0342499 
1013.0000000 154.7297917 154.8378314 
1014.0000000 154.5333732 154.6414128 
1015.0000000 154.3369546 154.4449943 
1016.0000000 154.1405361 154.2485757 
1017.0000000 153.9441175 154.0521572 
1018.0000000 153.7476990 153.8557386 
1019.0000000 153.5512804 153.6593201 
1020.0000000 153.3548619 153.4629015 
1021.0000000 153.1584433 153.2664830 
1022.0000000 152.9620248 153.0700644 
1023.0000000 152.7656062 152.8736459 
1024.0000000 152.5691877 152.6772273 
1025.0000000 152.3727691 152.4808088 
1026.0000000 152.1763506 152.2843902 
1027.0000000 151.9799320 152.0879717 
1028.0000000 151.7835135 151.8915531 
1029.0000000 151.5870949 151.6951346 
1030.0000000 151.3906764 151.4987160 
1031.0000000 151.1942578 151.3022974 
1032.0000000 150.9978393 151.1058789 
1033.0000000 150.8014207 150.9094603 
1034.0000000 150.6050022 150.7130418 
1035.0000000 150.4085836 150.5166232 
1036.0000000 150.2121651 150.3202047 
1037.0000000 150.0157465 150.1237861 
1038.0000000 149.8193280 149.9273676 
1039.0000000 149.6229094 149.7309490 
1040.0000000 149.4264909 149.5345305 
1041.0000000 149.2300723 149.3381119 
1042.0000000 149.0336538 149.1416934 
1043.0000000 148.8372352 148.9452748 
1044.0000000 148.6408167 148.7488563 
1045.0000000 148.4443981 148.5524377 
1046.0000000 148.2479796 148.3560192 
1047.0000000 148.0515610 148.1596006 
1048.0000000 147.8551425 147.9631821 
1049.0000000 147.6587239 147.7667635 
1050.0000000 147.4623054 147.5703450 
1051.0000000 147.2658868 147.3739264 
1052.0000000 147.0694683 147.1775079 
1053.0000000 146.8730497 146.9810893 
1054.0000000 146.6766312 146.7846708 
1055.0000000 146.4802126 146.5882522 
1056.0000000 146.2837941 146.3918337 
1057.0000000 146.0873755 146.1954151 
1058.0000000 145.8909570 145.9989966 
1059.0000000 145.6945384 145.8025780 
1060.0000000 145.4981199 145.6061595 
1061.0000000 145.3017013 145.4097409 
1062.0000000 145.1052828 145.2133224 
1063.0000000 144.9088642 145.0169038 
1064.0000000 144.7124457 144.8204853 
1065.0000000 144.5160271 144.6240667 
1066.0000000 144.3196086 144.4276482 
1067.0000000 144.1231900 144.2312296 
1068.0000000 143.9267715 144.0348111 
1069.0000000 143.7303529 143.8383925 
1070.0000000 143.5339344 143.6419740 
1071.0000000 143.3375158 143.4455554 
1072.0000000 143.1410973 143.2491369 
1073.0000000 142.9446787 143.0527183 
1074.0000000 142.7482602 142.8562998 
1075.0000000 142.5518416 142.6598812 
1076.0000000 142.3554231 142.4634627 
1077.0000000 142.1590045 142.2670441 
1078.0000000 141.9625860 142.0706256 
1079.0000000 141.7661674 141.8742070 
1080.0000000 141.5697489 141.6777885 
1081.0000000 141.3733303 141.4813699 
1082.0000000 141.1769118 141.2849514 
1083.0000000 140.9804932 141.0885328 
1084.0000000 140.7840747 140.8921143 
1085.0000000 140.5876561 140.6956957 
1086.0000000 140.3912376 140.4992772 
1087.0000000 140.1948190 140.3028586 
1088.0000000 139.9984005 140.1064401 
1089.0000000 139.8019819 139.9100215 
1090.0000000 139.6055634 139.7136030 
1091.0000000 139.4091448 139.5171844 
1092.0000000 139.2127263 139.3207659 
1093.0000000 139.0163077 139.1243473 
1094.0000000 138.8198892 138.9279288 
1095.0000000 138.6234706 138.7315102 
1096.0000000 138.4270521 138.5350917 
1097.0000000 138.2306335 138.3386731 
1098.0000000 138.0342150 138.1422546 
1099.0000000 137.8377964 137.9458360 
1100.0000000 137.6413779 137.7494175 
1101.0000000 137.4449593 137.5529989 
1102.0000000 137.2485408 137.3565804 
1103.0000000 137.0521222 137.1601618 
1104.0000000 136.8557037 136.9637433 
1105.0000000 136.6592851 136.7673247 
1106.0000000 136.4628666 136.5709062 
1107.0000000 136.2664480 136.3744876 
1108.0000000 136.0700295 136.1780691 
1109.0000000 135.8736109 135.9816505 
1110.0000000 135.6771924 135.7852320 
1111.0000000 135.4807738 135.5888134 
1112.0000000 135.2843553 135.3923949 
1113.0000000 135.0879367 135.1959763 
1114.0000000 134.8915182 134.9995578 
1115.0000000 134.6950996 134.8031392 
1116.0000000 134.4986811 134.6067207 
1117.0000000 134.3022625 134.4103021 
1118.0000000 134.1058440 134.2138836 
1119.0000000 133.9094254 134.0174650 
1120.0000000 133.7130069 133.8210465 
1121.0000000 133.5165883 133.6246279 
1122.0000000 133.3201698 133.4282094 
1123.0000000 133.1237512 133.2317908 
1124.0000000 132.9273327 133.0353723 
1125.0000000 132.7309141 132.8389537 
1126.0000000 132.5344956 132.6425352 
1127.0000000 132.3380770 132.4461166 
1128.0000000 132.1416585 132.2496981 
1129.0000000 131.9452399 132.0532795 
1130.0000000 131.7488214 131.8568610 
1131.0000000 131.5524028 131.6604424 
1132.0000000 131.3559843 131.4640239 
1133.0000000 131.1595657 131.2676053 
1134.0000000 130.9631472 131.0711868 
1135.0000000 130.7667286 130.8747682 
1136.0000000 130.5703100 130.6783497 
1137.0000000 130.3738915 130.4819311 
1138.0000000 130.1774729 130.2855126 
1139.0000000 129.9810544 130.0890940 
1140.0000000 129.7846358 129.8926755 
1141.0000000 129.5882173 129.6962569 
1142.0000000 129.3917987 129.4998384 
1143.0000000 129.1953802 129.3034198 
1144.0000000 128.9989616 129.1070013 
1145.0000000 128.8025431 128.9105827 
1146.0000000 128.6061245 128.7141642 
1147.0000000 128.4097060 128.5177456 
1148.0000000 128.2132874 128.3213271 
1149.0000000 128.0168689 128.1249085 
1150.0000000 127.8204503 127.9284900 
1151.0000000 127.6240318 127.7320714 
1152.0000000 127.4276132 127.5356529 
1153.0000000 127.2311947 127.3392343 
1154.0000000 127.0347761 127.1428158 
1155.0000000 126.8383576 126.9463972 
1156.0000000 126.6419390 126.7499787 
1157.0000000 126.4455205 126.5535601 
1158.0000000 126.2491019 126.3571416 
1159.0000000 126.0526834 126.1607230 
1160.0000000 125.8562648 125.9643045 
1161.0000000 125.6598463 125.7678859 
1162.0000000 125.4634277 125.5714674 
1163.0000000 125.2670092 125.3750488 
1164.0000000 125.0705906 125.1786303 
1165.0000000 124.8741721 124.9822117 
1166.0000000 124.6777535 124.7857932 
1167.0000000 124.4813350 124.5893746 
1168.0000000 124.2849164 124.3929561 
1169.0000000 124.0884979 124.1965375 
1170.0000000 123.8920793 124.0001190 
1171.0000000 123.6956608 123.8037004 
1172.0000000 123.4992422 123.6072819 
1173.0000000 123.3028237 123.4108633 
1174.0000000 123.1064051 123.2144448 
1175.0000000 122.9099866 123.0180262 
1176.0000000 122.7135680 122.8216077 
1177.0000000 122.5171495 122.6251891 
1178.0000000 122.3207309 122.4287706 
1179.0000000 122.1243124 122.2323520 
1180.0000000 121.9278938 122.0359335 
1181.0000000 121.7314753 121.8395149 
1182.0000000 121.5350567 121.6430964 
1183.0000000 121.3386382 121.4466778 
1184.0000000 121.1422196 121.2502592 
1185.0000000 120.9458011 121.0538407 
1186.0000000 120.7493825 120.8574221 
1187.0000000 120.5529640 120.6610036 
1188.0000000 120.3565454 120.4645850 
1189.0000000 120.1601269 120.2681665 
1190.0000000 119.9637083 120.0717479 
1191.0000000 119.7672898 119.8753294 
1192.0000000 119.5708712 119.6789108 
1193.0000000 119.3744527 119.4824923 
1194.0000000 119.1780341 119.2860737 
1195.0000000 118.9816156 119.0896552 
1196.0000000 118.7851970 118.8932366 
1197.0000000 118.5887785 118.6968181 
1198.0000000 118.3923599 118.5003995 
1199.0000000 118.1959414 118.3039810 
1200.0000000 117.9995228 118.1075624 
1201.0000000 117.8031043 117.9111439 
1202.0000000 117.6066857 117.7147253 
1203.0000000 117.4102672 117.5183068 
1204.0000000 117.2138486 117.3218882 
1205.0000000 117.0174301 117.1254697 
1206.0000000 116.8210115 116.9290511 
1207.0000000 116.6245930 116.7326326 
1208.0000000 116.4281744 116.5362140 
1209.0000000 116.2317559 116.3397955 
1210.0000000 116.0353373 116.1433769 
1211.0000000 115.8389188 115.9469584 
1212.0000000 115.6425002 115.7505398 
1213.0000000 115.4460817 115.5541213 
1214.0000000 115.2496631 115.3577027 
1215.0000000 115.0532446 115.1612842 
1216.0000000 114.8568260 114.9648656 
1217.0000000 114.6604075 114.7684471 
1218.0000000 114.4639889 114.5720285 
1219.0000000 114.2675704 114.3756100 
1220.0000000 114.0711518 114.1791914 
1221.0000000 113.8747333 113.9827729 
1222.0000000 113.6783147 113.7863543 
1223.0000000 113.4818962 113.5899358 
1224.0000000 113.2854776 113.3935172 
1225.0000000 113.0890591 113.1970987 
1226.0000000 112.8926405 113.0006801 
1227.0000000 112.6962220 112.8042616 
1228.0000000 112.4998034 112.6078430 
1229.0000000 112.3033849 112.4114245 
1230.0000000 112.1069663 112.2150059 
1231.0000000 111.9105478 112.0185874 
1232.0000000 111.7141292 111.8221688 
1233.0000000 111.5177107 111.6257503 
1234.0000000 111.3212921 111.4293317 
1235.0000000 111.1248736 111.2329132 
1236.0000000 110.9284550 111.0364946 
1237.0000000 110.7320365 110.8400761 
1238.0000000 110.5356179 110.6436575 
1239.0000000 110.3391994 110.4472390 
1240.0000000 110.1427808 110.2508204 
1241.0000000 109.9463623 110.0544019 
1242.0000000 109.7499437 109.8579833 
1243.0000000 109.5535252 109.6615648 
1244.0000000 109.3571066 109.4651462 
1245.0000000 109.1606881 109.2687277 
1246.0000000 108.9642695 109.0723091 
1247.0000000 108.7678510 108.8758906 
1248.0000000 108.5714324 108.6794720 
1249.0000000 108.3750139 108.4830535 
1250.0000000 108.1785953 108.2866349 
1251.0000000 107.9821768 108.0902164 
1252.0000000 107.7857582 107.8937978 
1253.0000000 107.5893397 107.6973793 
1254.0000000 107.3929211 107.5009607 
1255.0000000 107.1965026 107.3045422 
1256.0000000 107.0000840 107.1081236 
1257.0000000 106.8036655 106.9117051 
1258.0000000 106.6072469 106.7152865 
1259.0000000 106.4108284 106.5188680 
1260.0000000 106.2144098 106.3224494 
1261.0000000 106.0179913 106.1260309 
1262.0000000 105.8215727 105.9296123 
1263.0000000 105.6251542 105.7331938 
1264.0000000 105.4287356 105.5367752 
1265.0000000 105.2323171 105.3403567 
1266.0000000 105.0358985 105.1439381 
1267.0000000 104.8394800 104.9475196 
1268.0000000 104.6430614 104.7511010 
1269.0000000 104.4466429 104.5546825 
1270.0000000 104.2502243 104.3582639 
1271.0000000 104.0538058 104.1618454 
1272.0000000 103.8573872 103.9654268 
1273.0000000 103.6609687 103.7690083 
1274.0000000 103.4645501 103.5725897 
1275.0000000 103.2681316 103.3761712 
1276.0000000 103.0717130 103.1797526 
1277.0000000 102.8752945 102.9833341 
1278.0000000 102.6788759 102.7869155 
1279.0000000 102.4824574 102.5904970 
1280.0000000 102.2860388 102.3940784 
1281.0000000 102.0896203 102.1976599 
1282.0000000 101.8932017 102.0012413 
1283.0000000 101.6967832 101.8048228 
1284.0000000 101.5003646 101.6084042 
1285.0000000 101.3039461 101.4119857 
1286.0000000 101.1075275 101.2155671 
1287.0000000 100.9111089 101.0191486 
1288.0000000 100.7146904 100.8227300 
1289.0000000 100.5182718 100.6263115 
1290.0000000 100.3218533 100.4298929 
1291.0000000 100.1254347 100.2334744 
1292.0000000 99.9290162 100.0370558 
1293.0000000 99.7325976 99.8406373 
1294.0000000 99.5361791 99.6442187 
1295.0000000 99.3397605 99.4478002 
1296.0000000 99.1433420 99.2513816 
1297.0000000 98.9469234 99.0549631 
1298.0000000 98.7505049 98.8585445 
1299.0000000 98.5540863 98.6621260 
1300.0000000 98.3576678 98.4657074 
1301.0000000 98.1612492 98.2692889 
1302.0000000 97.9648307 98.0728703 
1303.0000000 97.7684121 97.8764518 
1304.0000000 97.5719936 97.6800332 
1305.0000000 97.3755750 97.4836147 
1306.0000000 97.1791565 97.2871961 
1307.0000000 96.9827379 97.0907776 
1308.0000000 96.7863194 96.8943590 
1309.0000000 96.5899008 96.6979405 
1310.0000000 96.3934823 96.5015219 
1311.0000000 96.1970637 96.3051034 
1312.0000000 96.0006452 96.1086848 
1313.0000000 95.8042266 95.9122663 
1314.0000000 95.6078081 95.7158477 
1315.0000000 95.4113895 95.5194292 
1316.0000000 95.2149710 95.3230106 
1317.0000000 95.0185524 95.1265921 
1318.0000000 94.8221339 94.9301735 
1319.0000000 94.6257153 94.7337550 
1320.0000000 94.4292968 94.5373364 
1321.0000000 94.2328782 94.3409179 
1322.0000000 94.0364597 94.1444993 
1323.0000000 93.8400411 93.9480808 
1324.0000000 93.6436226 93.7516622 
1325.0000000 93.4472040 93.5552437 
1326.0000000 93.2507855 93.3588251 
1327.0000000 93.0543669 93.1624066 
1328.0000000 92.8579484 92.9659880 
1329.0000000 92.6615298 92.7695695 
1330.0000000 92.4651113 92.5731509 
1331.0000000 92.2686927 92.3767324 
1332.0000000 92.0722742 92.1803138 
1333.0000000 91.8758556 91.9838953 
1334.0000000 91.6794371 91.7874767 
1335.0000000 91.4830185 91.5910581 
1336.0000000 91.2866000 91.3946396 
1337.0000000 91.0901814 91.1982210 
1338.0000000 90.8937629 91.0018025 
1339.0000000 90.6973443 90.8053839 
1340.0000000 90.5009258 90.6089654 
1341.0000000 90.3045072 90.4125468 
1342.0000000 90.1080887 90.2161283 
1343.0000000 89.9116701 90.0197097 
1344.0000000 89.7152516 89.8232912 
1345.0000000 89.5188330 89.6268726 
1346.0000000 89.3224145 89.4304541 
1347.0000000 89.1259959 89.2340355 
1348.0000000 88.9295774 89.0376170 
1349.0000000 88.7331588 88.8411984 
1350.0000000 88.5367403 88.6447799 
1351.0000000 88.3403217 88.4483613 
1352.0000000 88.1439032 88.2519428 
1353.0000000 87.9474846 88.0555242 
1354.0000000 87.7510661 87.8591057 
1355.0000000 87.5546475 87.6626871 
1356.0000000 87.3582290 87.4662686 
1357.0000000 87.1618104 87.2698500 
1358.0000000 86.9653919 87.0734315 
1359.0000000 86.7689733 86.8770129 
1360.0000000 86.5725548 86.6805944 
1361.0000000 86.3761362 86.4841758 
1362.0000000 86.1797177 86.2877573 
1363.0000000 85.9832991 86.0913387 
1364.0000000 85.7868806 85.8949202 
1365.0000000 85.5904620 85.6985016 
1366.0000000 85.3940435 85.5020831 
1367.0000000 85.1976249 85.3056645 
1368.0000000 85.0012064 85.1092460 
1369.0000000 84.8047878 84.9128274 
1370.0000000 84.6083693 84.7164089 
1371.0000000 84.4119507 84.5199903 
1372.0000000 84.2155322 84.3235718 
1373.0000000 84.0191136 84.1271532 
1374.0000000 83.8226951 83.9307347 
1375.0000000 83.6262765 83.7343161 
1376.0000000 83.4298580 83.5378976 
1377.0000000 83.2334394 83.3414790 
1378.0000000 83.0370209 83.1450605 
1379.0000000 82.8406023 82.9486419 
1380.0000000 82.6441838 82.7522234 
1381.0000000 82.4477652 82.5558048 
1382.0000000 82.2513467 82.3593863 
1383.0000000 82.0549281 82.1629677 
1384.0000000 81.8585096 81.9665492 
1385.0000000 81.6620910 81.7701306 
1386.0000000 81.4656725 81.5737121 
1387.0000000 81.2692539 81.3772935 
1388.0000000 81.0728354 81.1808750 
1389.0000000 80.8764168 80.9844564 
1390.0000000 80.6799983 80.7880379 
1391.0000000 80.4835797 80.5916193 
1392.0000000 80.2871612 80.3952008 
1393.0000000 80.0907426 80.1987822 
1394.0000000 79.8943241 80.0023637 
1395.0000000 79.6979055 79.8059451 
1396.0000000 79.5014870 79.6095266 
1397.0000000 79.3050684 79.4131080 
1398.0000000 79.1086499 79.2166895 
1399.0000000 78.9122313 79.0202709 
1400.0000000 78.7158128 78.8238524 
1401.0000000 78.5193942 78.6274338 
1402.0000000 78.3229757 78.4310153 
1403.0000000 78.1265571 78.2345967 
1404.0000000 77.9301386 78.0381782 
1405.0000000 77.7337200 77.8417596 
1406.0000000 77.5373015 77.6453411 
1407.0000000 77.3408829 77.4489225 
1408.0000000 77.1444644 77.2525040 
1409.0000000 76.9480458 77.0560854 
1410.0000000 76.7516273 76.8596669 
1411.0000000 76.5552087 76.6632483 
1412.0000000 76.3587902 76.4668298 
1413.0000000 76.1623716 76.2704112 
1414.0000000 75.9659531 76.0739927 
1415.0000000 75.7695345 75.8775741 
1416.0000000 75.5731160 75.6811556 
1417.0000000 75.3766974 75.4847370 
1418.0000000 75.1802789 75.2883185 
1419.0000000 74.9838603 75.0918999 
1420.0000000 74.7874418 74.8954814 
1421.0000000 74.5910232 74.6990628 
1422.0000000 74.3946047 74.5026443 
1423.0000000 74.1981861 74.3062257 
1424.0000000 74.0017676 74.1098072 
1425.0000000 73.8053490 73.9133886 
1426.0000000 73.6089305 73.7169701 
1427.0000000 73.4125119 73.5205515 
1428.0000000 73.2160934 73.3241330 
1429.0000000 73.0196748 73.1277144 
1430.0000000 72.8232563 72.9312959 
1431.0000000 72.6268377 72.7348773 
1432.0000000 72.4304192 72.5384588 
1433.0000000 72.2340006 72.3420402 
1434.0000000 72.0375821 72.1456217 
1435.0000000 71.8411635 71.9492031 
1436.0000000 71.6447450 71.7527846 
1437.0000000 71.4483264 71.5563660 
1438.0000000 71.2519079 71.3599475 
1439.0000000 71.0554893 71.1635289 
1440.0000000 70.8590707 70.9671104 
1441.0000000 70.6626522 70.7706918 
1442.0000000 70.4662336 70.5742733 
1443.0000000 70.2698151 70.3778547 
1444.0000000 70.0733965 70.1814362 
1445.0000000 69.8769780 69.9850176 
1446.0000000 69.6805594 69.7885991 
1447.0000000 69.4841409 69.5921805 
1448.0000000 69.2877223 69.3957620 
1449.0000000 69.0913038 69.1993434 
1450.0000000 68.8948852 69.0029249 
1451.0000000 68.6984667 68.8065063 
1452.0000000 68.5020481 68.6100878 
1453.0000000 68.3056296 68.4136692 
1454.0000000 68.1092110 68.2172507 
1455.0000000 67.9127925 68.0208321 
1456.0000000 67.7163739 67.8244136 
1457.0000000 67.5199554 67.6279950 
1458.0000000 67.3235368 67.4315765 
1459.0000000 67.1271183 67.2351579 
1460.0000000 66.9306997 67.0387394 
1461.0000000 66.7342812 66.8423208 
1462.0000000 66.5378626 66.6459023 
1463.0000000 66.3414441 66.4494837 
1464.0000000 66.1450255 66.2530652 
1465.0000000 65.9486070 66.0566466 
1466.0000000 65.7521884 65.8602281 
1467.0000000 65.5557699 65.6638095 
1468.0000000 65.3593513 65.4673910 
1469.0000000 65.1629328 65.2709724 
1470.0000000 64.9665142 65.0745539 
1471.0000000 64.7700957 64.8781353 
1472.0000000 64.5736771 64.6817168 
1473.0000000 64.3772586 64.4852982 
1474.0000000 64.1808400 64.2888797 
1475.0000000 63.9844215 64.0924611 
1476.0000000 63.7880029 63.8960426 
1477.0000000 63.5915844 63.6996240 
1478.0000000 63.3951658 63.5032055 
1479.0000000 63.1987473 63.3067869 
1480.0000000 63.0023287 63.1103684 
1481.0000000 62.8059102 62.9139498 
1482.0000000 62.6094916 62.7175313 
1483.0000000 62.4130731 62.5211127 
1484.0000000 62.2166545 62.3246942 
1485.0000000 62.0202360 62.1282756 
1486.0000000 61.8238174 61.9318570 
1487.0000000 61.6273989 61.7354385 
1488.0000000 61.4309803 61.5390199 
1489.0000000 61.2345618 61.3426014 
1490.0000000 61.0381432 61.1461828 
1491.0000000 60.8417247 60.9497643 
1492.0000000 60.6453061 60.7533457 
1493.0000000 60.4488876 60.5569272 
1494.0000000 60.2524690 60.3605086 
1495.0000000 60.0560505 60.1640901 
1496.0000000 59.8596319 59.9676715 
1497.0000000 59.6632134 59.7712530 
1498.0000000 59.4667948 59.5748344 
1499.0000000 59.2703763 59.3784159 
1500.0000000 59.0739577 59.1819973 
1501.0000000 58.8775392 58.9855788 
1502.0000000 58.6811206 58.7891602 
1503.0000000 58.4847021 58.5927417 
1504.0000000 58.2882835 58.3963231 
1505.0000000 58.0918650 58.1999046 
1506.0000000 57.8954464 58.0034860 
1507.0000000 57.6990279 57.8070675 
1508.0000000 57.5026093 57.6106489 
1509.0000000 57.3061908 57.4142304 
1510.0000000 57.1097722 57.2178118 
1511.0000000 56.9133537 57.0213933 
1512.0000000 56.7169351 56.8249747 
1513.0000000 56.5205166 56.6285562 
1514.0000000 56.3240980 56.4321376 
1515.0000000 56.1276795 56.2357191 
1516.0000000 55.9312609 56.0393005 
1517.0000000 55.7348424 55.8428820 
1518.0000000 55.5384238 55.6464634 
1519.0000000 55.3420053 55.4500449 
1520.0000000 55.1455867 55.2536263 
1521.0000000 54.9491682 55.0572078 
1522.0000000 54.7527496 54.8607892 
1523.0000000 54.5563311 54.6643707 
1524.0000000 54.3599125 54.4679521 
1525.0000000 54.1634940 54.2715336 
1526.0000000 53.9670754 54.0751150 
1527.0000000 53.7706569 53.8786965 
1528.0000000 53.5742383 53.6822779 
1529.0000000 53.3778198 53.4858594 
1530.0000000 53.1814012 53.2894408 
1531.0000000 52.9849827 53.0930223 
1532.0000000 52.7885641 52.8966037 
1533.0000000 52.5921456 52.7001852 
1534.0000000 52.3957270 52.5037666 
1535.0000000 52.1993085 52.3073481 
1536.0000000 52.0028899 52.1109295 
1537.0000000 51.8064714 51.9145110 
1538.0000000 51.6100528 51.7180924 
1539.0000000 51.4136343 51.5216739 
1540.0000000 51.2172157 51.3252553 
1541.0000000 51.0207972 51.1288368 
1542.0000000 50.8243786 50.9324182 
1543.0000000 50.6279601 50.7359997 
1544.0000000 50.4315415 50.5395811 
1545.0000000 50.2351230 50.3431626 
1546.0000000 50.0387044 50.1467440 
1547.0000000 49.8422859 49.9503255 
1548.0000000 49.6458673 49.7539069 
1549.0000000 49.4494488 49.5574884 
1550.0000000 49.2530302 49.3610698 
1551.0000000 49.0566117 49.1646513 
1552.0000000 48.8601931 48.9682327 
1553.0000000 48.6637746 48.7718142 
1554.0000000 48.4673560 48.5753956 
1555.0000000 48.2709375 48.3789771 
1556.0000000 48.0745189 48.1825585 
1557.0000000 47.8781004 47.9861400 
1558.0000000 47.6816818 47.7897214 
1559.0000000 47.4852633 47.5933029 
1560.0000000 47.2888447 47.3968843 
1561.0000000 47.0924262 47.2004658 
1562.0000000 46.8960076 47.0040472 
1563.0000000 46.6995891 46.8076287 
1564.0000000 46.5031705 46.6112101 
1565.0000000 46.3067520 46.4147916 
1566.0000000 46.1103334 46.2183730 
1567.0000000 45.9139149 46.0219545 
1568.0000000 45.7174963 45.8255359 
1569.0000000 45.5210778 45.6291174 
1570.0000000 45.3246592 45.4326988 
1571.0000000 45.1282407 45.2362803 
1572.0000000 44.9318221 45.0398617 
1573.0000000 44.7354036 44.8434432 
1574.0000000 44.5389850 44.6470246 
1575.0000000 44.3425665 44.4506061 
1576.0000000 44.1461479 44.2541875 
1577.0000000 43.9497294 44.0577690 
1578.0000000 43.7533108 43.8613504 
1579.0000000 43.5568923 43.6649319 
1580.0000000 43.3604737 43.4685133 
1581.0000000 43.1640552 43.2720948 
1582.0000000 42.9676366 43.0756762 
1583.0000000 42.7712181 42.8792577 
1584.0000000 42.5747995 42.6828391 
1585.0000000 42.3783810 42.4864206 
1586.0000000 42.1819624 42.2900020 
1587.0000000 41.9855439 42.0935835 
1588.0000000 41.7891253 41.8971649 
1589.0000000 41.5927068 41.7007464 
1590.0000000 41.3962882 41.5043278 
1591.0000000 41.1998696 41.3079093 
1592.0000000 41.0034511 41.1114907 
1593.0000000 40.8070325 40.9150722 
1594.0000000 40.6106140 40.7186536 
1595.0000000 40.4141954 40.5222351 
1596.0000000 40.2177769 40.3258165 
1597.0000000 40.0213583 40.1293980 
1598.0000000 39.8249398 39.9329794 
1599.0000000 39.6285212 39.7365609 
1600.0000000 39.4321027 39.5401423 
1601.0000000 39.2356841 39.3437238 
1602.0000000 39.0392656 39.1473052 
1603.0000000 38.8428470 38.9508867 
1604.0000000 38.6464285 38.7544681 
1605.0000000 38.4500099 38.5580496 
1606.0000000 38.2535914 38.3616310 
1607.0000000 38.0571728 38.1652125 
1608.0000000 37.8607543 37.9687939 
1609.0000000 37.6643357 37.7723754 
1610.0000000 37.4679172 37.5759568 
1611.0000000 37.2714986 37.3795383 
1612.0000000 37.0750801 37.1831197 
1613.0000000 36.8786615 36.9867012 
1614.0000000 36.6822430 36.7902826 
1615.0000000 36.4858244 36.5938641 
1616.0000000 36.2894059 36.3974455 
1617.0000000 36.0929873 36.2010270 
1618.0000000 35.8965688 36.0046084 
1619.0000000 35.7001502 35.8081899 
1620.0000000 35.5037317 35.6117713 
1621.0000000 35.3073131 35.4153528 
1622.0000000 35.1108946 35.2189342 
1623.0000000 34.9144760 35.0225157 
1624.0000000 34.7180575 34.8260971 
1625.0000000 34.5216389 34.6296786 
1626.0000000 34.3252204 34.4332600 
1627.0000000 34.1288018 34.2368415 
1628.0000000 33.9323833 34.0404229 
1629.0000000 33.7359647 33.8440044 
1630.0000000 33.5395462 33.6475858 
1631.0000000 33.3431276 33.4511673 
1632.0000000 33.1467091 33.2547487 
1633.0000000 32.9502905 33.0583302 
1634.0000000 32.7538720 32.8619116 
1635.0000000 32.5574534 32.6654931 
1636.0000000 32.3610349 32.4690745 
1637.0000000 32.1646163 32.2726560 
1638.0000000 31.9681978 32.0762374 
1639.0000000 31.7717792 31.8798188 
1640.0000000 31.5753607 31.6834003 
1641.0000000 31.3789421 31.4869817 
1642.0000000 31.1825236 31.2905632 
1643.0000000 30.9861050 31.0941446 
1644.0000000 30.7896865 30.8977261 
1645.0000000 30.5932679 30.7013075 
1646.0000000 30.3968494 30.5048890 
1647.0000000 30.2004308 30.3084704 
1648.0000000 30.0040123 30.1120519 
1649.0000000 29.8075937 29.9156333 
1650.0000000 29.6111752 29.7192148 
1651.0000000 29.4147566 29.5227962 
1652.0000000 29.2183381 29.3263777 
1653.0000000 29.0219195 29.1299591 
1654.0000000 28.8255010 28.9335406 
1655.0000000 28.6290824 28.7371220 
1656.0000000 28.4326639 28.5407035 
1657.0000000 28.2362453 28.3442849 
1658.0000000 28.0398268 28.1478664 
1659.0000000 27.8434082 27.9514478 
1660.0000000 27.6469897 27.7550293 
1661.0000000 27.4505711 27.5586107 
1662.0000000 27.2541526 27.3621922 
1663.0000000 27.0577340 27.1657736 
1664.0000000 26.8613155 26.9693551 
1665.0000000 26.6648969 26.7729365 
1666.0000000 26.4684784 26.5765180 
1667.0000000 26.2720598 26.3800994 
1668.0000000 26.0756413 26.1836809 
1669.0000000 25.8792227 25.9872623 
1670.0000000 25.6828042 25.7908438 
1671.0000000 25.4863856 25.5944252 
1672.0000000 25.2899671 25.3980067 
1673.0000000 25.0935485 25.2015881 
1674.0000000 24.8971300 25.0051696 
1675.0000000 24.7007114 24.8087510 
1676.0000000 24.5042929 24.6123325 
1677.0000000 24.3078743 24.4159139 
1678.0000000 24.1114558 24.2194954 
1679.0000000 23.9150372 24.0230768 
1680.0000000 23.7186187 23.8266583 
1681.0000000 23.5222001 23.6302397 
1682.0000000 23.3257816 23.4338212 
1683.0000000 23.1293630 23.2374026 
1684.0000000 22.9329445 23.0409841 
1685.0000000 22.7365259 22.8445655 
1686.0000000 22.5401074 22.6481470 
1687.0000000 22.3436888 22.4517284 
1688.0000000 22.1472703 22.2553099 
1689.0000000 21.9508517 22.0588913 
1690.0000000 21.7544332 21.8624728 
1691.0000000 21.5580146 21.6660542 
1692.0000000 21.3615961 21.4696357 
1693.0000000 21.1651775 21.2732171 
1694.0000000 20.9687590 21.0767986 
1695.0000000 20.7723404 20.8803800 
1696.0000000 20.5759219 20.6839615 
1697.0000000 20.3795033 20.4875429 
1698.0000000 20.1830848 20.2911244 
1699.0000000 19.9866662 20.0947058 
1700.0000000 19.7902477 19.8982873 
1701.0000000 19.5938291 19.7018687 
1702.0000000 19.3974106 19.5054502 
1703.0000000 19.2009920 19.3090316 
1704.0000000 19.0045735 19.1126131 
1705.0000000 18.8081549 18.9161945 
1706.0000000 18.6117364 18.7197760 
1707.0000000 18.4153178 18.5233574 
1708.0000000 18.2188993 18.3269389 
1709.0000000 18.0224807 18.1305203 
1710.0000000 17.8260622 17.9341018 
1711.0000000 17.6296436 17.7376832 
1712.0000000 17.4332251 17.5412647 
1713.0000000 17.2368065 17.3448461 
1714.0000000 17.0403880 17.1484276 
1715.0000000 16.8439694 16.9520090 
1716.0000000 16.6475509 16.7555905 
1717.0000000 16.4511323 16.5591719 
1718.0000000 16.2547138 16.3627534 
1719.0000000 16.0582952 16.1663348 
1720.0000000 15.8618767 15.9699163 
1721.0000000 15.6654581 15.7734977 
1722.0000000 15.4690396 15.5770792 
1723.0000000 15.2726210 15.3806606 
1724.0000000 15.0762025 15.1842421 
1725.0000000 14.8797839 14.9878235 
1726.0000000 14.6833654 14.7914050 
1727.0000000 14.4869468 14.5949864 
1728.0000000 14.2905283 14.3985679 
1729.0000000 14.0941097 14.2021493 
1730.0000000 13.8976912 14.0057308 
1731.0000000 13.7012726 13.8093122 
1732.0000000 13.5048541 13.6128937 
1733.0000000 13.3084355 13.4164751 
1734.0000000 13.1120170 13.2200566 
1735.0000000 12.9155984 13.0236380 
1736.0000000 12.7191799 12.8272195 
1737.0000000 12.5227613 12.6308009 
1738.0000000 12.3263428 12.4343824 
1739.0000000 12.1299242 12.2379638 
1740.0000000 11.9335057 12.0415453 
1741.0000000 11.7370871 11.8451267 
1742.0000000 11.5406685 11.6487082 
1743.0000000 11.3442500 11.4522896 
1744.0000000 11.1478314 11.2558711 
1745.0000000 10.9514129 11.0594525 
1746.0000000 10.7549943 10.8630340 
1747.0000000 10.5585758 10.6666154 
1748.0000000 10.3621572 10.4701969 
1749.0000000 10.1657387 10.2737783 
1750.0000000 9.9693201 10.0773598 
1751.0000000 9.7729016 9.8809412 
1752.0000000 9.5764830 9.6845227 
1753.0000000 9.3800645 9.4881041 
1754.0000000 9.1836459 9.2916856 
1755.0000000 8.9872274 9.0952670 
1756.0000000 8.7908088 8.8988485 
1757.0000000 8.5943903 8.7024299 
1758.0000000 8.3979717 8.5060114 
1759.0000000 8.2015532 8.3095928 
1760.0000000 8.0051346 8.1131743 
1761.0000000 7.8087161 7.9167557 
1762.0000000 7.6122975 7.7203372 
1763.0000000 7.4158790 7.5239186 
1764.0000000 7.2194604 7.3275001 
1765.0000000 7.0230419 7.1310815 
1766.0000000 6.8266233 6.9346630 
1767.0000000 6.6302048 6.7382444 
1768.0000000 6.4337862 6.5418259 
1769.0000000 6.2373677 6.3454073 
1770.0000000 6.0409491 6.1489888 
1771.0000000 5.8445306 5.9525702 
1772.0000000 5.6481120 5.7561517 
1773.0000000 5.4516935 5.5597331 
1774.0000000 5.2552749 5.3633146 
1775.0000000 5.0588564 5.1668960 
1776.0000000 4.8624378 4.9704775 
1777.0000000 4.6660193 4.7740589 
1778.0000000 4.4696007 4.5776404 
1779.0000000 4.2731822 4.3812218 
1780.0000000 4.0767636 4.1848033 
1781.0000000 3.8803451 3.9883847 
1782.0000000 3.6839265 3.7919662 
1783.0000000 3.4875080 3.5955476 
1784.0000000 3.2910894 3.3991291 
1785.0000000 3.0946709 3.2027105 
1786.0000000 2.8982523 3.0062920 
1787.0000000 2.7018338 2.8098734 
1788.0000000 2.5054152 2.6134549 
1789.0000000 2.3089967 2.4170363 
1790.0000000 2.1125781 2.2206177 
1791.0000000 1.9161596 2.0241992 
1792.0000000 1.7197410 1.8277806 
1793.0000000 1.5233225 1.6313621 
1794.0000000 1.3269039 1.4349435 
1795.0000000 1.1304854 1.2385250 
1796.0000000 0.9340668 1.0421064 
1797.0000000 0.7376483 0.8456879 
1798.0000000 0.5412297 0.6492693 
1799.0000000 0.3448112 0.4528508 
1800.0000000 0.1483926 0.2564322 

