1.0000000 353.5907457 353.4900928 
2.0000000 353.3943271 353.2936743 
3.0000000 353.1979086 353.0972557 
4.0000000 353.0014900 352.9008372 
5.0000000 352.8050715 352.7044186 
6.0000000 352.6086529 352.5080001 
7.0000000 352.4122344 352.3115815 
8.0000000 352.2158158 352.1151630 
9.0000000 352.0193973 351.9187444 
10.0000000 351.8229787 351.7223259 
11.0000000 351.6265602 351.5259073 
12.0000000 351.4301416 351.3294888 
13.0000000 351.2337231 351.1330702 
14.0000000 351.0373045 350.9366517 
15.0000000 350.8408860 350.7402331 
16.0000000 350.6444674 350.5438146 
17.0000000 350.4480489 350.3473960 
18.0000000 350.2516303 350.1509775 
19.0000000 350.0552118 349.9545589 
20.0000000 349.8587932 349.7581404 
21.0000000 349.6623747 349.5617218 
22.0000000 349.4659561 349.3653033 
23.0000000 349.2695376 349.1688847 
24.0000000 349.0731190 348.9724662 
25.0000000 348.8767005 348.7760476 
26.0000000 348.6802819 348.5796291 
27.0000000 348.4838634 348.3832105 
28.0000000 348.2874448 348.1867920 
29.0000000 348.0910263 347.9903734 
30.0000000 347.8946077 347.7939549 
31.0000000 347.6981892 347.5975363 
32.0000000 347.5017706 347.4011178 
33.0000000 347.3053521 347.2046992 
34.0000000 347.1089335 347.0082807 
35.0000000 346.9125150 346.8118621 
36.0000000 346.7160964 346.6154436 
37.0000000 346.5196779 346.4190250 
38.0000000 346.3232593 346.2226065 
39.0000000 346.1268408 346.0261879 
40.0000000 345.9304222 345.8297694 
41.0000000 345.7340037 345.6333508 
42.0000000 345.5375851 345.4369323 
43.0000000 345.3411666 345.2405137 
44.0000000 345.1447480 345.0440952 
45.0000000 344.9483295 344.8476766 
46.0000000 344.7519109 344.6512581 
47.0000000 344.5554924 344.4548395 
48.0000000 344.3590738 344.2584210 
49.0000000 344.1626553 344.0620024 
50.0000000 343.9662367 343.8655839 
51.0000000 343.7698182 343.6691653 
52.0000000 343.5733996 343.4727468 
53.0000000 343.3769811 343.2763282 
54.0000000 343.1805625 343.0799097 
55.0000000 342.9841440 342.8834911 
56.0000000 342.7877254 342.6870726 
57.0000000 342.5913069 342.4906540 
58.0000000 342.3948883 342.2942355 
59.0000000 342.1984698 342.0978169 
60.0000000 342.0020512 341.9013984 
61.0000000 341.8056327 341.7049798 
62.0000000 341.6092141 341.5085613 
63.0000000 341.4127956 341.3121427 
64.0000000 341.2163770 341.1157242 
65.0000000 341.0199585 340.9193056 
66.0000000 340.8235399 340.7228871 
67.0000000 340.6271214 340.5264685 
68.0000000 340.4307028 340.3300500 
69.0000000 340.2342843 340.1336314 
70.0000000 340.0378657 339.9372129 
71.0000000 339.8414472 339.7407943 
72.0000000 339.6450286 339.5443758 
73.0000000 339.4486101 339.3479572 
74.0000000 339.2521915 339.1515387 
75.0000000 339.0557730 338.9551201 
76.0000000 338.8593544 338.7587015 
77.0000000 338.6629359 338.5622830 
78.0000000 338.4665173 338.3658644 
79.0000000 338.2700988 338.1694459 
80.0000000 338.0736802 337.9730273 
81.0000000 337.8772617 337.7766088 
82.0000000 337.6808431 337.5801902 
83.0000000 337.4844246 337.3837717 
84.0000000 337.2880060 337.1873531 
85.0000000 337.0915875 336.9909346 
86.0000000 336.8951689 336.7945160 
87.0000000 336.6987504 336.5980975 
88.0000000 336.5023318 336.4016789 
89.0000000 336.3059133 336.2052604 
90.0000000 336.1094947 336.0088418 
91.0000000 335.9130762 335.8124233 
92.0000000 335.7166576 335.6160047 
93.0000000 335.5202390 335.4195862 
94.0000000 335.3238205 335.2231676 
95.0000000 335.1274019 335.0267491 
96.0000000 334.9309834 334.8303305 
97.0000000 334.7345648 334.6339120 
98.0000000 334.5381463 334.4374934 
99.0000000 334.3417277 334.2410749 
100.0000000 334.1453092 334.0446563 
101.0000000 333.9488906 333.8482378 
102.0000000 333.7524721 333.6518192 
103.0000000 333.5560535 333.4554007 
104.0000000 333.3596350 333.2589821 
105.0000000 333.1632164 333.0625636 
106.0000000 332.9667979 332.8661450 
107.0000000 332.7703793 332.6697265 
108.0000000 332.5739608 332.4733079 
109.0000000 332.3775422 332.2768894 
110.0000000 332.1811237 332.0804708 
111.0000000 331.9847051 331.8840523 
112.0000000 331.7882866 331.6876337 
113.0000000 331.5918680 331.4912152 
114.0000000 331.3954495 331.2947966 
115.0000000 331.1990309 331.0983781 
116.0000000 331.0026124 330.9019595 
117.0000000 330.8061938 330.7055410 
118.0000000 330.6097753 330.5091224 
119.0000000 330.4133567 330.3127039 
120.0000000 330.2169382 330.1162853 
121.0000000 330.0205196 329.9198668 
122.0000000 329.8241011 329.7234482 
123.0000000 329.6276825 329.5270297 
124.0000000 329.4312640 329.3306111 
125.0000000 329.2348454 329.1341926 
126.0000000 329.0384269 328.9377740 
127.0000000 328.8420083 328.7413555 
128.0000000 328.6455898 328.5449369 
129.0000000 328.4491712 328.3485184 
130.0000000 328.2527527 328.1520998 
131.0000000 328.0563341 327.9556813 
132.0000000 327.8599156 327.7592627 
133.0000000 327.6634970 327.5628442 
134.0000000 327.4670785 327.3664256 
135.0000000 327.2706599 327.1700071 
136.0000000 327.0742414 326.9735885 
137.0000000 326.8778228 326.7771700 
138.0000000 326.6814043 326.5807514 
139.0000000 326.4849857 326.3843329 
140.0000000 326.2885672 326.1879143 
141.0000000 326.0921486 325.9914958 
142.0000000 325.8957301 325.7950772 
143.0000000 325.6993115 325.5986587 
144.0000000 325.5028930 325.4022401 
145.0000000 325.3064744 325.2058216 
146.0000000 325.1100559 325.0094030 
147.0000000 324.9136373 324.8129845 
148.0000000 324.7172188 324.6165659 
149.0000000 324.5208002 324.4201474 
150.0000000 324.3243817 324.2237288 
151.0000000 324.1279631 324.0273103 
152.0000000 323.9315446 323.8308917 
153.0000000 323.7351260 323.6344732 
154.0000000 323.5387075 323.4380546 
155.0000000 323.3422889 323.2416361 
156.0000000 323.1458704 323.0452175 
157.0000000 322.9494518 322.8487990 
158.0000000 322.7530333 322.6523804 
159.0000000 322.5566147 322.4559619 
160.0000000 322.3601962 322.2595433 
161.0000000 322.1637776 322.0631248 
162.0000000 321.9673591 321.8667062 
163.0000000 321.7709405 321.6702877 
164.0000000 321.5745220 321.4738691 
165.0000000 321.3781034 321.2774506 
166.0000000 321.1816849 321.0810320 
167.0000000 320.9852663 320.8846135 
168.0000000 320.7888478 320.6881949 
169.0000000 320.5924292 320.4917764 
170.0000000 320.3960107 320.2953578 
171.0000000 320.1995921 320.0989393 
172.0000000 320.0031736 319.9025207 
173.0000000 319.8067550 319.7061022 
174.0000000 319.6103365 319.5096836 
175.0000000 319.4139179 319.3132651 
176.0000000 319.2174994 319.1168465 
177.0000000 319.0210808 318.9204280 
178.0000000 318.8246623 318.7240094 
179.0000000 318.6282437 318.5275909 
180.0000000 318.4318252 318.3311723 
181.0000000 318.2354066 318.1347538 
182.0000000 318.0389881 317.9383352 
183.0000000 317.8425695 317.7419167 
184.0000000 317.6461510 317.5454981 
185.0000000 317.4497324 317.3490796 
186.0000000 317.2533139 317.1526610 
187.0000000 317.0568953 316.9562425 
188.0000000 316.8604768 316.7598239 
189.0000000 316.6640582 316.5634054 
190.0000000 316.4676397 316.3669868 
191.0000000 316.2712211 316.1705683 
192.0000000 316.0748026 315.9741497 
193.0000000 315.8783840 315.7777312 
194.0000000 315.6819655 315.5813126 
195.0000000 315.4855469 315.3848941 
196.0000000 315.2891284 315.1884755 
197.0000000 315.0927098 314.9920570 
198.0000000 314.8962913 314.7956384 
199.0000000 314.6998727 314.5992199 
200.0000000 314.5034542 314.4028013 
201.0000000 314.3070356 314.2063828 
202.0000000 314.1106171 314.0099642 
203.0000000 313.9141985 313.8135457 
204.0000000 313.7177800 313.6171271 
205.0000000 313.5213614 313.4207086 
206.0000000 313.3249429 313.2242900 
207.0000000 313.1285243 313.0278715 
208.0000000 312.9321058 312.8314529 
209.0000000 312.7356872 312.6350344 
210.0000000 312.5392687 312.4386158 
211.0000000 312.3428501 312.2421973 
212.0000000 312.1464316 312.0457787 
213.0000000 311.9500130 311.8493602 
214.0000000 311.7535945 311.6529416 
215.0000000 311.5571759 311.4565231 
216.0000000 311.3607574 311.2601045 
217.0000000 311.1643388 311.0636860 
218.0000000 310.9679203 310.8672674 
219.0000000 310.7715017 310.6708489 
220.0000000 310.5750832 310.4744303 
221.0000000 310.3786646 310.2780118 
222.0000000 310.1822461 310.0815932 
223.0000000 309.9858275 309.8851747 
224.0000000 309.7894090 309.6887561 
225.0000000 309.5929904 309.4923376 
226.0000000 309.3965719 309.2959190 
227.0000000 309.2001533 309.0995004 
228.0000000 309.0037348 308.9030819 
229.0000000 308.8073162 308.7066633 
230.0000000 308.6108977 308.5102448 
231.0000000 308.4144791 308.3138262 
232.0000000 308.2180606 308.1174077 
233.0000000 308.0216420 307.9209891 
234.0000000 307.8252235 307.7245706 
235.0000000 307.6288049 307.5281520 
236.0000000 307.4323864 307.3317335 
237.0000000 307.2359678 307.1353149 
238.0000000 307.0395493 306.9388964 
239.0000000 306.8431307 306.7424778 
240.0000000 306.6467122 306.5460593 
241.0000000 306.4502936 306.3496407 
242.0000000 306.2538751 306.1532222 
243.0000000 306.0574565 305.9568036 
244.0000000 305.8610379 305.7603851 
245.0000000 305.6646194 305.5639665 
246.0000000 305.4682008 305.3675480 
247.0000000 305.2717823 305.1711294 
248.0000000 305.0753637 304.9747109 
249.0000000 304.8789452 304.7782923 
250.0000000 304.6825266 304.5818738 
251.0000000 304.4861081 304.3854552 
252.0000000 304.2896895 304.1890367 
253.0000000 304.0932710 303.9926181 
254.0000000 303.8968524 303.7961996 
255.0000000 303.7004339 303.5997810 
256.0000000 303.5040153 303.4033625 
257.0000000 303.3075968 303.2069439 
258.0000000 303.1111782 303.0105254 
259.0000000 302.9147597 302.8141068 
260.0000000 302.7183411 302.6176883 
261.0000000 302.5219226 302.4212697 
262.0000000 302.3255040 302.2248512 
263.0000000 302.1290855 302.0284326 
264.0000000 301.9326669 301.8320141 
265.0000000 301.7362484 301.6355955 
266.0000000 301.5398298 301.4391770 
267.0000000 301.3434113 301.2427584 
268.0000000 301.1469927 301.0463399 
269.0000000 300.9505742 300.8499213 
270.0000000 300.7541556 300.6535028 
271.0000000 300.5577371 300.4570842 
272.0000000 300.3613185 300.2606657 
273.0000000 300.1649000 300.0642471 
274.0000000 299.9684814 299.8678286 
275.0000000 299.7720629 299.6714100 
276.0000000 299.5756443 299.4749915 
277.0000000 299.3792258 299.2785729 
278.0000000 299.1828072 299.0821544 
279.0000000 298.9863887 298.8857358 
280.0000000 298.7899701 298.6893173 
281.0000000 298.5935516 298.4928987 
282.0000000 298.3971330 298.2964802 
283.0000000 298.2007145 298.1000616 
284.0000000 298.0042959 297.9036431 
285.0000000 297.8078774 297.7072245 
286.0000000 297.6114588 297.5108060 
287.0000000 297.4150403 297.3143874 
288.0000000 297.2186217 297.1179689 
289.0000000 297.0222032 296.9215503 
290.0000000 296.8257846 296.7251318 
291.0000000 296.6293661 296.5287132 
292.0000000 296.4329475 296.3322947 
293.0000000 296.2365290 296.1358761 
294.0000000 296.0401104 295.9394576 
295.0000000 295.8436919 295.7430390 
296.0000000 295.6472733 295.5466205 
297.0000000 295.4508548 295.3502019 
298.0000000 295.2544362 295.1537834 
299.0000000 295.0580177 294.9573648 
300.0000000 294.8615991 294.7609463 
301.0000000 294.6651806 294.5645277 
302.0000000 294.4687620 294.3681092 
303.0000000 294.2723435 294.1716906 
304.0000000 294.0759249 293.9752721 
305.0000000 293.8795064 293.7788535 
306.0000000 293.6830878 293.5824350 
307.0000000 293.4866693 293.3860164 
308.0000000 293.2902507 293.1895979 
309.0000000 293.0938322 292.9931793 
310.0000000 292.8974136 292.7967608 
311.0000000 292.7009951 292.6003422 
312.0000000 292.5045765 292.4039237 
313.0000000 292.3081580 292.2075051 
314.0000000 292.1117394 292.0110866 
315.0000000 291.9153209 291.8146680 
316.0000000 291.7189023 291.6182495 
317.0000000 291.5224838 291.4218309 
318.0000000 291.3260652 291.2254124 
319.0000000 291.1296467 291.0289938 
320.0000000 290.9332281 290.8325753 
321.0000000 290.7368096 290.6361567 
322.0000000 290.5403910 290.4397382 
323.0000000 290.3439725 290.2433196 
324.0000000 290.1475539 290.0469011 
325.0000000 289.9511354 289.8504825 
326.0000000 289.7547168 289.6540640 
327.0000000 289.5582983 289.4576454 
328.0000000 289.3618797 289.2612269 
329.0000000 289.1654612 289.0648083 
330.0000000 288.9690426 288.8683898 
331.0000000 288.7726241 288.6719712 
332.0000000 288.5762055 288.4755527 
333.0000000 288.3797870 288.2791341 
334.0000000 288.1833684 288.0827156 
335.0000000 287.9869499 287.8862970 
336.0000000 287.7905313 287.6898785 
337.0000000 287.5941128 287.4934599 
338.0000000 287.3976942 287.2970414 
339.0000000 287.2012757 287.1006228 
340.0000000 287.0048571 286.9042043 
341.0000000 286.8084386 286.7077857 
342.0000000 286.6120200 286.5113672 
343.0000000 286.4156015 286.3149486 
344.0000000 286.2191829 286.1185301 
345.0000000 286.0227644 285.9221115 
346.0000000 285.8263458 285.7256930 
347.0000000 285.6299273 285.5292744 
348.0000000 285.4335087 285.3328559 
349.0000000 285.2370902 285.1364373 
350.0000000 285.0406716 284.9400188 
351.0000000 284.8442531 284.7436002 
352.0000000 284.6478345 284.5471817 
353.0000000 284.4514160 284.3507631 
354.0000000 284.2549974 284.1543446 
355.0000000 284.0585789 283.9579260 
356.0000000 283.8621603 283.7615075 
357.0000000 283.6657418 283.5650889 
358.0000000 283.4693232 283.3686704 
359.0000000 283.2729047 283.1722518 
360.0000000 283.0764861 282.9758333 
361.0000000 282.8800676 282.7794147 
362.0000000 282.6836490 282.5829962 
363.0000000 282.4872305 282.3865776 
364.0000000 282.2908119 282.1901591 
365.0000000 282.0943934 281.9937405 
366.0000000 281.8979748 281.7973220 
367.0000000 281.7015563 281.6009034 
368.0000000 281.5051377 281.4044849 
369.0000000 281.3087192 281.2080663 
370.0000000 281.1123006 281.0116478 
371.0000000 280.9158821 280.8152292 
372.0000000 280.7194635 280.6188107 
373.0000000 280.5230450 280.4223921 
374.0000000 280.3266264 280.2259736 
375.0000000 280.1302079 280.0295550 
376.0000000 279.9337893 279.8331365 
377.0000000 279.7373708 279.6367179 
378.0000000 279.5409522 279.4402994 
379.0000000 279.3445337 279.2438808 
380.0000000 279.1481151 279.0474622 
381.0000000 278.9516966 278.8510437 
382.0000000 278.7552780 278.6546251 
383.0000000 278.5588595 278.4582066 
384.0000000 278.3624409 278.2617880 
385.0000000 278.1660224 278.0653695 
386.0000000 277.9696038 277.8689509 
387.0000000 277.7731853 277.6725324 
388.0000000 277.5767667 277.4761138 
389.0000000 277.3803482 277.2796953 
390.0000000 277.1839296 277.0832767 
391.0000000 276.9875111 276.8868582 
392.0000000 276.7910925 276.6904396 
393.0000000 276.5946740 276.4940211 
394.0000000 276.3982554 276.2976025 
395.0000000 276.2018369 276.1011840 
396.0000000 276.0054183 275.9047654 
397.0000000 275.8089997 275.7083469 
398.0000000 275.6125812 275.5119283 
399.0000000 275.4161626 275.3155098 
400.0000000 275.2197441 275.1190912 
401.0000000 275.0233255 274.9226727 
402.0000000 274.8269070 274.7262541 
403.0000000 274.6304884 274.5298356 
404.0000000 274.4340699 274.3334170 
405.0000000 274.2376513 274.1369985 
406.0000000 274.0412328 273.9405799 
407.0000000 273.8448142 273.7441614 
408.0000000 273.6483957 273.5477428 
409.0000000 273.4519771 273.3513243 
410.0000000 273.2555586 273.1549057 
411.0000000 273.0591400 272.9584872 
412.0000000 272.8627215 272.7620686 
413.0000000 272.6663029 272.5656501 
414.0000000 272.4698844 272.3692315 
415.0000000 272.2734658 272.1728130 
416.0000000 272.0770473 271.9763944 
417.0000000 271.8806287 271.7799759 
418.0000000 271.6842102 271.5835573 
419.0000000 271.4877916 271.3871388 
420.0000000 271.2913731 271.1907202 
421.0000000 271.0949545 270.9943017 
422.0000000 270.8985360 270.7978831 
423.0000000 270.7021174 270.6014646 
424.0000000 270.5056989 270.4050460 
425.0000000 270.3092803 270.2086275 
426.0000000 270.1128618 270.0122089 
427.0000000 269.9164432 269.8157904 
428.0000000 269.7200247 269.6193718 
429.0000000 269.5236061 269.4229533 
430.0000000 269.3271876 269.2265347 
431.0000000 269.1307690 269.0301162 
432.0000000 268.9343505 268.8336976 
433.0000000 268.7379319 268.6372791 
434.0000000 268.5415134 268.4408605 
435.0000000 268.3450948 268.2444420 
436.0000000 268.1486763 268.0480234 
437.0000000 267.9522577 267.8516049 
438.0000000 267.7558392 267.6551863 
439.0000000 267.5594206 267.4587678 
440.0000000 267.3630021 267.2623492 
441.0000000 267.1665835 267.0659307 
442.0000000 266.9701650 266.8695121 
443.0000000 266.7737464 266.6730936 
444.0000000 266.5773279 266.4766750 
445.0000000 266.3809093 266.2802565 
446.0000000 266.1844908 266.0838379 
447.0000000 265.9880722 265.8874194 
448.0000000 265.7916537 265.6910008 
449.0000000 265.5952351 265.4945823 
450.0000000 265.3988166 265.2981637 
451.0000000 265.2023980 265.1017452 
452.0000000 265.0059795 264.9053266 
453.0000000 264.8095609 264.7089081 
454.0000000 264.6131424 264.5124895 
455.0000000 264.4167238 264.3160710 
456.0000000 264.2203053 264.1196524 
457.0000000 264.0238867 263.9232339 
458.0000000 263.8274682 263.7268153 
459.0000000 263.6310496 263.5303968 
460.0000000 263.4346311 263.3339782 
461.0000000 263.2382125 263.1375597 
462.0000000 263.0417940 262.9411411 
463.0000000 262.8453754 262.7447226 
464.0000000 262.6489569 262.5483040 
465.0000000 262.4525383 262.3518855 
466.0000000 262.2561198 262.1554669 
467.0000000 262.0597012 261.9590484 
468.0000000 261.8632827 261.7626298 
469.0000000 261.6668641 261.5662113 
470.0000000 261.4704456 261.3697927 
471.0000000 261.2740270 261.1733742 
472.0000000 261.0776085 260.9769556 
473.0000000 260.8811899 260.7805371 
474.0000000 260.6847714 260.5841185 
475.0000000 260.4883528 260.3877000 
476.0000000 260.2919343 260.1912814 
477.0000000 260.0955157 259.9948629 
478.0000000 259.8990972 259.7984443 
479.0000000 259.7026786 259.6020258 
480.0000000 259.5062601 259.4056072 
481.0000000 259.3098415 259.2091887 
482.0000000 259.1134230 259.0127701 
483.0000000 258.9170044 258.8163516 
484.0000000 258.7205859 258.6199330 
485.0000000 258.5241673 258.4235145 
486.0000000 258.3277488 258.2270959 
487.0000000 258.1313302 258.0306774 
488.0000000 257.9349117 257.8342588 
489.0000000 257.7384931 257.6378403 
490.0000000 257.5420746 257.4414217 
491.0000000 257.3456560 257.2450032 
492.0000000 257.1492375 257.0485846 
493.0000000 256.9528189 256.8521661 
494.0000000 256.7564004 256.6557475 
495.0000000 256.5599818 256.4593290 
496.0000000 256.3635633 256.2629104 
497.0000000 256.1671447 256.0664919 
498.0000000 255.9707262 255.8700733 
499.0000000 255.7743076 255.6736548 
500.0000000 255.5778891 255.4772362 
501.0000000 255.3814705 255.2808177 
502.0000000 255.1850520 255.0843991 
503.0000000 254.9886334 254.8879806 
504.0000000 254.7922149 254.6915620 
505.0000000 254.5957963 254.4951435 
506.0000000 254.3993778 254.2987249 
507.0000000 254.2029592 254.1023064 
508.0000000 254.0065407 253.9058878 
509.0000000 253.8101221 253.7094693 
510.0000000 253.6137036 253.5130507 
511.0000000 253.4172850 253.3166322 
512.0000000 253.2208665 253.1202136 
513.0000000 253.0244479 252.9237951 
514.0000000 252.8280294 252.7273765 
515.0000000 252.6316108 252.5309580 
516.0000000 252.4351923 252.3345394 
517.0000000 252.2387737 252.1381209 
518.0000000 252.0423552 251.9417023 
519.0000000 251.8459366 251.7452838 
520.0000000 251.6495181 251.5488652 
521.0000000 251.4530995 251.3524467 
522.0000000 251.2566810 251.1560281 
523.0000000 251.0602624 250.9596096 
524.0000000 250.8638439 250.7631910 
525.0000000 250.6674253 250.5667725 
526.0000000 250.4710068 250.3703539 
527.0000000 250.2745882 250.1739354 
528.0000000 250.0781697 249.9775168 
529.0000000 249.8817511 249.7810983 
530.0000000 249.6853326 249.5846797 
531.0000000 249.4889140 249.3882611 
532.0000000 249.2924955 249.1918426 
533.0000000 249.0960769 248.9954240 
534.0000000 248.8996584 248.7990055 
535.0000000 248.7032398 248.6025869 
536.0000000 248.5068213 248.4061684 
537.0000000 248.3104027 248.2097498 
538.0000000 248.1139842 248.0133313 
539.0000000 247.9175656 247.8169127 
540.0000000 247.7211471 247.6204942 
541.0000000 247.5247285 247.4240756 
542.0000000 247.3283100 247.2276571 
543.0000000 247.1318914 247.0312385 
544.0000000 246.9354729 246.8348200 
545.0000000 246.7390543 246.6384014 
546.0000000 246.5426358 246.4419829 
547.0000000 246.3462172 246.2455643 
548.0000000 246.1497986 246.0491458 
549.0000000 245.9533801 245.8527272 
550.0000000 245.7569615 245.6563087 
551.0000000 245.5605430 245.4598901 
552.0000000 245.3641244 245.2634716 
553.0000000 245.1677059 245.0670530 
554.0000000 244.9712873 244.8706345 
555.0000000 244.7748688 244.6742159 
556.0000000 244.5784502 244.4777974 
557.0000000 244.3820317 244.2813788 
558.0000000 244.1856131 244.0849603 
559.0000000 243.9891946 243.8885417 
560.0000000 243.7927760 243.6921232 
561.0000000 243.5963575 243.4957046 
562.0000000 243.3999389 243.2992861 
563.0000000 243.2035204 243.1028675 
564.0000000 243.0071018 242.9064490 
565.0000000 242.8106833 242.7100304 
566.0000000 242.6142647 242.5136119 
567.0000000 242.4178462 242.3171933 
568.0000000 242.2214276 242.1207748 
569.0000000 242.0250091 241.9243562 
570.0000000 241.8285905 241.7279377 
571.0000000 241.6321720 241.5315191 
572.0000000 241.4357534 241.3351006 
573.0000000 241.2393349 241.1386820 
574.0000000 241.0429163 240.9422635 
575.0000000 240.8464978 240.7458449 
576.0000000 240.6500792 240.5494264 
577.0000000 240.4536607 240.3530078 
578.0000000 240.2572421 240.1565893 
579.0000000 240.0608236 239.9601707 
580.0000000 239.8644050 239.7637522 
581.0000000 239.6679865 239.5673336 
582.0000000 239.4715679 239.3709151 
583.0000000 239.2751494 239.1744965 
584.0000000 239.0787308 238.9780780 
585.0000000 238.8823123 238.7816594 
586.0000000 238.6858937 238.5852409 
587.0000000 238.4894752 238.3888223 
588.0000000 238.2930566 238.1924038 
589.0000000 238.0966381 237.9959852 
590.0000000 237.9002195 237.7995667 
591.0000000 237.7038010 237.6031481 
592.0000000 237.5073824 237.4067296 
593.0000000 237.3109639 237.2103110 
594.0000000 237.1145453 237.0138925 
595.0000000 236.9181268 236.8174739 
596.0000000 236.7217082 236.6210554 
597.0000000 236.5252897 236.4246368 
598.0000000 236.3288711 236.2282183 
599.0000000 236.1324526 236.0317997 
600.0000000 235.9360340 235.8353812 
601.0000000 235.7396155 235.6389626 
602.0000000 235.5431969 235.4425441 
603.0000000 235.3467784 235.2461255 
604.0000000 235.1503598 235.0497070 
605.0000000 234.9539413 234.8532884 
606.0000000 234.7575227 234.6568699 
607.0000000 234.5611042 234.4604513 
608.0000000 234.3646856 234.2640328 
609.0000000 234.1682671 234.0676142 
610.0000000 233.9718485 233.8711957 
611.0000000 233.7754300 233.6747771 
612.0000000 233.5790114 233.4783586 
613.0000000 233.3825929 233.2819400 
614.0000000 233.1861743 233.0855215 
615.0000000 232.9897558 232.8891029 
616.0000000 232.7933372 232.6926844 
617.0000000 232.5969187 232.4962658 
618.0000000 232.4005001 232.2998473 
619.0000000 232.2040816 232.1034287 
620.0000000 232.0076630 231.9070102 
621.0000000 231.8112445 231.7105916 
622.0000000 231.6148259 231.5141731 
623.0000000 231.4184074 231.3177545 
624.0000000 231.2219888 231.1213360 
625.0000000 231.0255703 230.9249174 
626.0000000 230.8291517 230.7284989 
627.0000000 230.6327332 230.5320803 
628.0000000 230.4363146 230.3356618 
629.0000000 230.2398961 230.1392432 
630.0000000 230.0434775 229.9428247 
631.0000000 229.8470590 229.7464061 
632.0000000 229.6506404 229.5499876 
633.0000000 229.4542219 229.3535690 
634.0000000 229.2578033 229.1571505 
635.0000000 229.0613848 228.9607319 
636.0000000 228.8649662 228.7643134 
637.0000000 228.6685477 228.5678948 
638.0000000 228.4721291 228.3714763 
639.0000000 228.2757106 228.1750577 
640.0000000 228.0792920 227.9786392 
641.0000000 227.8828735 227.7822206 
642.0000000 227.6864549 227.5858021 
643.0000000 227.4900364 227.3893835 
644.0000000 227.2936178 227.1929650 
645.0000000 227.0971993 226.9965464 
646.0000000 226.9007807 226.8001279 
647.0000000 226.7043622 226.6037093 
648.0000000 226.5079436 226.4072908 
649.0000000 226.3115251 226.2108722 
650.0000000 226.1151065 226.0144537 
651.0000000 225.9186880 225.8180351 
652.0000000 225.7222694 225.6216166 
653.0000000 225.5258509 225.4251980 
654.0000000 225.3294323 225.2287795 
655.0000000 225.1330138 225.0323609 
656.0000000 224.9365952 224.8359424 
657.0000000 224.7401767 224.6395238 
658.0000000 224.5437581 224.4431053 
659.0000000 224.3473396 224.2466867 
660.0000000 224.1509210 224.0502682 
661.0000000 223.9545025 223.8538496 
662.0000000 223.7580839 223.6574311 
663.0000000 223.5616654 223.4610125 
664.0000000 223.3652468 223.2645940 
665.0000000 223.1688283 223.0681754 
666.0000000 222.9724097 222.8717569 
667.0000000 222.7759912 222.6753383 
668.0000000 222.5795726 222.4789198 
669.0000000 222.3831541 222.2825012 
670.0000000 222.1867355 222.0860827 
671.0000000 221.9903170 221.8896641 
672.0000000 221.7938984 221.6932456 
673.0000000 221.5974799 221.4968270 
674.0000000 221.4010613 221.3004085 
675.0000000 221.2046428 221.1039899 
676.0000000 221.0082242 220.9075714 
677.0000000 220.8118057 220.7111528 
678.0000000 220.6153871 220.5147343 
679.0000000 220.4189686 220.3183157 
680.0000000 220.2225500 220.1218972 
681.0000000 220.0261315 219.9254786 
682.0000000 219.8297129 219.7290600 
683.0000000 219.6332944 219.5326415 
684.0000000 219.4368758 219.3362229 
685.0000000 219.2404573 219.1398044 
686.0000000 219.0440387 218.9433858 
687.0000000 218.8476202 218.7469673 
688.0000000 218.6512016 218.5505487 
689.0000000 218.4547831 218.3541302 
690.0000000 218.2583645 218.1577116 
691.0000000 218.0619460 217.9612931 
692.0000000 217.8655274 217.7648745 
693.0000000 217.6691089 217.5684560 
694.0000000 217.4726903 217.3720374 
695.0000000 217.2762718 217.1756189 
696.0000000 217.0798532 216.9792003 
697.0000000 216.8834347 216.7827818 
698.0000000 216.6870161 216.5863632 
699.0000000 216.4905975 216.3899447 
700.0000000 216.2941790 216.1935261 
701.0000000 216.0977604 215.9971076 
702.0000000 215.9013419 215.8006890 
703.0000000 215.7049233 215.6042705 
704.0000000 215.5085048 215.4078519 
705.0000000 215.3120862 215.2114334 
706.0000000 215.1156677 215.0150148 
707.0000000 214.9192491 214.8185963 
708.0000000 214.7228306 214.6221777 
709.0000000 214.5264120 214.4257592 
710.0000000 214.3299935 214.2293406 
711.0000000 214.1335749 214.0329221 
712.0000000 213.9371564 213.8365035 
713.0000000 213.7407378 213.6400850 
714.0000000 213.5443193 213.4436664 
715.0000000 213.3479007 213.2472479 
716.0000000 213.1514822 213.0508293 
717.0000000 212.9550636 212.8544108 
718.0000000 212.7586451 212.6579922 
719.0000000 212.5622265 212.4615737 
720.0000000 212.3658080 212.2651551 
721.0000000 212.1693894 212.0687366 
722.0000000 211.9729709 211.8723180 
723.0000000 211.7765523 211.6758995 
724.0000000 211.5801338 211.4794809 
725.0000000 211.3837152 211.2830624 
726.0000000 211.1872967 211.0866438 
727.0000000 210.9908781 210.8902253 
728.0000000 210.7944596 210.6938067 
729.0000000 210.5980410 210.4973882 
730.0000000 210.4016225 210.3009696 
731.0000000 210.2052039 210.1045511 
732.0000000 210.0087854 209.9081325 
733.0000000 209.8123668 209.7117140 
734.0000000 209.6159483 209.5152954 
735.0000000 209.4195297 209.3188769 
736.0000000 209.2231112 209.1224583 
737.0000000 209.0266926 208.9260398 
738.0000000 208.8302741 208.7296212 
739.0000000 208.6338555 208.5332027 
740.0000000 208.4374370 208.3367841 
741.0000000 208.2410184 208.1403656 
742.0000000 208.0445999 207.9439470 
743.0000000 207.8481813 207.7475285 
744.0000000 207.6517628 207.5511099 
745.0000000 207.4553442 207.3546914 
746.0000000 207.2589257 207.1582728 
747.0000000 207.0625071 206.9618543 
748.0000000 206.8660886 206.7654357 
749.0000000 206.6696700 206.5690172 
750.0000000 206.4732515 206.3725986 
751.0000000 206.2768329 206.1761801 
752.0000000 206.0804144 205.9797615 
753.0000000 205.8839958 205.7833430 
754.0000000 205.6875773 205.5869244 
755.0000000 205.4911587 205.3905059 
756.0000000 205.2947402 205.1940873 
757.0000000 205.0983216 204.9976688 
758.0000000 204.9019031 204.8012502 
759.0000000 204.7054845 204.6048317 
760.0000000 204.5090660 204.4084131 
761.0000000 204.3126474 204.2119946 
762.0000000 204.1162289 204.0155760 
763.0000000 203.9198103 203.8191575 
764.0000000 203.7233918 203.6227389 
765.0000000 203.5269732 203.4263204 
766.0000000 203.3305547 203.2299018 
767.0000000 203.1341361 203.0334833 
768.0000000 202.9377176 202.8370647 
769.0000000 202.7412990 202.6406462 
770.0000000 202.5448805 202.4442276 
771.0000000 202.3484619 202.2478091 
772.0000000 202.1520434 202.0513905 
773.0000000 201.9556248 201.8549720 
774.0000000 201.7592063 201.6585534 
775.0000000 201.5627877 201.4621349 
776.0000000 201.3663692 201.2657163 
777.0000000 201.1699506 201.0692978 
778.0000000 200.9735321 200.8728792 
779.0000000 200.7771135 200.6764607 
780.0000000 200.5806950 200.4800421 
781.0000000 200.3842764 200.2836236 
782.0000000 200.1878579 200.0872050 
783.0000000 199.9914393 199.8907865 
784.0000000 199.7950208 199.6943679 
785.0000000 199.5986022 199.4979494 
786.0000000 199.4021837 199.3015308 
787.0000000 199.2057651 199.1051123 
788.0000000 199.0093466 198.9086937 
789.0000000 198.8129280 198.7122752 
790.0000000 198.6165095 198.5158566 
791.0000000 198.4200909 198.3194381 
792.0000000 198.2236724 198.1230195 
793.0000000 198.0272538 197.9266010 
794.0000000 197.8308353 197.7301824 
795.0000000 197.6344167 197.5337639 
796.0000000 197.4379982 197.3373453 
797.0000000 197.2415796 197.1409268 
798.0000000 197.0451611 196.9445082 
799.0000000 196.8487425 196.7480897 
800.0000000 196.6523240 196.5516711 
801.0000000 196.4559054 196.3552526 
802.0000000 196.2594869 196.1588340 
803.0000000 196.0630683 195.9624155 
804.0000000 195.8666498 195.7659969 
805.0000000 195.6702312 195.5695784 
806.0000000 195.4738127 195.3731598 
807.0000000 195.2773941 195.1767413 
808.0000000 195.0809756 194.9803227 
809.0000000 194.8845570 194.7839042 
810.0000000 194.6881385 194.5874856 
811.0000000 194.4917199 194.3910671 
812.0000000 194.2953014 194.1946485 
813.0000000 194.0988828 193.9982300 
814.0000000 193.9024643 193.8018114 
815.0000000 193.7060457 193.6053929 
816.0000000 193.5096272 193.4089743 
817.0000000 193.3132086 193.2125558 
818.0000000 193.1167901 193.0161372 
819.0000000 192.9203715 192.8197187 
820.0000000 192.7239530 192.6233001 
821.0000000 192.5275344 192.4268816 
822.0000000 192.3311159 192.2304630 
823.0000000 192.1346973 192.0340445 
824.0000000 191.9382788 191.8376259 
825.0000000 191.7418602 191.6412074 
826.0000000 191.5454417 191.4447888 
827.0000000 191.3490231 191.2483703 
828.0000000 191.1526046 191.0519517 
829.0000000 190.9561860 190.8555332 
830.0000000 190.7597675 190.6591146 
831.0000000 190.5633489 190.4626961 
832.0000000 190.3669304 190.2662775 
833.0000000 190.1705118 190.0698590 
834.0000000 189.9740933 189.8734404 
835.0000000 189.7776747 189.6770218 
836.0000000 189.5812562 189.4806033 
837.0000000 189.3848376 189.2841847 
838.0000000 189.1884191 189.0877662 
839.0000000 188.9920005 188.8913476 
840.0000000 188.7955820 188.6949291 
841.0000000 188.5991634 188.4985105 
842.0000000 188.4027449 188.3020920 
843.0000000 188.2063263 188.1056734 
844.0000000 188.0099078 187.9092549 
845.0000000 187.8134892 187.7128363 
846.0000000 187.6170707 187.5164178 
847.0000000 187.4206521 187.3199992 
848.0000000 187.2242336 187.1235807 
849.0000000 187.0278150 186.9271621 
850.0000000 186.8313965 186.7307436 
851.0000000 186.6349779 186.5343250 
852.0000000 186.4385593 186.3379065 
853.0000000 186.2421408 186.1414879 
854.0000000 186.0457222 185.9450694 
855.0000000 185.8493037 185.7486508 
856.0000000 185.6528851 185.5522323 
857.0000000 185.4564666 185.3558137 
858.0000000 185.2600480 185.1593952 
859.0000000 185.0636295 184.9629766 
860.0000000 184.8672109 184.7665581 
861.0000000 184.6707924 184.5701395 
862.0000000 184.4743738 184.3737210 
863.0000000 184.2779553 184.1773024 
864.0000000 184.0815367 183.9808839 
865.0000000 183.8851182 183.7844653 
866.0000000 183.6886996 183.5880468 
867.0000000 183.4922811 183.3916282 
868.0000000 183.2958625 183.1952097 
869.0000000 183.0994440 182.9987911 
870.0000000 182.9030254 182.8023726 
871.0000000 182.7066069 182.6059540 
872.0000000 182.5101883 182.4095355 
873.0000000 182.3137698 182.2131169 
874.0000000 182.1173512 182.0166984 
875.0000000 181.9209327 181.8202798 
876.0000000 181.7245141 181.6238613 
877.0000000 181.5280956 181.4274427 
878.0000000 181.3316770 181.2310242 
879.0000000 181.1352585 181.0346056 
880.0000000 180.9388399 180.8381871 
881.0000000 180.7424214 180.6417685 
882.0000000 180.5460028 180.4453500 
883.0000000 180.3495843 180.2489314 
884.0000000 180.1531657 180.0525129 
885.0000000 179.9567472 179.8560943 
886.0000000 179.7603286 179.6596758 
887.0000000 179.5639101 179.4632572 
888.0000000 179.3674915 179.2668387 
889.0000000 179.1710730 179.0704201 
890.0000000 178.9746544 178.8740016 
891.0000000 178.7782359 178.6775830 
892.0000000 178.5818173 178.4811645 
893.0000000 178.3853988 178.2847459 
894.0000000 178.1889802 178.0883274 
895.0000000 177.9925617 177.8919088 
896.0000000 177.7961431 177.6954903 
897.0000000 177.5997246 177.4990717 
898.0000000 177.4033060 177.3026532 
899.0000000 177.2068875 177.1062346 
900.0000000 177.0104689 176.9098161 
901.0000000 176.8140504 176.7133975 
902.0000000 176.6176318 176.5169790 
903.0000000 176.4212133 176.3205604 
904.0000000 176.2247947 176.1241419 
905.0000000 176.0283762 175.9277233 
906.0000000 175.8319576 175.7313048 
907.0000000 175.6355391 175.5348862 
908.0000000 175.4391205 175.3384677 
909.0000000 175.2427020 175.1420491 
910.0000000 175.0462834 174.9456306 
911.0000000 174.8498649 174.7492120 
912.0000000 174.6534463 174.5527935 
913.0000000 174.4570278 174.3563749 
914.0000000 174.2606092 174.1599564 
915.0000000 174.0641907 173.9635378 
916.0000000 173.8677721 173.7671193 
917.0000000 173.6713536 173.5707007 
918.0000000 173.4749350 173.3742822 
919.0000000 173.2785165 173.1778636 
920.0000000 173.0820979 172.9814451 
921.0000000 172.8856794 172.7850265 
922.0000000 172.6892608 172.5886080 
923.0000000 172.4928423 172.3921894 
924.0000000 172.2964237 172.1957709 
925.0000000 172.1000052 171.9993523 
926.0000000 171.9035866 171.8029338 
927.0000000 171.7071681 171.6065152 
928.0000000 171.5107495 171.4100967 
929.0000000 171.3143310 171.2136781 
930.0000000 171.1179124 171.0172596 
931.0000000 170.9214939 170.8208410 
932.0000000 170.7250753 170.6244225 
933.0000000 170.5286568 170.4280039 
934.0000000 170.3322382 170.2315854 
935.0000000 170.1358197 170.0351668 
936.0000000 169.9394011 169.8387483 
937.0000000 169.7429826 169.6423297 
938.0000000 169.5465640 169.4459112 
939.0000000 169.3501455 169.2494926 
940.0000000 169.1537269 169.0530741 
941.0000000 168.9573084 168.8566555 
942.0000000 168.7608898 168.6602370 
943.0000000 168.5644713 168.4638184 
944.0000000 168.3680527 168.2673999 
945.0000000 168.1716342 168.0709813 
946.0000000 167.9752156 167.8745628 
947.0000000 167.7787971 167.6781442 
948.0000000 167.5823785 167.4817257 
949.0000000 167.3859600 167.2853071 
950.0000000 167.1895414 167.0888886 
951.0000000 166.9931229 166.8924700 
952.0000000 166.7967043 166.6960515 
953.0000000 166.6002858 166.4996329 
954.0000000 166.4038672 166.3032144 
955.0000000 166.2074487 166.1067958 
956.0000000 166.0110301 165.9103773 
957.0000000 165.8146116 165.7139587 
958.0000000 165.6181930 165.5175402 
959.0000000 165.4217745 165.3211216 
960.0000000 165.2253559 165.1247031 
961.0000000 165.0289374 164.9282845 
962.0000000 164.8325188 164.7318660 
963.0000000 164.6361003 164.5354474 
964.0000000 164.4396817 164.3390289 
965.0000000 164.2432632 164.1426103 
966.0000000 164.0468446 163.9461918 
967.0000000 163.8504261 163.7497732 
968.0000000 163.6540075 163.5533547 
969.0000000 163.4575890 163.3569361 
970.0000000 163.2611704 163.1605176 
971.0000000 163.0647519 162.9640990 
972.0000000 162.8683333 162.7676805 
973.0000000 162.6719148 162.5712619 
974.0000000 162.4754962 162.3748434 
975.0000000 162.2790777 162.1784248 
976.0000000 162.0826591 161.9820063 
977.0000000 161.8862406 161.7855877 
978.0000000 161.6898220 161.5891692 
979.0000000 161.4934035 161.3927506 
980.0000000 161.2969849 161.1963321 
981.0000000 161.1005664 160.9999135 
982.0000000 160.9041478 160.8034950 
983.0000000 160.7077293 160.6070764 
984.0000000 160.5113107 160.4106579 
985.0000000 160.3148922 160.2142393 
986.0000000 160.1184736 160.0178207 
987.0000000 159.9220551 159.8214022 
988.0000000 159.7256365 159.6249836 
989.0000000 159.5292180 159.4285651 
990.0000000 159.3327994 159.2321465 
991.0000000 159.1363809 159.0357280 
992.0000000 158.9399623 158.8393094 
993.0000000 158.7435438 158.6428909 
994.0000000 158.5471252 158.4464723 
995.0000000 158.3507067 158.2500538 
996.0000000 158.1542881 158.0536352 
997.0000000 157.9578696 157.8572167 
998.0000000 157.7614510 157.6607981 
999.0000000 157.5650325 157.4643796 
1000.0000000 157.3686139 157.2679610 
1001.0000000 157.1721954 157.0715425 
1002.0000000 156.9757768 156.8751239 
1003.0000000 156.7793582 156.6787054 
1004.0000000 156.5829397 156.4822868 
1005.0000000 156.3865211 156.2858683 
1006.0000000 156.1901026 156.0894497 
1007.0000000 155.9936840 155.8930312 
1008.0000000 155.7972655 155.6966126 
1009.0000000 155.6008469 155.5001941 
1010.0000000 155.4044284 155.3037755 
1011.0000000 155.2080098 155.1073570 
1012.0000000 155.0115913 154.9109384 
1013.0000000 154.8151727 154.7145199 
1014.0000000 154.6187542 154.5181013 
1015.0000000 154.4223356 154.3216828 
1016.0000000 154.2259171 154.1252642 
1017.0000000 154.0294985 153.9288457 
1018.0000000 153.8330800 153.7324271 
1019.0000000 153.6366614 153.5360086 
1020.0000000 153.4402429 153.3395900 
1021.0000000 153.2438243 153.1431715 
1022.0000000 153.0474058 152.9467529 
1023.0000000 152.8509872 152.7503344 
1024.0000000 152.6545687 152.5539158 
1025.0000000 152.4581501 152.3574973 
1026.0000000 152.2617316 152.1610787 
1027.0000000 152.0653130 151.9646602 
1028.0000000 151.8688945 151.7682416 
1029.0000000 151.6724759 151.5718231 
1030.0000000 151.4760574 151.3754045 
1031.0000000 151.2796388 151.1789860 
1032.0000000 151.0832203 150.9825674 
1033.0000000 150.8868017 150.7861489 
1034.0000000 150.6903832 150.5897303 
1035.0000000 150.4939646 150.3933118 
1036.0000000 150.2975461 150.1968932 
1037.0000000 150.1011275 150.0004747 
1038.0000000 149.9047090 149.8040561 
1039.0000000 149.7082904 149.6076376 
1040.0000000 149.5118719 149.4112190 
1041.0000000 149.3154533 149.2148005 
1042.0000000 149.1190348 149.0183819 
1043.0000000 148.9226162 148.8219634 
1044.0000000 148.7261977 148.6255448 
1045.0000000 148.5297791 148.4291263 
1046.0000000 148.3333606 148.2327077 
1047.0000000 148.1369420 148.0362892 
1048.0000000 147.9405235 147.8398706 
1049.0000000 147.7441049 147.6434521 
1050.0000000 147.5476864 147.4470335 
1051.0000000 147.3512678 147.2506150 
1052.0000000 147.1548493 147.0541964 
1053.0000000 146.9584307 146.8577779 
1054.0000000 146.7620122 146.6613593 
1055.0000000 146.5655936 146.4649408 
1056.0000000 146.3691751 146.2685222 
1057.0000000 146.1727565 146.0721037 
1058.0000000 145.9763380 145.8756851 
1059.0000000 145.7799194 145.6792666 
1060.0000000 145.5835009 145.4828480 
1061.0000000 145.3870823 145.2864295 
1062.0000000 145.1906638 145.0900109 
1063.0000000 144.9942452 144.8935924 
1064.0000000 144.7978267 144.6971738 
1065.0000000 144.6014081 144.5007553 
1066.0000000 144.4049896 144.3043367 
1067.0000000 144.2085710 144.1079182 
1068.0000000 144.0121525 143.9114996 
1069.0000000 143.8157339 143.7150811 
1070.0000000 143.6193154 143.5186625 
1071.0000000 143.4228968 143.3222440 
1072.0000000 143.2264783 143.1258254 
1073.0000000 143.0300597 142.9294069 
1074.0000000 142.8336412 142.7329883 
1075.0000000 142.6372226 142.5365698 
1076.0000000 142.4408041 142.3401512 
1077.0000000 142.2443855 142.1437327 
1078.0000000 142.0479670 141.9473141 
1079.0000000 141.8515484 141.7508956 
1080.0000000 141.6551299 141.5544770 
1081.0000000 141.4587113 141.3580585 
1082.0000000 141.2622928 141.1616399 
1083.0000000 141.0658742 140.9652214 
1084.0000000 140.8694557 140.7688028 
1085.0000000 140.6730371 140.5723843 
1086.0000000 140.4766186 140.3759657 
1087.0000000 140.2802000 140.1795472 
1088.0000000 140.0837815 139.9831286 
1089.0000000 139.8873629 139.7867101 
1090.0000000 139.6909444 139.5902915 
1091.0000000 139.4945258 139.3938730 
1092.0000000 139.2981073 139.1974544 
1093.0000000 139.1016887 139.0010359 
1094.0000000 138.9052702 138.8046173 
1095.0000000 138.7088516 138.6081988 
1096.0000000 138.5124331 138.4117802 
1097.0000000 138.3160145 138.2153617 
1098.0000000 138.1195960 138.0189431 
1099.0000000 137.9231774 137.8225246 
1100.0000000 137.7267589 137.6261060 
1101.0000000 137.5303403 137.4296875 
1102.0000000 137.3339218 137.2332689 
1103.0000000 137.1375032 137.0368504 
1104.0000000 136.9410847 136.8404318 
1105.0000000 136.7446661 136.6440133 
1106.0000000 136.5482476 136.4475947 
1107.0000000 136.3518290 136.2511762 
1108.0000000 136.1554105 136.0547576 
1109.0000000 135.9589919 135.8583391 
1110.0000000 135.7625734 135.6619205 
1111.0000000 135.5661548 135.4655020 
1112.0000000 135.3697363 135.2690834 
1113.0000000 135.1733177 135.0726649 
1114.0000000 134.9768992 134.8762463 
1115.0000000 134.7804806 134.6798278 
1116.0000000 134.5840621 134.4834092 
1117.0000000 134.3876435 134.2869907 
1118.0000000 134.1912250 134.0905721 
1119.0000000 133.9948064 133.8941536 
1120.0000000 133.7983879 133.6977350 
1121.0000000 133.6019693 133.5013165 
1122.0000000 133.4055508 133.3048979 
1123.0000000 133.2091322 133.1084794 
1124.0000000 133.0127137 132.9120608 
1125.0000000 132.8162951 132.7156423 
1126.0000000 132.6198766 132.5192237 
1127.0000000 132.4234580 132.3228052 
1128.0000000 132.2270395 132.1263866 
1129.0000000 132.0306209 131.9299681 
1130.0000000 131.8342024 131.7335495 
1131.0000000 131.6377838 131.5371310 
1132.0000000 131.4413653 131.3407124 
1133.0000000 131.2449467 131.1442939 
1134.0000000 131.0485282 130.9478753 
1135.0000000 130.8521096 130.7514568 
1136.0000000 130.6556911 130.5550382 
1137.0000000 130.4592725 130.3586196 
1138.0000000 130.2628540 130.1622011 
1139.0000000 130.0664354 129.9657825 
1140.0000000 129.8700169 129.7693640 
1141.0000000 129.6735983 129.5729454 
1142.0000000 129.4771798 129.3765269 
1143.0000000 129.2807612 129.1801083 
1144.0000000 129.0843427 128.9836898 
1145.0000000 128.8879241 128.7872712 
1146.0000000 128.6915056 128.5908527 
1147.0000000 128.4950870 128.3944341 
1148.0000000 128.2986685 128.1980156 
1149.0000000 128.1022499 128.0015970 
1150.0000000 127.9058314 127.8051785 
1151.0000000 127.7094128 127.6087599 
1152.0000000 127.5129943 127.4123414 
1153.0000000 127.3165757 127.2159228 
1154.0000000 127.1201571 127.0195043 
1155.0000000 126.9237386 126.8230857 
1156.0000000 126.7273200 126.6266672 
1157.0000000 126.5309015 126.4302486 
1158.0000000 126.3344829 126.2338301 
1159.0000000 126.1380644 126.0374115 
1160.0000000 125.9416458 125.8409930 
1161.0000000 125.7452273 125.6445744 
1162.0000000 125.5488087 125.4481559 
1163.0000000 125.3523902 125.2517373 
1164.0000000 125.1559716 125.0553188 
1165.0000000 124.9595531 124.8589002 
1166.0000000 124.7631345 124.6624817 
1167.0000000 124.5667160 124.4660631 
1168.0000000 124.3702974 124.2696446 
1169.0000000 124.1738789 124.0732260 
1170.0000000 123.9774603 123.8768075 
1171.0000000 123.7810418 123.6803889 
1172.0000000 123.5846232 123.4839704 
1173.0000000 123.3882047 123.2875518 
1174.0000000 123.1917861 123.0911333 
1175.0000000 122.9953676 122.8947147 
1176.0000000 122.7989490 122.6982962 
1177.0000000 122.6025305 122.5018776 
1178.0000000 122.4061119 122.3054591 
1179.0000000 122.2096934 122.1090405 
1180.0000000 122.0132748 121.9126220 
1181.0000000 121.8168563 121.7162034 
1182.0000000 121.6204377 121.5197849 
1183.0000000 121.4240192 121.3233663 
1184.0000000 121.2276006 121.1269478 
1185.0000000 121.0311821 120.9305292 
1186.0000000 120.8347635 120.7341107 
1187.0000000 120.6383450 120.5376921 
1188.0000000 120.4419264 120.3412736 
1189.0000000 120.2455079 120.1448550 
1190.0000000 120.0490893 119.9484365 
1191.0000000 119.8526708 119.7520179 
1192.0000000 119.6562522 119.5555994 
1193.0000000 119.4598337 119.3591808 
1194.0000000 119.2634151 119.1627623 
1195.0000000 119.0669966 118.9663437 
1196.0000000 118.8705780 118.7699252 
1197.0000000 118.6741595 118.5735066 
1198.0000000 118.4777409 118.3770881 
1199.0000000 118.2813224 118.1806695 
1200.0000000 118.0849038 117.9842510 
1201.0000000 117.8884853 117.7878324 
1202.0000000 117.6920667 117.5914139 
1203.0000000 117.4956482 117.3949953 
1204.0000000 117.2992296 117.1985768 
1205.0000000 117.1028111 117.0021582 
1206.0000000 116.9063925 116.8057397 
1207.0000000 116.7099740 116.6093211 
1208.0000000 116.5135554 116.4129026 
1209.0000000 116.3171369 116.2164840 
1210.0000000 116.1207183 116.0200655 
1211.0000000 115.9242998 115.8236469 
1212.0000000 115.7278812 115.6272284 
1213.0000000 115.5314627 115.4308098 
1214.0000000 115.3350441 115.2343913 
1215.0000000 115.1386256 115.0379727 
1216.0000000 114.9422070 114.8415542 
1217.0000000 114.7457885 114.6451356 
1218.0000000 114.5493699 114.4487171 
1219.0000000 114.3529514 114.2522985 
1220.0000000 114.1565328 114.0558800 
1221.0000000 113.9601143 113.8594614 
1222.0000000 113.7636957 113.6630429 
1223.0000000 113.5672772 113.4666243 
1224.0000000 113.3708586 113.2702058 
1225.0000000 113.1744401 113.0737872 
1226.0000000 112.9780215 112.8773687 
1227.0000000 112.7816030 112.6809501 
1228.0000000 112.5851844 112.4845316 
1229.0000000 112.3887659 112.2881130 
1230.0000000 112.1923473 112.0916945 
1231.0000000 111.9959288 111.8952759 
1232.0000000 111.7995102 111.6988574 
1233.0000000 111.6030917 111.5024388 
1234.0000000 111.4066731 111.3060203 
1235.0000000 111.2102546 111.1096017 
1236.0000000 111.0138360 110.9131832 
1237.0000000 110.8174175 110.7167646 
1238.0000000 110.6209989 110.5203461 
1239.0000000 110.4245804 110.3239275 
1240.0000000 110.2281618 110.1275090 
1241.0000000 110.0317433 109.9310904 
1242.0000000 109.8353247 109.7346719 
1243.0000000 109.6389062 109.5382533 
1244.0000000 109.4424876 109.3418348 
1245.0000000 109.2460691 109.1454162 
1246.0000000 109.0496505 108.9489977 
1247.0000000 108.8532320 108.7525791 
1248.0000000 108.6568134 108.5561606 
1249.0000000 108.4603949 108.3597420 
1250.0000000 108.2639763 108.1633235 
1251.0000000 108.0675578 107.9669049 
1252.0000000 107.8711392 107.7704864 
1253.0000000 107.6747207 107.5740678 
1254.0000000 107.4783021 107.3776493 
1255.0000000 107.2818836 107.1812307 
1256.0000000 107.0854650 106.9848122 
1257.0000000 106.8890465 106.7883936 
1258.0000000 106.6926279 106.5919751 
1259.0000000 106.4962094 106.3955565 
1260.0000000 106.2997908 106.1991380 
1261.0000000 106.1033723 106.0027194 
1262.0000000 105.9069537 105.8063009 
1263.0000000 105.7105352 105.6098823 
1264.0000000 105.5141166 105.4134638 
1265.0000000 105.3176981 105.2170452 
1266.0000000 105.1212795 105.0206267 
1267.0000000 104.9248610 104.8242081 
1268.0000000 104.7284424 104.6277896 
1269.0000000 104.5320239 104.4313710 
1270.0000000 104.3356053 104.2349525 
1271.0000000 104.1391868 104.0385339 
1272.0000000 103.9427682 103.8421154 
1273.0000000 103.7463497 103.6456968 
1274.0000000 103.5499311 103.4492783 
1275.0000000 103.3535126 103.2528597 
1276.0000000 103.1570940 103.0564412 
1277.0000000 102.9606755 102.8600226 
1278.0000000 102.7642569 102.6636041 
1279.0000000 102.5678384 102.4671855 
1280.0000000 102.3714198 102.2707670 
1281.0000000 102.1750013 102.0743484 
1282.0000000 101.9785827 101.8779299 
1283.0000000 101.7821642 101.6815113 
1284.0000000 101.5857456 101.4850928 
1285.0000000 101.3893271 101.2886742 
1286.0000000 101.1929085 101.0922557 
1287.0000000 100.9964900 100.8958371 
1288.0000000 100.8000714 100.6994186 
1289.0000000 100.6036529 100.5030000 
1290.0000000 100.4072343 100.3065814 
1291.0000000 100.2108158 100.1101629 
1292.0000000 100.0143972 99.9137443 
1293.0000000 99.8179787 99.7173258 
1294.0000000 99.6215601 99.5209072 
1295.0000000 99.4251416 99.3244887 
1296.0000000 99.2287230 99.1280701 
1297.0000000 99.0323045 98.9316516 
1298.0000000 98.8358859 98.7352330 
1299.0000000 98.6394674 98.5388145 
1300.0000000 98.4430488 98.3423959 
1301.0000000 98.2466303 98.1459774 
1302.0000000 98.0502117 97.9495588 
1303.0000000 97.8537932 97.7531403 
1304.0000000 97.6573746 97.5567217 
1305.0000000 97.4609561 97.3603032 
1306.0000000 97.2645375 97.1638846 
1307.0000000 97.0681189 96.9674661 
1308.0000000 96.8717004 96.7710475 
1309.0000000 96.6752818 96.5746290 
1310.0000000 96.4788633 96.3782104 
1311.0000000 96.2824447 96.1817919 
1312.0000000 96.0860262 95.9853733 
1313.0000000 95.8896076 95.7889548 
1314.0000000 95.6931891 95.5925362 
1315.0000000 95.4967705 95.3961177 
1316.0000000 95.3003520 95.1996991 
1317.0000000 95.1039334 95.0032806 
1318.0000000 94.9075149 94.8068620 
1319.0000000 94.7110963 94.6104435 
1320.0000000 94.5146778 94.4140249 
1321.0000000 94.3182592 94.2176064 
1322.0000000 94.1218407 94.0211878 
1323.0000000 93.9254221 93.8247693 
1324.0000000 93.7290036 93.6283507 
1325.0000000 93.5325850 93.4319322 
1326.0000000 93.3361665 93.2355136 
1327.0000000 93.1397479 93.0390951 
1328.0000000 92.9433294 92.8426765 
1329.0000000 92.7469108 92.6462580 
1330.0000000 92.5504923 92.4498394 
1331.0000000 92.3540737 92.2534209 
1332.0000000 92.1576552 92.0570023 
1333.0000000 91.9612366 91.8605838 
1334.0000000 91.7648181 91.6641652 
1335.0000000 91.5683995 91.4677467 
1336.0000000 91.3719810 91.2713281 
1337.0000000 91.1755624 91.0749096 
1338.0000000 90.9791439 90.8784910 
1339.0000000 90.7827253 90.6820725 
1340.0000000 90.5863068 90.4856539 
1341.0000000 90.3898882 90.2892354 
1342.0000000 90.1934697 90.0928168 
1343.0000000 89.9970511 89.8963983 
1344.0000000 89.8006326 89.6999797 
1345.0000000 89.6042140 89.5035612 
1346.0000000 89.4077955 89.3071426 
1347.0000000 89.2113769 89.1107241 
1348.0000000 89.0149584 88.9143055 
1349.0000000 88.8185398 88.7178870 
1350.0000000 88.6221213 88.5214684 
1351.0000000 88.4257027 88.3250499 
1352.0000000 88.2292842 88.1286313 
1353.0000000 88.0328656 87.9322128 
1354.0000000 87.8364471 87.7357942 
1355.0000000 87.6400285 87.5393757 
1356.0000000 87.4436100 87.3429571 
1357.0000000 87.2471914 87.1465386 
1358.0000000 87.0507729 86.9501200 
1359.0000000 86.8543543 86.7537015 
1360.0000000 86.6579358 86.5572829 
1361.0000000 86.4615172 86.3608644 
1362.0000000 86.2650987 86.1644458 
1363.0000000 86.0686801 85.9680273 
1364.0000000 85.8722616 85.7716087 
1365.0000000 85.6758430 85.5751902 
1366.0000000 85.4794245 85.3787716 
1367.0000000 85.2830059 85.1823531 
1368.0000000 85.0865874 84.9859345 
1369.0000000 84.8901688 84.7895160 
1370.0000000 84.6937503 84.5930974 
1371.0000000 84.4973317 84.3966789 
1372.0000000 84.3009132 84.2002603 
1373.0000000 84.1044946 84.0038418 
1374.0000000 83.9080761 83.8074232 
1375.0000000 83.7116575 83.6110047 
1376.0000000 83.5152390 83.4145861 
1377.0000000 83.3188204 83.2181676 
1378.0000000 83.1224019 83.0217490 
1379.0000000 82.9259833 82.8253305 
1380.0000000 82.7295648 82.6289119 
1381.0000000 82.5331462 82.4324934 
1382.0000000 82.3367277 82.2360748 
1383.0000000 82.1403091 82.0396563 
1384.0000000 81.9438906 81.8432377 
1385.0000000 81.7474720 81.6468192 
1386.0000000 81.5510535 81.4504006 
1387.0000000 81.3546349 81.2539821 
1388.0000000 81.1582164 81.0575635 
1389.0000000 80.9617978 80.8611450 
1390.0000000 80.7653793 80.6647264 
1391.0000000 80.5689607 80.4683079 
1392.0000000 80.3725422 80.2718893 
1393.0000000 80.1761236 80.0754708 
1394.0000000 79.9797051 79.8790522 
1395.0000000 79.7832865 79.6826337 
1396.0000000 79.5868680 79.4862151 
1397.0000000 79.3904494 79.2897966 
1398.0000000 79.1940309 79.0933780 
1399.0000000 78.9976123 78.8969595 
1400.0000000 78.8011938 78.7005409 
1401.0000000 78.6047752 78.5041224 
1402.0000000 78.4083567 78.3077038 
1403.0000000 78.2119381 78.1112853 
1404.0000000 78.0155196 77.9148667 
1405.0000000 77.8191010 77.7184482 
1406.0000000 77.6226825 77.5220296 
1407.0000000 77.4262639 77.3256111 
1408.0000000 77.2298454 77.1291925 
1409.0000000 77.0334268 76.9327740 
1410.0000000 76.8370083 76.7363554 
1411.0000000 76.6405897 76.5399369 
1412.0000000 76.4441712 76.3435183 
1413.0000000 76.2477526 76.1470998 
1414.0000000 76.0513341 75.9506812 
1415.0000000 75.8549155 75.7542627 
1416.0000000 75.6584970 75.5578441 
1417.0000000 75.4620784 75.3614256 
1418.0000000 75.2656599 75.1650070 
1419.0000000 75.0692413 74.9685885 
1420.0000000 74.8728228 74.7721699 
1421.0000000 74.6764042 74.5757514 
1422.0000000 74.4799857 74.3793328 
1423.0000000 74.2835671 74.1829143 
1424.0000000 74.0871486 73.9864957 
1425.0000000 73.8907300 73.7900772 
1426.0000000 73.6943115 73.5936586 
1427.0000000 73.4978929 73.3972401 
1428.0000000 73.3014744 73.2008215 
1429.0000000 73.1050558 73.0044030 
1430.0000000 72.9086373 72.8079844 
1431.0000000 72.7122187 72.6115659 
1432.0000000 72.5158002 72.4151473 
1433.0000000 72.3193816 72.2187288 
1434.0000000 72.1229631 72.0223102 
1435.0000000 71.9265445 71.8258917 
1436.0000000 71.7301260 71.6294731 
1437.0000000 71.5337074 71.4330546 
1438.0000000 71.3372889 71.2366360 
1439.0000000 71.1408703 71.0402175 
1440.0000000 70.9444518 70.8437989 
1441.0000000 70.7480332 70.6473803 
1442.0000000 70.5516147 70.4509618 
1443.0000000 70.3551961 70.2545432 
1444.0000000 70.1587776 70.0581247 
1445.0000000 69.9623590 69.8617061 
1446.0000000 69.7659405 69.6652876 
1447.0000000 69.5695219 69.4688690 
1448.0000000 69.3731034 69.2724505 
1449.0000000 69.1766848 69.0760319 
1450.0000000 68.9802663 68.8796134 
1451.0000000 68.7838477 68.6831948 
1452.0000000 68.5874292 68.4867763 
1453.0000000 68.3910106 68.2903577 
1454.0000000 68.1945921 68.0939392 
1455.0000000 67.9981735 67.8975206 
1456.0000000 67.8017550 67.7011021 
1457.0000000 67.6053364 67.5046835 
1458.0000000 67.4089178 67.3082650 
1459.0000000 67.2124993 67.1118464 
1460.0000000 67.0160807 66.9154279 
1461.0000000 66.8196622 66.7190093 
1462.0000000 66.6232436 66.5225908 
1463.0000000 66.4268251 66.3261722 
1464.0000000 66.2304065 66.1297537 
1465.0000000 66.0339880 65.9333351 
1466.0000000 65.8375694 65.7369166 
1467.0000000 65.6411509 65.5404980 
1468.0000000 65.4447323 65.3440795 
1469.0000000 65.2483138 65.1476609 
1470.0000000 65.0518952 64.9512424 
1471.0000000 64.8554767 64.7548238 
1472.0000000 64.6590581 64.5584053 
1473.0000000 64.4626396 64.3619867 
1474.0000000 64.2662210 64.1655682 
1475.0000000 64.0698025 63.9691496 
1476.0000000 63.8733839 63.7727311 
1477.0000000 63.6769654 63.5763125 
1478.0000000 63.4805468 63.3798940 
1479.0000000 63.2841283 63.1834754 
1480.0000000 63.0877097 62.9870569 
1481.0000000 62.8912912 62.7906383 
1482.0000000 62.6948726 62.5942198 
1483.0000000 62.4984541 62.3978012 
1484.0000000 62.3020355 62.2013827 
1485.0000000 62.1056170 62.0049641 
1486.0000000 61.9091984 61.8085456 
1487.0000000 61.7127799 61.6121270 
1488.0000000 61.5163613 61.4157085 
1489.0000000 61.3199428 61.2192899 
1490.0000000 61.1235242 61.0228714 
1491.0000000 60.9271057 60.8264528 
1492.0000000 60.7306871 60.6300343 
1493.0000000 60.5342686 60.4336157 
1494.0000000 60.3378500 60.2371972 
1495.0000000 60.1414315 60.0407786 
1496.0000000 59.9450129 59.8443601 
1497.0000000 59.7485944 59.6479415 
1498.0000000 59.5521758 59.4515230 
1499.0000000 59.3557573 59.2551044 
1500.0000000 59.1593387 59.0586859 
1501.0000000 58.9629202 58.8622673 
1502.0000000 58.7665016 58.6658488 
1503.0000000 58.5700831 58.4694302 
1504.0000000 58.3736645 58.2730117 
1505.0000000 58.1772460 58.0765931 
1506.0000000 57.9808274 57.8801746 
1507.0000000 57.7844089 57.6837560 
1508.0000000 57.5879903 57.4873375 
1509.0000000 57.3915718 57.2909189 
1510.0000000 57.1951532 57.0945004 
1511.0000000 56.9987347 56.8980818 
1512.0000000 56.8023161 56.7016633 
1513.0000000 56.6058976 56.5052447 
1514.0000000 56.4094790 56.3088262 
1515.0000000 56.2130605 56.1124076 
1516.0000000 56.0166419 55.9159891 
1517.0000000 55.8202234 55.7195705 
1518.0000000 55.6238048 55.5231520 
1519.0000000 55.4273863 55.3267334 
1520.0000000 55.2309677 55.1303149 
1521.0000000 55.0345492 54.9338963 
1522.0000000 54.8381306 54.7374778 
1523.0000000 54.6417121 54.5410592 
1524.0000000 54.4452935 54.3446407 
1525.0000000 54.2488750 54.1482221 
1526.0000000 54.0524564 53.9518036 
1527.0000000 53.8560379 53.7553850 
1528.0000000 53.6596193 53.5589665 
1529.0000000 53.4632008 53.3625479 
1530.0000000 53.2667822 53.1661294 
1531.0000000 53.0703637 52.9697108 
1532.0000000 52.8739451 52.7732923 
1533.0000000 52.6775266 52.5768737 
1534.0000000 52.4811080 52.3804552 
1535.0000000 52.2846895 52.1840366 
1536.0000000 52.0882709 51.9876181 
1537.0000000 51.8918524 51.7911995 
1538.0000000 51.6954338 51.5947810 
1539.0000000 51.4990153 51.3983624 
1540.0000000 51.3025967 51.2019439 
1541.0000000 51.1061782 51.0055253 
1542.0000000 50.9097596 50.8091068 
1543.0000000 50.7133411 50.6126882 
1544.0000000 50.5169225 50.4162697 
1545.0000000 50.3205040 50.2198511 
1546.0000000 50.1240854 50.0234326 
1547.0000000 49.9276669 49.8270140 
1548.0000000 49.7312483 49.6305955 
1549.0000000 49.5348298 49.4341769 
1550.0000000 49.3384112 49.2377584 
1551.0000000 49.1419927 49.0413398 
1552.0000000 48.9455741 48.8449213 
1553.0000000 48.7491556 48.6485027 
1554.0000000 48.5527370 48.4520842 
1555.0000000 48.3563185 48.2556656 
1556.0000000 48.1598999 48.0592471 
1557.0000000 47.9634814 47.8628285 
1558.0000000 47.7670628 47.6664100 
1559.0000000 47.5706443 47.4699914 
1560.0000000 47.3742257 47.2735729 
1561.0000000 47.1778072 47.0771543 
1562.0000000 46.9813886 46.8807358 
1563.0000000 46.7849701 46.6843172 
1564.0000000 46.5885515 46.4878987 
1565.0000000 46.3921330 46.2914801 
1566.0000000 46.1957144 46.0950616 
1567.0000000 45.9992959 45.8986430 
1568.0000000 45.8028773 45.7022245 
1569.0000000 45.6064588 45.5058059 
1570.0000000 45.4100402 45.3093874 
1571.0000000 45.2136217 45.1129688 
1572.0000000 45.0172031 44.9165503 
1573.0000000 44.8207846 44.7201317 
1574.0000000 44.6243660 44.5237132 
1575.0000000 44.4279475 44.3272946 
1576.0000000 44.2315289 44.1308761 
1577.0000000 44.0351104 43.9344575 
1578.0000000 43.8386918 43.7380390 
1579.0000000 43.6422733 43.5416204 
1580.0000000 43.4458547 43.3452019 
1581.0000000 43.2494362 43.1487833 
1582.0000000 43.0530176 42.9523648 
1583.0000000 42.8565991 42.7559462 
1584.0000000 42.6601805 42.5595277 
1585.0000000 42.4637620 42.3631091 
1586.0000000 42.2673434 42.1666906 
1587.0000000 42.0709249 41.9702720 
1588.0000000 41.8745063 41.7738535 
1589.0000000 41.6780878 41.5774349 
1590.0000000 41.4816692 41.3810164 
1591.0000000 41.2852507 41.1845978 
1592.0000000 41.0888321 40.9881793 
1593.0000000 40.8924136 40.7917607 
1594.0000000 40.6959950 40.5953421 
1595.0000000 40.4995765 40.3989236 
1596.0000000 40.3031579 40.2025050 
1597.0000000 40.1067394 40.0060865 
1598.0000000 39.9103208 39.8096679 
1599.0000000 39.7139023 39.6132494 
1600.0000000 39.5174837 39.4168308 
1601.0000000 39.3210652 39.2204123 
1602.0000000 39.1246466 39.0239937 
1603.0000000 38.9282281 38.8275752 
1604.0000000 38.7318095 38.6311566 
1605.0000000 38.5353910 38.4347381 
1606.0000000 38.3389724 38.2383195 
1607.0000000 38.1425539 38.0419010 
1608.0000000 37.9461353 37.8454824 
1609.0000000 37.7497167 37.6490639 
1610.0000000 37.5532982 37.4526453 
1611.0000000 37.3568796 37.2562268 
1612.0000000 37.1604611 37.0598082 
1613.0000000 36.9640425 36.8633897 
1614.0000000 36.7676240 36.6669711 
1615.0000000 36.5712054 36.4705526 
1616.0000000 36.3747869 36.2741340 
1617.0000000 36.1783683 36.0777155 
1618.0000000 35.9819498 35.8812969 
1619.0000000 35.7855312 35.6848784 
1620.0000000 35.5891127 35.4884598 
1621.0000000 35.3926941 35.2920413 
1622.0000000 35.1962756 35.0956227 
1623.0000000 34.9998570 34.8992042 
1624.0000000 34.8034385 34.7027856 
1625.0000000 34.6070199 34.5063671 
1626.0000000 34.4106014 34.3099485 
1627.0000000 34.2141828 34.1135300 
1628.0000000 34.0177643 33.9171114 
1629.0000000 33.8213457 33.7206929 
1630.0000000 33.6249272 33.5242743 
1631.0000000 33.4285086 33.3278558 
1632.0000000 33.2320901 33.1314372 
1633.0000000 33.0356715 32.9350187 
1634.0000000 32.8392530 32.7386001 
1635.0000000 32.6428344 32.5421816 
1636.0000000 32.4464159 32.3457630 
1637.0000000 32.2499973 32.1493445 
1638.0000000 32.0535788 31.9529259 
1639.0000000 31.8571602 31.7565074 
1640.0000000 31.6607417 31.5600888 
1641.0000000 31.4643231 31.3636703 
1642.0000000 31.2679046 31.1672517 
1643.0000000 31.0714860 30.9708332 
1644.0000000 30.8750675 30.7744146 
1645.0000000 30.6786489 30.5779961 
1646.0000000 30.4822304 30.3815775 
1647.0000000 30.2858118 30.1851590 
1648.0000000 30.0893933 29.9887404 
1649.0000000 29.8929747 29.7923219 
1650.0000000 29.6965562 29.5959033 
1651.0000000 29.5001376 29.3994848 
1652.0000000 29.3037191 29.2030662 
1653.0000000 29.1073005 29.0066477 
1654.0000000 28.9108820 28.8102291 
1655.0000000 28.7144634 28.6138106 
1656.0000000 28.5180449 28.4173920 
1657.0000000 28.3216263 28.2209735 
1658.0000000 28.1252078 28.0245549 
1659.0000000 27.9287892 27.8281364 
1660.0000000 27.7323707 27.6317178 
1661.0000000 27.5359521 27.4352993 
1662.0000000 27.3395336 27.2388807 
1663.0000000 27.1431150 27.0424622 
1664.0000000 26.9466965 26.8460436 
1665.0000000 26.7502779 26.6496251 
1666.0000000 26.5538594 26.4532065 
1667.0000000 26.3574408 26.2567880 
1668.0000000 26.1610223 26.0603694 
1669.0000000 25.9646037 25.8639509 
1670.0000000 25.7681852 25.6675323 
1671.0000000 25.5717666 25.4711138 
1672.0000000 25.3753481 25.2746952 
1673.0000000 25.1789295 25.0782767 
1674.0000000 24.9825110 24.8818581 
1675.0000000 24.7860924 24.6854396 
1676.0000000 24.5896739 24.4890210 
1677.0000000 24.3932553 24.2926025 
1678.0000000 24.1968368 24.0961839 
1679.0000000 24.0004182 23.8997654 
1680.0000000 23.8039997 23.7033468 
1681.0000000 23.6075811 23.5069283 
1682.0000000 23.4111626 23.3105097 
1683.0000000 23.2147440 23.1140912 
1684.0000000 23.0183255 22.9176726 
1685.0000000 22.8219069 22.7212541 
1686.0000000 22.6254884 22.5248355 
1687.0000000 22.4290698 22.3284170 
1688.0000000 22.2326513 22.1319984 
1689.0000000 22.0362327 21.9355799 
1690.0000000 21.8398142 21.7391613 
1691.0000000 21.6433956 21.5427428 
1692.0000000 21.4469771 21.3463242 
1693.0000000 21.2505585 21.1499057 
1694.0000000 21.0541400 20.9534871 
1695.0000000 20.8577214 20.7570686 
1696.0000000 20.6613029 20.5606500 
1697.0000000 20.4648843 20.3642315 
1698.0000000 20.2684658 20.1678129 
1699.0000000 20.0720472 19.9713944 
1700.0000000 19.8756287 19.7749758 
1701.0000000 19.6792101 19.5785573 
1702.0000000 19.4827916 19.3821387 
1703.0000000 19.2863730 19.1857202 
1704.0000000 19.0899545 18.9893016 
1705.0000000 18.8935359 18.7928831 
1706.0000000 18.6971174 18.5964645 
1707.0000000 18.5006988 18.4000460 
1708.0000000 18.3042803 18.2036274 
1709.0000000 18.1078617 18.0072089 
1710.0000000 17.9114432 17.8107903 
1711.0000000 17.7150246 17.6143718 
1712.0000000 17.5186061 17.4179532 
1713.0000000 17.3221875 17.2215347 
1714.0000000 17.1257690 17.0251161 
1715.0000000 16.9293504 16.8286976 
1716.0000000 16.7329319 16.6322790 
1717.0000000 16.5365133 16.4358605 
1718.0000000 16.3400948 16.2394419 
1719.0000000 16.1436762 16.0430234 
1720.0000000 15.9472577 15.8466048 
1721.0000000 15.7508391 15.6501863 
1722.0000000 15.5544206 15.4537677 
1723.0000000 15.3580020 15.2573492 
1724.0000000 15.1615835 15.0609306 
1725.0000000 14.9651649 14.8645121 
1726.0000000 14.7687464 14.6680935 
1727.0000000 14.5723278 14.4716750 
1728.0000000 14.3759093 14.2752564 
1729.0000000 14.1794907 14.0788379 
1730.0000000 13.9830722 13.8824193 
1731.0000000 13.7866536 13.6860008 
1732.0000000 13.5902351 13.4895822 
1733.0000000 13.3938165 13.2931637 
1734.0000000 13.1973980 13.0967451 
1735.0000000 13.0009794 12.9003266 
1736.0000000 12.8045609 12.7039080 
1737.0000000 12.6081423 12.5074895 
1738.0000000 12.4117238 12.3110709 
1739.0000000 12.2153052 12.1146524 
1740.0000000 12.0188867 11.9182338 
1741.0000000 11.8224681 11.7218153 
1742.0000000 11.6260496 11.5253967 
1743.0000000 11.4296310 11.3289782 
1744.0000000 11.2332125 11.1325596 
1745.0000000 11.0367939 10.9361410 
1746.0000000 10.8403754 10.7397225 
1747.0000000 10.6439568 10.5433039 
1748.0000000 10.4475383 10.3468854 
1749.0000000 10.2511197 10.1504668 
1750.0000000 10.0547012 9.9540483 
1751.0000000 9.8582826 9.7576297 
1752.0000000 9.6618641 9.5612112 
1753.0000000 9.4654455 9.3647926 
1754.0000000 9.2690270 9.1683741 
1755.0000000 9.0726084 8.9719555 
1756.0000000 8.8761899 8.7755370 
1757.0000000 8.6797713 8.5791184 
1758.0000000 8.4833528 8.3826999 
1759.0000000 8.2869342 8.1862813 
1760.0000000 8.0905157 7.9898628 
1761.0000000 7.8940971 7.7934442 
1762.0000000 7.6976785 7.5970257 
1763.0000000 7.5012600 7.4006071 
1764.0000000 7.3048414 7.2041886 
1765.0000000 7.1084229 7.0077700 
1766.0000000 6.9120043 6.8113515 
1767.0000000 6.7155858 6.6149329 
1768.0000000 6.5191672 6.4185144 
1769.0000000 6.3227487 6.2220958 
1770.0000000 6.1263301 6.0256773 
1771.0000000 5.9299116 5.8292587 
1772.0000000 5.7334930 5.6328402 
1773.0000000 5.5370745 5.4364216 
1774.0000000 5.3406559 5.2400031 
1775.0000000 5.1442374 5.0435845 
1776.0000000 4.9478188 4.8471660 
1777.0000000 4.7514003 4.6507474 
1778.0000000 4.5549817 4.4543289 
1779.0000000 4.3585632 4.2579103 
1780.0000000 4.1621446 4.0614918 
1781.0000000 3.9657261 3.8650732 
1782.0000000 3.7693075 3.6686547 
1783.0000000 3.5728890 3.4722361 
1784.0000000 3.3764704 3.2758176 
1785.0000000 3.1800519 3.0793990 
1786.0000000 2.9836333 2.8829805 
1787.0000000 2.7872148 2.6865619 
1788.0000000 2.5907962 2.4901434 
1789.0000000 2.3943777 2.2937248 
1790.0000000 2.1979591 2.0973063 
1791.0000000 2.0015406 1.9008877 
1792.0000000 1.8051220 1.7044692 
1793.0000000 1.6087035 1.5080506 
1794.0000000 1.4122849 1.3116321 
1795.0000000 1.2158664 1.1152135 
1796.0000000 1.0194478 0.9187950 
1797.0000000 0.8230293 0.7223764 
1798.0000000 0.6266107 0.5259579 
1799.0000000 0.4301922 0.3295393 
1800.0000000 0.2337736 0.1331208 

