1.0000000 353.6094361 353.4696157 
2.0000000 353.4130175 353.2731972 
3.0000000 353.2165990 353.0767786 
4.0000000 353.0201804 352.8803601 
5.0000000 352.8237619 352.6839415 
6.0000000 352.6273433 352.4875230 
7.0000000 352.4309248 352.2911044 
8.0000000 352.2345062 352.0946859 
9.0000000 352.0380877 351.8982673 
10.0000000 351.8416691 351.7018488 
11.0000000 351.6452506 351.5054302 
12.0000000 351.4488320 351.3090117 
13.0000000 351.2524135 351.1125931 
14.0000000 351.0559949 350.9161746 
15.0000000 350.8595764 350.7197560 
16.0000000 350.6631578 350.5233375 
17.0000000 350.4667393 350.3269189 
18.0000000 350.2703207 350.1305004 
19.0000000 350.0739022 349.9340818 
20.0000000 349.8774836 349.7376633 
21.0000000 349.6810651 349.5412447 
22.0000000 349.4846465 349.3448262 
23.0000000 349.2882280 349.1484076 
24.0000000 349.0918094 348.9519891 
25.0000000 348.8953909 348.7555705 
26.0000000 348.6989723 348.5591520 
27.0000000 348.5025538 348.3627334 
28.0000000 348.3061352 348.1663149 
29.0000000 348.1097167 347.9698963 
30.0000000 347.9132981 347.7734778 
31.0000000 347.7168796 347.5770592 
32.0000000 347.5204610 347.3806407 
33.0000000 347.3240425 347.1842221 
34.0000000 347.1276239 346.9878036 
35.0000000 346.9312054 346.7913850 
36.0000000 346.7347868 346.5949665 
37.0000000 346.5383683 346.3985479 
38.0000000 346.3419497 346.2021294 
39.0000000 346.1455312 346.0057108 
40.0000000 345.9491126 345.8092923 
41.0000000 345.7526941 345.6128737 
42.0000000 345.5562755 345.4164552 
43.0000000 345.3598570 345.2200366 
44.0000000 345.1634384 345.0236181 
45.0000000 344.9670199 344.8271995 
46.0000000 344.7706013 344.6307810 
47.0000000 344.5741828 344.4343624 
48.0000000 344.3777642 344.2379439 
49.0000000 344.1813457 344.0415253 
50.0000000 343.9849271 343.8451068 
51.0000000 343.7885086 343.6486882 
52.0000000 343.5920900 343.4522697 
53.0000000 343.3956715 343.2558511 
54.0000000 343.1992529 343.0594326 
55.0000000 343.0028344 342.8630140 
56.0000000 342.8064158 342.6665955 
57.0000000 342.6099973 342.4701769 
58.0000000 342.4135787 342.2737584 
59.0000000 342.2171602 342.0773398 
60.0000000 342.0207416 341.8809213 
61.0000000 341.8243231 341.6845027 
62.0000000 341.6279045 341.4880842 
63.0000000 341.4314860 341.2916656 
64.0000000 341.2350674 341.0952471 
65.0000000 341.0386489 340.8988285 
66.0000000 340.8422303 340.7024100 
67.0000000 340.6458118 340.5059914 
68.0000000 340.4493932 340.3095729 
69.0000000 340.2529747 340.1131543 
70.0000000 340.0565561 339.9167358 
71.0000000 339.8601376 339.7203172 
72.0000000 339.6637190 339.5238987 
73.0000000 339.4673005 339.3274801 
74.0000000 339.2708819 339.1310616 
75.0000000 339.0744634 338.9346430 
76.0000000 338.8780448 338.7382245 
77.0000000 338.6816263 338.5418059 
78.0000000 338.4852077 338.3453874 
79.0000000 338.2887892 338.1489688 
80.0000000 338.0923706 337.9525503 
81.0000000 337.8959521 337.7561317 
82.0000000 337.6995335 337.5597132 
83.0000000 337.5031150 337.3632946 
84.0000000 337.3066964 337.1668761 
85.0000000 337.1102779 336.9704575 
86.0000000 336.9138593 336.7740390 
87.0000000 336.7174408 336.5776204 
88.0000000 336.5210222 336.3812019 
89.0000000 336.3246037 336.1847833 
90.0000000 336.1281851 335.9883648 
91.0000000 335.9317666 335.7919462 
92.0000000 335.7353480 335.5955277 
93.0000000 335.5389294 335.3991091 
94.0000000 335.3425109 335.2026906 
95.0000000 335.1460923 335.0062720 
96.0000000 334.9496738 334.8098535 
97.0000000 334.7532552 334.6134349 
98.0000000 334.5568367 334.4170164 
99.0000000 334.3604181 334.2205978 
100.0000000 334.1639996 334.0241793 
101.0000000 333.9675810 333.8277607 
102.0000000 333.7711625 333.6313422 
103.0000000 333.5747439 333.4349236 
104.0000000 333.3783254 333.2385051 
105.0000000 333.1819068 333.0420865 
106.0000000 332.9854883 332.8456680 
107.0000000 332.7890697 332.6492494 
108.0000000 332.5926512 332.4528309 
109.0000000 332.3962326 332.2564123 
110.0000000 332.1998141 332.0599938 
111.0000000 332.0033955 331.8635752 
112.0000000 331.8069770 331.6671567 
113.0000000 331.6105584 331.4707381 
114.0000000 331.4141399 331.2743196 
115.0000000 331.2177213 331.0779010 
116.0000000 331.0213028 330.8814825 
117.0000000 330.8248842 330.6850639 
118.0000000 330.6284657 330.4886454 
119.0000000 330.4320471 330.2922268 
120.0000000 330.2356286 330.0958083 
121.0000000 330.0392100 329.8993897 
122.0000000 329.8427915 329.7029712 
123.0000000 329.6463729 329.5065526 
124.0000000 329.4499544 329.3101341 
125.0000000 329.2535358 329.1137155 
126.0000000 329.0571173 328.9172970 
127.0000000 328.8606987 328.7208784 
128.0000000 328.6642802 328.5244599 
129.0000000 328.4678616 328.3280413 
130.0000000 328.2714431 328.1316228 
131.0000000 328.0750245 327.9352042 
132.0000000 327.8786060 327.7387857 
133.0000000 327.6821874 327.5423671 
134.0000000 327.4857689 327.3459486 
135.0000000 327.2893503 327.1495300 
136.0000000 327.0929318 326.9531115 
137.0000000 326.8965132 326.7566929 
138.0000000 326.7000947 326.5602744 
139.0000000 326.5036761 326.3638558 
140.0000000 326.3072576 326.1674373 
141.0000000 326.1108390 325.9710187 
142.0000000 325.9144205 325.7746002 
143.0000000 325.7180019 325.5781816 
144.0000000 325.5215834 325.3817630 
145.0000000 325.3251648 325.1853445 
146.0000000 325.1287463 324.9889259 
147.0000000 324.9323277 324.7925074 
148.0000000 324.7359092 324.5960888 
149.0000000 324.5394906 324.3996703 
150.0000000 324.3430721 324.2032517 
151.0000000 324.1466535 324.0068332 
152.0000000 323.9502350 323.8104146 
153.0000000 323.7538164 323.6139961 
154.0000000 323.5573979 323.4175775 
155.0000000 323.3609793 323.2211590 
156.0000000 323.1645608 323.0247404 
157.0000000 322.9681422 322.8283219 
158.0000000 322.7717237 322.6319033 
159.0000000 322.5753051 322.4354848 
160.0000000 322.3788866 322.2390662 
161.0000000 322.1824680 322.0426477 
162.0000000 321.9860495 321.8462291 
163.0000000 321.7896309 321.6498106 
164.0000000 321.5932124 321.4533920 
165.0000000 321.3967938 321.2569735 
166.0000000 321.2003753 321.0605549 
167.0000000 321.0039567 320.8641364 
168.0000000 320.8075382 320.6677178 
169.0000000 320.6111196 320.4712993 
170.0000000 320.4147011 320.2748807 
171.0000000 320.2182825 320.0784622 
172.0000000 320.0218640 319.8820436 
173.0000000 319.8254454 319.6856251 
174.0000000 319.6290269 319.4892065 
175.0000000 319.4326083 319.2927880 
176.0000000 319.2361898 319.0963694 
177.0000000 319.0397712 318.8999509 
178.0000000 318.8433527 318.7035323 
179.0000000 318.6469341 318.5071138 
180.0000000 318.4505156 318.3106952 
181.0000000 318.2540970 318.1142767 
182.0000000 318.0576785 317.9178581 
183.0000000 317.8612599 317.7214396 
184.0000000 317.6648414 317.5250210 
185.0000000 317.4684228 317.3286025 
186.0000000 317.2720043 317.1321839 
187.0000000 317.0755857 316.9357654 
188.0000000 316.8791672 316.7393468 
189.0000000 316.6827486 316.5429283 
190.0000000 316.4863301 316.3465097 
191.0000000 316.2899115 316.1500912 
192.0000000 316.0934930 315.9536726 
193.0000000 315.8970744 315.7572541 
194.0000000 315.7006559 315.5608355 
195.0000000 315.5042373 315.3644170 
196.0000000 315.3078188 315.1679984 
197.0000000 315.1114002 314.9715799 
198.0000000 314.9149817 314.7751613 
199.0000000 314.7185631 314.5787428 
200.0000000 314.5221446 314.3823242 
201.0000000 314.3257260 314.1859057 
202.0000000 314.1293075 313.9894871 
203.0000000 313.9328889 313.7930686 
204.0000000 313.7364704 313.5966500 
205.0000000 313.5400518 313.4002315 
206.0000000 313.3436333 313.2038129 
207.0000000 313.1472147 313.0073944 
208.0000000 312.9507962 312.8109758 
209.0000000 312.7543776 312.6145573 
210.0000000 312.5579591 312.4181387 
211.0000000 312.3615405 312.2217202 
212.0000000 312.1651220 312.0253016 
213.0000000 311.9687034 311.8288831 
214.0000000 311.7722849 311.6324645 
215.0000000 311.5758663 311.4360460 
216.0000000 311.3794478 311.2396274 
217.0000000 311.1830292 311.0432089 
218.0000000 310.9866107 310.8467903 
219.0000000 310.7901921 310.6503718 
220.0000000 310.5937736 310.4539532 
221.0000000 310.3973550 310.2575347 
222.0000000 310.2009365 310.0611161 
223.0000000 310.0045179 309.8646976 
224.0000000 309.8080994 309.6682790 
225.0000000 309.6116808 309.4718605 
226.0000000 309.4152623 309.2754419 
227.0000000 309.2188437 309.0790234 
228.0000000 309.0224252 308.8826048 
229.0000000 308.8260066 308.6861863 
230.0000000 308.6295881 308.4897677 
231.0000000 308.4331695 308.2933492 
232.0000000 308.2367510 308.0969306 
233.0000000 308.0403324 307.9005121 
234.0000000 307.8439139 307.7040935 
235.0000000 307.6474953 307.5076750 
236.0000000 307.4510768 307.3112564 
237.0000000 307.2546582 307.1148379 
238.0000000 307.0582397 306.9184193 
239.0000000 306.8618211 306.7220008 
240.0000000 306.6654026 306.5255822 
241.0000000 306.4689840 306.3291637 
242.0000000 306.2725655 306.1327451 
243.0000000 306.0761469 305.9363266 
244.0000000 305.8797284 305.7399080 
245.0000000 305.6833098 305.5434895 
246.0000000 305.4868912 305.3470709 
247.0000000 305.2904727 305.1506524 
248.0000000 305.0940541 304.9542338 
249.0000000 304.8976356 304.7578153 
250.0000000 304.7012170 304.5613967 
251.0000000 304.5047985 304.3649782 
252.0000000 304.3083799 304.1685596 
253.0000000 304.1119614 303.9721411 
254.0000000 303.9155428 303.7757225 
255.0000000 303.7191243 303.5793040 
256.0000000 303.5227057 303.3828854 
257.0000000 303.3262872 303.1864669 
258.0000000 303.1298686 302.9900483 
259.0000000 302.9334501 302.7936298 
260.0000000 302.7370315 302.5972112 
261.0000000 302.5406130 302.4007927 
262.0000000 302.3441944 302.2043741 
263.0000000 302.1477759 302.0079556 
264.0000000 301.9513573 301.8115370 
265.0000000 301.7549388 301.6151185 
266.0000000 301.5585202 301.4186999 
267.0000000 301.3621017 301.2222814 
268.0000000 301.1656831 301.0258628 
269.0000000 300.9692646 300.8294443 
270.0000000 300.7728460 300.6330257 
271.0000000 300.5764275 300.4366072 
272.0000000 300.3800089 300.2401886 
273.0000000 300.1835904 300.0437701 
274.0000000 299.9871718 299.8473515 
275.0000000 299.7907533 299.6509330 
276.0000000 299.5943347 299.4545144 
277.0000000 299.3979162 299.2580959 
278.0000000 299.2014976 299.0616773 
279.0000000 299.0050791 298.8652588 
280.0000000 298.8086605 298.6688402 
281.0000000 298.6122420 298.4724217 
282.0000000 298.4158234 298.2760031 
283.0000000 298.2194049 298.0795846 
284.0000000 298.0229863 297.8831660 
285.0000000 297.8265678 297.6867475 
286.0000000 297.6301492 297.4903289 
287.0000000 297.4337307 297.2939104 
288.0000000 297.2373121 297.0974918 
289.0000000 297.0408936 296.9010733 
290.0000000 296.8444750 296.7046547 
291.0000000 296.6480565 296.5082362 
292.0000000 296.4516379 296.3118176 
293.0000000 296.2552194 296.1153991 
294.0000000 296.0588008 295.9189805 
295.0000000 295.8623823 295.7225620 
296.0000000 295.6659637 295.5261434 
297.0000000 295.4695452 295.3297248 
298.0000000 295.2731266 295.1333063 
299.0000000 295.0767081 294.9368877 
300.0000000 294.8802895 294.7404692 
301.0000000 294.6838710 294.5440506 
302.0000000 294.4874524 294.3476321 
303.0000000 294.2910339 294.1512135 
304.0000000 294.0946153 293.9547950 
305.0000000 293.8981968 293.7583764 
306.0000000 293.7017782 293.5619579 
307.0000000 293.5053597 293.3655393 
308.0000000 293.3089411 293.1691208 
309.0000000 293.1125226 292.9727022 
310.0000000 292.9161040 292.7762837 
311.0000000 292.7196855 292.5798651 
312.0000000 292.5232669 292.3834466 
313.0000000 292.3268484 292.1870280 
314.0000000 292.1304298 291.9906095 
315.0000000 291.9340113 291.7941909 
316.0000000 291.7375927 291.5977724 
317.0000000 291.5411742 291.4013538 
318.0000000 291.3447556 291.2049353 
319.0000000 291.1483371 291.0085167 
320.0000000 290.9519185 290.8120982 
321.0000000 290.7555000 290.6156796 
322.0000000 290.5590814 290.4192611 
323.0000000 290.3626629 290.2228425 
324.0000000 290.1662443 290.0264240 
325.0000000 289.9698258 289.8300054 
326.0000000 289.7734072 289.6335869 
327.0000000 289.5769887 289.4371683 
328.0000000 289.3805701 289.2407498 
329.0000000 289.1841516 289.0443312 
330.0000000 288.9877330 288.8479127 
331.0000000 288.7913145 288.6514941 
332.0000000 288.5948959 288.4550756 
333.0000000 288.3984774 288.2586570 
334.0000000 288.2020588 288.0622385 
335.0000000 288.0056403 287.8658199 
336.0000000 287.8092217 287.6694014 
337.0000000 287.6128032 287.4729828 
338.0000000 287.4163846 287.2765643 
339.0000000 287.2199661 287.0801457 
340.0000000 287.0235475 286.8837272 
341.0000000 286.8271290 286.6873086 
342.0000000 286.6307104 286.4908901 
343.0000000 286.4342919 286.2944715 
344.0000000 286.2378733 286.0980530 
345.0000000 286.0414548 285.9016344 
346.0000000 285.8450362 285.7052159 
347.0000000 285.6486177 285.5087973 
348.0000000 285.4521991 285.3123788 
349.0000000 285.2557806 285.1159602 
350.0000000 285.0593620 284.9195417 
351.0000000 284.8629435 284.7231231 
352.0000000 284.6665249 284.5267046 
353.0000000 284.4701064 284.3302860 
354.0000000 284.2736878 284.1338675 
355.0000000 284.0772693 283.9374489 
356.0000000 283.8808507 283.7410304 
357.0000000 283.6844322 283.5446118 
358.0000000 283.4880136 283.3481933 
359.0000000 283.2915951 283.1517747 
360.0000000 283.0951765 282.9553562 
361.0000000 282.8987580 282.7589376 
362.0000000 282.7023394 282.5625191 
363.0000000 282.5059209 282.3661005 
364.0000000 282.3095023 282.1696820 
365.0000000 282.1130838 281.9732634 
366.0000000 281.9166652 281.7768449 
367.0000000 281.7202467 281.5804263 
368.0000000 281.5238281 281.3840078 
369.0000000 281.3274096 281.1875892 
370.0000000 281.1309910 280.9911707 
371.0000000 280.9345725 280.7947521 
372.0000000 280.7381539 280.5983336 
373.0000000 280.5417354 280.4019150 
374.0000000 280.3453168 280.2054965 
375.0000000 280.1488983 280.0090779 
376.0000000 279.9524797 279.8126594 
377.0000000 279.7560612 279.6162408 
378.0000000 279.5596426 279.4198223 
379.0000000 279.3632241 279.2234037 
380.0000000 279.1668055 279.0269852 
381.0000000 278.9703870 278.8305666 
382.0000000 278.7739684 278.6341481 
383.0000000 278.5775499 278.4377295 
384.0000000 278.3811313 278.2413110 
385.0000000 278.1847128 278.0448924 
386.0000000 277.9882942 277.8484739 
387.0000000 277.7918757 277.6520553 
388.0000000 277.5954571 277.4556368 
389.0000000 277.3990386 277.2592182 
390.0000000 277.2026200 277.0627997 
391.0000000 277.0062015 276.8663811 
392.0000000 276.8097829 276.6699626 
393.0000000 276.6133644 276.4735440 
394.0000000 276.4169458 276.2771255 
395.0000000 276.2205273 276.0807069 
396.0000000 276.0241087 275.8842884 
397.0000000 275.8276901 275.6878698 
398.0000000 275.6312716 275.4914513 
399.0000000 275.4348530 275.2950327 
400.0000000 275.2384345 275.0986142 
401.0000000 275.0420159 274.9021956 
402.0000000 274.8455974 274.7057771 
403.0000000 274.6491788 274.5093585 
404.0000000 274.4527603 274.3129400 
405.0000000 274.2563417 274.1165214 
406.0000000 274.0599232 273.9201029 
407.0000000 273.8635046 273.7236843 
408.0000000 273.6670861 273.5272658 
409.0000000 273.4706675 273.3308472 
410.0000000 273.2742490 273.1344287 
411.0000000 273.0778304 272.9380101 
412.0000000 272.8814119 272.7415916 
413.0000000 272.6849933 272.5451730 
414.0000000 272.4885748 272.3487545 
415.0000000 272.2921562 272.1523359 
416.0000000 272.0957377 271.9559174 
417.0000000 271.8993191 271.7594988 
418.0000000 271.7029006 271.5630803 
419.0000000 271.5064820 271.3666617 
420.0000000 271.3100635 271.1702432 
421.0000000 271.1136449 270.9738246 
422.0000000 270.9172264 270.7774061 
423.0000000 270.7208078 270.5809875 
424.0000000 270.5243893 270.3845690 
425.0000000 270.3279707 270.1881504 
426.0000000 270.1315522 269.9917319 
427.0000000 269.9351336 269.7953133 
428.0000000 269.7387151 269.5988948 
429.0000000 269.5422965 269.4024762 
430.0000000 269.3458780 269.2060577 
431.0000000 269.1494594 269.0096391 
432.0000000 268.9530409 268.8132206 
433.0000000 268.7566223 268.6168020 
434.0000000 268.5602038 268.4203835 
435.0000000 268.3637852 268.2239649 
436.0000000 268.1673667 268.0275464 
437.0000000 267.9709481 267.8311278 
438.0000000 267.7745296 267.6347093 
439.0000000 267.5781110 267.4382907 
440.0000000 267.3816925 267.2418722 
441.0000000 267.1852739 267.0454536 
442.0000000 266.9888554 266.8490351 
443.0000000 266.7924368 266.6526165 
444.0000000 266.5960183 266.4561980 
445.0000000 266.3995997 266.2597794 
446.0000000 266.2031812 266.0633609 
447.0000000 266.0067626 265.8669423 
448.0000000 265.8103441 265.6705237 
449.0000000 265.6139255 265.4741052 
450.0000000 265.4175070 265.2776866 
451.0000000 265.2210884 265.0812681 
452.0000000 265.0246699 264.8848495 
453.0000000 264.8282513 264.6884310 
454.0000000 264.6318328 264.4920124 
455.0000000 264.4354142 264.2955939 
456.0000000 264.2389957 264.0991753 
457.0000000 264.0425771 263.9027568 
458.0000000 263.8461586 263.7063382 
459.0000000 263.6497400 263.5099197 
460.0000000 263.4533215 263.3135011 
461.0000000 263.2569029 263.1170826 
462.0000000 263.0604844 262.9206640 
463.0000000 262.8640658 262.7242455 
464.0000000 262.6676473 262.5278269 
465.0000000 262.4712287 262.3314084 
466.0000000 262.2748102 262.1349898 
467.0000000 262.0783916 261.9385713 
468.0000000 261.8819731 261.7421527 
469.0000000 261.6855545 261.5457342 
470.0000000 261.4891360 261.3493156 
471.0000000 261.2927174 261.1528971 
472.0000000 261.0962989 260.9564785 
473.0000000 260.8998803 260.7600600 
474.0000000 260.7034618 260.5636414 
475.0000000 260.5070432 260.3672229 
476.0000000 260.3106247 260.1708043 
477.0000000 260.1142061 259.9743858 
478.0000000 259.9177876 259.7779672 
479.0000000 259.7213690 259.5815487 
480.0000000 259.5249505 259.3851301 
481.0000000 259.3285319 259.1887116 
482.0000000 259.1321134 258.9922930 
483.0000000 258.9356948 258.7958745 
484.0000000 258.7392763 258.5994559 
485.0000000 258.5428577 258.4030374 
486.0000000 258.3464392 258.2066188 
487.0000000 258.1500206 258.0102003 
488.0000000 257.9536021 257.8137817 
489.0000000 257.7571835 257.6173632 
490.0000000 257.5607650 257.4209446 
491.0000000 257.3643464 257.2245261 
492.0000000 257.1679279 257.0281075 
493.0000000 256.9715093 256.8316890 
494.0000000 256.7750908 256.6352704 
495.0000000 256.5786722 256.4388519 
496.0000000 256.3822537 256.2424333 
497.0000000 256.1858351 256.0460148 
498.0000000 255.9894166 255.8495962 
499.0000000 255.7929980 255.6531777 
500.0000000 255.5965795 255.4567591 
501.0000000 255.4001609 255.2603406 
502.0000000 255.2037424 255.0639220 
503.0000000 255.0073238 254.8675035 
504.0000000 254.8109053 254.6710849 
505.0000000 254.6144867 254.4746664 
506.0000000 254.4180682 254.2782478 
507.0000000 254.2216496 254.0818293 
508.0000000 254.0252311 253.8854107 
509.0000000 253.8288125 253.6889922 
510.0000000 253.6323940 253.4925736 
511.0000000 253.4359754 253.2961551 
512.0000000 253.2395569 253.0997365 
513.0000000 253.0431383 252.9033180 
514.0000000 252.8467198 252.7068994 
515.0000000 252.6503012 252.5104809 
516.0000000 252.4538827 252.3140623 
517.0000000 252.2574641 252.1176438 
518.0000000 252.0610456 251.9212252 
519.0000000 251.8646270 251.7248067 
520.0000000 251.6682085 251.5283881 
521.0000000 251.4717899 251.3319696 
522.0000000 251.2753714 251.1355510 
523.0000000 251.0789528 250.9391325 
524.0000000 250.8825343 250.7427139 
525.0000000 250.6861157 250.5462954 
526.0000000 250.4896972 250.3498768 
527.0000000 250.2932786 250.1534583 
528.0000000 250.0968601 249.9570397 
529.0000000 249.9004415 249.7606212 
530.0000000 249.7040230 249.5642026 
531.0000000 249.5076044 249.3677841 
532.0000000 249.3111859 249.1713655 
533.0000000 249.1147673 248.9749470 
534.0000000 248.9183488 248.7785284 
535.0000000 248.7219302 248.5821099 
536.0000000 248.5255117 248.3856913 
537.0000000 248.3290931 248.1892728 
538.0000000 248.1326746 247.9928542 
539.0000000 247.9362560 247.7964357 
540.0000000 247.7398375 247.6000171 
541.0000000 247.5434189 247.4035986 
542.0000000 247.3470004 247.2071800 
543.0000000 247.1505818 247.0107615 
544.0000000 246.9541633 246.8143429 
545.0000000 246.7577447 246.6179244 
546.0000000 246.5613262 246.4215058 
547.0000000 246.3649076 246.2250873 
548.0000000 246.1684891 246.0286687 
549.0000000 245.9720705 245.8322502 
550.0000000 245.7756519 245.6358316 
551.0000000 245.5792334 245.4394131 
552.0000000 245.3828148 245.2429945 
553.0000000 245.1863963 245.0465760 
554.0000000 244.9899777 244.8501574 
555.0000000 244.7935592 244.6537389 
556.0000000 244.5971406 244.4573203 
557.0000000 244.4007221 244.2609018 
558.0000000 244.2043035 244.0644832 
559.0000000 244.0078850 243.8680647 
560.0000000 243.8114664 243.6716461 
561.0000000 243.6150479 243.4752276 
562.0000000 243.4186293 243.2788090 
563.0000000 243.2222108 243.0823905 
564.0000000 243.0257922 242.8859719 
565.0000000 242.8293737 242.6895534 
566.0000000 242.6329551 242.4931348 
567.0000000 242.4365366 242.2967163 
568.0000000 242.2401180 242.1002977 
569.0000000 242.0436995 241.9038792 
570.0000000 241.8472809 241.7074606 
571.0000000 241.6508624 241.5110421 
572.0000000 241.4544438 241.3146235 
573.0000000 241.2580253 241.1182050 
574.0000000 241.0616067 240.9217864 
575.0000000 240.8651882 240.7253679 
576.0000000 240.6687696 240.5289493 
577.0000000 240.4723511 240.3325308 
578.0000000 240.2759325 240.1361122 
579.0000000 240.0795140 239.9396937 
580.0000000 239.8830954 239.7432751 
581.0000000 239.6866769 239.5468566 
582.0000000 239.4902583 239.3504380 
583.0000000 239.2938398 239.1540195 
584.0000000 239.0974212 238.9576009 
585.0000000 238.9010027 238.7611824 
586.0000000 238.7045841 238.5647638 
587.0000000 238.5081656 238.3683453 
588.0000000 238.3117470 238.1719267 
589.0000000 238.1153285 237.9755082 
590.0000000 237.9189099 237.7790896 
591.0000000 237.7224914 237.5826711 
592.0000000 237.5260728 237.3862525 
593.0000000 237.3296543 237.1898340 
594.0000000 237.1332357 236.9934154 
595.0000000 236.9368172 236.7969969 
596.0000000 236.7403986 236.6005783 
597.0000000 236.5439801 236.4041598 
598.0000000 236.3475615 236.2077412 
599.0000000 236.1511430 236.0113226 
600.0000000 235.9547244 235.8149041 
601.0000000 235.7583059 235.6184855 
602.0000000 235.5618873 235.4220670 
603.0000000 235.3654688 235.2256484 
604.0000000 235.1690502 235.0292299 
605.0000000 234.9726317 234.8328113 
606.0000000 234.7762131 234.6363928 
607.0000000 234.5797946 234.4399742 
608.0000000 234.3833760 234.2435557 
609.0000000 234.1869575 234.0471371 
610.0000000 233.9905389 233.8507186 
611.0000000 233.7941204 233.6543000 
612.0000000 233.5977018 233.4578815 
613.0000000 233.4012833 233.2614629 
614.0000000 233.2048647 233.0650444 
615.0000000 233.0084462 232.8686258 
616.0000000 232.8120276 232.6722073 
617.0000000 232.6156091 232.4757887 
618.0000000 232.4191905 232.2793702 
619.0000000 232.2227720 232.0829516 
620.0000000 232.0263534 231.8865331 
621.0000000 231.8299349 231.6901145 
622.0000000 231.6335163 231.4936960 
623.0000000 231.4370978 231.2972774 
624.0000000 231.2406792 231.1008589 
625.0000000 231.0442607 230.9044403 
626.0000000 230.8478421 230.7080218 
627.0000000 230.6514236 230.5116032 
628.0000000 230.4550050 230.3151847 
629.0000000 230.2585865 230.1187661 
630.0000000 230.0621679 229.9223476 
631.0000000 229.8657494 229.7259290 
632.0000000 229.6693308 229.5295105 
633.0000000 229.4729123 229.3330919 
634.0000000 229.2764937 229.1366734 
635.0000000 229.0800752 228.9402548 
636.0000000 228.8836566 228.7438363 
637.0000000 228.6872381 228.5474177 
638.0000000 228.4908195 228.3509992 
639.0000000 228.2944010 228.1545806 
640.0000000 228.0979824 227.9581621 
641.0000000 227.9015639 227.7617435 
642.0000000 227.7051453 227.5653250 
643.0000000 227.5087268 227.3689064 
644.0000000 227.3123082 227.1724879 
645.0000000 227.1158897 226.9760693 
646.0000000 226.9194711 226.7796508 
647.0000000 226.7230526 226.5832322 
648.0000000 226.5266340 226.3868137 
649.0000000 226.3302155 226.1903951 
650.0000000 226.1337969 225.9939766 
651.0000000 225.9373784 225.7975580 
652.0000000 225.7409598 225.6011395 
653.0000000 225.5445413 225.4047209 
654.0000000 225.3481227 225.2083024 
655.0000000 225.1517042 225.0118838 
656.0000000 224.9552856 224.8154653 
657.0000000 224.7588671 224.6190467 
658.0000000 224.5624485 224.4226282 
659.0000000 224.3660300 224.2262096 
660.0000000 224.1696114 224.0297911 
661.0000000 223.9731929 223.8333725 
662.0000000 223.7767743 223.6369540 
663.0000000 223.5803558 223.4405354 
664.0000000 223.3839372 223.2441169 
665.0000000 223.1875187 223.0476983 
666.0000000 222.9911001 222.8512798 
667.0000000 222.7946816 222.6548612 
668.0000000 222.5982630 222.4584427 
669.0000000 222.4018445 222.2620241 
670.0000000 222.2054259 222.0656056 
671.0000000 222.0090074 221.8691870 
672.0000000 221.8125888 221.6727685 
673.0000000 221.6161703 221.4763499 
674.0000000 221.4197517 221.2799314 
675.0000000 221.2233332 221.0835128 
676.0000000 221.0269146 220.8870943 
677.0000000 220.8304961 220.6906757 
678.0000000 220.6340775 220.4942572 
679.0000000 220.4376590 220.2978386 
680.0000000 220.2412404 220.1014201 
681.0000000 220.0448219 219.9050015 
682.0000000 219.8484033 219.7085830 
683.0000000 219.6519848 219.5121644 
684.0000000 219.4555662 219.3157459 
685.0000000 219.2591477 219.1193273 
686.0000000 219.0627291 218.9229088 
687.0000000 218.8663106 218.7264902 
688.0000000 218.6698920 218.5300717 
689.0000000 218.4734735 218.3336531 
690.0000000 218.2770549 218.1372346 
691.0000000 218.0806364 217.9408160 
692.0000000 217.8842178 217.7443975 
693.0000000 217.6877993 217.5479789 
694.0000000 217.4913807 217.3515604 
695.0000000 217.2949622 217.1551418 
696.0000000 217.0985436 216.9587233 
697.0000000 216.9021251 216.7623047 
698.0000000 216.7057065 216.5658862 
699.0000000 216.5092880 216.3694676 
700.0000000 216.3128694 216.1730491 
701.0000000 216.1164508 215.9766305 
702.0000000 215.9200323 215.7802120 
703.0000000 215.7236137 215.5837934 
704.0000000 215.5271952 215.3873749 
705.0000000 215.3307766 215.1909563 
706.0000000 215.1343581 214.9945378 
707.0000000 214.9379395 214.7981192 
708.0000000 214.7415210 214.6017007 
709.0000000 214.5451024 214.4052821 
710.0000000 214.3486839 214.2088636 
711.0000000 214.1522653 214.0124450 
712.0000000 213.9558468 213.8160265 
713.0000000 213.7594282 213.6196079 
714.0000000 213.5630097 213.4231894 
715.0000000 213.3665911 213.2267708 
716.0000000 213.1701726 213.0303523 
717.0000000 212.9737540 212.8339337 
718.0000000 212.7773355 212.6375152 
719.0000000 212.5809169 212.4410966 
720.0000000 212.3844984 212.2446781 
721.0000000 212.1880798 212.0482595 
722.0000000 211.9916613 211.8518410 
723.0000000 211.7952427 211.6554224 
724.0000000 211.5988242 211.4590039 
725.0000000 211.4024056 211.2625853 
726.0000000 211.2059871 211.0661668 
727.0000000 211.0095685 210.8697482 
728.0000000 210.8131500 210.6733297 
729.0000000 210.6167314 210.4769111 
730.0000000 210.4203129 210.2804926 
731.0000000 210.2238943 210.0840740 
732.0000000 210.0274758 209.8876555 
733.0000000 209.8310572 209.6912369 
734.0000000 209.6346387 209.4948184 
735.0000000 209.4382201 209.2983998 
736.0000000 209.2418016 209.1019813 
737.0000000 209.0453830 208.9055627 
738.0000000 208.8489645 208.7091442 
739.0000000 208.6525459 208.5127256 
740.0000000 208.4561274 208.3163071 
741.0000000 208.2597088 208.1198885 
742.0000000 208.0632903 207.9234700 
743.0000000 207.8668717 207.7270514 
744.0000000 207.6704532 207.5306329 
745.0000000 207.4740346 207.3342143 
746.0000000 207.2776161 207.1377958 
747.0000000 207.0811975 206.9413772 
748.0000000 206.8847790 206.7449587 
749.0000000 206.6883604 206.5485401 
750.0000000 206.4919419 206.3521216 
751.0000000 206.2955233 206.1557030 
752.0000000 206.0991048 205.9592844 
753.0000000 205.9026862 205.7628659 
754.0000000 205.7062677 205.5664473 
755.0000000 205.5098491 205.3700288 
756.0000000 205.3134306 205.1736102 
757.0000000 205.1170120 204.9771917 
758.0000000 204.9205935 204.7807731 
759.0000000 204.7241749 204.5843546 
760.0000000 204.5277564 204.3879360 
761.0000000 204.3313378 204.1915175 
762.0000000 204.1349193 203.9950989 
763.0000000 203.9385007 203.7986804 
764.0000000 203.7420822 203.6022618 
765.0000000 203.5456636 203.4058433 
766.0000000 203.3492451 203.2094247 
767.0000000 203.1528265 203.0130062 
768.0000000 202.9564080 202.8165876 
769.0000000 202.7599894 202.6201691 
770.0000000 202.5635709 202.4237505 
771.0000000 202.3671523 202.2273320 
772.0000000 202.1707338 202.0309134 
773.0000000 201.9743152 201.8344949 
774.0000000 201.7778967 201.6380763 
775.0000000 201.5814781 201.4416578 
776.0000000 201.3850596 201.2452392 
777.0000000 201.1886410 201.0488207 
778.0000000 200.9922225 200.8524021 
779.0000000 200.7958039 200.6559836 
780.0000000 200.5993854 200.4595650 
781.0000000 200.4029668 200.2631465 
782.0000000 200.2065483 200.0667279 
783.0000000 200.0101297 199.8703094 
784.0000000 199.8137112 199.6738908 
785.0000000 199.6172926 199.4774723 
786.0000000 199.4208741 199.2810537 
787.0000000 199.2244555 199.0846352 
788.0000000 199.0280370 198.8882166 
789.0000000 198.8316184 198.6917981 
790.0000000 198.6351999 198.4953795 
791.0000000 198.4387813 198.2989610 
792.0000000 198.2423628 198.1025424 
793.0000000 198.0459442 197.9061239 
794.0000000 197.8495257 197.7097053 
795.0000000 197.6531071 197.5132868 
796.0000000 197.4566886 197.3168682 
797.0000000 197.2602700 197.1204497 
798.0000000 197.0638515 196.9240311 
799.0000000 196.8674329 196.7276126 
800.0000000 196.6710144 196.5311940 
801.0000000 196.4745958 196.3347755 
802.0000000 196.2781773 196.1383569 
803.0000000 196.0817587 195.9419384 
804.0000000 195.8853402 195.7455198 
805.0000000 195.6889216 195.5491013 
806.0000000 195.4925031 195.3526827 
807.0000000 195.2960845 195.1562642 
808.0000000 195.0996660 194.9598456 
809.0000000 194.9032474 194.7634271 
810.0000000 194.7068289 194.5670085 
811.0000000 194.5104103 194.3705900 
812.0000000 194.3139918 194.1741714 
813.0000000 194.1175732 193.9777529 
814.0000000 193.9211547 193.7813343 
815.0000000 193.7247361 193.5849158 
816.0000000 193.5283176 193.3884972 
817.0000000 193.3318990 193.1920787 
818.0000000 193.1354805 192.9956601 
819.0000000 192.9390619 192.7992416 
820.0000000 192.7426434 192.6028230 
821.0000000 192.5462248 192.4064045 
822.0000000 192.3498063 192.2099859 
823.0000000 192.1533877 192.0135674 
824.0000000 191.9569692 191.8171488 
825.0000000 191.7605506 191.6207303 
826.0000000 191.5641321 191.4243117 
827.0000000 191.3677135 191.2278932 
828.0000000 191.1712950 191.0314746 
829.0000000 190.9748764 190.8350561 
830.0000000 190.7784579 190.6386375 
831.0000000 190.5820393 190.4422190 
832.0000000 190.3856208 190.2458004 
833.0000000 190.1892022 190.0493819 
834.0000000 189.9927837 189.8529633 
835.0000000 189.7963651 189.6565448 
836.0000000 189.5999466 189.4601262 
837.0000000 189.4035280 189.2637077 
838.0000000 189.2071095 189.0672891 
839.0000000 189.0106909 188.8708706 
840.0000000 188.8142724 188.6744520 
841.0000000 188.6178538 188.4780335 
842.0000000 188.4214353 188.2816149 
843.0000000 188.2250167 188.0851964 
844.0000000 188.0285982 187.8887778 
845.0000000 187.8321796 187.6923593 
846.0000000 187.6357611 187.4959407 
847.0000000 187.4393425 187.2995222 
848.0000000 187.2429240 187.1031036 
849.0000000 187.0465054 186.9066851 
850.0000000 186.8500869 186.7102665 
851.0000000 186.6536683 186.5138480 
852.0000000 186.4572497 186.3174294 
853.0000000 186.2608312 186.1210109 
854.0000000 186.0644126 185.9245923 
855.0000000 185.8679941 185.7281738 
856.0000000 185.6715755 185.5317552 
857.0000000 185.4751570 185.3353367 
858.0000000 185.2787384 185.1389181 
859.0000000 185.0823199 184.9424996 
860.0000000 184.8859013 184.7460810 
861.0000000 184.6894828 184.5496625 
862.0000000 184.4930642 184.3532439 
863.0000000 184.2966457 184.1568254 
864.0000000 184.1002271 183.9604068 
865.0000000 183.9038086 183.7639883 
866.0000000 183.7073900 183.5675697 
867.0000000 183.5109715 183.3711512 
868.0000000 183.3145529 183.1747326 
869.0000000 183.1181344 182.9783141 
870.0000000 182.9217158 182.7818955 
871.0000000 182.7252973 182.5854770 
872.0000000 182.5288787 182.3890584 
873.0000000 182.3324602 182.1926399 
874.0000000 182.1360416 181.9962213 
875.0000000 181.9396231 181.7998028 
876.0000000 181.7432045 181.6033842 
877.0000000 181.5467860 181.4069657 
878.0000000 181.3503674 181.2105471 
879.0000000 181.1539489 181.0141286 
880.0000000 180.9575303 180.8177100 
881.0000000 180.7611118 180.6212915 
882.0000000 180.5646932 180.4248729 
883.0000000 180.3682747 180.2284544 
884.0000000 180.1718561 180.0320358 
885.0000000 179.9754376 179.8356173 
886.0000000 179.7790190 179.6391987 
887.0000000 179.5826005 179.4427802 
888.0000000 179.3861819 179.2463616 
889.0000000 179.1897634 179.0499431 
890.0000000 178.9933448 178.8535245 
891.0000000 178.7969263 178.6571060 
892.0000000 178.6005077 178.4606874 
893.0000000 178.4040892 178.2642689 
894.0000000 178.2076706 178.0678503 
895.0000000 178.0112521 177.8714318 
896.0000000 177.8148335 177.6750132 
897.0000000 177.6184150 177.4785947 
898.0000000 177.4219964 177.2821761 
899.0000000 177.2255779 177.0857576 
900.0000000 177.0291593 176.8893390 
901.0000000 176.8327408 176.6929205 
902.0000000 176.6363222 176.4965019 
903.0000000 176.4399037 176.3000833 
904.0000000 176.2434851 176.1036648 
905.0000000 176.0470666 175.9072462 
906.0000000 175.8506480 175.7108277 
907.0000000 175.6542295 175.5144091 
908.0000000 175.4578109 175.3179906 
909.0000000 175.2613924 175.1215720 
910.0000000 175.0649738 174.9251535 
911.0000000 174.8685553 174.7287349 
912.0000000 174.6721367 174.5323164 
913.0000000 174.4757182 174.3358978 
914.0000000 174.2792996 174.1394793 
915.0000000 174.0828811 173.9430607 
916.0000000 173.8864625 173.7466422 
917.0000000 173.6900440 173.5502236 
918.0000000 173.4936254 173.3538051 
919.0000000 173.2972069 173.1573865 
920.0000000 173.1007883 172.9609680 
921.0000000 172.9043698 172.7645494 
922.0000000 172.7079512 172.5681309 
923.0000000 172.5115327 172.3717123 
924.0000000 172.3151141 172.1752938 
925.0000000 172.1186956 171.9788752 
926.0000000 171.9222770 171.7824567 
927.0000000 171.7258585 171.5860381 
928.0000000 171.5294399 171.3896196 
929.0000000 171.3330214 171.1932010 
930.0000000 171.1366028 170.9967825 
931.0000000 170.9401843 170.8003639 
932.0000000 170.7437657 170.6039454 
933.0000000 170.5473472 170.4075268 
934.0000000 170.3509286 170.2111083 
935.0000000 170.1545101 170.0146897 
936.0000000 169.9580915 169.8182712 
937.0000000 169.7616730 169.6218526 
938.0000000 169.5652544 169.4254341 
939.0000000 169.3688359 169.2290155 
940.0000000 169.1724173 169.0325970 
941.0000000 168.9759988 168.8361784 
942.0000000 168.7795802 168.6397599 
943.0000000 168.5831617 168.4433413 
944.0000000 168.3867431 168.2469228 
945.0000000 168.1903246 168.0505042 
946.0000000 167.9939060 167.8540857 
947.0000000 167.7974875 167.6576671 
948.0000000 167.6010689 167.4612486 
949.0000000 167.4046504 167.2648300 
950.0000000 167.2082318 167.0684115 
951.0000000 167.0118133 166.8719929 
952.0000000 166.8153947 166.6755744 
953.0000000 166.6189762 166.4791558 
954.0000000 166.4225576 166.2827373 
955.0000000 166.2261391 166.0863187 
956.0000000 166.0297205 165.8899002 
957.0000000 165.8333020 165.6934816 
958.0000000 165.6368834 165.4970631 
959.0000000 165.4404649 165.3006445 
960.0000000 165.2440463 165.1042260 
961.0000000 165.0476278 164.9078074 
962.0000000 164.8512092 164.7113889 
963.0000000 164.6547907 164.5149703 
964.0000000 164.4583721 164.3185518 
965.0000000 164.2619536 164.1221332 
966.0000000 164.0655350 163.9257147 
967.0000000 163.8691165 163.7292961 
968.0000000 163.6726979 163.5328776 
969.0000000 163.4762794 163.3364590 
970.0000000 163.2798608 163.1400405 
971.0000000 163.0834423 162.9436219 
972.0000000 162.8870237 162.7472034 
973.0000000 162.6906052 162.5507848 
974.0000000 162.4941866 162.3543663 
975.0000000 162.2977681 162.1579477 
976.0000000 162.1013495 161.9615292 
977.0000000 161.9049310 161.7651106 
978.0000000 161.7085124 161.5686921 
979.0000000 161.5120939 161.3722735 
980.0000000 161.3156753 161.1758550 
981.0000000 161.1192568 160.9794364 
982.0000000 160.9228382 160.7830179 
983.0000000 160.7264197 160.5865993 
984.0000000 160.5300011 160.3901808 
985.0000000 160.3335826 160.1937622 
986.0000000 160.1371640 159.9973437 
987.0000000 159.9407455 159.8009251 
988.0000000 159.7443269 159.6045066 
989.0000000 159.5479084 159.4080880 
990.0000000 159.3514898 159.2116695 
991.0000000 159.1550713 159.0152509 
992.0000000 158.9586527 158.8188324 
993.0000000 158.7622342 158.6224138 
994.0000000 158.5658156 158.4259953 
995.0000000 158.3693971 158.2295767 
996.0000000 158.1729785 158.0331582 
997.0000000 157.9765600 157.8367396 
998.0000000 157.7801414 157.6403211 
999.0000000 157.5837229 157.4439025 
1000.0000000 157.3873043 157.2474840 
1001.0000000 157.1908858 157.0510654 
1002.0000000 156.9944672 156.8546469 
1003.0000000 156.7980487 156.6582283 
1004.0000000 156.6016301 156.4618098 
1005.0000000 156.4052115 156.2653912 
1006.0000000 156.2087930 156.0689727 
1007.0000000 156.0123744 155.8725541 
1008.0000000 155.8159559 155.6761356 
1009.0000000 155.6195373 155.4797170 
1010.0000000 155.4231188 155.2832985 
1011.0000000 155.2267002 155.0868799 
1012.0000000 155.0302817 154.8904614 
1013.0000000 154.8338631 154.6940428 
1014.0000000 154.6374446 154.4976243 
1015.0000000 154.4410260 154.3012057 
1016.0000000 154.2446075 154.1047872 
1017.0000000 154.0481889 153.9083686 
1018.0000000 153.8517704 153.7119501 
1019.0000000 153.6553518 153.5155315 
1020.0000000 153.4589333 153.3191130 
1021.0000000 153.2625147 153.1226944 
1022.0000000 153.0660962 152.9262759 
1023.0000000 152.8696776 152.7298573 
1024.0000000 152.6732591 152.5334388 
1025.0000000 152.4768405 152.3370202 
1026.0000000 152.2804220 152.1406017 
1027.0000000 152.0840034 151.9441831 
1028.0000000 151.8875849 151.7477646 
1029.0000000 151.6911663 151.5513460 
1030.0000000 151.4947478 151.3549275 
1031.0000000 151.2983292 151.1585089 
1032.0000000 151.1019107 150.9620904 
1033.0000000 150.9054921 150.7656718 
1034.0000000 150.7090736 150.5692533 
1035.0000000 150.5126550 150.3728347 
1036.0000000 150.3162365 150.1764162 
1037.0000000 150.1198179 149.9799976 
1038.0000000 149.9233994 149.7835791 
1039.0000000 149.7269808 149.5871605 
1040.0000000 149.5305623 149.3907420 
1041.0000000 149.3341437 149.1943234 
1042.0000000 149.1377252 148.9979049 
1043.0000000 148.9413066 148.8014863 
1044.0000000 148.7448881 148.6050678 
1045.0000000 148.5484695 148.4086492 
1046.0000000 148.3520510 148.2122307 
1047.0000000 148.1556324 148.0158121 
1048.0000000 147.9592139 147.8193936 
1049.0000000 147.7627953 147.6229750 
1050.0000000 147.5663768 147.4265565 
1051.0000000 147.3699582 147.2301379 
1052.0000000 147.1735397 147.0337194 
1053.0000000 146.9771211 146.8373008 
1054.0000000 146.7807026 146.6408822 
1055.0000000 146.5842840 146.4444637 
1056.0000000 146.3878655 146.2480451 
1057.0000000 146.1914469 146.0516266 
1058.0000000 145.9950284 145.8552080 
1059.0000000 145.7986098 145.6587895 
1060.0000000 145.6021913 145.4623709 
1061.0000000 145.4057727 145.2659524 
1062.0000000 145.2093542 145.0695338 
1063.0000000 145.0129356 144.8731153 
1064.0000000 144.8165171 144.6766967 
1065.0000000 144.6200985 144.4802782 
1066.0000000 144.4236800 144.2838596 
1067.0000000 144.2272614 144.0874411 
1068.0000000 144.0308429 143.8910225 
1069.0000000 143.8344243 143.6946040 
1070.0000000 143.6380058 143.4981854 
1071.0000000 143.4415872 143.3017669 
1072.0000000 143.2451687 143.1053483 
1073.0000000 143.0487501 142.9089298 
1074.0000000 142.8523316 142.7125112 
1075.0000000 142.6559130 142.5160927 
1076.0000000 142.4594945 142.3196741 
1077.0000000 142.2630759 142.1232556 
1078.0000000 142.0666574 141.9268370 
1079.0000000 141.8702388 141.7304185 
1080.0000000 141.6738203 141.5339999 
1081.0000000 141.4774017 141.3375814 
1082.0000000 141.2809832 141.1411628 
1083.0000000 141.0845646 140.9447443 
1084.0000000 140.8881461 140.7483257 
1085.0000000 140.6917275 140.5519072 
1086.0000000 140.4953090 140.3554886 
1087.0000000 140.2988904 140.1590701 
1088.0000000 140.1024719 139.9626515 
1089.0000000 139.9060533 139.7662330 
1090.0000000 139.7096348 139.5698144 
1091.0000000 139.5132162 139.3733959 
1092.0000000 139.3167977 139.1769773 
1093.0000000 139.1203791 138.9805588 
1094.0000000 138.9239606 138.7841402 
1095.0000000 138.7275420 138.5877217 
1096.0000000 138.5311235 138.3913031 
1097.0000000 138.3347049 138.1948846 
1098.0000000 138.1382864 137.9984660 
1099.0000000 137.9418678 137.8020475 
1100.0000000 137.7454493 137.6056289 
1101.0000000 137.5490307 137.4092104 
1102.0000000 137.3526122 137.2127918 
1103.0000000 137.1561936 137.0163733 
1104.0000000 136.9597751 136.8199547 
1105.0000000 136.7633565 136.6235362 
1106.0000000 136.5669380 136.4271176 
1107.0000000 136.3705194 136.2306991 
1108.0000000 136.1741009 136.0342805 
1109.0000000 135.9776823 135.8378620 
1110.0000000 135.7812638 135.6414434 
1111.0000000 135.5848452 135.4450249 
1112.0000000 135.3884267 135.2486063 
1113.0000000 135.1920081 135.0521878 
1114.0000000 134.9955896 134.8557692 
1115.0000000 134.7991710 134.6593507 
1116.0000000 134.6027525 134.4629321 
1117.0000000 134.4063339 134.2665136 
1118.0000000 134.2099154 134.0700950 
1119.0000000 134.0134968 133.8736765 
1120.0000000 133.8170783 133.6772579 
1121.0000000 133.6206597 133.4808394 
1122.0000000 133.4242412 133.2844208 
1123.0000000 133.2278226 133.0880023 
1124.0000000 133.0314041 132.8915837 
1125.0000000 132.8349855 132.6951652 
1126.0000000 132.6385670 132.4987466 
1127.0000000 132.4421484 132.3023281 
1128.0000000 132.2457299 132.1059095 
1129.0000000 132.0493113 131.9094910 
1130.0000000 131.8528928 131.7130724 
1131.0000000 131.6564742 131.5166539 
1132.0000000 131.4600557 131.3202353 
1133.0000000 131.2636371 131.1238168 
1134.0000000 131.0672186 130.9273982 
1135.0000000 130.8708000 130.7309797 
1136.0000000 130.6743815 130.5345611 
1137.0000000 130.4779629 130.3381426 
1138.0000000 130.2815444 130.1417240 
1139.0000000 130.0851258 129.9453055 
1140.0000000 129.8887073 129.7488869 
1141.0000000 129.6922887 129.5524684 
1142.0000000 129.4958702 129.3560498 
1143.0000000 129.2994516 129.1596313 
1144.0000000 129.1030331 128.9632127 
1145.0000000 128.9066145 128.7667942 
1146.0000000 128.7101960 128.5703756 
1147.0000000 128.5137774 128.3739571 
1148.0000000 128.3173589 128.1775385 
1149.0000000 128.1209403 127.9811200 
1150.0000000 127.9245218 127.7847014 
1151.0000000 127.7281032 127.5882829 
1152.0000000 127.5316847 127.3918643 
1153.0000000 127.3352661 127.1954458 
1154.0000000 127.1388476 126.9990272 
1155.0000000 126.9424290 126.8026087 
1156.0000000 126.7460104 126.6061901 
1157.0000000 126.5495919 126.4097716 
1158.0000000 126.3531733 126.2133530 
1159.0000000 126.1567548 126.0169345 
1160.0000000 125.9603362 125.8205159 
1161.0000000 125.7639177 125.6240974 
1162.0000000 125.5674991 125.4276788 
1163.0000000 125.3710806 125.2312603 
1164.0000000 125.1746620 125.0348417 
1165.0000000 124.9782435 124.8384232 
1166.0000000 124.7818249 124.6420046 
1167.0000000 124.5854064 124.4455861 
1168.0000000 124.3889878 124.2491675 
1169.0000000 124.1925693 124.0527490 
1170.0000000 123.9961507 123.8563304 
1171.0000000 123.7997322 123.6599119 
1172.0000000 123.6033136 123.4634933 
1173.0000000 123.4068951 123.2670748 
1174.0000000 123.2104765 123.0706562 
1175.0000000 123.0140580 122.8742377 
1176.0000000 122.8176394 122.6778191 
1177.0000000 122.6212209 122.4814006 
1178.0000000 122.4248023 122.2849820 
1179.0000000 122.2283838 122.0885635 
1180.0000000 122.0319652 121.8921449 
1181.0000000 121.8355467 121.6957264 
1182.0000000 121.6391281 121.4993078 
1183.0000000 121.4427096 121.3028893 
1184.0000000 121.2462910 121.1064707 
1185.0000000 121.0498725 120.9100522 
1186.0000000 120.8534539 120.7136336 
1187.0000000 120.6570354 120.5172151 
1188.0000000 120.4606168 120.3207965 
1189.0000000 120.2641983 120.1243780 
1190.0000000 120.0677797 119.9279594 
1191.0000000 119.8713612 119.7315409 
1192.0000000 119.6749426 119.5351223 
1193.0000000 119.4785241 119.3387038 
1194.0000000 119.2821055 119.1422852 
1195.0000000 119.0856870 118.9458667 
1196.0000000 118.8892684 118.7494481 
1197.0000000 118.6928499 118.5530296 
1198.0000000 118.4964313 118.3566110 
1199.0000000 118.3000128 118.1601925 
1200.0000000 118.1035942 117.9637739 
1201.0000000 117.9071757 117.7673554 
1202.0000000 117.7107571 117.5709368 
1203.0000000 117.5143386 117.3745183 
1204.0000000 117.3179200 117.1780997 
1205.0000000 117.1215015 116.9816812 
1206.0000000 116.9250829 116.7852626 
1207.0000000 116.7286644 116.5888440 
1208.0000000 116.5322458 116.3924255 
1209.0000000 116.3358273 116.1960069 
1210.0000000 116.1394087 115.9995884 
1211.0000000 115.9429902 115.8031698 
1212.0000000 115.7465716 115.6067513 
1213.0000000 115.5501531 115.4103327 
1214.0000000 115.3537345 115.2139142 
1215.0000000 115.1573160 115.0174956 
1216.0000000 114.9608974 114.8210771 
1217.0000000 114.7644789 114.6246585 
1218.0000000 114.5680603 114.4282400 
1219.0000000 114.3716418 114.2318214 
1220.0000000 114.1752232 114.0354029 
1221.0000000 113.9788047 113.8389843 
1222.0000000 113.7823861 113.6425658 
1223.0000000 113.5859676 113.4461472 
1224.0000000 113.3895490 113.2497287 
1225.0000000 113.1931305 113.0533101 
1226.0000000 112.9967119 112.8568916 
1227.0000000 112.8002934 112.6604730 
1228.0000000 112.6038748 112.4640545 
1229.0000000 112.4074563 112.2676359 
1230.0000000 112.2110377 112.0712174 
1231.0000000 112.0146192 111.8747988 
1232.0000000 111.8182006 111.6783803 
1233.0000000 111.6217821 111.4819617 
1234.0000000 111.4253635 111.2855432 
1235.0000000 111.2289450 111.0891246 
1236.0000000 111.0325264 110.8927061 
1237.0000000 110.8361079 110.6962875 
1238.0000000 110.6396893 110.4998690 
1239.0000000 110.4432708 110.3034504 
1240.0000000 110.2468522 110.1070319 
1241.0000000 110.0504337 109.9106133 
1242.0000000 109.8540151 109.7141948 
1243.0000000 109.6575966 109.5177762 
1244.0000000 109.4611780 109.3213577 
1245.0000000 109.2647595 109.1249391 
1246.0000000 109.0683409 108.9285206 
1247.0000000 108.8719224 108.7321020 
1248.0000000 108.6755038 108.5356835 
1249.0000000 108.4790853 108.3392649 
1250.0000000 108.2826667 108.1428464 
1251.0000000 108.0862482 107.9464278 
1252.0000000 107.8898296 107.7500093 
1253.0000000 107.6934111 107.5535907 
1254.0000000 107.4969925 107.3571722 
1255.0000000 107.3005740 107.1607536 
1256.0000000 107.1041554 106.9643351 
1257.0000000 106.9077369 106.7679165 
1258.0000000 106.7113183 106.5714980 
1259.0000000 106.5148998 106.3750794 
1260.0000000 106.3184812 106.1786609 
1261.0000000 106.1220627 105.9822423 
1262.0000000 105.9256441 105.7858238 
1263.0000000 105.7292256 105.5894052 
1264.0000000 105.5328070 105.3929867 
1265.0000000 105.3363885 105.1965681 
1266.0000000 105.1399699 105.0001496 
1267.0000000 104.9435514 104.8037310 
1268.0000000 104.7471328 104.6073125 
1269.0000000 104.5507143 104.4108939 
1270.0000000 104.3542957 104.2144754 
1271.0000000 104.1578772 104.0180568 
1272.0000000 103.9614586 103.8216383 
1273.0000000 103.7650401 103.6252197 
1274.0000000 103.5686215 103.4288012 
1275.0000000 103.3722030 103.2323826 
1276.0000000 103.1757844 103.0359641 
1277.0000000 102.9793659 102.8395455 
1278.0000000 102.7829473 102.6431270 
1279.0000000 102.5865288 102.4467084 
1280.0000000 102.3901102 102.2502899 
1281.0000000 102.1936917 102.0538713 
1282.0000000 101.9972731 101.8574528 
1283.0000000 101.8008546 101.6610342 
1284.0000000 101.6044360 101.4646157 
1285.0000000 101.4080175 101.2681971 
1286.0000000 101.2115989 101.0717786 
1287.0000000 101.0151804 100.8753600 
1288.0000000 100.8187618 100.6789415 
1289.0000000 100.6223433 100.4825229 
1290.0000000 100.4259247 100.2861044 
1291.0000000 100.2295062 100.0896858 
1292.0000000 100.0330876 99.8932673 
1293.0000000 99.8366691 99.6968487 
1294.0000000 99.6402505 99.5004302 
1295.0000000 99.4438320 99.3040116 
1296.0000000 99.2474134 99.1075931 
1297.0000000 99.0509949 98.9111745 
1298.0000000 98.8545763 98.7147560 
1299.0000000 98.6581578 98.5183374 
1300.0000000 98.4617392 98.3219189 
1301.0000000 98.2653207 98.1255003 
1302.0000000 98.0689021 97.9290818 
1303.0000000 97.8724836 97.7326632 
1304.0000000 97.6760650 97.5362447 
1305.0000000 97.4796465 97.3398261 
1306.0000000 97.2832279 97.1434076 
1307.0000000 97.0868093 96.9469890 
1308.0000000 96.8903908 96.7505705 
1309.0000000 96.6939722 96.5541519 
1310.0000000 96.4975537 96.3577334 
1311.0000000 96.3011351 96.1613148 
1312.0000000 96.1047166 95.9648963 
1313.0000000 95.9082980 95.7684777 
1314.0000000 95.7118795 95.5720592 
1315.0000000 95.5154609 95.3756406 
1316.0000000 95.3190424 95.1792221 
1317.0000000 95.1226238 94.9828035 
1318.0000000 94.9262053 94.7863850 
1319.0000000 94.7297867 94.5899664 
1320.0000000 94.5333682 94.3935479 
1321.0000000 94.3369496 94.1971293 
1322.0000000 94.1405311 94.0007108 
1323.0000000 93.9441125 93.8042922 
1324.0000000 93.7476940 93.6078737 
1325.0000000 93.5512754 93.4114551 
1326.0000000 93.3548569 93.2150366 
1327.0000000 93.1584383 93.0186180 
1328.0000000 92.9620198 92.8221995 
1329.0000000 92.7656012 92.6257809 
1330.0000000 92.5691827 92.4293624 
1331.0000000 92.3727641 92.2329438 
1332.0000000 92.1763456 92.0365253 
1333.0000000 91.9799270 91.8401067 
1334.0000000 91.7835085 91.6436882 
1335.0000000 91.5870899 91.4472696 
1336.0000000 91.3906714 91.2508511 
1337.0000000 91.1942528 91.0544325 
1338.0000000 90.9978343 90.8580140 
1339.0000000 90.8014157 90.6615954 
1340.0000000 90.6049972 90.4651769 
1341.0000000 90.4085786 90.2687583 
1342.0000000 90.2121601 90.0723398 
1343.0000000 90.0157415 89.8759212 
1344.0000000 89.8193230 89.6795027 
1345.0000000 89.6229044 89.4830841 
1346.0000000 89.4264859 89.2866656 
1347.0000000 89.2300673 89.0902470 
1348.0000000 89.0336488 88.8938285 
1349.0000000 88.8372302 88.6974099 
1350.0000000 88.6408117 88.5009914 
1351.0000000 88.4443931 88.3045728 
1352.0000000 88.2479746 88.1081543 
1353.0000000 88.0515560 87.9117357 
1354.0000000 87.8551375 87.7153172 
1355.0000000 87.6587189 87.5188986 
1356.0000000 87.4623004 87.3224801 
1357.0000000 87.2658818 87.1260615 
1358.0000000 87.0694633 86.9296429 
1359.0000000 86.8730447 86.7332244 
1360.0000000 86.6766262 86.5368058 
1361.0000000 86.4802076 86.3403873 
1362.0000000 86.2837891 86.1439687 
1363.0000000 86.0873705 85.9475502 
1364.0000000 85.8909520 85.7511316 
1365.0000000 85.6945334 85.5547131 
1366.0000000 85.4981149 85.3582945 
1367.0000000 85.3016963 85.1618760 
1368.0000000 85.1052778 84.9654574 
1369.0000000 84.9088592 84.7690389 
1370.0000000 84.7124407 84.5726203 
1371.0000000 84.5160221 84.3762018 
1372.0000000 84.3196036 84.1797832 
1373.0000000 84.1231850 83.9833647 
1374.0000000 83.9267665 83.7869461 
1375.0000000 83.7303479 83.5905276 
1376.0000000 83.5339294 83.3941090 
1377.0000000 83.3375108 83.1976905 
1378.0000000 83.1410923 83.0012719 
1379.0000000 82.9446737 82.8048534 
1380.0000000 82.7482552 82.6084348 
1381.0000000 82.5518366 82.4120163 
1382.0000000 82.3554181 82.2155977 
1383.0000000 82.1589995 82.0191792 
1384.0000000 81.9625810 81.8227606 
1385.0000000 81.7661624 81.6263421 
1386.0000000 81.5697439 81.4299235 
1387.0000000 81.3733253 81.2335050 
1388.0000000 81.1769068 81.0370864 
1389.0000000 80.9804882 80.8406679 
1390.0000000 80.7840697 80.6442493 
1391.0000000 80.5876511 80.4478308 
1392.0000000 80.3912326 80.2514122 
1393.0000000 80.1948140 80.0549937 
1394.0000000 79.9983955 79.8585751 
1395.0000000 79.8019769 79.6621566 
1396.0000000 79.6055584 79.4657380 
1397.0000000 79.4091398 79.2693195 
1398.0000000 79.2127213 79.0729009 
1399.0000000 79.0163027 78.8764824 
1400.0000000 78.8198842 78.6800638 
1401.0000000 78.6234656 78.4836453 
1402.0000000 78.4270471 78.2872267 
1403.0000000 78.2306285 78.0908082 
1404.0000000 78.0342100 77.8943896 
1405.0000000 77.8377914 77.6979711 
1406.0000000 77.6413729 77.5015525 
1407.0000000 77.4449543 77.3051340 
1408.0000000 77.2485358 77.1087154 
1409.0000000 77.0521172 76.9122969 
1410.0000000 76.8556987 76.7158783 
1411.0000000 76.6592801 76.5194598 
1412.0000000 76.4628616 76.3230412 
1413.0000000 76.2664430 76.1266227 
1414.0000000 76.0700245 75.9302041 
1415.0000000 75.8736059 75.7337856 
1416.0000000 75.6771874 75.5373670 
1417.0000000 75.4807688 75.3409485 
1418.0000000 75.2843503 75.1445299 
1419.0000000 75.0879317 74.9481114 
1420.0000000 74.8915132 74.7516928 
1421.0000000 74.6950946 74.5552743 
1422.0000000 74.4986761 74.3588557 
1423.0000000 74.3022575 74.1624372 
1424.0000000 74.1058390 73.9660186 
1425.0000000 73.9094204 73.7696001 
1426.0000000 73.7130019 73.5731815 
1427.0000000 73.5165833 73.3767630 
1428.0000000 73.3201648 73.1803444 
1429.0000000 73.1237462 72.9839259 
1430.0000000 72.9273277 72.7875073 
1431.0000000 72.7309091 72.5910888 
1432.0000000 72.5344906 72.3946702 
1433.0000000 72.3380720 72.1982517 
1434.0000000 72.1416535 72.0018331 
1435.0000000 71.9452349 71.8054146 
1436.0000000 71.7488164 71.6089960 
1437.0000000 71.5523978 71.4125775 
1438.0000000 71.3559793 71.2161589 
1439.0000000 71.1595607 71.0197404 
1440.0000000 70.9631422 70.8233218 
1441.0000000 70.7667236 70.6269033 
1442.0000000 70.5703051 70.4304847 
1443.0000000 70.3738865 70.2340662 
1444.0000000 70.1774680 70.0376476 
1445.0000000 69.9810494 69.8412291 
1446.0000000 69.7846309 69.6448105 
1447.0000000 69.5882123 69.4483920 
1448.0000000 69.3917938 69.2519734 
1449.0000000 69.1953752 69.0555549 
1450.0000000 68.9989567 68.8591363 
1451.0000000 68.8025381 68.6627178 
1452.0000000 68.6061196 68.4662992 
1453.0000000 68.4097010 68.2698807 
1454.0000000 68.2132825 68.0734621 
1455.0000000 68.0168639 67.8770436 
1456.0000000 67.8204454 67.6806250 
1457.0000000 67.6240268 67.4842065 
1458.0000000 67.4276083 67.2877879 
1459.0000000 67.2311897 67.0913694 
1460.0000000 67.0347711 66.8949508 
1461.0000000 66.8383526 66.6985323 
1462.0000000 66.6419340 66.5021137 
1463.0000000 66.4455155 66.3056952 
1464.0000000 66.2490969 66.1092766 
1465.0000000 66.0526784 65.9128581 
1466.0000000 65.8562598 65.7164395 
1467.0000000 65.6598413 65.5200210 
1468.0000000 65.4634227 65.3236024 
1469.0000000 65.2670042 65.1271839 
1470.0000000 65.0705856 64.9307653 
1471.0000000 64.8741671 64.7343468 
1472.0000000 64.6777485 64.5379282 
1473.0000000 64.4813300 64.3415097 
1474.0000000 64.2849114 64.1450911 
1475.0000000 64.0884929 63.9486726 
1476.0000000 63.8920743 63.7522540 
1477.0000000 63.6956558 63.5558355 
1478.0000000 63.4992372 63.3594169 
1479.0000000 63.3028187 63.1629984 
1480.0000000 63.1064001 62.9665798 
1481.0000000 62.9099816 62.7701613 
1482.0000000 62.7135630 62.5737427 
1483.0000000 62.5171445 62.3773242 
1484.0000000 62.3207259 62.1809056 
1485.0000000 62.1243074 61.9844871 
1486.0000000 61.9278888 61.7880685 
1487.0000000 61.7314703 61.5916500 
1488.0000000 61.5350517 61.3952314 
1489.0000000 61.3386332 61.1988129 
1490.0000000 61.1422146 61.0023943 
1491.0000000 60.9457961 60.8059758 
1492.0000000 60.7493775 60.6095572 
1493.0000000 60.5529590 60.4131387 
1494.0000000 60.3565404 60.2167201 
1495.0000000 60.1601219 60.0203016 
1496.0000000 59.9637033 59.8238830 
1497.0000000 59.7672848 59.6274645 
1498.0000000 59.5708662 59.4310459 
1499.0000000 59.3744477 59.2346274 
1500.0000000 59.1780291 59.0382088 
1501.0000000 58.9816106 58.8417903 
1502.0000000 58.7851920 58.6453717 
1503.0000000 58.5887735 58.4489532 
1504.0000000 58.3923549 58.2525346 
1505.0000000 58.1959364 58.0561161 
1506.0000000 57.9995178 57.8596975 
1507.0000000 57.8030993 57.6632790 
1508.0000000 57.6066807 57.4668604 
1509.0000000 57.4102622 57.2704418 
1510.0000000 57.2138436 57.0740233 
1511.0000000 57.0174251 56.8776047 
1512.0000000 56.8210065 56.6811862 
1513.0000000 56.6245880 56.4847676 
1514.0000000 56.4281694 56.2883491 
1515.0000000 56.2317509 56.0919305 
1516.0000000 56.0353323 55.8955120 
1517.0000000 55.8389138 55.6990934 
1518.0000000 55.6424952 55.5026749 
1519.0000000 55.4460767 55.3062563 
1520.0000000 55.2496581 55.1098378 
1521.0000000 55.0532396 54.9134192 
1522.0000000 54.8568210 54.7170007 
1523.0000000 54.6604025 54.5205821 
1524.0000000 54.4639839 54.3241636 
1525.0000000 54.2675654 54.1277450 
1526.0000000 54.0711468 53.9313265 
1527.0000000 53.8747283 53.7349079 
1528.0000000 53.6783097 53.5384894 
1529.0000000 53.4818912 53.3420708 
1530.0000000 53.2854726 53.1456523 
1531.0000000 53.0890541 52.9492337 
1532.0000000 52.8926355 52.7528152 
1533.0000000 52.6962170 52.5563966 
1534.0000000 52.4997984 52.3599781 
1535.0000000 52.3033799 52.1635595 
1536.0000000 52.1069613 51.9671410 
1537.0000000 51.9105428 51.7707224 
1538.0000000 51.7141242 51.5743039 
1539.0000000 51.5177057 51.3778853 
1540.0000000 51.3212871 51.1814668 
1541.0000000 51.1248686 50.9850482 
1542.0000000 50.9284500 50.7886297 
1543.0000000 50.7320315 50.5922111 
1544.0000000 50.5356129 50.3957926 
1545.0000000 50.3391944 50.1993740 
1546.0000000 50.1427758 50.0029555 
1547.0000000 49.9463573 49.8065369 
1548.0000000 49.7499387 49.6101184 
1549.0000000 49.5535202 49.4136998 
1550.0000000 49.3571016 49.2172813 
1551.0000000 49.1606831 49.0208627 
1552.0000000 48.9642645 48.8244442 
1553.0000000 48.7678460 48.6280256 
1554.0000000 48.5714274 48.4316071 
1555.0000000 48.3750089 48.2351885 
1556.0000000 48.1785903 48.0387700 
1557.0000000 47.9821718 47.8423514 
1558.0000000 47.7857532 47.6459329 
1559.0000000 47.5893347 47.4495143 
1560.0000000 47.3929161 47.2530958 
1561.0000000 47.1964976 47.0566772 
1562.0000000 47.0000790 46.8602587 
1563.0000000 46.8036605 46.6638401 
1564.0000000 46.6072419 46.4674216 
1565.0000000 46.4108234 46.2710030 
1566.0000000 46.2144048 46.0745845 
1567.0000000 46.0179863 45.8781659 
1568.0000000 45.8215677 45.6817474 
1569.0000000 45.6251492 45.4853288 
1570.0000000 45.4287306 45.2889103 
1571.0000000 45.2323121 45.0924917 
1572.0000000 45.0358935 44.8960732 
1573.0000000 44.8394750 44.6996546 
1574.0000000 44.6430564 44.5032361 
1575.0000000 44.4466379 44.3068175 
1576.0000000 44.2502193 44.1103990 
1577.0000000 44.0538008 43.9139804 
1578.0000000 43.8573822 43.7175619 
1579.0000000 43.6609637 43.5211433 
1580.0000000 43.4645451 43.3247248 
1581.0000000 43.2681266 43.1283062 
1582.0000000 43.0717080 42.9318877 
1583.0000000 42.8752895 42.7354691 
1584.0000000 42.6788709 42.5390506 
1585.0000000 42.4824524 42.3426320 
1586.0000000 42.2860338 42.1462135 
1587.0000000 42.0896153 41.9497949 
1588.0000000 41.8931967 41.7533764 
1589.0000000 41.6967782 41.5569578 
1590.0000000 41.5003596 41.3605393 
1591.0000000 41.3039411 41.1641207 
1592.0000000 41.1075225 40.9677022 
1593.0000000 40.9111040 40.7712836 
1594.0000000 40.7146854 40.5748651 
1595.0000000 40.5182669 40.3784465 
1596.0000000 40.3218483 40.1820280 
1597.0000000 40.1254298 39.9856094 
1598.0000000 39.9290112 39.7891909 
1599.0000000 39.7325927 39.5927723 
1600.0000000 39.5361741 39.3963538 
1601.0000000 39.3397556 39.1999352 
1602.0000000 39.1433370 39.0035167 
1603.0000000 38.9469185 38.8070981 
1604.0000000 38.7504999 38.6106796 
1605.0000000 38.5540814 38.4142610 
1606.0000000 38.3576628 38.2178425 
1607.0000000 38.1612443 38.0214239 
1608.0000000 37.9648257 37.8250054 
1609.0000000 37.7684072 37.6285868 
1610.0000000 37.5719886 37.4321683 
1611.0000000 37.3755700 37.2357497 
1612.0000000 37.1791515 37.0393312 
1613.0000000 36.9827329 36.8429126 
1614.0000000 36.7863144 36.6464941 
1615.0000000 36.5898958 36.4500755 
1616.0000000 36.3934773 36.2536570 
1617.0000000 36.1970587 36.0572384 
1618.0000000 36.0006402 35.8608199 
1619.0000000 35.8042216 35.6644013 
1620.0000000 35.6078031 35.4679828 
1621.0000000 35.4113845 35.2715642 
1622.0000000 35.2149660 35.0751457 
1623.0000000 35.0185474 34.8787271 
1624.0000000 34.8221289 34.6823086 
1625.0000000 34.6257103 34.4858900 
1626.0000000 34.4292918 34.2894715 
1627.0000000 34.2328732 34.0930529 
1628.0000000 34.0364547 33.8966344 
1629.0000000 33.8400361 33.7002158 
1630.0000000 33.6436176 33.5037973 
1631.0000000 33.4471990 33.3073787 
1632.0000000 33.2507805 33.1109602 
1633.0000000 33.0543619 32.9145416 
1634.0000000 32.8579434 32.7181231 
1635.0000000 32.6615248 32.5217045 
1636.0000000 32.4651063 32.3252860 
1637.0000000 32.2686877 32.1288674 
1638.0000000 32.0722692 31.9324489 
1639.0000000 31.8758506 31.7360303 
1640.0000000 31.6794321 31.5396118 
1641.0000000 31.4830135 31.3431932 
1642.0000000 31.2865950 31.1467747 
1643.0000000 31.0901764 30.9503561 
1644.0000000 30.8937579 30.7539376 
1645.0000000 30.6973393 30.5575190 
1646.0000000 30.5009208 30.3611005 
1647.0000000 30.3045022 30.1646819 
1648.0000000 30.1080837 29.9682634 
1649.0000000 29.9116651 29.7718448 
1650.0000000 29.7152466 29.5754263 
1651.0000000 29.5188280 29.3790077 
1652.0000000 29.3224095 29.1825892 
1653.0000000 29.1259909 28.9861706 
1654.0000000 28.9295724 28.7897521 
1655.0000000 28.7331538 28.5933335 
1656.0000000 28.5367353 28.3969150 
1657.0000000 28.3403167 28.2004964 
1658.0000000 28.1438982 28.0040779 
1659.0000000 27.9474796 27.8076593 
1660.0000000 27.7510611 27.6112408 
1661.0000000 27.5546425 27.4148222 
1662.0000000 27.3582240 27.2184036 
1663.0000000 27.1618054 27.0219851 
1664.0000000 26.9653869 26.8255665 
1665.0000000 26.7689683 26.6291480 
1666.0000000 26.5725498 26.4327294 
1667.0000000 26.3761312 26.2363109 
1668.0000000 26.1797127 26.0398923 
1669.0000000 25.9832941 25.8434738 
1670.0000000 25.7868756 25.6470552 
1671.0000000 25.5904570 25.4506367 
1672.0000000 25.3940385 25.2542181 
1673.0000000 25.1976199 25.0577996 
1674.0000000 25.0012014 24.8613810 
1675.0000000 24.8047828 24.6649625 
1676.0000000 24.6083643 24.4685439 
1677.0000000 24.4119457 24.2721254 
1678.0000000 24.2155272 24.0757068 
1679.0000000 24.0191086 23.8792883 
1680.0000000 23.8226901 23.6828697 
1681.0000000 23.6262715 23.4864512 
1682.0000000 23.4298530 23.2900326 
1683.0000000 23.2334344 23.0936141 
1684.0000000 23.0370159 22.8971955 
1685.0000000 22.8405973 22.7007770 
1686.0000000 22.6441788 22.5043584 
1687.0000000 22.4477602 22.3079399 
1688.0000000 22.2513417 22.1115213 
1689.0000000 22.0549231 21.9151028 
1690.0000000 21.8585046 21.7186842 
1691.0000000 21.6620860 21.5222657 
1692.0000000 21.4656675 21.3258471 
1693.0000000 21.2692489 21.1294286 
1694.0000000 21.0728304 20.9330100 
1695.0000000 20.8764118 20.7365915 
1696.0000000 20.6799933 20.5401729 
1697.0000000 20.4835747 20.3437544 
1698.0000000 20.2871562 20.1473358 
1699.0000000 20.0907376 19.9509173 
1700.0000000 19.8943191 19.7544987 
1701.0000000 19.6979005 19.5580802 
1702.0000000 19.5014820 19.3616616 
1703.0000000 19.3050634 19.1652431 
1704.0000000 19.1086449 18.9688245 
1705.0000000 18.9122263 18.7724060 
1706.0000000 18.7158078 18.5759874 
1707.0000000 18.5193892 18.3795689 
1708.0000000 18.3229707 18.1831503 
1709.0000000 18.1265521 17.9867318 
1710.0000000 17.9301336 17.7903132 
1711.0000000 17.7337150 17.5938947 
1712.0000000 17.5372965 17.3974761 
1713.0000000 17.3408779 17.2010576 
1714.0000000 17.1444594 17.0046390 
1715.0000000 16.9480408 16.8082205 
1716.0000000 16.7516223 16.6118019 
1717.0000000 16.5552037 16.4153834 
1718.0000000 16.3587852 16.2189648 
1719.0000000 16.1623666 16.0225463 
1720.0000000 15.9659481 15.8261277 
1721.0000000 15.7695295 15.6297092 
1722.0000000 15.5731110 15.4332906 
1723.0000000 15.3766924 15.2368721 
1724.0000000 15.1802739 15.0404535 
1725.0000000 14.9838553 14.8440350 
1726.0000000 14.7874368 14.6476164 
1727.0000000 14.5910182 14.4511979 
1728.0000000 14.3945997 14.2547793 
1729.0000000 14.1981811 14.0583608 
1730.0000000 14.0017626 13.8619422 
1731.0000000 13.8053440 13.6655237 
1732.0000000 13.6089255 13.4691051 
1733.0000000 13.4125069 13.2726866 
1734.0000000 13.2160884 13.0762680 
1735.0000000 13.0196698 12.8798495 
1736.0000000 12.8232513 12.6834309 
1737.0000000 12.6268327 12.4870124 
1738.0000000 12.4304142 12.2905938 
1739.0000000 12.2339956 12.0941753 
1740.0000000 12.0375771 11.8977567 
1741.0000000 11.8411585 11.7013382 
1742.0000000 11.6447400 11.5049196 
1743.0000000 11.4483214 11.3085011 
1744.0000000 11.2519029 11.1120825 
1745.0000000 11.0554843 10.9156640 
1746.0000000 10.8590658 10.7192454 
1747.0000000 10.6626472 10.5228269 
1748.0000000 10.4662287 10.3264083 
1749.0000000 10.2698101 10.1299898 
1750.0000000 10.0733916 9.9335712 
1751.0000000 9.8769730 9.7371527 
1752.0000000 9.6805545 9.5407341 
1753.0000000 9.4841359 9.3443156 
1754.0000000 9.2877174 9.1478970 
1755.0000000 9.0912988 8.9514785 
1756.0000000 8.8948803 8.7550599 
1757.0000000 8.6984617 8.5586414 
1758.0000000 8.5020432 8.3622228 
1759.0000000 8.3056246 8.1658043 
1760.0000000 8.1092061 7.9693857 
1761.0000000 7.9127875 7.7729672 
1762.0000000 7.7163689 7.5765486 
1763.0000000 7.5199504 7.3801301 
1764.0000000 7.3235318 7.1837115 
1765.0000000 7.1271133 6.9872930 
1766.0000000 6.9306947 6.7908744 
1767.0000000 6.7342762 6.5944559 
1768.0000000 6.5378576 6.3980373 
1769.0000000 6.3414391 6.2016188 
1770.0000000 6.1450205 6.0052002 
1771.0000000 5.9486020 5.8087817 
1772.0000000 5.7521834 5.6123631 
1773.0000000 5.5557649 5.4159446 
1774.0000000 5.3593463 5.2195260 
1775.0000000 5.1629278 5.0231075 
1776.0000000 4.9665092 4.8266889 
1777.0000000 4.7700907 4.6302704 
1778.0000000 4.5736721 4.4338518 
1779.0000000 4.3772536 4.2374333 
1780.0000000 4.1808350 4.0410147 
1781.0000000 3.9844165 3.8445962 
1782.0000000 3.7879979 3.6481776 
1783.0000000 3.5915794 3.4517591 
1784.0000000 3.3951608 3.2553405 
1785.0000000 3.1987423 3.0589220 
1786.0000000 3.0023237 2.8625034 
1787.0000000 2.8059052 2.6660849 
1788.0000000 2.6094866 2.4696663 
1789.0000000 2.4130681 2.2732478 
1790.0000000 2.2166495 2.0768292 
1791.0000000 2.0202310 1.8804107 
1792.0000000 1.8238124 1.6839921 
1793.0000000 1.6273939 1.4875736 
1794.0000000 1.4309753 1.2911550 
1795.0000000 1.2345568 1.0947365 
1796.0000000 1.0381382 0.8983179 
1797.0000000 0.8417197 0.7018994 
1798.0000000 0.6453011 0.5054808 
1799.0000000 0.4488826 0.3090623 
1800.0000000 0.2524640 0.1126437 

