1.0000000 353.4824984 353.4806043 
2.0000000 353.2860798 353.2841858 
3.0000000 353.0896613 353.0877672 
4.0000000 352.8932427 352.8913487 
5.0000000 352.6968242 352.6949301 
6.0000000 352.5004056 352.4985116 
7.0000000 352.3039871 352.3020930 
8.0000000 352.1075685 352.1056745 
9.0000000 351.9111500 351.9092559 
10.0000000 351.7147314 351.7128374 
11.0000000 351.5183129 351.5164188 
12.0000000 351.3218943 351.3200003 
13.0000000 351.1254758 351.1235817 
14.0000000 350.9290572 350.9271632 
15.0000000 350.7326387 350.7307446 
16.0000000 350.5362201 350.5343261 
17.0000000 350.3398016 350.3379075 
18.0000000 350.1433830 350.1414889 
19.0000000 349.9469645 349.9450704 
20.0000000 349.7505459 349.7486518 
21.0000000 349.5541274 349.5522333 
22.0000000 349.3577088 349.3558147 
23.0000000 349.1612903 349.1593962 
24.0000000 348.9648717 348.9629776 
25.0000000 348.7684532 348.7665591 
26.0000000 348.5720346 348.5701405 
27.0000000 348.3756161 348.3737220 
28.0000000 348.1791975 348.1773034 
29.0000000 347.9827790 347.9808849 
30.0000000 347.7863604 347.7844663 
31.0000000 347.5899419 347.5880478 
32.0000000 347.3935233 347.3916292 
33.0000000 347.1971048 347.1952107 
34.0000000 347.0006862 346.9987921 
35.0000000 346.8042677 346.8023736 
36.0000000 346.6078491 346.6059550 
37.0000000 346.4114306 346.4095365 
38.0000000 346.2150120 346.2131179 
39.0000000 346.0185935 346.0166994 
40.0000000 345.8221749 345.8202808 
41.0000000 345.6257564 345.6238623 
42.0000000 345.4293378 345.4274437 
43.0000000 345.2329193 345.2310252 
44.0000000 345.0365007 345.0346066 
45.0000000 344.8400822 344.8381881 
46.0000000 344.6436636 344.6417695 
47.0000000 344.4472451 344.4453510 
48.0000000 344.2508265 344.2489324 
49.0000000 344.0544080 344.0525139 
50.0000000 343.8579894 343.8560953 
51.0000000 343.6615709 343.6596768 
52.0000000 343.4651523 343.4632582 
53.0000000 343.2687338 343.2668397 
54.0000000 343.0723152 343.0704211 
55.0000000 342.8758967 342.8740026 
56.0000000 342.6794781 342.6775840 
57.0000000 342.4830596 342.4811655 
58.0000000 342.2866410 342.2847469 
59.0000000 342.0902225 342.0883284 
60.0000000 341.8938039 341.8919098 
61.0000000 341.6973854 341.6954913 
62.0000000 341.5009668 341.4990727 
63.0000000 341.3045483 341.3026542 
64.0000000 341.1081297 341.1062356 
65.0000000 340.9117112 340.9098171 
66.0000000 340.7152926 340.7133985 
67.0000000 340.5188741 340.5169800 
68.0000000 340.3224555 340.3205614 
69.0000000 340.1260370 340.1241429 
70.0000000 339.9296184 339.9277243 
71.0000000 339.7331999 339.7313058 
72.0000000 339.5367813 339.5348872 
73.0000000 339.3403628 339.3384687 
74.0000000 339.1439442 339.1420501 
75.0000000 338.9475257 338.9456316 
76.0000000 338.7511071 338.7492130 
77.0000000 338.5546886 338.5527945 
78.0000000 338.3582700 338.3563759 
79.0000000 338.1618515 338.1599574 
80.0000000 337.9654329 337.9635388 
81.0000000 337.7690144 337.7671203 
82.0000000 337.5725958 337.5707017 
83.0000000 337.3761773 337.3742832 
84.0000000 337.1797587 337.1778646 
85.0000000 336.9833402 336.9814461 
86.0000000 336.7869216 336.7850275 
87.0000000 336.5905031 336.5886090 
88.0000000 336.3940845 336.3921904 
89.0000000 336.1976660 336.1957719 
90.0000000 336.0012474 335.9993533 
91.0000000 335.8048289 335.8029348 
92.0000000 335.6084103 335.6065162 
93.0000000 335.4119918 335.4100977 
94.0000000 335.2155732 335.2136791 
95.0000000 335.0191547 335.0172606 
96.0000000 334.8227361 334.8208420 
97.0000000 334.6263176 334.6244235 
98.0000000 334.4298990 334.4280049 
99.0000000 334.2334805 334.2315864 
100.0000000 334.0370619 334.0351678 
101.0000000 333.8406434 333.8387493 
102.0000000 333.6442248 333.6423307 
103.0000000 333.4478063 333.4459122 
104.0000000 333.2513877 333.2494936 
105.0000000 333.0549692 333.0530751 
106.0000000 332.8585506 332.8566565 
107.0000000 332.6621321 332.6602380 
108.0000000 332.4657135 332.4638194 
109.0000000 332.2692950 332.2674009 
110.0000000 332.0728764 332.0709823 
111.0000000 331.8764579 331.8745638 
112.0000000 331.6800393 331.6781452 
113.0000000 331.4836208 331.4817267 
114.0000000 331.2872022 331.2853081 
115.0000000 331.0907837 331.0888896 
116.0000000 330.8943651 330.8924710 
117.0000000 330.6979466 330.6960525 
118.0000000 330.5015280 330.4996339 
119.0000000 330.3051095 330.3032154 
120.0000000 330.1086909 330.1067968 
121.0000000 329.9122723 329.9103783 
122.0000000 329.7158538 329.7139597 
123.0000000 329.5194352 329.5175412 
124.0000000 329.3230167 329.3211226 
125.0000000 329.1265981 329.1247041 
126.0000000 328.9301796 328.9282855 
127.0000000 328.7337610 328.7318670 
128.0000000 328.5373425 328.5354484 
129.0000000 328.3409239 328.3390299 
130.0000000 328.1445054 328.1426113 
131.0000000 327.9480868 327.9461928 
132.0000000 327.7516683 327.7497742 
133.0000000 327.5552497 327.5533557 
134.0000000 327.3588312 327.3569371 
135.0000000 327.1624126 327.1605186 
136.0000000 326.9659941 326.9641000 
137.0000000 326.7695755 326.7676815 
138.0000000 326.5731570 326.5712629 
139.0000000 326.3767384 326.3748444 
140.0000000 326.1803199 326.1784258 
141.0000000 325.9839013 325.9820073 
142.0000000 325.7874828 325.7855887 
143.0000000 325.5910642 325.5891702 
144.0000000 325.3946457 325.3927516 
145.0000000 325.1982271 325.1963331 
146.0000000 325.0018086 324.9999145 
147.0000000 324.8053900 324.8034960 
148.0000000 324.6089715 324.6070774 
149.0000000 324.4125529 324.4106589 
150.0000000 324.2161344 324.2142403 
151.0000000 324.0197158 324.0178218 
152.0000000 323.8232973 323.8214032 
153.0000000 323.6268787 323.6249847 
154.0000000 323.4304602 323.4285661 
155.0000000 323.2340416 323.2321476 
156.0000000 323.0376231 323.0357290 
157.0000000 322.8412045 322.8393105 
158.0000000 322.6447860 322.6428919 
159.0000000 322.4483674 322.4464734 
160.0000000 322.2519489 322.2500548 
161.0000000 322.0555303 322.0536363 
162.0000000 321.8591118 321.8572177 
163.0000000 321.6626932 321.6607992 
164.0000000 321.4662747 321.4643806 
165.0000000 321.2698561 321.2679621 
166.0000000 321.0734376 321.0715435 
167.0000000 320.8770190 320.8751250 
168.0000000 320.6806005 320.6787064 
169.0000000 320.4841819 320.4822878 
170.0000000 320.2877634 320.2858693 
171.0000000 320.0913448 320.0894507 
172.0000000 319.8949263 319.8930322 
173.0000000 319.6985077 319.6966136 
174.0000000 319.5020892 319.5001951 
175.0000000 319.3056706 319.3037765 
176.0000000 319.1092521 319.1073580 
177.0000000 318.9128335 318.9109394 
178.0000000 318.7164150 318.7145209 
179.0000000 318.5199964 318.5181023 
180.0000000 318.3235779 318.3216838 
181.0000000 318.1271593 318.1252652 
182.0000000 317.9307408 317.9288467 
183.0000000 317.7343222 317.7324281 
184.0000000 317.5379037 317.5360096 
185.0000000 317.3414851 317.3395910 
186.0000000 317.1450666 317.1431725 
187.0000000 316.9486480 316.9467539 
188.0000000 316.7522295 316.7503354 
189.0000000 316.5558109 316.5539168 
190.0000000 316.3593924 316.3574983 
191.0000000 316.1629738 316.1610797 
192.0000000 315.9665553 315.9646612 
193.0000000 315.7701367 315.7682426 
194.0000000 315.5737182 315.5718241 
195.0000000 315.3772996 315.3754055 
196.0000000 315.1808811 315.1789870 
197.0000000 314.9844625 314.9825684 
198.0000000 314.7880440 314.7861499 
199.0000000 314.5916254 314.5897313 
200.0000000 314.3952069 314.3933128 
201.0000000 314.1987883 314.1968942 
202.0000000 314.0023698 314.0004757 
203.0000000 313.8059512 313.8040571 
204.0000000 313.6095327 313.6076386 
205.0000000 313.4131141 313.4112200 
206.0000000 313.2166956 313.2148015 
207.0000000 313.0202770 313.0183829 
208.0000000 312.8238585 312.8219644 
209.0000000 312.6274399 312.6255458 
210.0000000 312.4310214 312.4291273 
211.0000000 312.2346028 312.2327087 
212.0000000 312.0381843 312.0362902 
213.0000000 311.8417657 311.8398716 
214.0000000 311.6453472 311.6434531 
215.0000000 311.4489286 311.4470345 
216.0000000 311.2525101 311.2506160 
217.0000000 311.0560915 311.0541974 
218.0000000 310.8596730 310.8577789 
219.0000000 310.6632544 310.6613603 
220.0000000 310.4668359 310.4649418 
221.0000000 310.2704173 310.2685232 
222.0000000 310.0739988 310.0721047 
223.0000000 309.8775802 309.8756861 
224.0000000 309.6811617 309.6792676 
225.0000000 309.4847431 309.4828490 
226.0000000 309.2883246 309.2864305 
227.0000000 309.0919060 309.0900119 
228.0000000 308.8954875 308.8935934 
229.0000000 308.6990689 308.6971748 
230.0000000 308.5026504 308.5007563 
231.0000000 308.3062318 308.3043377 
232.0000000 308.1098133 308.1079192 
233.0000000 307.9133947 307.9115006 
234.0000000 307.7169762 307.7150821 
235.0000000 307.5205576 307.5186635 
236.0000000 307.3241391 307.3222450 
237.0000000 307.1277205 307.1258264 
238.0000000 306.9313020 306.9294079 
239.0000000 306.7348834 306.7329893 
240.0000000 306.5384649 306.5365708 
241.0000000 306.3420463 306.3401522 
242.0000000 306.1456278 306.1437337 
243.0000000 305.9492092 305.9473151 
244.0000000 305.7527907 305.7508966 
245.0000000 305.5563721 305.5544780 
246.0000000 305.3599536 305.3580595 
247.0000000 305.1635350 305.1616409 
248.0000000 304.9671165 304.9652224 
249.0000000 304.7706979 304.7688038 
250.0000000 304.5742794 304.5723853 
251.0000000 304.3778608 304.3759667 
252.0000000 304.1814423 304.1795482 
253.0000000 303.9850237 303.9831296 
254.0000000 303.7886052 303.7867111 
255.0000000 303.5921866 303.5902925 
256.0000000 303.3957681 303.3938740 
257.0000000 303.1993495 303.1974554 
258.0000000 303.0029310 303.0010369 
259.0000000 302.8065124 302.8046183 
260.0000000 302.6100939 302.6081998 
261.0000000 302.4136753 302.4117812 
262.0000000 302.2172568 302.2153627 
263.0000000 302.0208382 302.0189441 
264.0000000 301.8244197 301.8225256 
265.0000000 301.6280011 301.6261070 
266.0000000 301.4315826 301.4296885 
267.0000000 301.2351640 301.2332699 
268.0000000 301.0387455 301.0368514 
269.0000000 300.8423269 300.8404328 
270.0000000 300.6459084 300.6440143 
271.0000000 300.4494898 300.4475957 
272.0000000 300.2530713 300.2511772 
273.0000000 300.0566527 300.0547586 
274.0000000 299.8602341 299.8583401 
275.0000000 299.6638156 299.6619215 
276.0000000 299.4673970 299.4655030 
277.0000000 299.2709785 299.2690844 
278.0000000 299.0745599 299.0726659 
279.0000000 298.8781414 298.8762473 
280.0000000 298.6817228 298.6798288 
281.0000000 298.4853043 298.4834102 
282.0000000 298.2888857 298.2869917 
283.0000000 298.0924672 298.0905731 
284.0000000 297.8960486 297.8941546 
285.0000000 297.6996301 297.6977360 
286.0000000 297.5032115 297.5013175 
287.0000000 297.3067930 297.3048989 
288.0000000 297.1103744 297.1084804 
289.0000000 296.9139559 296.9120618 
290.0000000 296.7175373 296.7156433 
291.0000000 296.5211188 296.5192247 
292.0000000 296.3247002 296.3228062 
293.0000000 296.1282817 296.1263876 
294.0000000 295.9318631 295.9299691 
295.0000000 295.7354446 295.7335505 
296.0000000 295.5390260 295.5371320 
297.0000000 295.3426075 295.3407134 
298.0000000 295.1461889 295.1442949 
299.0000000 294.9497704 294.9478763 
300.0000000 294.7533518 294.7514578 
301.0000000 294.5569333 294.5550392 
302.0000000 294.3605147 294.3586207 
303.0000000 294.1640962 294.1622021 
304.0000000 293.9676776 293.9657836 
305.0000000 293.7712591 293.7693650 
306.0000000 293.5748405 293.5729465 
307.0000000 293.3784220 293.3765279 
308.0000000 293.1820034 293.1801094 
309.0000000 292.9855849 292.9836908 
310.0000000 292.7891663 292.7872723 
311.0000000 292.5927478 292.5908537 
312.0000000 292.3963292 292.3944352 
313.0000000 292.1999107 292.1980166 
314.0000000 292.0034921 292.0015981 
315.0000000 291.8070736 291.8051795 
316.0000000 291.6106550 291.6087610 
317.0000000 291.4142365 291.4123424 
318.0000000 291.2178179 291.2159239 
319.0000000 291.0213994 291.0195053 
320.0000000 290.8249808 290.8230867 
321.0000000 290.6285623 290.6266682 
322.0000000 290.4321437 290.4302496 
323.0000000 290.2357252 290.2338311 
324.0000000 290.0393066 290.0374125 
325.0000000 289.8428881 289.8409940 
326.0000000 289.6464695 289.6445754 
327.0000000 289.4500510 289.4481569 
328.0000000 289.2536324 289.2517383 
329.0000000 289.0572139 289.0553198 
330.0000000 288.8607953 288.8589012 
331.0000000 288.6643768 288.6624827 
332.0000000 288.4679582 288.4660641 
333.0000000 288.2715397 288.2696456 
334.0000000 288.0751211 288.0732270 
335.0000000 287.8787026 287.8768085 
336.0000000 287.6822840 287.6803899 
337.0000000 287.4858655 287.4839714 
338.0000000 287.2894469 287.2875528 
339.0000000 287.0930284 287.0911343 
340.0000000 286.8966098 286.8947157 
341.0000000 286.7001913 286.6982972 
342.0000000 286.5037727 286.5018786 
343.0000000 286.3073542 286.3054601 
344.0000000 286.1109356 286.1090415 
345.0000000 285.9145171 285.9126230 
346.0000000 285.7180985 285.7162044 
347.0000000 285.5216800 285.5197859 
348.0000000 285.3252614 285.3233673 
349.0000000 285.1288429 285.1269488 
350.0000000 284.9324243 284.9305302 
351.0000000 284.7360058 284.7341117 
352.0000000 284.5395872 284.5376931 
353.0000000 284.3431687 284.3412746 
354.0000000 284.1467501 284.1448560 
355.0000000 283.9503316 283.9484375 
356.0000000 283.7539130 283.7520189 
357.0000000 283.5574945 283.5556004 
358.0000000 283.3610759 283.3591818 
359.0000000 283.1646574 283.1627633 
360.0000000 282.9682388 282.9663447 
361.0000000 282.7718203 282.7699262 
362.0000000 282.5754017 282.5735076 
363.0000000 282.3789832 282.3770891 
364.0000000 282.1825646 282.1806705 
365.0000000 281.9861461 281.9842520 
366.0000000 281.7897275 281.7878334 
367.0000000 281.5933090 281.5914149 
368.0000000 281.3968904 281.3949963 
369.0000000 281.2004719 281.1985778 
370.0000000 281.0040533 281.0021592 
371.0000000 280.8076348 280.8057407 
372.0000000 280.6112162 280.6093221 
373.0000000 280.4147977 280.4129036 
374.0000000 280.2183791 280.2164850 
375.0000000 280.0219606 280.0200665 
376.0000000 279.8255420 279.8236479 
377.0000000 279.6291235 279.6272294 
378.0000000 279.4327049 279.4308108 
379.0000000 279.2362864 279.2343923 
380.0000000 279.0398678 279.0379737 
381.0000000 278.8434493 278.8415552 
382.0000000 278.6470307 278.6451366 
383.0000000 278.4506122 278.4487181 
384.0000000 278.2541936 278.2522995 
385.0000000 278.0577751 278.0558810 
386.0000000 277.8613565 277.8594624 
387.0000000 277.6649380 277.6630439 
388.0000000 277.4685194 277.4666253 
389.0000000 277.2721009 277.2702068 
390.0000000 277.0756823 277.0737882 
391.0000000 276.8792638 276.8773697 
392.0000000 276.6828452 276.6809511 
393.0000000 276.4864267 276.4845326 
394.0000000 276.2900081 276.2881140 
395.0000000 276.0935896 276.0916955 
396.0000000 275.8971710 275.8952769 
397.0000000 275.7007525 275.6988584 
398.0000000 275.5043339 275.5024398 
399.0000000 275.3079154 275.3060213 
400.0000000 275.1114968 275.1096027 
401.0000000 274.9150783 274.9131842 
402.0000000 274.7186597 274.7167656 
403.0000000 274.5222412 274.5203471 
404.0000000 274.3258226 274.3239285 
405.0000000 274.1294041 274.1275100 
406.0000000 273.9329855 273.9310914 
407.0000000 273.7365670 273.7346729 
408.0000000 273.5401484 273.5382543 
409.0000000 273.3437299 273.3418358 
410.0000000 273.1473113 273.1454172 
411.0000000 272.9508928 272.9489987 
412.0000000 272.7544742 272.7525801 
413.0000000 272.5580557 272.5561616 
414.0000000 272.3616371 272.3597430 
415.0000000 272.1652186 272.1633245 
416.0000000 271.9688000 271.9669059 
417.0000000 271.7723815 271.7704874 
418.0000000 271.5759629 271.5740688 
419.0000000 271.3795444 271.3776503 
420.0000000 271.1831258 271.1812317 
421.0000000 270.9867073 270.9848132 
422.0000000 270.7902887 270.7883946 
423.0000000 270.5938702 270.5919761 
424.0000000 270.3974516 270.3955575 
425.0000000 270.2010330 270.1991390 
426.0000000 270.0046145 270.0027204 
427.0000000 269.8081959 269.8063019 
428.0000000 269.6117774 269.6098833 
429.0000000 269.4153588 269.4134648 
430.0000000 269.2189403 269.2170462 
431.0000000 269.0225217 269.0206277 
432.0000000 268.8261032 268.8242091 
433.0000000 268.6296846 268.6277906 
434.0000000 268.4332661 268.4313720 
435.0000000 268.2368475 268.2349535 
436.0000000 268.0404290 268.0385349 
437.0000000 267.8440104 267.8421164 
438.0000000 267.6475919 267.6456978 
439.0000000 267.4511733 267.4492793 
440.0000000 267.2547548 267.2528607 
441.0000000 267.0583362 267.0564422 
442.0000000 266.8619177 266.8600236 
443.0000000 266.6654991 266.6636051 
444.0000000 266.4690806 266.4671865 
445.0000000 266.2726620 266.2707680 
446.0000000 266.0762435 266.0743494 
447.0000000 265.8798249 265.8779309 
448.0000000 265.6834064 265.6815123 
449.0000000 265.4869878 265.4850938 
450.0000000 265.2905693 265.2886752 
451.0000000 265.0941507 265.0922567 
452.0000000 264.8977322 264.8958381 
453.0000000 264.7013136 264.6994196 
454.0000000 264.5048951 264.5030010 
455.0000000 264.3084765 264.3065825 
456.0000000 264.1120580 264.1101639 
457.0000000 263.9156394 263.9137454 
458.0000000 263.7192209 263.7173268 
459.0000000 263.5228023 263.5209083 
460.0000000 263.3263838 263.3244897 
461.0000000 263.1299652 263.1280712 
462.0000000 262.9335467 262.9316526 
463.0000000 262.7371281 262.7352341 
464.0000000 262.5407096 262.5388155 
465.0000000 262.3442910 262.3423970 
466.0000000 262.1478725 262.1459784 
467.0000000 261.9514539 261.9495599 
468.0000000 261.7550354 261.7531413 
469.0000000 261.5586168 261.5567228 
470.0000000 261.3621983 261.3603042 
471.0000000 261.1657797 261.1638857 
472.0000000 260.9693612 260.9674671 
473.0000000 260.7729426 260.7710485 
474.0000000 260.5765241 260.5746300 
475.0000000 260.3801055 260.3782114 
476.0000000 260.1836870 260.1817929 
477.0000000 259.9872684 259.9853743 
478.0000000 259.7908499 259.7889558 
479.0000000 259.5944313 259.5925372 
480.0000000 259.3980128 259.3961187 
481.0000000 259.2015942 259.1997001 
482.0000000 259.0051757 259.0032816 
483.0000000 258.8087571 258.8068630 
484.0000000 258.6123386 258.6104445 
485.0000000 258.4159200 258.4140259 
486.0000000 258.2195015 258.2176074 
487.0000000 258.0230829 258.0211888 
488.0000000 257.8266644 257.8247703 
489.0000000 257.6302458 257.6283517 
490.0000000 257.4338273 257.4319332 
491.0000000 257.2374087 257.2355146 
492.0000000 257.0409902 257.0390961 
493.0000000 256.8445716 256.8426775 
494.0000000 256.6481531 256.6462590 
495.0000000 256.4517345 256.4498404 
496.0000000 256.2553160 256.2534219 
497.0000000 256.0588974 256.0570033 
498.0000000 255.8624789 255.8605848 
499.0000000 255.6660603 255.6641662 
500.0000000 255.4696418 255.4677477 
501.0000000 255.2732232 255.2713291 
502.0000000 255.0768047 255.0749106 
503.0000000 254.8803861 254.8784920 
504.0000000 254.6839676 254.6820735 
505.0000000 254.4875490 254.4856549 
506.0000000 254.2911305 254.2892364 
507.0000000 254.0947119 254.0928178 
508.0000000 253.8982934 253.8963993 
509.0000000 253.7018748 253.6999807 
510.0000000 253.5054563 253.5035622 
511.0000000 253.3090377 253.3071436 
512.0000000 253.1126192 253.1107251 
513.0000000 252.9162006 252.9143065 
514.0000000 252.7197821 252.7178880 
515.0000000 252.5233635 252.5214694 
516.0000000 252.3269450 252.3250509 
517.0000000 252.1305264 252.1286323 
518.0000000 251.9341079 251.9322138 
519.0000000 251.7376893 251.7357952 
520.0000000 251.5412708 251.5393767 
521.0000000 251.3448522 251.3429581 
522.0000000 251.1484337 251.1465396 
523.0000000 250.9520151 250.9501210 
524.0000000 250.7555966 250.7537025 
525.0000000 250.5591780 250.5572839 
526.0000000 250.3627595 250.3608654 
527.0000000 250.1663409 250.1644468 
528.0000000 249.9699224 249.9680283 
529.0000000 249.7735038 249.7716097 
530.0000000 249.5770853 249.5751912 
531.0000000 249.3806667 249.3787726 
532.0000000 249.1842482 249.1823541 
533.0000000 248.9878296 248.9859355 
534.0000000 248.7914111 248.7895170 
535.0000000 248.5949925 248.5930984 
536.0000000 248.3985740 248.3966799 
537.0000000 248.2021554 248.2002613 
538.0000000 248.0057369 248.0038428 
539.0000000 247.8093183 247.8074242 
540.0000000 247.6128998 247.6110057 
541.0000000 247.4164812 247.4145871 
542.0000000 247.2200627 247.2181686 
543.0000000 247.0236441 247.0217500 
544.0000000 246.8272256 246.8253315 
545.0000000 246.6308070 246.6289129 
546.0000000 246.4343885 246.4324944 
547.0000000 246.2379699 246.2360758 
548.0000000 246.0415514 246.0396573 
549.0000000 245.8451328 245.8432387 
550.0000000 245.6487143 245.6468202 
551.0000000 245.4522957 245.4504016 
552.0000000 245.2558772 245.2539831 
553.0000000 245.0594586 245.0575645 
554.0000000 244.8630401 244.8611460 
555.0000000 244.6666215 244.6647274 
556.0000000 244.4702030 244.4683089 
557.0000000 244.2737844 244.2718903 
558.0000000 244.0773659 244.0754718 
559.0000000 243.8809473 243.8790532 
560.0000000 243.6845288 243.6826347 
561.0000000 243.4881102 243.4862161 
562.0000000 243.2916917 243.2897976 
563.0000000 243.0952731 243.0933790 
564.0000000 242.8988546 242.8969605 
565.0000000 242.7024360 242.7005419 
566.0000000 242.5060175 242.5041234 
567.0000000 242.3095989 242.3077048 
568.0000000 242.1131804 242.1112863 
569.0000000 241.9167618 241.9148677 
570.0000000 241.7203433 241.7184492 
571.0000000 241.5239247 241.5220306 
572.0000000 241.3275062 241.3256121 
573.0000000 241.1310876 241.1291935 
574.0000000 240.9346691 240.9327750 
575.0000000 240.7382505 240.7363564 
576.0000000 240.5418319 240.5399379 
577.0000000 240.3454134 240.3435193 
578.0000000 240.1489948 240.1471008 
579.0000000 239.9525763 239.9506822 
580.0000000 239.7561577 239.7542637 
581.0000000 239.5597392 239.5578451 
582.0000000 239.3633206 239.3614266 
583.0000000 239.1669021 239.1650080 
584.0000000 238.9704835 238.9685895 
585.0000000 238.7740650 238.7721709 
586.0000000 238.5776464 238.5757524 
587.0000000 238.3812279 238.3793338 
588.0000000 238.1848093 238.1829153 
589.0000000 237.9883908 237.9864967 
590.0000000 237.7919722 237.7900782 
591.0000000 237.5955537 237.5936596 
592.0000000 237.3991351 237.3972411 
593.0000000 237.2027166 237.2008225 
594.0000000 237.0062980 237.0044040 
595.0000000 236.8098795 236.8079854 
596.0000000 236.6134609 236.6115669 
597.0000000 236.4170424 236.4151483 
598.0000000 236.2206238 236.2187298 
599.0000000 236.0242053 236.0223112 
600.0000000 235.8277867 235.8258927 
601.0000000 235.6313682 235.6294741 
602.0000000 235.4349496 235.4330556 
603.0000000 235.2385311 235.2366370 
604.0000000 235.0421125 235.0402185 
605.0000000 234.8456940 234.8437999 
606.0000000 234.6492754 234.6473814 
607.0000000 234.4528569 234.4509628 
608.0000000 234.2564383 234.2545443 
609.0000000 234.0600198 234.0581257 
610.0000000 233.8636012 233.8617072 
611.0000000 233.6671827 233.6652886 
612.0000000 233.4707641 233.4688701 
613.0000000 233.2743456 233.2724515 
614.0000000 233.0779270 233.0760330 
615.0000000 232.8815085 232.8796144 
616.0000000 232.6850899 232.6831959 
617.0000000 232.4886714 232.4867773 
618.0000000 232.2922528 232.2903588 
619.0000000 232.0958343 232.0939402 
620.0000000 231.8994157 231.8975217 
621.0000000 231.7029972 231.7011031 
622.0000000 231.5065786 231.5046846 
623.0000000 231.3101601 231.3082660 
624.0000000 231.1137415 231.1118474 
625.0000000 230.9173230 230.9154289 
626.0000000 230.7209044 230.7190103 
627.0000000 230.5244859 230.5225918 
628.0000000 230.3280673 230.3261732 
629.0000000 230.1316488 230.1297547 
630.0000000 229.9352302 229.9333361 
631.0000000 229.7388117 229.7369176 
632.0000000 229.5423931 229.5404990 
633.0000000 229.3459746 229.3440805 
634.0000000 229.1495560 229.1476619 
635.0000000 228.9531375 228.9512434 
636.0000000 228.7567189 228.7548248 
637.0000000 228.5603004 228.5584063 
638.0000000 228.3638818 228.3619877 
639.0000000 228.1674633 228.1655692 
640.0000000 227.9710447 227.9691506 
641.0000000 227.7746262 227.7727321 
642.0000000 227.5782076 227.5763135 
643.0000000 227.3817891 227.3798950 
644.0000000 227.1853705 227.1834764 
645.0000000 226.9889520 226.9870579 
646.0000000 226.7925334 226.7906393 
647.0000000 226.5961149 226.5942208 
648.0000000 226.3996963 226.3978022 
649.0000000 226.2032778 226.2013837 
650.0000000 226.0068592 226.0049651 
651.0000000 225.8104407 225.8085466 
652.0000000 225.6140221 225.6121280 
653.0000000 225.4176036 225.4157095 
654.0000000 225.2211850 225.2192909 
655.0000000 225.0247665 225.0228724 
656.0000000 224.8283479 224.8264538 
657.0000000 224.6319294 224.6300353 
658.0000000 224.4355108 224.4336167 
659.0000000 224.2390923 224.2371982 
660.0000000 224.0426737 224.0407796 
661.0000000 223.8462552 223.8443611 
662.0000000 223.6498366 223.6479425 
663.0000000 223.4534181 223.4515240 
664.0000000 223.2569995 223.2551054 
665.0000000 223.0605810 223.0586869 
666.0000000 222.8641624 222.8622683 
667.0000000 222.6677439 222.6658498 
668.0000000 222.4713253 222.4694312 
669.0000000 222.2749068 222.2730127 
670.0000000 222.0784882 222.0765941 
671.0000000 221.8820697 221.8801756 
672.0000000 221.6856511 221.6837570 
673.0000000 221.4892326 221.4873385 
674.0000000 221.2928140 221.2909199 
675.0000000 221.0963955 221.0945014 
676.0000000 220.8999769 220.8980828 
677.0000000 220.7035584 220.7016643 
678.0000000 220.5071398 220.5052457 
679.0000000 220.3107213 220.3088272 
680.0000000 220.1143027 220.1124086 
681.0000000 219.9178842 219.9159901 
682.0000000 219.7214656 219.7195715 
683.0000000 219.5250471 219.5231530 
684.0000000 219.3286285 219.3267344 
685.0000000 219.1322100 219.1303159 
686.0000000 218.9357914 218.9338973 
687.0000000 218.7393729 218.7374788 
688.0000000 218.5429543 218.5410602 
689.0000000 218.3465358 218.3446417 
690.0000000 218.1501172 218.1482231 
691.0000000 217.9536987 217.9518046 
692.0000000 217.7572801 217.7553860 
693.0000000 217.5608616 217.5589675 
694.0000000 217.3644430 217.3625489 
695.0000000 217.1680245 217.1661304 
696.0000000 216.9716059 216.9697118 
697.0000000 216.7751874 216.7732933 
698.0000000 216.5787688 216.5768747 
699.0000000 216.3823503 216.3804562 
700.0000000 216.1859317 216.1840376 
701.0000000 215.9895132 215.9876191 
702.0000000 215.7930946 215.7912005 
703.0000000 215.5966761 215.5947820 
704.0000000 215.4002575 215.3983634 
705.0000000 215.2038390 215.2019449 
706.0000000 215.0074204 215.0055263 
707.0000000 214.8110019 214.8091078 
708.0000000 214.6145833 214.6126892 
709.0000000 214.4181648 214.4162707 
710.0000000 214.2217462 214.2198521 
711.0000000 214.0253277 214.0234336 
712.0000000 213.8289091 213.8270150 
713.0000000 213.6324906 213.6305965 
714.0000000 213.4360720 213.4341779 
715.0000000 213.2396535 213.2377594 
716.0000000 213.0432349 213.0413408 
717.0000000 212.8468164 212.8449223 
718.0000000 212.6503978 212.6485037 
719.0000000 212.4539793 212.4520852 
720.0000000 212.2575607 212.2556666 
721.0000000 212.0611422 212.0592481 
722.0000000 211.8647236 211.8628295 
723.0000000 211.6683051 211.6664110 
724.0000000 211.4718865 211.4699924 
725.0000000 211.2754680 211.2735739 
726.0000000 211.0790494 211.0771553 
727.0000000 210.8826309 210.8807368 
728.0000000 210.6862123 210.6843182 
729.0000000 210.4897937 210.4878997 
730.0000000 210.2933752 210.2914811 
731.0000000 210.0969566 210.0950626 
732.0000000 209.9005381 209.8986440 
733.0000000 209.7041195 209.7022255 
734.0000000 209.5077010 209.5058069 
735.0000000 209.3112824 209.3093884 
736.0000000 209.1148639 209.1129698 
737.0000000 208.9184453 208.9165513 
738.0000000 208.7220268 208.7201327 
739.0000000 208.5256082 208.5237142 
740.0000000 208.3291897 208.3272956 
741.0000000 208.1327711 208.1308771 
742.0000000 207.9363526 207.9344585 
743.0000000 207.7399340 207.7380400 
744.0000000 207.5435155 207.5416214 
745.0000000 207.3470969 207.3452029 
746.0000000 207.1506784 207.1487843 
747.0000000 206.9542598 206.9523658 
748.0000000 206.7578413 206.7559472 
749.0000000 206.5614227 206.5595287 
750.0000000 206.3650042 206.3631101 
751.0000000 206.1685856 206.1666916 
752.0000000 205.9721671 205.9702730 
753.0000000 205.7757485 205.7738545 
754.0000000 205.5793300 205.5774359 
755.0000000 205.3829114 205.3810174 
756.0000000 205.1864929 205.1845988 
757.0000000 204.9900743 204.9881803 
758.0000000 204.7936558 204.7917617 
759.0000000 204.5972372 204.5953432 
760.0000000 204.4008187 204.3989246 
761.0000000 204.2044001 204.2025061 
762.0000000 204.0079816 204.0060875 
763.0000000 203.8115630 203.8096690 
764.0000000 203.6151445 203.6132504 
765.0000000 203.4187259 203.4168319 
766.0000000 203.2223074 203.2204133 
767.0000000 203.0258888 203.0239948 
768.0000000 202.8294703 202.8275762 
769.0000000 202.6330517 202.6311577 
770.0000000 202.4366332 202.4347391 
771.0000000 202.2402146 202.2383206 
772.0000000 202.0437961 202.0419020 
773.0000000 201.8473775 201.8454835 
774.0000000 201.6509590 201.6490649 
775.0000000 201.4545404 201.4526463 
776.0000000 201.2581219 201.2562278 
777.0000000 201.0617033 201.0598092 
778.0000000 200.8652848 200.8633907 
779.0000000 200.6688662 200.6669721 
780.0000000 200.4724477 200.4705536 
781.0000000 200.2760291 200.2741350 
782.0000000 200.0796106 200.0777165 
783.0000000 199.8831920 199.8812979 
784.0000000 199.6867735 199.6848794 
785.0000000 199.4903549 199.4884608 
786.0000000 199.2939364 199.2920423 
787.0000000 199.0975178 199.0956237 
788.0000000 198.9010993 198.8992052 
789.0000000 198.7046807 198.7027866 
790.0000000 198.5082622 198.5063681 
791.0000000 198.3118436 198.3099495 
792.0000000 198.1154251 198.1135310 
793.0000000 197.9190065 197.9171124 
794.0000000 197.7225880 197.7206939 
795.0000000 197.5261694 197.5242753 
796.0000000 197.3297509 197.3278568 
797.0000000 197.1333323 197.1314382 
798.0000000 196.9369138 196.9350197 
799.0000000 196.7404952 196.7386011 
800.0000000 196.5440767 196.5421826 
801.0000000 196.3476581 196.3457640 
802.0000000 196.1512396 196.1493455 
803.0000000 195.9548210 195.9529269 
804.0000000 195.7584025 195.7565084 
805.0000000 195.5619839 195.5600898 
806.0000000 195.3655654 195.3636713 
807.0000000 195.1691468 195.1672527 
808.0000000 194.9727283 194.9708342 
809.0000000 194.7763097 194.7744156 
810.0000000 194.5798912 194.5779971 
811.0000000 194.3834726 194.3815785 
812.0000000 194.1870541 194.1851600 
813.0000000 193.9906355 193.9887414 
814.0000000 193.7942170 193.7923229 
815.0000000 193.5977984 193.5959043 
816.0000000 193.4013799 193.3994858 
817.0000000 193.2049613 193.2030672 
818.0000000 193.0085428 193.0066487 
819.0000000 192.8121242 192.8102301 
820.0000000 192.6157057 192.6138116 
821.0000000 192.4192871 192.4173930 
822.0000000 192.2228686 192.2209745 
823.0000000 192.0264500 192.0245559 
824.0000000 191.8300315 191.8281374 
825.0000000 191.6336129 191.6317188 
826.0000000 191.4371944 191.4353003 
827.0000000 191.2407758 191.2388817 
828.0000000 191.0443573 191.0424632 
829.0000000 190.8479387 190.8460446 
830.0000000 190.6515202 190.6496261 
831.0000000 190.4551016 190.4532075 
832.0000000 190.2586831 190.2567890 
833.0000000 190.0622645 190.0603704 
834.0000000 189.8658460 189.8639519 
835.0000000 189.6694274 189.6675333 
836.0000000 189.4730089 189.4711148 
837.0000000 189.2765903 189.2746962 
838.0000000 189.0801718 189.0782777 
839.0000000 188.8837532 188.8818591 
840.0000000 188.6873347 188.6854406 
841.0000000 188.4909161 188.4890220 
842.0000000 188.2944976 188.2926035 
843.0000000 188.0980790 188.0961849 
844.0000000 187.9016605 187.8997664 
845.0000000 187.7052419 187.7033478 
846.0000000 187.5088234 187.5069293 
847.0000000 187.3124048 187.3105107 
848.0000000 187.1159863 187.1140922 
849.0000000 186.9195677 186.9176736 
850.0000000 186.7231492 186.7212551 
851.0000000 186.5267306 186.5248365 
852.0000000 186.3303121 186.3284180 
853.0000000 186.1338935 186.1319994 
854.0000000 185.9374750 185.9355809 
855.0000000 185.7410564 185.7391623 
856.0000000 185.5446379 185.5427438 
857.0000000 185.3482193 185.3463252 
858.0000000 185.1518008 185.1499067 
859.0000000 184.9553822 184.9534881 
860.0000000 184.7589637 184.7570696 
861.0000000 184.5625451 184.5606510 
862.0000000 184.3661266 184.3642325 
863.0000000 184.1697080 184.1678139 
864.0000000 183.9732895 183.9713954 
865.0000000 183.7768709 183.7749768 
866.0000000 183.5804524 183.5785583 
867.0000000 183.3840338 183.3821397 
868.0000000 183.1876153 183.1857212 
869.0000000 182.9911967 182.9893026 
870.0000000 182.7947782 182.7928841 
871.0000000 182.5983596 182.5964655 
872.0000000 182.4019411 182.4000470 
873.0000000 182.2055225 182.2036284 
874.0000000 182.0091040 182.0072099 
875.0000000 181.8126854 181.8107913 
876.0000000 181.6162669 181.6143728 
877.0000000 181.4198483 181.4179542 
878.0000000 181.2234298 181.2215357 
879.0000000 181.0270112 181.0251171 
880.0000000 180.8305926 180.8286986 
881.0000000 180.6341741 180.6322800 
882.0000000 180.4377555 180.4358615 
883.0000000 180.2413370 180.2394429 
884.0000000 180.0449184 180.0430244 
885.0000000 179.8484999 179.8466058 
886.0000000 179.6520813 179.6501873 
887.0000000 179.4556628 179.4537687 
888.0000000 179.2592442 179.2573502 
889.0000000 179.0628257 179.0609316 
890.0000000 178.8664071 178.8645131 
891.0000000 178.6699886 178.6680945 
892.0000000 178.4735700 178.4716760 
893.0000000 178.2771515 178.2752574 
894.0000000 178.0807329 178.0788389 
895.0000000 177.8843144 177.8824203 
896.0000000 177.6878958 177.6860018 
897.0000000 177.4914773 177.4895832 
898.0000000 177.2950587 177.2931647 
899.0000000 177.0986402 177.0967461 
900.0000000 176.9022216 176.9003276 
901.0000000 176.7058031 176.7039090 
902.0000000 176.5093845 176.5074905 
903.0000000 176.3129660 176.3110719 
904.0000000 176.1165474 176.1146534 
905.0000000 175.9201289 175.9182348 
906.0000000 175.7237103 175.7218163 
907.0000000 175.5272918 175.5253977 
908.0000000 175.3308732 175.3289792 
909.0000000 175.1344547 175.1325606 
910.0000000 174.9380361 174.9361421 
911.0000000 174.7416176 174.7397235 
912.0000000 174.5451990 174.5433050 
913.0000000 174.3487805 174.3468864 
914.0000000 174.1523619 174.1504679 
915.0000000 173.9559434 173.9540493 
916.0000000 173.7595248 173.7576308 
917.0000000 173.5631063 173.5612122 
918.0000000 173.3666877 173.3647937 
919.0000000 173.1702692 173.1683751 
920.0000000 172.9738506 172.9719566 
921.0000000 172.7774321 172.7755380 
922.0000000 172.5810135 172.5791195 
923.0000000 172.3845950 172.3827009 
924.0000000 172.1881764 172.1862824 
925.0000000 171.9917579 171.9898638 
926.0000000 171.7953393 171.7934453 
927.0000000 171.5989208 171.5970267 
928.0000000 171.4025022 171.4006081 
929.0000000 171.2060837 171.2041896 
930.0000000 171.0096651 171.0077710 
931.0000000 170.8132466 170.8113525 
932.0000000 170.6168280 170.6149339 
933.0000000 170.4204095 170.4185154 
934.0000000 170.2239909 170.2220968 
935.0000000 170.0275724 170.0256783 
936.0000000 169.8311538 169.8292597 
937.0000000 169.6347353 169.6328412 
938.0000000 169.4383167 169.4364226 
939.0000000 169.2418982 169.2400041 
940.0000000 169.0454796 169.0435855 
941.0000000 168.8490611 168.8471670 
942.0000000 168.6526425 168.6507484 
943.0000000 168.4562240 168.4543299 
944.0000000 168.2598054 168.2579113 
945.0000000 168.0633869 168.0614928 
946.0000000 167.8669683 167.8650742 
947.0000000 167.6705498 167.6686557 
948.0000000 167.4741312 167.4722371 
949.0000000 167.2777127 167.2758186 
950.0000000 167.0812941 167.0794000 
951.0000000 166.8848756 166.8829815 
952.0000000 166.6884570 166.6865629 
953.0000000 166.4920385 166.4901444 
954.0000000 166.2956199 166.2937258 
955.0000000 166.0992014 166.0973073 
956.0000000 165.9027828 165.9008887 
957.0000000 165.7063643 165.7044702 
958.0000000 165.5099457 165.5080516 
959.0000000 165.3135272 165.3116331 
960.0000000 165.1171086 165.1152145 
961.0000000 164.9206901 164.9187960 
962.0000000 164.7242715 164.7223774 
963.0000000 164.5278530 164.5259589 
964.0000000 164.3314344 164.3295403 
965.0000000 164.1350159 164.1331218 
966.0000000 163.9385973 163.9367032 
967.0000000 163.7421788 163.7402847 
968.0000000 163.5457602 163.5438661 
969.0000000 163.3493417 163.3474476 
970.0000000 163.1529231 163.1510290 
971.0000000 162.9565046 162.9546105 
972.0000000 162.7600860 162.7581919 
973.0000000 162.5636675 162.5617734 
974.0000000 162.3672489 162.3653548 
975.0000000 162.1708304 162.1689363 
976.0000000 161.9744118 161.9725177 
977.0000000 161.7779933 161.7760992 
978.0000000 161.5815747 161.5796806 
979.0000000 161.3851562 161.3832621 
980.0000000 161.1887376 161.1868435 
981.0000000 160.9923191 160.9904250 
982.0000000 160.7959005 160.7940064 
983.0000000 160.5994820 160.5975879 
984.0000000 160.4030634 160.4011693 
985.0000000 160.2066449 160.2047508 
986.0000000 160.0102263 160.0083322 
987.0000000 159.8138078 159.8119137 
988.0000000 159.6173892 159.6154951 
989.0000000 159.4209707 159.4190766 
990.0000000 159.2245521 159.2226580 
991.0000000 159.0281336 159.0262395 
992.0000000 158.8317150 158.8298209 
993.0000000 158.6352965 158.6334024 
994.0000000 158.4388779 158.4369838 
995.0000000 158.2424594 158.2405653 
996.0000000 158.0460408 158.0441467 
997.0000000 157.8496223 157.8477282 
998.0000000 157.6532037 157.6513096 
999.0000000 157.4567852 157.4548911 
1000.0000000 157.2603666 157.2584725 
1001.0000000 157.0639481 157.0620540 
1002.0000000 156.8675295 156.8656354 
1003.0000000 156.6711110 156.6692169 
1004.0000000 156.4746924 156.4727983 
1005.0000000 156.2782739 156.2763798 
1006.0000000 156.0818553 156.0799612 
1007.0000000 155.8854368 155.8835427 
1008.0000000 155.6890182 155.6871241 
1009.0000000 155.4925997 155.4907056 
1010.0000000 155.2961811 155.2942870 
1011.0000000 155.0997626 155.0978685 
1012.0000000 154.9033440 154.9014499 
1013.0000000 154.7069255 154.7050314 
1014.0000000 154.5105069 154.5086128 
1015.0000000 154.3140884 154.3121943 
1016.0000000 154.1176698 154.1157757 
1017.0000000 153.9212513 153.9193572 
1018.0000000 153.7248327 153.7229386 
1019.0000000 153.5284142 153.5265201 
1020.0000000 153.3319956 153.3301015 
1021.0000000 153.1355771 153.1336830 
1022.0000000 152.9391585 152.9372644 
1023.0000000 152.7427400 152.7408459 
1024.0000000 152.5463214 152.5444273 
1025.0000000 152.3499029 152.3480088 
1026.0000000 152.1534843 152.1515902 
1027.0000000 151.9570658 151.9551717 
1028.0000000 151.7606472 151.7587531 
1029.0000000 151.5642287 151.5623346 
1030.0000000 151.3678101 151.3659160 
1031.0000000 151.1713915 151.1694975 
1032.0000000 150.9749730 150.9730789 
1033.0000000 150.7785544 150.7766604 
1034.0000000 150.5821359 150.5802418 
1035.0000000 150.3857173 150.3838233 
1036.0000000 150.1892988 150.1874047 
1037.0000000 149.9928802 149.9909862 
1038.0000000 149.7964617 149.7945676 
1039.0000000 149.6000431 149.5981491 
1040.0000000 149.4036246 149.4017305 
1041.0000000 149.2072060 149.2053120 
1042.0000000 149.0107875 149.0088934 
1043.0000000 148.8143689 148.8124749 
1044.0000000 148.6179504 148.6160563 
1045.0000000 148.4215318 148.4196378 
1046.0000000 148.2251133 148.2232192 
1047.0000000 148.0286947 148.0268007 
1048.0000000 147.8322762 147.8303821 
1049.0000000 147.6358576 147.6339636 
1050.0000000 147.4394391 147.4375450 
1051.0000000 147.2430205 147.2411265 
1052.0000000 147.0466020 147.0447079 
1053.0000000 146.8501834 146.8482894 
1054.0000000 146.6537649 146.6518708 
1055.0000000 146.4573463 146.4554523 
1056.0000000 146.2609278 146.2590337 
1057.0000000 146.0645092 146.0626152 
1058.0000000 145.8680907 145.8661966 
1059.0000000 145.6716721 145.6697781 
1060.0000000 145.4752536 145.4733595 
1061.0000000 145.2788350 145.2769410 
1062.0000000 145.0824165 145.0805224 
1063.0000000 144.8859979 144.8841039 
1064.0000000 144.6895794 144.6876853 
1065.0000000 144.4931608 144.4912668 
1066.0000000 144.2967423 144.2948482 
1067.0000000 144.1003237 144.0984297 
1068.0000000 143.9039052 143.9020111 
1069.0000000 143.7074866 143.7055926 
1070.0000000 143.5110681 143.5091740 
1071.0000000 143.3146495 143.3127555 
1072.0000000 143.1182310 143.1163369 
1073.0000000 142.9218124 142.9199184 
1074.0000000 142.7253939 142.7234998 
1075.0000000 142.5289753 142.5270813 
1076.0000000 142.3325568 142.3306627 
1077.0000000 142.1361382 142.1342442 
1078.0000000 141.9397197 141.9378256 
1079.0000000 141.7433011 141.7414070 
1080.0000000 141.5468826 141.5449885 
1081.0000000 141.3504640 141.3485699 
1082.0000000 141.1540455 141.1521514 
1083.0000000 140.9576269 140.9557328 
1084.0000000 140.7612084 140.7593143 
1085.0000000 140.5647898 140.5628957 
1086.0000000 140.3683713 140.3664772 
1087.0000000 140.1719527 140.1700586 
1088.0000000 139.9755342 139.9736401 
1089.0000000 139.7791156 139.7772215 
1090.0000000 139.5826971 139.5808030 
1091.0000000 139.3862785 139.3843844 
1092.0000000 139.1898600 139.1879659 
1093.0000000 138.9934414 138.9915473 
1094.0000000 138.7970229 138.7951288 
1095.0000000 138.6006043 138.5987102 
1096.0000000 138.4041858 138.4022917 
1097.0000000 138.2077672 138.2058731 
1098.0000000 138.0113487 138.0094546 
1099.0000000 137.8149301 137.8130360 
1100.0000000 137.6185116 137.6166175 
1101.0000000 137.4220930 137.4201989 
1102.0000000 137.2256745 137.2237804 
1103.0000000 137.0292559 137.0273618 
1104.0000000 136.8328374 136.8309433 
1105.0000000 136.6364188 136.6345247 
1106.0000000 136.4400003 136.4381062 
1107.0000000 136.2435817 136.2416876 
1108.0000000 136.0471632 136.0452691 
1109.0000000 135.8507446 135.8488505 
1110.0000000 135.6543261 135.6524320 
1111.0000000 135.4579075 135.4560134 
1112.0000000 135.2614890 135.2595949 
1113.0000000 135.0650704 135.0631763 
1114.0000000 134.8686519 134.8667578 
1115.0000000 134.6722333 134.6703392 
1116.0000000 134.4758148 134.4739207 
1117.0000000 134.2793962 134.2775021 
1118.0000000 134.0829777 134.0810836 
1119.0000000 133.8865591 133.8846650 
1120.0000000 133.6901406 133.6882465 
1121.0000000 133.4937220 133.4918279 
1122.0000000 133.2973035 133.2954094 
1123.0000000 133.1008849 133.0989908 
1124.0000000 132.9044664 132.9025723 
1125.0000000 132.7080478 132.7061537 
1126.0000000 132.5116293 132.5097352 
1127.0000000 132.3152107 132.3133166 
1128.0000000 132.1187922 132.1168981 
1129.0000000 131.9223736 131.9204795 
1130.0000000 131.7259551 131.7240610 
1131.0000000 131.5295365 131.5276424 
1132.0000000 131.3331180 131.3312239 
1133.0000000 131.1366994 131.1348053 
1134.0000000 130.9402809 130.9383868 
1135.0000000 130.7438623 130.7419682 
1136.0000000 130.5474438 130.5455497 
1137.0000000 130.3510252 130.3491311 
1138.0000000 130.1546067 130.1527126 
1139.0000000 129.9581881 129.9562940 
1140.0000000 129.7617696 129.7598755 
1141.0000000 129.5653510 129.5634569 
1142.0000000 129.3689325 129.3670384 
1143.0000000 129.1725139 129.1706198 
1144.0000000 128.9760954 128.9742013 
1145.0000000 128.7796768 128.7777827 
1146.0000000 128.5832583 128.5813642 
1147.0000000 128.3868397 128.3849456 
1148.0000000 128.1904212 128.1885271 
1149.0000000 127.9940026 127.9921085 
1150.0000000 127.7975841 127.7956900 
1151.0000000 127.6011655 127.5992714 
1152.0000000 127.4047470 127.4028529 
1153.0000000 127.2083284 127.2064343 
1154.0000000 127.0119099 127.0100158 
1155.0000000 126.8154913 126.8135972 
1156.0000000 126.6190728 126.6171787 
1157.0000000 126.4226542 126.4207601 
1158.0000000 126.2262357 126.2243416 
1159.0000000 126.0298171 126.0279230 
1160.0000000 125.8333986 125.8315045 
1161.0000000 125.6369800 125.6350859 
1162.0000000 125.4405615 125.4386674 
1163.0000000 125.2441429 125.2422488 
1164.0000000 125.0477244 125.0458303 
1165.0000000 124.8513058 124.8494117 
1166.0000000 124.6548873 124.6529932 
1167.0000000 124.4584687 124.4565746 
1168.0000000 124.2620502 124.2601561 
1169.0000000 124.0656316 124.0637375 
1170.0000000 123.8692131 123.8673190 
1171.0000000 123.6727945 123.6709004 
1172.0000000 123.4763760 123.4744819 
1173.0000000 123.2799574 123.2780633 
1174.0000000 123.0835389 123.0816448 
1175.0000000 122.8871203 122.8852262 
1176.0000000 122.6907018 122.6888077 
1177.0000000 122.4942832 122.4923891 
1178.0000000 122.2978647 122.2959706 
1179.0000000 122.1014461 122.0995520 
1180.0000000 121.9050276 121.9031335 
1181.0000000 121.7086090 121.7067149 
1182.0000000 121.5121905 121.5102964 
1183.0000000 121.3157719 121.3138778 
1184.0000000 121.1193533 121.1174593 
1185.0000000 120.9229348 120.9210407 
1186.0000000 120.7265162 120.7246222 
1187.0000000 120.5300977 120.5282036 
1188.0000000 120.3336791 120.3317851 
1189.0000000 120.1372606 120.1353665 
1190.0000000 119.9408420 119.9389480 
1191.0000000 119.7444235 119.7425294 
1192.0000000 119.5480049 119.5461109 
1193.0000000 119.3515864 119.3496923 
1194.0000000 119.1551678 119.1532738 
1195.0000000 118.9587493 118.9568552 
1196.0000000 118.7623307 118.7604367 
1197.0000000 118.5659122 118.5640181 
1198.0000000 118.3694936 118.3675996 
1199.0000000 118.1730751 118.1711810 
1200.0000000 117.9766565 117.9747625 
1201.0000000 117.7802380 117.7783439 
1202.0000000 117.5838194 117.5819254 
1203.0000000 117.3874009 117.3855068 
1204.0000000 117.1909823 117.1890883 
1205.0000000 116.9945638 116.9926697 
1206.0000000 116.7981452 116.7962512 
1207.0000000 116.6017267 116.5998326 
1208.0000000 116.4053081 116.4034141 
1209.0000000 116.2088896 116.2069955 
1210.0000000 116.0124710 116.0105770 
1211.0000000 115.8160525 115.8141584 
1212.0000000 115.6196339 115.6177399 
1213.0000000 115.4232154 115.4213213 
1214.0000000 115.2267968 115.2249028 
1215.0000000 115.0303783 115.0284842 
1216.0000000 114.8339597 114.8320657 
1217.0000000 114.6375412 114.6356471 
1218.0000000 114.4411226 114.4392286 
1219.0000000 114.2447041 114.2428100 
1220.0000000 114.0482855 114.0463915 
1221.0000000 113.8518670 113.8499729 
1222.0000000 113.6554484 113.6535544 
1223.0000000 113.4590299 113.4571358 
1224.0000000 113.2626113 113.2607173 
1225.0000000 113.0661928 113.0642987 
1226.0000000 112.8697742 112.8678802 
1227.0000000 112.6733557 112.6714616 
1228.0000000 112.4769371 112.4750431 
1229.0000000 112.2805186 112.2786245 
1230.0000000 112.0841000 112.0822059 
1231.0000000 111.8876815 111.8857874 
1232.0000000 111.6912629 111.6893688 
1233.0000000 111.4948444 111.4929503 
1234.0000000 111.2984258 111.2965317 
1235.0000000 111.1020073 111.1001132 
1236.0000000 110.9055887 110.9036946 
1237.0000000 110.7091702 110.7072761 
1238.0000000 110.5127516 110.5108575 
1239.0000000 110.3163331 110.3144390 
1240.0000000 110.1199145 110.1180204 
1241.0000000 109.9234960 109.9216019 
1242.0000000 109.7270774 109.7251833 
1243.0000000 109.5306589 109.5287648 
1244.0000000 109.3342403 109.3323462 
1245.0000000 109.1378218 109.1359277 
1246.0000000 108.9414032 108.9395091 
1247.0000000 108.7449847 108.7430906 
1248.0000000 108.5485661 108.5466720 
1249.0000000 108.3521476 108.3502535 
1250.0000000 108.1557290 108.1538349 
1251.0000000 107.9593105 107.9574164 
1252.0000000 107.7628919 107.7609978 
1253.0000000 107.5664734 107.5645793 
1254.0000000 107.3700548 107.3681607 
1255.0000000 107.1736363 107.1717422 
1256.0000000 106.9772177 106.9753236 
1257.0000000 106.7807992 106.7789051 
1258.0000000 106.5843806 106.5824865 
1259.0000000 106.3879621 106.3860680 
1260.0000000 106.1915435 106.1896494 
1261.0000000 105.9951250 105.9932309 
1262.0000000 105.7987064 105.7968123 
1263.0000000 105.6022879 105.6003938 
1264.0000000 105.4058693 105.4039752 
1265.0000000 105.2094508 105.2075567 
1266.0000000 105.0130322 105.0111381 
1267.0000000 104.8166137 104.8147196 
1268.0000000 104.6201951 104.6183010 
1269.0000000 104.4237766 104.4218825 
1270.0000000 104.2273580 104.2254639 
1271.0000000 104.0309395 104.0290454 
1272.0000000 103.8345209 103.8326268 
1273.0000000 103.6381024 103.6362083 
1274.0000000 103.4416838 103.4397897 
1275.0000000 103.2452653 103.2433712 
1276.0000000 103.0488467 103.0469526 
1277.0000000 102.8524282 102.8505341 
1278.0000000 102.6560096 102.6541155 
1279.0000000 102.4595911 102.4576970 
1280.0000000 102.2631725 102.2612784 
1281.0000000 102.0667540 102.0648599 
1282.0000000 101.8703354 101.8684413 
1283.0000000 101.6739169 101.6720228 
1284.0000000 101.4774983 101.4756042 
1285.0000000 101.2810798 101.2791857 
1286.0000000 101.0846612 101.0827671 
1287.0000000 100.8882427 100.8863486 
1288.0000000 100.6918241 100.6899300 
1289.0000000 100.4954056 100.4935115 
1290.0000000 100.2989870 100.2970929 
1291.0000000 100.1025685 100.1006744 
1292.0000000 99.9061499 99.9042558 
1293.0000000 99.7097314 99.7078373 
1294.0000000 99.5133128 99.5114187 
1295.0000000 99.3168943 99.3150002 
1296.0000000 99.1204757 99.1185816 
1297.0000000 98.9240572 98.9221631 
1298.0000000 98.7276386 98.7257445 
1299.0000000 98.5312201 98.5293260 
1300.0000000 98.3348015 98.3329074 
1301.0000000 98.1383830 98.1364889 
1302.0000000 97.9419644 97.9400703 
1303.0000000 97.7455459 97.7436518 
1304.0000000 97.5491273 97.5472332 
1305.0000000 97.3527088 97.3508147 
1306.0000000 97.1562902 97.1543961 
1307.0000000 96.9598717 96.9579776 
1308.0000000 96.7634531 96.7615590 
1309.0000000 96.5670346 96.5651405 
1310.0000000 96.3706160 96.3687219 
1311.0000000 96.1741975 96.1723034 
1312.0000000 95.9777789 95.9758848 
1313.0000000 95.7813604 95.7794663 
1314.0000000 95.5849418 95.5830477 
1315.0000000 95.3885233 95.3866292 
1316.0000000 95.1921047 95.1902106 
1317.0000000 94.9956862 94.9937921 
1318.0000000 94.7992676 94.7973735 
1319.0000000 94.6028491 94.6009550 
1320.0000000 94.4064305 94.4045364 
1321.0000000 94.2100120 94.2081179 
1322.0000000 94.0135934 94.0116993 
1323.0000000 93.8171749 93.8152808 
1324.0000000 93.6207563 93.6188622 
1325.0000000 93.4243378 93.4224437 
1326.0000000 93.2279192 93.2260251 
1327.0000000 93.0315007 93.0296066 
1328.0000000 92.8350821 92.8331880 
1329.0000000 92.6386636 92.6367695 
1330.0000000 92.4422450 92.4403509 
1331.0000000 92.2458265 92.2439324 
1332.0000000 92.0494079 92.0475138 
1333.0000000 91.8529894 91.8510953 
1334.0000000 91.6565708 91.6546767 
1335.0000000 91.4601522 91.4582582 
1336.0000000 91.2637337 91.2618396 
1337.0000000 91.0673151 91.0654211 
1338.0000000 90.8708966 90.8690025 
1339.0000000 90.6744780 90.6725840 
1340.0000000 90.4780595 90.4761654 
1341.0000000 90.2816409 90.2797469 
1342.0000000 90.0852224 90.0833283 
1343.0000000 89.8888038 89.8869098 
1344.0000000 89.6923853 89.6904912 
1345.0000000 89.4959667 89.4940727 
1346.0000000 89.2995482 89.2976541 
1347.0000000 89.1031296 89.1012356 
1348.0000000 88.9067111 88.9048170 
1349.0000000 88.7102925 88.7083985 
1350.0000000 88.5138740 88.5119799 
1351.0000000 88.3174554 88.3155614 
1352.0000000 88.1210369 88.1191428 
1353.0000000 87.9246183 87.9227243 
1354.0000000 87.7281998 87.7263057 
1355.0000000 87.5317812 87.5298872 
1356.0000000 87.3353627 87.3334686 
1357.0000000 87.1389441 87.1370501 
1358.0000000 86.9425256 86.9406315 
1359.0000000 86.7461070 86.7442130 
1360.0000000 86.5496885 86.5477944 
1361.0000000 86.3532699 86.3513759 
1362.0000000 86.1568514 86.1549573 
1363.0000000 85.9604328 85.9585388 
1364.0000000 85.7640143 85.7621202 
1365.0000000 85.5675957 85.5657017 
1366.0000000 85.3711772 85.3692831 
1367.0000000 85.1747586 85.1728646 
1368.0000000 84.9783401 84.9764460 
1369.0000000 84.7819215 84.7800275 
1370.0000000 84.5855030 84.5836089 
1371.0000000 84.3890844 84.3871904 
1372.0000000 84.1926659 84.1907718 
1373.0000000 83.9962473 83.9943533 
1374.0000000 83.7998288 83.7979347 
1375.0000000 83.6034102 83.6015162 
1376.0000000 83.4069917 83.4050976 
1377.0000000 83.2105731 83.2086791 
1378.0000000 83.0141546 83.0122605 
1379.0000000 82.8177360 82.8158420 
1380.0000000 82.6213175 82.6194234 
1381.0000000 82.4248989 82.4230049 
1382.0000000 82.2284804 82.2265863 
1383.0000000 82.0320618 82.0301677 
1384.0000000 81.8356433 81.8337492 
1385.0000000 81.6392247 81.6373306 
1386.0000000 81.4428062 81.4409121 
1387.0000000 81.2463876 81.2444935 
1388.0000000 81.0499691 81.0480750 
1389.0000000 80.8535505 80.8516564 
1390.0000000 80.6571320 80.6552379 
1391.0000000 80.4607134 80.4588193 
1392.0000000 80.2642949 80.2624008 
1393.0000000 80.0678763 80.0659822 
1394.0000000 79.8714578 79.8695637 
1395.0000000 79.6750392 79.6731451 
1396.0000000 79.4786207 79.4767266 
1397.0000000 79.2822021 79.2803080 
1398.0000000 79.0857836 79.0838895 
1399.0000000 78.8893650 78.8874709 
1400.0000000 78.6929465 78.6910524 
1401.0000000 78.4965279 78.4946338 
1402.0000000 78.3001094 78.2982153 
1403.0000000 78.1036908 78.1017967 
1404.0000000 77.9072723 77.9053782 
1405.0000000 77.7108537 77.7089596 
1406.0000000 77.5144352 77.5125411 
1407.0000000 77.3180166 77.3161225 
1408.0000000 77.1215981 77.1197040 
1409.0000000 76.9251795 76.9232854 
1410.0000000 76.7287610 76.7268669 
1411.0000000 76.5323424 76.5304483 
1412.0000000 76.3359239 76.3340298 
1413.0000000 76.1395053 76.1376112 
1414.0000000 75.9430868 75.9411927 
1415.0000000 75.7466682 75.7447741 
1416.0000000 75.5502497 75.5483556 
1417.0000000 75.3538311 75.3519370 
1418.0000000 75.1574126 75.1555185 
1419.0000000 74.9609940 74.9590999 
1420.0000000 74.7645755 74.7626814 
1421.0000000 74.5681569 74.5662628 
1422.0000000 74.3717384 74.3698443 
1423.0000000 74.1753198 74.1734257 
1424.0000000 73.9789013 73.9770072 
1425.0000000 73.7824827 73.7805886 
1426.0000000 73.5860642 73.5841701 
1427.0000000 73.3896456 73.3877515 
1428.0000000 73.1932271 73.1913330 
1429.0000000 72.9968085 72.9949144 
1430.0000000 72.8003900 72.7984959 
1431.0000000 72.6039714 72.6020773 
1432.0000000 72.4075529 72.4056588 
1433.0000000 72.2111343 72.2092402 
1434.0000000 72.0147158 72.0128217 
1435.0000000 71.8182972 71.8164031 
1436.0000000 71.6218787 71.6199846 
1437.0000000 71.4254601 71.4235660 
1438.0000000 71.2290416 71.2271475 
1439.0000000 71.0326230 71.0307289 
1440.0000000 70.8362045 70.8343104 
1441.0000000 70.6397859 70.6378918 
1442.0000000 70.4433674 70.4414733 
1443.0000000 70.2469488 70.2450547 
1444.0000000 70.0505303 70.0486362 
1445.0000000 69.8541117 69.8522176 
1446.0000000 69.6576932 69.6557991 
1447.0000000 69.4612746 69.4593805 
1448.0000000 69.2648561 69.2629620 
1449.0000000 69.0684375 69.0665434 
1450.0000000 68.8720190 68.8701249 
1451.0000000 68.6756004 68.6737063 
1452.0000000 68.4791819 68.4772878 
1453.0000000 68.2827633 68.2808692 
1454.0000000 68.0863448 68.0844507 
1455.0000000 67.8899262 67.8880321 
1456.0000000 67.6935077 67.6916136 
1457.0000000 67.4970891 67.4951950 
1458.0000000 67.3006706 67.2987765 
1459.0000000 67.1042520 67.1023579 
1460.0000000 66.9078335 66.9059394 
1461.0000000 66.7114149 66.7095208 
1462.0000000 66.5149964 66.5131023 
1463.0000000 66.3185778 66.3166837 
1464.0000000 66.1221593 66.1202652 
1465.0000000 65.9257407 65.9238466 
1466.0000000 65.7293222 65.7274281 
1467.0000000 65.5329036 65.5310095 
1468.0000000 65.3364851 65.3345910 
1469.0000000 65.1400665 65.1381724 
1470.0000000 64.9436480 64.9417539 
1471.0000000 64.7472294 64.7453353 
1472.0000000 64.5508109 64.5489168 
1473.0000000 64.3543923 64.3524982 
1474.0000000 64.1579738 64.1560797 
1475.0000000 63.9615552 63.9596611 
1476.0000000 63.7651367 63.7632426 
1477.0000000 63.5687181 63.5668240 
1478.0000000 63.3722996 63.3704055 
1479.0000000 63.1758810 63.1739869 
1480.0000000 62.9794625 62.9775684 
1481.0000000 62.7830439 62.7811498 
1482.0000000 62.5866254 62.5847313 
1483.0000000 62.3902068 62.3883127 
1484.0000000 62.1937883 62.1918942 
1485.0000000 61.9973697 61.9954756 
1486.0000000 61.8009511 61.7990571 
1487.0000000 61.6045326 61.6026385 
1488.0000000 61.4081140 61.4062200 
1489.0000000 61.2116955 61.2098014 
1490.0000000 61.0152769 61.0133829 
1491.0000000 60.8188584 60.8169643 
1492.0000000 60.6224398 60.6205458 
1493.0000000 60.4260213 60.4241272 
1494.0000000 60.2296027 60.2277087 
1495.0000000 60.0331842 60.0312901 
1496.0000000 59.8367656 59.8348716 
1497.0000000 59.6403471 59.6384530 
1498.0000000 59.4439285 59.4420345 
1499.0000000 59.2475100 59.2456159 
1500.0000000 59.0510914 59.0491974 
1501.0000000 58.8546729 58.8527788 
1502.0000000 58.6582543 58.6563603 
1503.0000000 58.4618358 58.4599417 
1504.0000000 58.2654172 58.2635232 
1505.0000000 58.0689987 58.0671046 
1506.0000000 57.8725801 57.8706861 
1507.0000000 57.6761616 57.6742675 
1508.0000000 57.4797430 57.4778490 
1509.0000000 57.2833245 57.2814304 
1510.0000000 57.0869059 57.0850119 
1511.0000000 56.8904874 56.8885933 
1512.0000000 56.6940688 56.6921748 
1513.0000000 56.4976503 56.4957562 
1514.0000000 56.3012317 56.2993377 
1515.0000000 56.1048132 56.1029191 
1516.0000000 55.9083946 55.9065006 
1517.0000000 55.7119761 55.7100820 
1518.0000000 55.5155575 55.5136635 
1519.0000000 55.3191390 55.3172449 
1520.0000000 55.1227204 55.1208264 
1521.0000000 54.9263019 54.9244078 
1522.0000000 54.7298833 54.7279893 
1523.0000000 54.5334648 54.5315707 
1524.0000000 54.3370462 54.3351522 
1525.0000000 54.1406277 54.1387336 
1526.0000000 53.9442091 53.9423151 
1527.0000000 53.7477906 53.7458965 
1528.0000000 53.5513720 53.5494780 
1529.0000000 53.3549535 53.3530594 
1530.0000000 53.1585349 53.1566409 
1531.0000000 52.9621164 52.9602223 
1532.0000000 52.7656978 52.7638038 
1533.0000000 52.5692793 52.5673852 
1534.0000000 52.3728607 52.3709666 
1535.0000000 52.1764422 52.1745481 
1536.0000000 51.9800236 51.9781295 
1537.0000000 51.7836051 51.7817110 
1538.0000000 51.5871865 51.5852924 
1539.0000000 51.3907680 51.3888739 
1540.0000000 51.1943494 51.1924553 
1541.0000000 50.9979309 50.9960368 
1542.0000000 50.8015123 50.7996182 
1543.0000000 50.6050938 50.6031997 
1544.0000000 50.4086752 50.4067811 
1545.0000000 50.2122567 50.2103626 
1546.0000000 50.0158381 50.0139440 
1547.0000000 49.8194196 49.8175255 
1548.0000000 49.6230010 49.6211069 
1549.0000000 49.4265825 49.4246884 
1550.0000000 49.2301639 49.2282698 
1551.0000000 49.0337454 49.0318513 
1552.0000000 48.8373268 48.8354327 
1553.0000000 48.6409083 48.6390142 
1554.0000000 48.4444897 48.4425956 
1555.0000000 48.2480712 48.2461771 
1556.0000000 48.0516526 48.0497585 
1557.0000000 47.8552341 47.8533400 
1558.0000000 47.6588155 47.6569214 
1559.0000000 47.4623970 47.4605029 
1560.0000000 47.2659784 47.2640843 
1561.0000000 47.0695599 47.0676658 
1562.0000000 46.8731413 46.8712472 
1563.0000000 46.6767228 46.6748287 
1564.0000000 46.4803042 46.4784101 
1565.0000000 46.2838857 46.2819916 
1566.0000000 46.0874671 46.0855730 
1567.0000000 45.8910486 45.8891545 
1568.0000000 45.6946300 45.6927359 
1569.0000000 45.4982115 45.4963174 
1570.0000000 45.3017929 45.2998988 
1571.0000000 45.1053744 45.1034803 
1572.0000000 44.9089558 44.9070617 
1573.0000000 44.7125373 44.7106432 
1574.0000000 44.5161187 44.5142246 
1575.0000000 44.3197002 44.3178061 
1576.0000000 44.1232816 44.1213875 
1577.0000000 43.9268631 43.9249690 
1578.0000000 43.7304445 43.7285504 
1579.0000000 43.5340260 43.5321319 
1580.0000000 43.3376074 43.3357133 
1581.0000000 43.1411889 43.1392948 
1582.0000000 42.9447703 42.9428762 
1583.0000000 42.7483518 42.7464577 
1584.0000000 42.5519332 42.5500391 
1585.0000000 42.3555147 42.3536206 
1586.0000000 42.1590961 42.1572020 
1587.0000000 41.9626776 41.9607835 
1588.0000000 41.7662590 41.7643649 
1589.0000000 41.5698405 41.5679464 
1590.0000000 41.3734219 41.3715278 
1591.0000000 41.1770034 41.1751093 
1592.0000000 40.9805848 40.9786907 
1593.0000000 40.7841663 40.7822722 
1594.0000000 40.5877477 40.5858536 
1595.0000000 40.3913292 40.3894351 
1596.0000000 40.1949106 40.1930165 
1597.0000000 39.9984921 39.9965980 
1598.0000000 39.8020735 39.8001794 
1599.0000000 39.6056550 39.6037609 
1600.0000000 39.4092364 39.4073423 
1601.0000000 39.2128179 39.2109238 
1602.0000000 39.0163993 39.0145052 
1603.0000000 38.8199808 38.8180867 
1604.0000000 38.6235622 38.6216681 
1605.0000000 38.4271437 38.4252496 
1606.0000000 38.2307251 38.2288310 
1607.0000000 38.0343066 38.0324125 
1608.0000000 37.8378880 37.8359939 
1609.0000000 37.6414695 37.6395754 
1610.0000000 37.4450509 37.4431568 
1611.0000000 37.2486324 37.2467383 
1612.0000000 37.0522138 37.0503197 
1613.0000000 36.8557953 36.8539012 
1614.0000000 36.6593767 36.6574826 
1615.0000000 36.4629582 36.4610641 
1616.0000000 36.2665396 36.2646455 
1617.0000000 36.0701211 36.0682270 
1618.0000000 35.8737025 35.8718084 
1619.0000000 35.6772840 35.6753899 
1620.0000000 35.4808654 35.4789713 
1621.0000000 35.2844469 35.2825528 
1622.0000000 35.0880283 35.0861342 
1623.0000000 34.8916098 34.8897157 
1624.0000000 34.6951912 34.6932971 
1625.0000000 34.4987727 34.4968786 
1626.0000000 34.3023541 34.3004600 
1627.0000000 34.1059356 34.1040415 
1628.0000000 33.9095170 33.9076229 
1629.0000000 33.7130985 33.7112044 
1630.0000000 33.5166799 33.5147858 
1631.0000000 33.3202614 33.3183673 
1632.0000000 33.1238428 33.1219487 
1633.0000000 32.9274243 32.9255302 
1634.0000000 32.7310057 32.7291116 
1635.0000000 32.5345872 32.5326931 
1636.0000000 32.3381686 32.3362745 
1637.0000000 32.1417501 32.1398560 
1638.0000000 31.9453315 31.9434374 
1639.0000000 31.7489129 31.7470189 
1640.0000000 31.5524944 31.5506003 
1641.0000000 31.3560758 31.3541818 
1642.0000000 31.1596573 31.1577632 
1643.0000000 30.9632387 30.9613447 
1644.0000000 30.7668202 30.7649261 
1645.0000000 30.5704016 30.5685076 
1646.0000000 30.3739831 30.3720890 
1647.0000000 30.1775645 30.1756705 
1648.0000000 29.9811460 29.9792519 
1649.0000000 29.7847274 29.7828334 
1650.0000000 29.5883089 29.5864148 
1651.0000000 29.3918903 29.3899963 
1652.0000000 29.1954718 29.1935777 
1653.0000000 28.9990532 28.9971592 
1654.0000000 28.8026347 28.8007406 
1655.0000000 28.6062161 28.6043221 
1656.0000000 28.4097976 28.4079035 
1657.0000000 28.2133790 28.2114850 
1658.0000000 28.0169605 28.0150664 
1659.0000000 27.8205419 27.8186479 
1660.0000000 27.6241234 27.6222293 
1661.0000000 27.4277048 27.4258108 
1662.0000000 27.2312863 27.2293922 
1663.0000000 27.0348677 27.0329737 
1664.0000000 26.8384492 26.8365551 
1665.0000000 26.6420306 26.6401366 
1666.0000000 26.4456121 26.4437180 
1667.0000000 26.2491935 26.2472995 
1668.0000000 26.0527750 26.0508809 
1669.0000000 25.8563564 25.8544624 
1670.0000000 25.6599379 25.6580438 
1671.0000000 25.4635193 25.4616253 
1672.0000000 25.2671008 25.2652067 
1673.0000000 25.0706822 25.0687882 
1674.0000000 24.8742637 24.8723696 
1675.0000000 24.6778451 24.6759511 
1676.0000000 24.4814266 24.4795325 
1677.0000000 24.2850080 24.2831140 
1678.0000000 24.0885895 24.0866954 
1679.0000000 23.8921709 23.8902769 
1680.0000000 23.6957524 23.6938583 
1681.0000000 23.4993338 23.4974398 
1682.0000000 23.3029153 23.3010212 
1683.0000000 23.1064967 23.1046027 
1684.0000000 22.9100782 22.9081841 
1685.0000000 22.7136596 22.7117655 
1686.0000000 22.5172411 22.5153470 
1687.0000000 22.3208225 22.3189284 
1688.0000000 22.1244040 22.1225099 
1689.0000000 21.9279854 21.9260913 
1690.0000000 21.7315669 21.7296728 
1691.0000000 21.5351483 21.5332542 
1692.0000000 21.3387298 21.3368357 
1693.0000000 21.1423112 21.1404171 
1694.0000000 20.9458927 20.9439986 
1695.0000000 20.7494741 20.7475800 
1696.0000000 20.5530556 20.5511615 
1697.0000000 20.3566370 20.3547429 
1698.0000000 20.1602185 20.1583244 
1699.0000000 19.9637999 19.9619058 
1700.0000000 19.7673814 19.7654873 
1701.0000000 19.5709628 19.5690687 
1702.0000000 19.3745443 19.3726502 
1703.0000000 19.1781257 19.1762316 
1704.0000000 18.9817072 18.9798131 
1705.0000000 18.7852886 18.7833945 
1706.0000000 18.5888701 18.5869760 
1707.0000000 18.3924515 18.3905574 
1708.0000000 18.1960330 18.1941389 
1709.0000000 17.9996144 17.9977203 
1710.0000000 17.8031959 17.8013018 
1711.0000000 17.6067773 17.6048832 
1712.0000000 17.4103588 17.4084647 
1713.0000000 17.2139402 17.2120461 
1714.0000000 17.0175217 17.0156276 
1715.0000000 16.8211031 16.8192090 
1716.0000000 16.6246846 16.6227905 
1717.0000000 16.4282660 16.4263719 
1718.0000000 16.2318475 16.2299534 
1719.0000000 16.0354289 16.0335348 
1720.0000000 15.8390104 15.8371163 
1721.0000000 15.6425918 15.6406977 
1722.0000000 15.4461733 15.4442792 
1723.0000000 15.2497547 15.2478606 
1724.0000000 15.0533362 15.0514421 
1725.0000000 14.8569176 14.8550235 
1726.0000000 14.6604991 14.6586050 
1727.0000000 14.4640805 14.4621864 
1728.0000000 14.2676620 14.2657679 
1729.0000000 14.0712434 14.0693493 
1730.0000000 13.8748249 13.8729308 
1731.0000000 13.6784063 13.6765122 
1732.0000000 13.4819878 13.4800937 
1733.0000000 13.2855692 13.2836751 
1734.0000000 13.0891507 13.0872566 
1735.0000000 12.8927321 12.8908380 
1736.0000000 12.6963136 12.6944195 
1737.0000000 12.4998950 12.4980009 
1738.0000000 12.3034765 12.3015824 
1739.0000000 12.1070579 12.1051638 
1740.0000000 11.9106394 11.9087453 
1741.0000000 11.7142208 11.7123267 
1742.0000000 11.5178023 11.5159082 
1743.0000000 11.3213837 11.3194896 
1744.0000000 11.1249652 11.1230711 
1745.0000000 10.9285466 10.9266525 
1746.0000000 10.7321281 10.7302340 
1747.0000000 10.5357095 10.5338154 
1748.0000000 10.3392910 10.3373969 
1749.0000000 10.1428724 10.1409783 
1750.0000000 9.9464539 9.9445598 
1751.0000000 9.7500353 9.7481412 
1752.0000000 9.5536168 9.5517227 
1753.0000000 9.3571982 9.3553041 
1754.0000000 9.1607797 9.1588856 
1755.0000000 8.9643611 8.9624670 
1756.0000000 8.7679426 8.7660485 
1757.0000000 8.5715240 8.5696299 
1758.0000000 8.3751055 8.3732114 
1759.0000000 8.1786869 8.1767928 
1760.0000000 7.9822684 7.9803743 
1761.0000000 7.7858498 7.7839557 
1762.0000000 7.5894313 7.5875372 
1763.0000000 7.3930127 7.3911186 
1764.0000000 7.1965942 7.1947001 
1765.0000000 7.0001756 6.9982815 
1766.0000000 6.8037571 6.8018630 
1767.0000000 6.6073385 6.6054444 
1768.0000000 6.4109200 6.4090259 
1769.0000000 6.2145014 6.2126073 
1770.0000000 6.0180829 6.0161888 
1771.0000000 5.8216643 5.8197702 
1772.0000000 5.6252458 5.6233517 
1773.0000000 5.4288272 5.4269331 
1774.0000000 5.2324087 5.2305146 
1775.0000000 5.0359901 5.0340960 
1776.0000000 4.8395716 4.8376775 
1777.0000000 4.6431530 4.6412589 
1778.0000000 4.4467345 4.4448404 
1779.0000000 4.2503159 4.2484218 
1780.0000000 4.0538974 4.0520033 
1781.0000000 3.8574788 3.8555847 
1782.0000000 3.6610603 3.6591662 
1783.0000000 3.4646417 3.4627476 
1784.0000000 3.2682232 3.2663291 
1785.0000000 3.0718046 3.0699105 
1786.0000000 2.8753861 2.8734920 
1787.0000000 2.6789675 2.6770734 
1788.0000000 2.4825490 2.4806549 
1789.0000000 2.2861304 2.2842363 
1790.0000000 2.0897118 2.0878178 
1791.0000000 1.8932933 1.8913992 
1792.0000000 1.6968747 1.6949807 
1793.0000000 1.5004562 1.4985621 
1794.0000000 1.3040376 1.3021436 
1795.0000000 1.1076191 1.1057250 
1796.0000000 0.9112005 0.9093065 
1797.0000000 0.7147820 0.7128879 
1798.0000000 0.5183634 0.5164694 
1799.0000000 0.3219449 0.3200508 
1800.0000000 0.1255263 0.1236323 

