1.0000000 353.6239968 353.5778016 
2.0000000 353.4275783 353.3813831 
3.0000000 353.2311597 353.1849645 
4.0000000 353.0347412 352.9885460 
5.0000000 352.8383226 352.7921274 
6.0000000 352.6419041 352.5957089 
7.0000000 352.4454855 352.3992903 
8.0000000 352.2490670 352.2028718 
9.0000000 352.0526484 352.0064532 
10.0000000 351.8562299 351.8100347 
11.0000000 351.6598113 351.6136161 
12.0000000 351.4633928 351.4171976 
13.0000000 351.2669742 351.2207790 
14.0000000 351.0705557 351.0243605 
15.0000000 350.8741371 350.8279419 
16.0000000 350.6777186 350.6315234 
17.0000000 350.4813000 350.4351048 
18.0000000 350.2848815 350.2386863 
19.0000000 350.0884629 350.0422677 
20.0000000 349.8920444 349.8458492 
21.0000000 349.6956258 349.6494306 
22.0000000 349.4992073 349.4530121 
23.0000000 349.3027887 349.2565935 
24.0000000 349.1063702 349.0601750 
25.0000000 348.9099516 348.8637564 
26.0000000 348.7135331 348.6673379 
27.0000000 348.5171145 348.4709193 
28.0000000 348.3206960 348.2745008 
29.0000000 348.1242774 348.0780822 
30.0000000 347.9278589 347.8816637 
31.0000000 347.7314403 347.6852451 
32.0000000 347.5350218 347.4888266 
33.0000000 347.3386032 347.2924080 
34.0000000 347.1421847 347.0959895 
35.0000000 346.9457661 346.8995709 
36.0000000 346.7493476 346.7031524 
37.0000000 346.5529290 346.5067338 
38.0000000 346.3565105 346.3103153 
39.0000000 346.1600919 346.1138967 
40.0000000 345.9636734 345.9174782 
41.0000000 345.7672548 345.7210596 
42.0000000 345.5708363 345.5246411 
43.0000000 345.3744177 345.3282225 
44.0000000 345.1779992 345.1318040 
45.0000000 344.9815806 344.9353854 
46.0000000 344.7851621 344.7389669 
47.0000000 344.5887435 344.5425483 
48.0000000 344.3923250 344.3461298 
49.0000000 344.1959064 344.1497112 
50.0000000 343.9994879 343.9532927 
51.0000000 343.8030693 343.7568741 
52.0000000 343.6066508 343.5604556 
53.0000000 343.4102322 343.3640370 
54.0000000 343.2138136 343.1676185 
55.0000000 343.0173951 342.9711999 
56.0000000 342.8209765 342.7747814 
57.0000000 342.6245580 342.5783628 
58.0000000 342.4281394 342.3819443 
59.0000000 342.2317209 342.1855257 
60.0000000 342.0353023 341.9891072 
61.0000000 341.8388838 341.7926886 
62.0000000 341.6424652 341.5962700 
63.0000000 341.4460467 341.3998515 
64.0000000 341.2496281 341.2034329 
65.0000000 341.0532096 341.0070144 
66.0000000 340.8567910 340.8105958 
67.0000000 340.6603725 340.6141773 
68.0000000 340.4639539 340.4177587 
69.0000000 340.2675354 340.2213402 
70.0000000 340.0711168 340.0249216 
71.0000000 339.8746983 339.8285031 
72.0000000 339.6782797 339.6320845 
73.0000000 339.4818612 339.4356660 
74.0000000 339.2854426 339.2392474 
75.0000000 339.0890241 339.0428289 
76.0000000 338.8926055 338.8464103 
77.0000000 338.6961870 338.6499918 
78.0000000 338.4997684 338.4535732 
79.0000000 338.3033499 338.2571547 
80.0000000 338.1069313 338.0607361 
81.0000000 337.9105128 337.8643176 
82.0000000 337.7140942 337.6678990 
83.0000000 337.5176757 337.4714805 
84.0000000 337.3212571 337.2750619 
85.0000000 337.1248386 337.0786434 
86.0000000 336.9284200 336.8822248 
87.0000000 336.7320015 336.6858063 
88.0000000 336.5355829 336.4893877 
89.0000000 336.3391644 336.2929692 
90.0000000 336.1427458 336.0965506 
91.0000000 335.9463273 335.9001321 
92.0000000 335.7499087 335.7037135 
93.0000000 335.5534902 335.5072950 
94.0000000 335.3570716 335.3108764 
95.0000000 335.1606531 335.1144579 
96.0000000 334.9642345 334.9180393 
97.0000000 334.7678160 334.7216208 
98.0000000 334.5713974 334.5252022 
99.0000000 334.3749789 334.3287837 
100.0000000 334.1785603 334.1323651 
101.0000000 333.9821418 333.9359466 
102.0000000 333.7857232 333.7395280 
103.0000000 333.5893047 333.5431095 
104.0000000 333.3928861 333.3466909 
105.0000000 333.1964676 333.1502724 
106.0000000 333.0000490 332.9538538 
107.0000000 332.8036305 332.7574353 
108.0000000 332.6072119 332.5610167 
109.0000000 332.4107934 332.3645982 
110.0000000 332.2143748 332.1681796 
111.0000000 332.0179563 331.9717611 
112.0000000 331.8215377 331.7753425 
113.0000000 331.6251192 331.5789240 
114.0000000 331.4287006 331.3825054 
115.0000000 331.2322821 331.1860869 
116.0000000 331.0358635 330.9896683 
117.0000000 330.8394450 330.7932498 
118.0000000 330.6430264 330.5968312 
119.0000000 330.4466079 330.4004127 
120.0000000 330.2501893 330.2039941 
121.0000000 330.0537708 330.0075756 
122.0000000 329.8573522 329.8111570 
123.0000000 329.6609337 329.6147385 
124.0000000 329.4645151 329.4183199 
125.0000000 329.2680966 329.2219014 
126.0000000 329.0716780 329.0254828 
127.0000000 328.8752595 328.8290643 
128.0000000 328.6788409 328.6326457 
129.0000000 328.4824224 328.4362272 
130.0000000 328.2860038 328.2398086 
131.0000000 328.0895853 328.0433901 
132.0000000 327.8931667 327.8469715 
133.0000000 327.6967482 327.6505530 
134.0000000 327.5003296 327.4541344 
135.0000000 327.3039111 327.2577159 
136.0000000 327.1074925 327.0612973 
137.0000000 326.9110740 326.8648788 
138.0000000 326.7146554 326.6684602 
139.0000000 326.5182369 326.4720417 
140.0000000 326.3218183 326.2756231 
141.0000000 326.1253998 326.0792046 
142.0000000 325.9289812 325.8827860 
143.0000000 325.7325627 325.6863675 
144.0000000 325.5361441 325.4899489 
145.0000000 325.3397256 325.2935304 
146.0000000 325.1433070 325.0971118 
147.0000000 324.9468885 324.9006933 
148.0000000 324.7504699 324.7042747 
149.0000000 324.5540514 324.5078562 
150.0000000 324.3576328 324.3114376 
151.0000000 324.1612143 324.1150191 
152.0000000 323.9647957 323.9186005 
153.0000000 323.7683772 323.7221820 
154.0000000 323.5719586 323.5257634 
155.0000000 323.3755401 323.3293449 
156.0000000 323.1791215 323.1329263 
157.0000000 322.9827030 322.9365078 
158.0000000 322.7862844 322.7400892 
159.0000000 322.5898659 322.5436707 
160.0000000 322.3934473 322.3472521 
161.0000000 322.1970288 322.1508336 
162.0000000 322.0006102 321.9544150 
163.0000000 321.8041917 321.7579965 
164.0000000 321.6077731 321.5615779 
165.0000000 321.4113546 321.3651594 
166.0000000 321.2149360 321.1687408 
167.0000000 321.0185175 320.9723223 
168.0000000 320.8220989 320.7759037 
169.0000000 320.6256804 320.5794852 
170.0000000 320.4292618 320.3830666 
171.0000000 320.2328433 320.1866481 
172.0000000 320.0364247 319.9902295 
173.0000000 319.8400062 319.7938110 
174.0000000 319.6435876 319.5973924 
175.0000000 319.4471691 319.4009739 
176.0000000 319.2507505 319.2045553 
177.0000000 319.0543320 319.0081368 
178.0000000 318.8579134 318.8117182 
179.0000000 318.6614949 318.6152997 
180.0000000 318.4650763 318.4188811 
181.0000000 318.2686578 318.2224626 
182.0000000 318.0722392 318.0260440 
183.0000000 317.8758207 317.8296255 
184.0000000 317.6794021 317.6332069 
185.0000000 317.4829836 317.4367884 
186.0000000 317.2865650 317.2403698 
187.0000000 317.0901465 317.0439513 
188.0000000 316.8937279 316.8475327 
189.0000000 316.6973094 316.6511142 
190.0000000 316.5008908 316.4546956 
191.0000000 316.3044723 316.2582771 
192.0000000 316.1080537 316.0618585 
193.0000000 315.9116352 315.8654400 
194.0000000 315.7152166 315.6690214 
195.0000000 315.5187981 315.4726029 
196.0000000 315.3223795 315.2761843 
197.0000000 315.1259610 315.0797658 
198.0000000 314.9295424 314.8833472 
199.0000000 314.7331239 314.6869287 
200.0000000 314.5367053 314.4905101 
201.0000000 314.3402868 314.2940916 
202.0000000 314.1438682 314.0976730 
203.0000000 313.9474497 313.9012545 
204.0000000 313.7510311 313.7048359 
205.0000000 313.5546125 313.5084174 
206.0000000 313.3581940 313.3119988 
207.0000000 313.1617754 313.1155803 
208.0000000 312.9653569 312.9191617 
209.0000000 312.7689383 312.7227432 
210.0000000 312.5725198 312.5263246 
211.0000000 312.3761012 312.3299061 
212.0000000 312.1796827 312.1334875 
213.0000000 311.9832641 311.9370689 
214.0000000 311.7868456 311.7406504 
215.0000000 311.5904270 311.5442318 
216.0000000 311.3940085 311.3478133 
217.0000000 311.1975899 311.1513947 
218.0000000 311.0011714 310.9549762 
219.0000000 310.8047528 310.7585576 
220.0000000 310.6083343 310.5621391 
221.0000000 310.4119157 310.3657205 
222.0000000 310.2154972 310.1693020 
223.0000000 310.0190786 309.9728834 
224.0000000 309.8226601 309.7764649 
225.0000000 309.6262415 309.5800463 
226.0000000 309.4298230 309.3836278 
227.0000000 309.2334044 309.1872092 
228.0000000 309.0369859 308.9907907 
229.0000000 308.8405673 308.7943721 
230.0000000 308.6441488 308.5979536 
231.0000000 308.4477302 308.4015350 
232.0000000 308.2513117 308.2051165 
233.0000000 308.0548931 308.0086979 
234.0000000 307.8584746 307.8122794 
235.0000000 307.6620560 307.6158608 
236.0000000 307.4656375 307.4194423 
237.0000000 307.2692189 307.2230237 
238.0000000 307.0728004 307.0266052 
239.0000000 306.8763818 306.8301866 
240.0000000 306.6799633 306.6337681 
241.0000000 306.4835447 306.4373495 
242.0000000 306.2871262 306.2409310 
243.0000000 306.0907076 306.0445124 
244.0000000 305.8942891 305.8480939 
245.0000000 305.6978705 305.6516753 
246.0000000 305.5014520 305.4552568 
247.0000000 305.3050334 305.2588382 
248.0000000 305.1086149 305.0624197 
249.0000000 304.9121963 304.8660011 
250.0000000 304.7157778 304.6695826 
251.0000000 304.5193592 304.4731640 
252.0000000 304.3229407 304.2767455 
253.0000000 304.1265221 304.0803269 
254.0000000 303.9301036 303.8839084 
255.0000000 303.7336850 303.6874898 
256.0000000 303.5372665 303.4910713 
257.0000000 303.3408479 303.2946527 
258.0000000 303.1444294 303.0982342 
259.0000000 302.9480108 302.9018156 
260.0000000 302.7515923 302.7053971 
261.0000000 302.5551737 302.5089785 
262.0000000 302.3587552 302.3125600 
263.0000000 302.1623366 302.1161414 
264.0000000 301.9659181 301.9197229 
265.0000000 301.7694995 301.7233043 
266.0000000 301.5730810 301.5268858 
267.0000000 301.3766624 301.3304672 
268.0000000 301.1802439 301.1340487 
269.0000000 300.9838253 300.9376301 
270.0000000 300.7874068 300.7412116 
271.0000000 300.5909882 300.5447930 
272.0000000 300.3945697 300.3483745 
273.0000000 300.1981511 300.1519559 
274.0000000 300.0017326 299.9555374 
275.0000000 299.8053140 299.7591188 
276.0000000 299.6088955 299.5627003 
277.0000000 299.4124769 299.3662817 
278.0000000 299.2160584 299.1698632 
279.0000000 299.0196398 298.9734446 
280.0000000 298.8232213 298.7770261 
281.0000000 298.6268027 298.5806075 
282.0000000 298.4303842 298.3841890 
283.0000000 298.2339656 298.1877704 
284.0000000 298.0375471 297.9913519 
285.0000000 297.8411285 297.7949333 
286.0000000 297.6447100 297.5985148 
287.0000000 297.4482914 297.4020962 
288.0000000 297.2518729 297.2056777 
289.0000000 297.0554543 297.0092591 
290.0000000 296.8590358 296.8128406 
291.0000000 296.6626172 296.6164220 
292.0000000 296.4661987 296.4200035 
293.0000000 296.2697801 296.2235849 
294.0000000 296.0733616 296.0271664 
295.0000000 295.8769430 295.8307478 
296.0000000 295.6805245 295.6343293 
297.0000000 295.4841059 295.4379107 
298.0000000 295.2876874 295.2414922 
299.0000000 295.0912688 295.0450736 
300.0000000 294.8948503 294.8486551 
301.0000000 294.6984317 294.6522365 
302.0000000 294.5020132 294.4558180 
303.0000000 294.3055946 294.2593994 
304.0000000 294.1091761 294.0629809 
305.0000000 293.9127575 293.8665623 
306.0000000 293.7163390 293.6701438 
307.0000000 293.5199204 293.4737252 
308.0000000 293.3235019 293.2773067 
309.0000000 293.1270833 293.0808881 
310.0000000 292.9306648 292.8844696 
311.0000000 292.7342462 292.6880510 
312.0000000 292.5378277 292.4916325 
313.0000000 292.3414091 292.2952139 
314.0000000 292.1449906 292.0987954 
315.0000000 291.9485720 291.9023768 
316.0000000 291.7521535 291.7059583 
317.0000000 291.5557349 291.5095397 
318.0000000 291.3593164 291.3131212 
319.0000000 291.1628978 291.1167026 
320.0000000 290.9664793 290.9202841 
321.0000000 290.7700607 290.7238655 
322.0000000 290.5736422 290.5274470 
323.0000000 290.3772236 290.3310284 
324.0000000 290.1808051 290.1346099 
325.0000000 289.9843865 289.9381913 
326.0000000 289.7879680 289.7417728 
327.0000000 289.5915494 289.5453542 
328.0000000 289.3951309 289.3489357 
329.0000000 289.1987123 289.1525171 
330.0000000 289.0022938 288.9560986 
331.0000000 288.8058752 288.7596800 
332.0000000 288.6094567 288.5632615 
333.0000000 288.4130381 288.3668429 
334.0000000 288.2166196 288.1704244 
335.0000000 288.0202010 287.9740058 
336.0000000 287.8237825 287.7775873 
337.0000000 287.6273639 287.5811687 
338.0000000 287.4309454 287.3847502 
339.0000000 287.2345268 287.1883316 
340.0000000 287.0381083 286.9919131 
341.0000000 286.8416897 286.7954945 
342.0000000 286.6452712 286.5990760 
343.0000000 286.4488526 286.4026574 
344.0000000 286.2524341 286.2062389 
345.0000000 286.0560155 286.0098203 
346.0000000 285.8595970 285.8134018 
347.0000000 285.6631784 285.6169832 
348.0000000 285.4667599 285.4205647 
349.0000000 285.2703413 285.2241461 
350.0000000 285.0739228 285.0277276 
351.0000000 284.8775042 284.8313090 
352.0000000 284.6810857 284.6348905 
353.0000000 284.4846671 284.4384719 
354.0000000 284.2882486 284.2420534 
355.0000000 284.0918300 284.0456348 
356.0000000 283.8954114 283.8492163 
357.0000000 283.6989929 283.6527977 
358.0000000 283.5025743 283.4563792 
359.0000000 283.3061558 283.2599606 
360.0000000 283.1097372 283.0635421 
361.0000000 282.9133187 282.8671235 
362.0000000 282.7169001 282.6707050 
363.0000000 282.5204816 282.4742864 
364.0000000 282.3240630 282.2778678 
365.0000000 282.1276445 282.0814493 
366.0000000 281.9312259 281.8850307 
367.0000000 281.7348074 281.6886122 
368.0000000 281.5383888 281.4921936 
369.0000000 281.3419703 281.2957751 
370.0000000 281.1455517 281.0993565 
371.0000000 280.9491332 280.9029380 
372.0000000 280.7527146 280.7065194 
373.0000000 280.5562961 280.5101009 
374.0000000 280.3598775 280.3136823 
375.0000000 280.1634590 280.1172638 
376.0000000 279.9670404 279.9208452 
377.0000000 279.7706219 279.7244267 
378.0000000 279.5742033 279.5280081 
379.0000000 279.3777848 279.3315896 
380.0000000 279.1813662 279.1351710 
381.0000000 278.9849477 278.9387525 
382.0000000 278.7885291 278.7423339 
383.0000000 278.5921106 278.5459154 
384.0000000 278.3956920 278.3494968 
385.0000000 278.1992735 278.1530783 
386.0000000 278.0028549 277.9566597 
387.0000000 277.8064364 277.7602412 
388.0000000 277.6100178 277.5638226 
389.0000000 277.4135993 277.3674041 
390.0000000 277.2171807 277.1709855 
391.0000000 277.0207622 276.9745670 
392.0000000 276.8243436 276.7781484 
393.0000000 276.6279251 276.5817299 
394.0000000 276.4315065 276.3853113 
395.0000000 276.2350880 276.1888928 
396.0000000 276.0386694 275.9924742 
397.0000000 275.8422509 275.7960557 
398.0000000 275.6458323 275.5996371 
399.0000000 275.4494138 275.4032186 
400.0000000 275.2529952 275.2068000 
401.0000000 275.0565767 275.0103815 
402.0000000 274.8601581 274.8139629 
403.0000000 274.6637396 274.6175444 
404.0000000 274.4673210 274.4211258 
405.0000000 274.2709025 274.2247073 
406.0000000 274.0744839 274.0282887 
407.0000000 273.8780654 273.8318702 
408.0000000 273.6816468 273.6354516 
409.0000000 273.4852283 273.4390331 
410.0000000 273.2888097 273.2426145 
411.0000000 273.0923912 273.0461960 
412.0000000 272.8959726 272.8497774 
413.0000000 272.6995541 272.6533589 
414.0000000 272.5031355 272.4569403 
415.0000000 272.3067170 272.2605218 
416.0000000 272.1102984 272.0641032 
417.0000000 271.9138799 271.8676847 
418.0000000 271.7174613 271.6712661 
419.0000000 271.5210428 271.4748476 
420.0000000 271.3246242 271.2784290 
421.0000000 271.1282057 271.0820105 
422.0000000 270.9317871 270.8855919 
423.0000000 270.7353686 270.6891734 
424.0000000 270.5389500 270.4927548 
425.0000000 270.3425315 270.2963363 
426.0000000 270.1461129 270.0999177 
427.0000000 269.9496944 269.9034992 
428.0000000 269.7532758 269.7070806 
429.0000000 269.5568573 269.5106621 
430.0000000 269.3604387 269.3142435 
431.0000000 269.1640202 269.1178250 
432.0000000 268.9676016 268.9214064 
433.0000000 268.7711831 268.7249879 
434.0000000 268.5747645 268.5285693 
435.0000000 268.3783460 268.3321508 
436.0000000 268.1819274 268.1357322 
437.0000000 267.9855089 267.9393137 
438.0000000 267.7890903 267.7428951 
439.0000000 267.5926718 267.5464766 
440.0000000 267.3962532 267.3500580 
441.0000000 267.1998347 267.1536395 
442.0000000 267.0034161 266.9572209 
443.0000000 266.8069976 266.7608024 
444.0000000 266.6105790 266.5643838 
445.0000000 266.4141605 266.3679653 
446.0000000 266.2177419 266.1715467 
447.0000000 266.0213234 265.9751282 
448.0000000 265.8249048 265.7787096 
449.0000000 265.6284863 265.5822911 
450.0000000 265.4320677 265.3858725 
451.0000000 265.2356492 265.1894540 
452.0000000 265.0392306 264.9930354 
453.0000000 264.8428121 264.7966169 
454.0000000 264.6463935 264.6001983 
455.0000000 264.4499750 264.4037798 
456.0000000 264.2535564 264.2073612 
457.0000000 264.0571379 264.0109427 
458.0000000 263.8607193 263.8145241 
459.0000000 263.6643008 263.6181056 
460.0000000 263.4678822 263.4216870 
461.0000000 263.2714637 263.2252685 
462.0000000 263.0750451 263.0288499 
463.0000000 262.8786266 262.8324314 
464.0000000 262.6822080 262.6360128 
465.0000000 262.4857895 262.4395943 
466.0000000 262.2893709 262.2431757 
467.0000000 262.0929524 262.0467572 
468.0000000 261.8965338 261.8503386 
469.0000000 261.7001153 261.6539201 
470.0000000 261.5036967 261.4575015 
471.0000000 261.3072782 261.2610830 
472.0000000 261.1108596 261.0646644 
473.0000000 260.9144411 260.8682459 
474.0000000 260.7180225 260.6718273 
475.0000000 260.5216040 260.4754088 
476.0000000 260.3251854 260.2789902 
477.0000000 260.1287669 260.0825717 
478.0000000 259.9323483 259.8861531 
479.0000000 259.7359298 259.6897346 
480.0000000 259.5395112 259.4933160 
481.0000000 259.3430927 259.2968975 
482.0000000 259.1466741 259.1004789 
483.0000000 258.9502556 258.9040604 
484.0000000 258.7538370 258.7076418 
485.0000000 258.5574185 258.5112233 
486.0000000 258.3609999 258.3148047 
487.0000000 258.1645814 258.1183862 
488.0000000 257.9681628 257.9219676 
489.0000000 257.7717443 257.7255491 
490.0000000 257.5753257 257.5291305 
491.0000000 257.3789072 257.3327120 
492.0000000 257.1824886 257.1362934 
493.0000000 256.9860701 256.9398749 
494.0000000 256.7896515 256.7434563 
495.0000000 256.5932330 256.5470378 
496.0000000 256.3968144 256.3506192 
497.0000000 256.2003959 256.1542007 
498.0000000 256.0039773 255.9577821 
499.0000000 255.8075588 255.7613636 
500.0000000 255.6111402 255.5649450 
501.0000000 255.4147217 255.3685265 
502.0000000 255.2183031 255.1721079 
503.0000000 255.0218846 254.9756894 
504.0000000 254.8254660 254.7792708 
505.0000000 254.6290475 254.5828523 
506.0000000 254.4326289 254.3864337 
507.0000000 254.2362104 254.1900152 
508.0000000 254.0397918 253.9935966 
509.0000000 253.8433732 253.7971781 
510.0000000 253.6469547 253.6007595 
511.0000000 253.4505361 253.4043410 
512.0000000 253.2541176 253.2079224 
513.0000000 253.0576990 253.0115039 
514.0000000 252.8612805 252.8150853 
515.0000000 252.6648619 252.6186668 
516.0000000 252.4684434 252.4222482 
517.0000000 252.2720248 252.2258296 
518.0000000 252.0756063 252.0294111 
519.0000000 251.8791877 251.8329925 
520.0000000 251.6827692 251.6365740 
521.0000000 251.4863506 251.4401554 
522.0000000 251.2899321 251.2437369 
523.0000000 251.0935135 251.0473183 
524.0000000 250.8970950 250.8508998 
525.0000000 250.7006764 250.6544812 
526.0000000 250.5042579 250.4580627 
527.0000000 250.3078393 250.2616441 
528.0000000 250.1114208 250.0652256 
529.0000000 249.9150022 249.8688070 
530.0000000 249.7185837 249.6723885 
531.0000000 249.5221651 249.4759699 
532.0000000 249.3257466 249.2795514 
533.0000000 249.1293280 249.0831328 
534.0000000 248.9329095 248.8867143 
535.0000000 248.7364909 248.6902957 
536.0000000 248.5400724 248.4938772 
537.0000000 248.3436538 248.2974586 
538.0000000 248.1472353 248.1010401 
539.0000000 247.9508167 247.9046215 
540.0000000 247.7543982 247.7082030 
541.0000000 247.5579796 247.5117844 
542.0000000 247.3615611 247.3153659 
543.0000000 247.1651425 247.1189473 
544.0000000 246.9687240 246.9225288 
545.0000000 246.7723054 246.7261102 
546.0000000 246.5758869 246.5296917 
547.0000000 246.3794683 246.3332731 
548.0000000 246.1830498 246.1368546 
549.0000000 245.9866312 245.9404360 
550.0000000 245.7902127 245.7440175 
551.0000000 245.5937941 245.5475989 
552.0000000 245.3973756 245.3511804 
553.0000000 245.2009570 245.1547618 
554.0000000 245.0045385 244.9583433 
555.0000000 244.8081199 244.7619247 
556.0000000 244.6117014 244.5655062 
557.0000000 244.4152828 244.3690876 
558.0000000 244.2188643 244.1726691 
559.0000000 244.0224457 243.9762505 
560.0000000 243.8260272 243.7798320 
561.0000000 243.6296086 243.5834134 
562.0000000 243.4331901 243.3869949 
563.0000000 243.2367715 243.1905763 
564.0000000 243.0403530 242.9941578 
565.0000000 242.8439344 242.7977392 
566.0000000 242.6475159 242.6013207 
567.0000000 242.4510973 242.4049021 
568.0000000 242.2546788 242.2084836 
569.0000000 242.0582602 242.0120650 
570.0000000 241.8618417 241.8156465 
571.0000000 241.6654231 241.6192279 
572.0000000 241.4690046 241.4228094 
573.0000000 241.2725860 241.2263908 
574.0000000 241.0761675 241.0299723 
575.0000000 240.8797489 240.8335537 
576.0000000 240.6833304 240.6371352 
577.0000000 240.4869118 240.4407166 
578.0000000 240.2904933 240.2442981 
579.0000000 240.0940747 240.0478795 
580.0000000 239.8976562 239.8514610 
581.0000000 239.7012376 239.6550424 
582.0000000 239.5048191 239.4586239 
583.0000000 239.3084005 239.2622053 
584.0000000 239.1119820 239.0657868 
585.0000000 238.9155634 238.8693682 
586.0000000 238.7191449 238.6729497 
587.0000000 238.5227263 238.4765311 
588.0000000 238.3263078 238.2801126 
589.0000000 238.1298892 238.0836940 
590.0000000 237.9334707 237.8872755 
591.0000000 237.7370521 237.6908569 
592.0000000 237.5406336 237.4944384 
593.0000000 237.3442150 237.2980198 
594.0000000 237.1477965 237.1016013 
595.0000000 236.9513779 236.9051827 
596.0000000 236.7549594 236.7087642 
597.0000000 236.5585408 236.5123456 
598.0000000 236.3621223 236.3159271 
599.0000000 236.1657037 236.1195085 
600.0000000 235.9692852 235.9230900 
601.0000000 235.7728666 235.7266714 
602.0000000 235.5764481 235.5302529 
603.0000000 235.3800295 235.3338343 
604.0000000 235.1836110 235.1374158 
605.0000000 234.9871924 234.9409972 
606.0000000 234.7907739 234.7445787 
607.0000000 234.5943553 234.5481601 
608.0000000 234.3979368 234.3517416 
609.0000000 234.2015182 234.1553230 
610.0000000 234.0050997 233.9589045 
611.0000000 233.8086811 233.7624859 
612.0000000 233.6122626 233.5660674 
613.0000000 233.4158440 233.3696488 
614.0000000 233.2194255 233.1732303 
615.0000000 233.0230069 232.9768117 
616.0000000 232.8265884 232.7803932 
617.0000000 232.6301698 232.5839746 
618.0000000 232.4337513 232.3875561 
619.0000000 232.2373327 232.1911375 
620.0000000 232.0409142 231.9947190 
621.0000000 231.8444956 231.7983004 
622.0000000 231.6480771 231.6018819 
623.0000000 231.4516585 231.4054633 
624.0000000 231.2552400 231.2090448 
625.0000000 231.0588214 231.0126262 
626.0000000 230.8624029 230.8162077 
627.0000000 230.6659843 230.6197891 
628.0000000 230.4695658 230.4233706 
629.0000000 230.2731472 230.2269520 
630.0000000 230.0767287 230.0305335 
631.0000000 229.8803101 229.8341149 
632.0000000 229.6838916 229.6376964 
633.0000000 229.4874730 229.4412778 
634.0000000 229.2910545 229.2448593 
635.0000000 229.0946359 229.0484407 
636.0000000 228.8982174 228.8520222 
637.0000000 228.7017988 228.6556036 
638.0000000 228.5053803 228.4591851 
639.0000000 228.3089617 228.2627665 
640.0000000 228.1125432 228.0663480 
641.0000000 227.9161246 227.8699294 
642.0000000 227.7197061 227.6735109 
643.0000000 227.5232875 227.4770923 
644.0000000 227.3268690 227.2806738 
645.0000000 227.1304504 227.0842552 
646.0000000 226.9340319 226.8878367 
647.0000000 226.7376133 226.6914181 
648.0000000 226.5411948 226.4949996 
649.0000000 226.3447762 226.2985810 
650.0000000 226.1483577 226.1021625 
651.0000000 225.9519391 225.9057439 
652.0000000 225.7555206 225.7093254 
653.0000000 225.5591020 225.5129068 
654.0000000 225.3626835 225.3164883 
655.0000000 225.1662649 225.1200697 
656.0000000 224.9698464 224.9236512 
657.0000000 224.7734278 224.7272326 
658.0000000 224.5770093 224.5308141 
659.0000000 224.3805907 224.3343955 
660.0000000 224.1841721 224.1379770 
661.0000000 223.9877536 223.9415584 
662.0000000 223.7913350 223.7451399 
663.0000000 223.5949165 223.5487213 
664.0000000 223.3984979 223.3523028 
665.0000000 223.2020794 223.1558842 
666.0000000 223.0056608 222.9594657 
667.0000000 222.8092423 222.7630471 
668.0000000 222.6128237 222.5666285 
669.0000000 222.4164052 222.3702100 
670.0000000 222.2199866 222.1737914 
671.0000000 222.0235681 221.9773729 
672.0000000 221.8271495 221.7809543 
673.0000000 221.6307310 221.5845358 
674.0000000 221.4343124 221.3881172 
675.0000000 221.2378939 221.1916987 
676.0000000 221.0414753 220.9952801 
677.0000000 220.8450568 220.7988616 
678.0000000 220.6486382 220.6024430 
679.0000000 220.4522197 220.4060245 
680.0000000 220.2558011 220.2096059 
681.0000000 220.0593826 220.0131874 
682.0000000 219.8629640 219.8167688 
683.0000000 219.6665455 219.6203503 
684.0000000 219.4701269 219.4239317 
685.0000000 219.2737084 219.2275132 
686.0000000 219.0772898 219.0310946 
687.0000000 218.8808713 218.8346761 
688.0000000 218.6844527 218.6382575 
689.0000000 218.4880342 218.4418390 
690.0000000 218.2916156 218.2454204 
691.0000000 218.0951971 218.0490019 
692.0000000 217.8987785 217.8525833 
693.0000000 217.7023600 217.6561648 
694.0000000 217.5059414 217.4597462 
695.0000000 217.3095229 217.2633277 
696.0000000 217.1131043 217.0669091 
697.0000000 216.9166858 216.8704906 
698.0000000 216.7202672 216.6740720 
699.0000000 216.5238487 216.4776535 
700.0000000 216.3274301 216.2812349 
701.0000000 216.1310116 216.0848164 
702.0000000 215.9345930 215.8883978 
703.0000000 215.7381745 215.6919793 
704.0000000 215.5417559 215.4955607 
705.0000000 215.3453374 215.2991422 
706.0000000 215.1489188 215.1027236 
707.0000000 214.9525003 214.9063051 
708.0000000 214.7560817 214.7098865 
709.0000000 214.5596632 214.5134680 
710.0000000 214.3632446 214.3170494 
711.0000000 214.1668261 214.1206309 
712.0000000 213.9704075 213.9242123 
713.0000000 213.7739890 213.7277938 
714.0000000 213.5775704 213.5313752 
715.0000000 213.3811519 213.3349567 
716.0000000 213.1847333 213.1385381 
717.0000000 212.9883148 212.9421196 
718.0000000 212.7918962 212.7457010 
719.0000000 212.5954777 212.5492825 
720.0000000 212.3990591 212.3528639 
721.0000000 212.2026406 212.1564454 
722.0000000 212.0062220 211.9600268 
723.0000000 211.8098035 211.7636083 
724.0000000 211.6133849 211.5671897 
725.0000000 211.4169664 211.3707712 
726.0000000 211.2205478 211.1743526 
727.0000000 211.0241293 210.9779341 
728.0000000 210.8277107 210.7815155 
729.0000000 210.6312922 210.5850970 
730.0000000 210.4348736 210.3886784 
731.0000000 210.2384551 210.1922599 
732.0000000 210.0420365 209.9958413 
733.0000000 209.8456180 209.7994228 
734.0000000 209.6491994 209.6030042 
735.0000000 209.4527809 209.4065857 
736.0000000 209.2563623 209.2101671 
737.0000000 209.0599438 209.0137486 
738.0000000 208.8635252 208.8173300 
739.0000000 208.6671067 208.6209115 
740.0000000 208.4706881 208.4244929 
741.0000000 208.2742696 208.2280744 
742.0000000 208.0778510 208.0316558 
743.0000000 207.8814325 207.8352373 
744.0000000 207.6850139 207.6388187 
745.0000000 207.4885954 207.4424002 
746.0000000 207.2921768 207.2459816 
747.0000000 207.0957583 207.0495631 
748.0000000 206.8993397 206.8531445 
749.0000000 206.7029212 206.6567260 
750.0000000 206.5065026 206.4603074 
751.0000000 206.3100841 206.2638889 
752.0000000 206.1136655 206.0674703 
753.0000000 205.9172470 205.8710518 
754.0000000 205.7208284 205.6746332 
755.0000000 205.5244099 205.4782147 
756.0000000 205.3279913 205.2817961 
757.0000000 205.1315728 205.0853776 
758.0000000 204.9351542 204.8889590 
759.0000000 204.7387357 204.6925405 
760.0000000 204.5423171 204.4961219 
761.0000000 204.3458986 204.2997034 
762.0000000 204.1494800 204.1032848 
763.0000000 203.9530615 203.9068663 
764.0000000 203.7566429 203.7104477 
765.0000000 203.5602244 203.5140292 
766.0000000 203.3638058 203.3176106 
767.0000000 203.1673873 203.1211921 
768.0000000 202.9709687 202.9247735 
769.0000000 202.7745502 202.7283550 
770.0000000 202.5781316 202.5319364 
771.0000000 202.3817131 202.3355179 
772.0000000 202.1852945 202.1390993 
773.0000000 201.9888760 201.9426808 
774.0000000 201.7924574 201.7462622 
775.0000000 201.5960389 201.5498437 
776.0000000 201.3996203 201.3534251 
777.0000000 201.2032018 201.1570066 
778.0000000 201.0067832 200.9605880 
779.0000000 200.8103647 200.7641695 
780.0000000 200.6139461 200.5677509 
781.0000000 200.4175276 200.3713324 
782.0000000 200.2211090 200.1749138 
783.0000000 200.0246905 199.9784953 
784.0000000 199.8282719 199.7820767 
785.0000000 199.6318534 199.5856582 
786.0000000 199.4354348 199.3892396 
787.0000000 199.2390163 199.1928211 
788.0000000 199.0425977 198.9964025 
789.0000000 198.8461792 198.7999840 
790.0000000 198.6497606 198.6035654 
791.0000000 198.4533421 198.4071469 
792.0000000 198.2569235 198.2107283 
793.0000000 198.0605050 198.0143098 
794.0000000 197.8640864 197.8178912 
795.0000000 197.6676679 197.6214727 
796.0000000 197.4712493 197.4250541 
797.0000000 197.2748308 197.2286356 
798.0000000 197.0784122 197.0322170 
799.0000000 196.8819937 196.8357985 
800.0000000 196.6855751 196.6393799 
801.0000000 196.4891566 196.4429614 
802.0000000 196.2927380 196.2465428 
803.0000000 196.0963195 196.0501243 
804.0000000 195.8999009 195.8537057 
805.0000000 195.7034824 195.6572872 
806.0000000 195.5070638 195.4608686 
807.0000000 195.3106453 195.2644501 
808.0000000 195.1142267 195.0680315 
809.0000000 194.9178082 194.8716130 
810.0000000 194.7213896 194.6751944 
811.0000000 194.5249710 194.4787759 
812.0000000 194.3285525 194.2823573 
813.0000000 194.1321339 194.0859388 
814.0000000 193.9357154 193.8895202 
815.0000000 193.7392968 193.6931017 
816.0000000 193.5428783 193.4966831 
817.0000000 193.3464597 193.3002646 
818.0000000 193.1500412 193.1038460 
819.0000000 192.9536226 192.9074274 
820.0000000 192.7572041 192.7110089 
821.0000000 192.5607855 192.5145903 
822.0000000 192.3643670 192.3181718 
823.0000000 192.1679484 192.1217532 
824.0000000 191.9715299 191.9253347 
825.0000000 191.7751113 191.7289161 
826.0000000 191.5786928 191.5324976 
827.0000000 191.3822742 191.3360790 
828.0000000 191.1858557 191.1396605 
829.0000000 190.9894371 190.9432419 
830.0000000 190.7930186 190.7468234 
831.0000000 190.5966000 190.5504048 
832.0000000 190.4001815 190.3539863 
833.0000000 190.2037629 190.1575677 
834.0000000 190.0073444 189.9611492 
835.0000000 189.8109258 189.7647306 
836.0000000 189.6145073 189.5683121 
837.0000000 189.4180887 189.3718935 
838.0000000 189.2216702 189.1754750 
839.0000000 189.0252516 188.9790564 
840.0000000 188.8288331 188.7826379 
841.0000000 188.6324145 188.5862193 
842.0000000 188.4359960 188.3898008 
843.0000000 188.2395774 188.1933822 
844.0000000 188.0431589 187.9969637 
845.0000000 187.8467403 187.8005451 
846.0000000 187.6503218 187.6041266 
847.0000000 187.4539032 187.4077080 
848.0000000 187.2574847 187.2112895 
849.0000000 187.0610661 187.0148709 
850.0000000 186.8646476 186.8184524 
851.0000000 186.6682290 186.6220338 
852.0000000 186.4718105 186.4256153 
853.0000000 186.2753919 186.2291967 
854.0000000 186.0789734 186.0327782 
855.0000000 185.8825548 185.8363596 
856.0000000 185.6861363 185.6399411 
857.0000000 185.4897177 185.4435225 
858.0000000 185.2932992 185.2471040 
859.0000000 185.0968806 185.0506854 
860.0000000 184.9004621 184.8542669 
861.0000000 184.7040435 184.6578483 
862.0000000 184.5076250 184.4614298 
863.0000000 184.3112064 184.2650112 
864.0000000 184.1147879 184.0685927 
865.0000000 183.9183693 183.8721741 
866.0000000 183.7219508 183.6757556 
867.0000000 183.5255322 183.4793370 
868.0000000 183.3291137 183.2829185 
869.0000000 183.1326951 183.0864999 
870.0000000 182.9362766 182.8900814 
871.0000000 182.7398580 182.6936628 
872.0000000 182.5434395 182.4972443 
873.0000000 182.3470209 182.3008257 
874.0000000 182.1506024 182.1044072 
875.0000000 181.9541838 181.9079886 
876.0000000 181.7577653 181.7115701 
877.0000000 181.5613467 181.5151515 
878.0000000 181.3649282 181.3187330 
879.0000000 181.1685096 181.1223144 
880.0000000 180.9720911 180.9258959 
881.0000000 180.7756725 180.7294773 
882.0000000 180.5792540 180.5330588 
883.0000000 180.3828354 180.3366402 
884.0000000 180.1864169 180.1402217 
885.0000000 179.9899983 179.9438031 
886.0000000 179.7935798 179.7473846 
887.0000000 179.5971612 179.5509660 
888.0000000 179.4007427 179.3545475 
889.0000000 179.2043241 179.1581289 
890.0000000 179.0079056 178.9617104 
891.0000000 178.8114870 178.7652918 
892.0000000 178.6150685 178.5688733 
893.0000000 178.4186499 178.3724547 
894.0000000 178.2222314 178.1760362 
895.0000000 178.0258128 177.9796176 
896.0000000 177.8293943 177.7831991 
897.0000000 177.6329757 177.5867805 
898.0000000 177.4365572 177.3903620 
899.0000000 177.2401386 177.1939434 
900.0000000 177.0437201 176.9975249 
901.0000000 176.8473015 176.8011063 
902.0000000 176.6508830 176.6046878 
903.0000000 176.4544644 176.4082692 
904.0000000 176.2580459 176.2118507 
905.0000000 176.0616273 176.0154321 
906.0000000 175.8652088 175.8190136 
907.0000000 175.6687902 175.6225950 
908.0000000 175.4723717 175.4261765 
909.0000000 175.2759531 175.2297579 
910.0000000 175.0795346 175.0333394 
911.0000000 174.8831160 174.8369208 
912.0000000 174.6866975 174.6405023 
913.0000000 174.4902789 174.4440837 
914.0000000 174.2938604 174.2476652 
915.0000000 174.0974418 174.0512466 
916.0000000 173.9010233 173.8548281 
917.0000000 173.7046047 173.6584095 
918.0000000 173.5081862 173.4619910 
919.0000000 173.3117676 173.2655724 
920.0000000 173.1153491 173.0691539 
921.0000000 172.9189305 172.8727353 
922.0000000 172.7225120 172.6763168 
923.0000000 172.5260934 172.4798982 
924.0000000 172.3296749 172.2834797 
925.0000000 172.1332563 172.0870611 
926.0000000 171.9368378 171.8906426 
927.0000000 171.7404192 171.6942240 
928.0000000 171.5440007 171.4978055 
929.0000000 171.3475821 171.3013869 
930.0000000 171.1511636 171.1049684 
931.0000000 170.9547450 170.9085498 
932.0000000 170.7583265 170.7121313 
933.0000000 170.5619079 170.5157127 
934.0000000 170.3654894 170.3192942 
935.0000000 170.1690708 170.1228756 
936.0000000 169.9726523 169.9264571 
937.0000000 169.7762337 169.7300385 
938.0000000 169.5798152 169.5336200 
939.0000000 169.3833966 169.3372014 
940.0000000 169.1869781 169.1407829 
941.0000000 168.9905595 168.9443643 
942.0000000 168.7941410 168.7479458 
943.0000000 168.5977224 168.5515272 
944.0000000 168.4013039 168.3551087 
945.0000000 168.2048853 168.1586901 
946.0000000 168.0084668 167.9622716 
947.0000000 167.8120482 167.7658530 
948.0000000 167.6156297 167.5694345 
949.0000000 167.4192111 167.3730159 
950.0000000 167.2227926 167.1765974 
951.0000000 167.0263740 166.9801788 
952.0000000 166.8299555 166.7837603 
953.0000000 166.6335369 166.5873417 
954.0000000 166.4371184 166.3909232 
955.0000000 166.2406998 166.1945046 
956.0000000 166.0442813 165.9980861 
957.0000000 165.8478627 165.8016675 
958.0000000 165.6514442 165.6052490 
959.0000000 165.4550256 165.4088304 
960.0000000 165.2586071 165.2124119 
961.0000000 165.0621885 165.0159933 
962.0000000 164.8657700 164.8195748 
963.0000000 164.6693514 164.6231562 
964.0000000 164.4729328 164.4267377 
965.0000000 164.2765143 164.2303191 
966.0000000 164.0800957 164.0339006 
967.0000000 163.8836772 163.8374820 
968.0000000 163.6872586 163.6410635 
969.0000000 163.4908401 163.4446449 
970.0000000 163.2944215 163.2482264 
971.0000000 163.0980030 163.0518078 
972.0000000 162.9015844 162.8553892 
973.0000000 162.7051659 162.6589707 
974.0000000 162.5087473 162.4625521 
975.0000000 162.3123288 162.2661336 
976.0000000 162.1159102 162.0697150 
977.0000000 161.9194917 161.8732965 
978.0000000 161.7230731 161.6768779 
979.0000000 161.5266546 161.4804594 
980.0000000 161.3302360 161.2840408 
981.0000000 161.1338175 161.0876223 
982.0000000 160.9373989 160.8912037 
983.0000000 160.7409804 160.6947852 
984.0000000 160.5445618 160.4983666 
985.0000000 160.3481433 160.3019481 
986.0000000 160.1517247 160.1055295 
987.0000000 159.9553062 159.9091110 
988.0000000 159.7588876 159.7126924 
989.0000000 159.5624691 159.5162739 
990.0000000 159.3660505 159.3198553 
991.0000000 159.1696320 159.1234368 
992.0000000 158.9732134 158.9270182 
993.0000000 158.7767949 158.7305997 
994.0000000 158.5803763 158.5341811 
995.0000000 158.3839578 158.3377626 
996.0000000 158.1875392 158.1413440 
997.0000000 157.9911207 157.9449255 
998.0000000 157.7947021 157.7485069 
999.0000000 157.5982836 157.5520884 
1000.0000000 157.4018650 157.3556698 
1001.0000000 157.2054465 157.1592513 
1002.0000000 157.0090279 156.9628327 
1003.0000000 156.8126094 156.7664142 
1004.0000000 156.6161908 156.5699956 
1005.0000000 156.4197723 156.3735771 
1006.0000000 156.2233537 156.1771585 
1007.0000000 156.0269352 155.9807400 
1008.0000000 155.8305166 155.7843214 
1009.0000000 155.6340981 155.5879029 
1010.0000000 155.4376795 155.3914843 
1011.0000000 155.2412610 155.1950658 
1012.0000000 155.0448424 154.9986472 
1013.0000000 154.8484239 154.8022287 
1014.0000000 154.6520053 154.6058101 
1015.0000000 154.4555868 154.4093916 
1016.0000000 154.2591682 154.2129730 
1017.0000000 154.0627497 154.0165545 
1018.0000000 153.8663311 153.8201359 
1019.0000000 153.6699126 153.6237174 
1020.0000000 153.4734940 153.4272988 
1021.0000000 153.2770755 153.2308803 
1022.0000000 153.0806569 153.0344617 
1023.0000000 152.8842384 152.8380432 
1024.0000000 152.6878198 152.6416246 
1025.0000000 152.4914013 152.4452061 
1026.0000000 152.2949827 152.2487875 
1027.0000000 152.0985642 152.0523690 
1028.0000000 151.9021456 151.8559504 
1029.0000000 151.7057271 151.6595319 
1030.0000000 151.5093085 151.4631133 
1031.0000000 151.3128900 151.2666948 
1032.0000000 151.1164714 151.0702762 
1033.0000000 150.9200529 150.8738577 
1034.0000000 150.7236343 150.6774391 
1035.0000000 150.5272158 150.4810206 
1036.0000000 150.3307972 150.2846020 
1037.0000000 150.1343787 150.0881835 
1038.0000000 149.9379601 149.8917649 
1039.0000000 149.7415416 149.6953464 
1040.0000000 149.5451230 149.4989278 
1041.0000000 149.3487045 149.3025093 
1042.0000000 149.1522859 149.1060907 
1043.0000000 148.9558674 148.9096722 
1044.0000000 148.7594488 148.7132536 
1045.0000000 148.5630303 148.5168351 
1046.0000000 148.3666117 148.3204165 
1047.0000000 148.1701932 148.1239980 
1048.0000000 147.9737746 147.9275794 
1049.0000000 147.7773561 147.7311609 
1050.0000000 147.5809375 147.5347423 
1051.0000000 147.3845190 147.3383238 
1052.0000000 147.1881004 147.1419052 
1053.0000000 146.9916819 146.9454867 
1054.0000000 146.7952633 146.7490681 
1055.0000000 146.5988448 146.5526496 
1056.0000000 146.4024262 146.3562310 
1057.0000000 146.2060077 146.1598125 
1058.0000000 146.0095891 145.9633939 
1059.0000000 145.8131706 145.7669754 
1060.0000000 145.6167520 145.5705568 
1061.0000000 145.4203335 145.3741383 
1062.0000000 145.2239149 145.1777197 
1063.0000000 145.0274964 144.9813012 
1064.0000000 144.8310778 144.7848826 
1065.0000000 144.6346593 144.5884641 
1066.0000000 144.4382407 144.3920455 
1067.0000000 144.2418222 144.1956270 
1068.0000000 144.0454036 143.9992084 
1069.0000000 143.8489851 143.8027899 
1070.0000000 143.6525665 143.6063713 
1071.0000000 143.4561480 143.4099528 
1072.0000000 143.2597294 143.2135342 
1073.0000000 143.0633109 143.0171157 
1074.0000000 142.8668923 142.8206971 
1075.0000000 142.6704738 142.6242786 
1076.0000000 142.4740552 142.4278600 
1077.0000000 142.2776367 142.2314415 
1078.0000000 142.0812181 142.0350229 
1079.0000000 141.8847996 141.8386044 
1080.0000000 141.6883810 141.6421858 
1081.0000000 141.4919625 141.4457673 
1082.0000000 141.2955439 141.2493487 
1083.0000000 141.0991254 141.0529302 
1084.0000000 140.9027068 140.8565116 
1085.0000000 140.7062883 140.6600931 
1086.0000000 140.5098697 140.4636745 
1087.0000000 140.3134512 140.2672560 
1088.0000000 140.1170326 140.0708374 
1089.0000000 139.9206141 139.8744189 
1090.0000000 139.7241955 139.6780003 
1091.0000000 139.5277770 139.4815818 
1092.0000000 139.3313584 139.2851632 
1093.0000000 139.1349399 139.0887447 
1094.0000000 138.9385213 138.8923261 
1095.0000000 138.7421028 138.6959076 
1096.0000000 138.5456842 138.4994890 
1097.0000000 138.3492657 138.3030705 
1098.0000000 138.1528471 138.1066519 
1099.0000000 137.9564286 137.9102334 
1100.0000000 137.7600100 137.7138148 
1101.0000000 137.5635915 137.5173963 
1102.0000000 137.3671729 137.3209777 
1103.0000000 137.1707544 137.1245592 
1104.0000000 136.9743358 136.9281406 
1105.0000000 136.7779173 136.7317221 
1106.0000000 136.5814987 136.5353035 
1107.0000000 136.3850802 136.3388850 
1108.0000000 136.1886616 136.1424664 
1109.0000000 135.9922431 135.9460479 
1110.0000000 135.7958245 135.7496293 
1111.0000000 135.5994060 135.5532108 
1112.0000000 135.4029874 135.3567922 
1113.0000000 135.2065689 135.1603737 
1114.0000000 135.0101503 134.9639551 
1115.0000000 134.8137317 134.7675366 
1116.0000000 134.6173132 134.5711180 
1117.0000000 134.4208946 134.3746995 
1118.0000000 134.2244761 134.1782809 
1119.0000000 134.0280575 133.9818624 
1120.0000000 133.8316390 133.7854438 
1121.0000000 133.6352204 133.5890253 
1122.0000000 133.4388019 133.3926067 
1123.0000000 133.2423833 133.1961881 
1124.0000000 133.0459648 132.9997696 
1125.0000000 132.8495462 132.8033510 
1126.0000000 132.6531277 132.6069325 
1127.0000000 132.4567091 132.4105139 
1128.0000000 132.2602906 132.2140954 
1129.0000000 132.0638720 132.0176768 
1130.0000000 131.8674535 131.8212583 
1131.0000000 131.6710349 131.6248397 
1132.0000000 131.4746164 131.4284212 
1133.0000000 131.2781978 131.2320026 
1134.0000000 131.0817793 131.0355841 
1135.0000000 130.8853607 130.8391655 
1136.0000000 130.6889422 130.6427470 
1137.0000000 130.4925236 130.4463284 
1138.0000000 130.2961051 130.2499099 
1139.0000000 130.0996865 130.0534913 
1140.0000000 129.9032680 129.8570728 
1141.0000000 129.7068494 129.6606542 
1142.0000000 129.5104309 129.4642357 
1143.0000000 129.3140123 129.2678171 
1144.0000000 129.1175938 129.0713986 
1145.0000000 128.9211752 128.8749800 
1146.0000000 128.7247567 128.6785615 
1147.0000000 128.5283381 128.4821429 
1148.0000000 128.3319196 128.2857244 
1149.0000000 128.1355010 128.0893058 
1150.0000000 127.9390825 127.8928873 
1151.0000000 127.7426639 127.6964687 
1152.0000000 127.5462454 127.5000502 
1153.0000000 127.3498268 127.3036316 
1154.0000000 127.1534083 127.1072131 
1155.0000000 126.9569897 126.9107945 
1156.0000000 126.7605712 126.7143760 
1157.0000000 126.5641526 126.5179574 
1158.0000000 126.3677341 126.3215389 
1159.0000000 126.1713155 126.1251203 
1160.0000000 125.9748970 125.9287018 
1161.0000000 125.7784784 125.7322832 
1162.0000000 125.5820599 125.5358647 
1163.0000000 125.3856413 125.3394461 
1164.0000000 125.1892228 125.1430276 
1165.0000000 124.9928042 124.9466090 
1166.0000000 124.7963857 124.7501905 
1167.0000000 124.5999671 124.5537719 
1168.0000000 124.4035486 124.3573534 
1169.0000000 124.2071300 124.1609348 
1170.0000000 124.0107115 123.9645163 
1171.0000000 123.8142929 123.7680977 
1172.0000000 123.6178744 123.5716792 
1173.0000000 123.4214558 123.3752606 
1174.0000000 123.2250373 123.1788421 
1175.0000000 123.0286187 122.9824235 
1176.0000000 122.8322002 122.7860050 
1177.0000000 122.6357816 122.5895864 
1178.0000000 122.4393631 122.3931679 
1179.0000000 122.2429445 122.1967493 
1180.0000000 122.0465260 122.0003308 
1181.0000000 121.8501074 121.8039122 
1182.0000000 121.6536889 121.6074937 
1183.0000000 121.4572703 121.4110751 
1184.0000000 121.2608518 121.2146566 
1185.0000000 121.0644332 121.0182380 
1186.0000000 120.8680147 120.8218195 
1187.0000000 120.6715961 120.6254009 
1188.0000000 120.4751776 120.4289824 
1189.0000000 120.2787590 120.2325638 
1190.0000000 120.0823405 120.0361453 
1191.0000000 119.8859219 119.8397267 
1192.0000000 119.6895034 119.6433082 
1193.0000000 119.4930848 119.4468896 
1194.0000000 119.2966663 119.2504711 
1195.0000000 119.1002477 119.0540525 
1196.0000000 118.9038292 118.8576340 
1197.0000000 118.7074106 118.6612154 
1198.0000000 118.5109921 118.4647969 
1199.0000000 118.3145735 118.2683783 
1200.0000000 118.1181550 118.0719598 
1201.0000000 117.9217364 117.8755412 
1202.0000000 117.7253179 117.6791227 
1203.0000000 117.5288993 117.4827041 
1204.0000000 117.3324808 117.2862856 
1205.0000000 117.1360622 117.0898670 
1206.0000000 116.9396437 116.8934485 
1207.0000000 116.7432251 116.6970299 
1208.0000000 116.5468066 116.5006114 
1209.0000000 116.3503880 116.3041928 
1210.0000000 116.1539695 116.1077743 
1211.0000000 115.9575509 115.9113557 
1212.0000000 115.7611324 115.7149372 
1213.0000000 115.5647138 115.5185186 
1214.0000000 115.3682953 115.3221001 
1215.0000000 115.1718767 115.1256815 
1216.0000000 114.9754582 114.9292630 
1217.0000000 114.7790396 114.7328444 
1218.0000000 114.5826211 114.5364259 
1219.0000000 114.3862025 114.3400073 
1220.0000000 114.1897840 114.1435888 
1221.0000000 113.9933654 113.9471702 
1222.0000000 113.7969469 113.7507517 
1223.0000000 113.6005283 113.5543331 
1224.0000000 113.4041098 113.3579146 
1225.0000000 113.2076912 113.1614960 
1226.0000000 113.0112727 112.9650775 
1227.0000000 112.8148541 112.7686589 
1228.0000000 112.6184356 112.5722404 
1229.0000000 112.4220170 112.3758218 
1230.0000000 112.2255985 112.1794033 
1231.0000000 112.0291799 111.9829847 
1232.0000000 111.8327614 111.7865662 
1233.0000000 111.6363428 111.5901476 
1234.0000000 111.4399243 111.3937291 
1235.0000000 111.2435057 111.1973105 
1236.0000000 111.0470872 111.0008920 
1237.0000000 110.8506686 110.8044734 
1238.0000000 110.6542501 110.6080549 
1239.0000000 110.4578315 110.4116363 
1240.0000000 110.2614130 110.2152178 
1241.0000000 110.0649944 110.0187992 
1242.0000000 109.8685759 109.8223807 
1243.0000000 109.6721573 109.6259621 
1244.0000000 109.4757388 109.4295436 
1245.0000000 109.2793202 109.2331250 
1246.0000000 109.0829017 109.0367065 
1247.0000000 108.8864831 108.8402879 
1248.0000000 108.6900646 108.6438694 
1249.0000000 108.4936460 108.4474508 
1250.0000000 108.2972275 108.2510323 
1251.0000000 108.1008089 108.0546137 
1252.0000000 107.9043904 107.8581952 
1253.0000000 107.7079718 107.6617766 
1254.0000000 107.5115533 107.4653581 
1255.0000000 107.3151347 107.2689395 
1256.0000000 107.1187162 107.0725210 
1257.0000000 106.9222976 106.8761024 
1258.0000000 106.7258791 106.6796839 
1259.0000000 106.5294605 106.4832653 
1260.0000000 106.3330420 106.2868468 
1261.0000000 106.1366234 106.0904282 
1262.0000000 105.9402049 105.8940097 
1263.0000000 105.7437863 105.6975911 
1264.0000000 105.5473678 105.5011726 
1265.0000000 105.3509492 105.3047540 
1266.0000000 105.1545306 105.1083355 
1267.0000000 104.9581121 104.9119169 
1268.0000000 104.7616935 104.7154984 
1269.0000000 104.5652750 104.5190798 
1270.0000000 104.3688564 104.3226613 
1271.0000000 104.1724379 104.1262427 
1272.0000000 103.9760193 103.9298242 
1273.0000000 103.7796008 103.7334056 
1274.0000000 103.5831822 103.5369870 
1275.0000000 103.3867637 103.3405685 
1276.0000000 103.1903451 103.1441499 
1277.0000000 102.9939266 102.9477314 
1278.0000000 102.7975080 102.7513128 
1279.0000000 102.6010895 102.5548943 
1280.0000000 102.4046709 102.3584757 
1281.0000000 102.2082524 102.1620572 
1282.0000000 102.0118338 101.9656386 
1283.0000000 101.8154153 101.7692201 
1284.0000000 101.6189967 101.5728015 
1285.0000000 101.4225782 101.3763830 
1286.0000000 101.2261596 101.1799644 
1287.0000000 101.0297411 100.9835459 
1288.0000000 100.8333225 100.7871273 
1289.0000000 100.6369040 100.5907088 
1290.0000000 100.4404854 100.3942902 
1291.0000000 100.2440669 100.1978717 
1292.0000000 100.0476483 100.0014531 
1293.0000000 99.8512298 99.8050346 
1294.0000000 99.6548112 99.6086160 
1295.0000000 99.4583927 99.4121975 
1296.0000000 99.2619741 99.2157789 
1297.0000000 99.0655556 99.0193604 
1298.0000000 98.8691370 98.8229418 
1299.0000000 98.6727185 98.6265233 
1300.0000000 98.4762999 98.4301047 
1301.0000000 98.2798814 98.2336862 
1302.0000000 98.0834628 98.0372676 
1303.0000000 97.8870443 97.8408491 
1304.0000000 97.6906257 97.6444305 
1305.0000000 97.4942072 97.4480120 
1306.0000000 97.2977886 97.2515934 
1307.0000000 97.1013701 97.0551749 
1308.0000000 96.9049515 96.8587563 
1309.0000000 96.7085330 96.6623378 
1310.0000000 96.5121144 96.4659192 
1311.0000000 96.3156959 96.2695007 
1312.0000000 96.1192773 96.0730821 
1313.0000000 95.9228588 95.8766636 
1314.0000000 95.7264402 95.6802450 
1315.0000000 95.5300217 95.4838265 
1316.0000000 95.3336031 95.2874079 
1317.0000000 95.1371846 95.0909894 
1318.0000000 94.9407660 94.8945708 
1319.0000000 94.7443475 94.6981523 
1320.0000000 94.5479289 94.5017337 
1321.0000000 94.3515104 94.3053152 
1322.0000000 94.1550918 94.1088966 
1323.0000000 93.9586733 93.9124781 
1324.0000000 93.7622547 93.7160595 
1325.0000000 93.5658362 93.5196410 
1326.0000000 93.3694176 93.3232224 
1327.0000000 93.1729991 93.1268039 
1328.0000000 92.9765805 92.9303853 
1329.0000000 92.7801620 92.7339668 
1330.0000000 92.5837434 92.5375482 
1331.0000000 92.3873249 92.3411297 
1332.0000000 92.1909063 92.1447111 
1333.0000000 91.9944878 91.9482926 
1334.0000000 91.7980692 91.7518740 
1335.0000000 91.6016507 91.5554555 
1336.0000000 91.4052321 91.3590369 
1337.0000000 91.2088136 91.1626184 
1338.0000000 91.0123950 90.9661998 
1339.0000000 90.8159765 90.7697813 
1340.0000000 90.6195579 90.5733627 
1341.0000000 90.4231394 90.3769442 
1342.0000000 90.2267208 90.1805256 
1343.0000000 90.0303023 89.9841071 
1344.0000000 89.8338837 89.7876885 
1345.0000000 89.6374652 89.5912700 
1346.0000000 89.4410466 89.3948514 
1347.0000000 89.2446281 89.1984329 
1348.0000000 89.0482095 89.0020143 
1349.0000000 88.8517910 88.8055958 
1350.0000000 88.6553724 88.6091772 
1351.0000000 88.4589539 88.4127587 
1352.0000000 88.2625353 88.2163401 
1353.0000000 88.0661168 88.0199216 
1354.0000000 87.8696982 87.8235030 
1355.0000000 87.6732797 87.6270845 
1356.0000000 87.4768611 87.4306659 
1357.0000000 87.2804426 87.2342474 
1358.0000000 87.0840240 87.0378288 
1359.0000000 86.8876055 86.8414103 
1360.0000000 86.6911869 86.6449917 
1361.0000000 86.4947684 86.4485732 
1362.0000000 86.2983498 86.2521546 
1363.0000000 86.1019313 86.0557361 
1364.0000000 85.9055127 85.8593175 
1365.0000000 85.7090942 85.6628990 
1366.0000000 85.5126756 85.4664804 
1367.0000000 85.3162571 85.2700619 
1368.0000000 85.1198385 85.0736433 
1369.0000000 84.9234200 84.8772248 
1370.0000000 84.7270014 84.6808062 
1371.0000000 84.5305829 84.4843877 
1372.0000000 84.3341643 84.2879691 
1373.0000000 84.1377458 84.0915506 
1374.0000000 83.9413272 83.8951320 
1375.0000000 83.7449087 83.6987135 
1376.0000000 83.5484901 83.5022949 
1377.0000000 83.3520716 83.3058764 
1378.0000000 83.1556530 83.1094578 
1379.0000000 82.9592345 82.9130393 
1380.0000000 82.7628159 82.7166207 
1381.0000000 82.5663974 82.5202022 
1382.0000000 82.3699788 82.3237836 
1383.0000000 82.1735603 82.1273651 
1384.0000000 81.9771417 81.9309465 
1385.0000000 81.7807232 81.7345280 
1386.0000000 81.5843046 81.5381094 
1387.0000000 81.3878861 81.3416909 
1388.0000000 81.1914675 81.1452723 
1389.0000000 80.9950490 80.9488538 
1390.0000000 80.7986304 80.7524352 
1391.0000000 80.6022119 80.5560167 
1392.0000000 80.4057933 80.3595981 
1393.0000000 80.2093748 80.1631796 
1394.0000000 80.0129562 79.9667610 
1395.0000000 79.8165377 79.7703425 
1396.0000000 79.6201191 79.5739239 
1397.0000000 79.4237006 79.3775054 
1398.0000000 79.2272820 79.1810868 
1399.0000000 79.0308635 78.9846683 
1400.0000000 78.8344449 78.7882497 
1401.0000000 78.6380264 78.5918312 
1402.0000000 78.4416078 78.3954126 
1403.0000000 78.2451893 78.1989941 
1404.0000000 78.0487707 78.0025755 
1405.0000000 77.8523522 77.8061570 
1406.0000000 77.6559336 77.6097384 
1407.0000000 77.4595151 77.4133199 
1408.0000000 77.2630965 77.2169013 
1409.0000000 77.0666780 77.0204828 
1410.0000000 76.8702594 76.8240642 
1411.0000000 76.6738409 76.6276457 
1412.0000000 76.4774223 76.4312271 
1413.0000000 76.2810038 76.2348086 
1414.0000000 76.0845852 76.0383900 
1415.0000000 75.8881667 75.8419715 
1416.0000000 75.6917481 75.6455529 
1417.0000000 75.4953296 75.4491344 
1418.0000000 75.2989110 75.2527158 
1419.0000000 75.1024924 75.0562973 
1420.0000000 74.9060739 74.8598787 
1421.0000000 74.7096553 74.6634602 
1422.0000000 74.5132368 74.4670416 
1423.0000000 74.3168182 74.2706231 
1424.0000000 74.1203997 74.0742045 
1425.0000000 73.9239811 73.8777860 
1426.0000000 73.7275626 73.6813674 
1427.0000000 73.5311440 73.4849488 
1428.0000000 73.3347255 73.2885303 
1429.0000000 73.1383069 73.0921117 
1430.0000000 72.9418884 72.8956932 
1431.0000000 72.7454698 72.6992746 
1432.0000000 72.5490513 72.5028561 
1433.0000000 72.3526327 72.3064375 
1434.0000000 72.1562142 72.1100190 
1435.0000000 71.9597956 71.9136004 
1436.0000000 71.7633771 71.7171819 
1437.0000000 71.5669585 71.5207633 
1438.0000000 71.3705400 71.3243448 
1439.0000000 71.1741214 71.1279262 
1440.0000000 70.9777029 70.9315077 
1441.0000000 70.7812843 70.7350891 
1442.0000000 70.5848658 70.5386706 
1443.0000000 70.3884472 70.3422520 
1444.0000000 70.1920287 70.1458335 
1445.0000000 69.9956101 69.9494149 
1446.0000000 69.7991916 69.7529964 
1447.0000000 69.6027730 69.5565778 
1448.0000000 69.4063545 69.3601593 
1449.0000000 69.2099359 69.1637407 
1450.0000000 69.0135174 68.9673222 
1451.0000000 68.8170988 68.7709036 
1452.0000000 68.6206803 68.5744851 
1453.0000000 68.4242617 68.3780665 
1454.0000000 68.2278432 68.1816480 
1455.0000000 68.0314246 67.9852294 
1456.0000000 67.8350061 67.7888109 
1457.0000000 67.6385875 67.5923923 
1458.0000000 67.4421690 67.3959738 
1459.0000000 67.2457504 67.1995552 
1460.0000000 67.0493319 67.0031367 
1461.0000000 66.8529133 66.8067181 
1462.0000000 66.6564948 66.6102996 
1463.0000000 66.4600762 66.4138810 
1464.0000000 66.2636577 66.2174625 
1465.0000000 66.0672391 66.0210439 
1466.0000000 65.8708206 65.8246254 
1467.0000000 65.6744020 65.6282068 
1468.0000000 65.4779835 65.4317883 
1469.0000000 65.2815649 65.2353697 
1470.0000000 65.0851464 65.0389512 
1471.0000000 64.8887278 64.8425326 
1472.0000000 64.6923093 64.6461141 
1473.0000000 64.4958907 64.4496955 
1474.0000000 64.2994722 64.2532770 
1475.0000000 64.1030536 64.0568584 
1476.0000000 63.9066351 63.8604399 
1477.0000000 63.7102165 63.6640213 
1478.0000000 63.5137980 63.4676028 
1479.0000000 63.3173794 63.2711842 
1480.0000000 63.1209609 63.0747657 
1481.0000000 62.9245423 62.8783471 
1482.0000000 62.7281238 62.6819286 
1483.0000000 62.5317052 62.4855100 
1484.0000000 62.3352867 62.2890915 
1485.0000000 62.1388681 62.0926729 
1486.0000000 61.9424496 61.8962544 
1487.0000000 61.7460310 61.6998358 
1488.0000000 61.5496125 61.5034173 
1489.0000000 61.3531939 61.3069987 
1490.0000000 61.1567754 61.1105802 
1491.0000000 60.9603568 60.9141616 
1492.0000000 60.7639383 60.7177431 
1493.0000000 60.5675197 60.5213245 
1494.0000000 60.3711012 60.3249060 
1495.0000000 60.1746826 60.1284874 
1496.0000000 59.9782641 59.9320689 
1497.0000000 59.7818455 59.7356503 
1498.0000000 59.5854270 59.5392318 
1499.0000000 59.3890084 59.3428132 
1500.0000000 59.1925899 59.1463947 
1501.0000000 58.9961713 58.9499761 
1502.0000000 58.7997528 58.7535576 
1503.0000000 58.6033342 58.5571390 
1504.0000000 58.4069157 58.3607205 
1505.0000000 58.2104971 58.1643019 
1506.0000000 58.0140786 57.9678834 
1507.0000000 57.8176600 57.7714648 
1508.0000000 57.6212415 57.5750463 
1509.0000000 57.4248229 57.3786277 
1510.0000000 57.2284044 57.1822092 
1511.0000000 57.0319858 56.9857906 
1512.0000000 56.8355673 56.7893721 
1513.0000000 56.6391487 56.5929535 
1514.0000000 56.4427302 56.3965350 
1515.0000000 56.2463116 56.2001164 
1516.0000000 56.0498931 56.0036979 
1517.0000000 55.8534745 55.8072793 
1518.0000000 55.6570560 55.6108608 
1519.0000000 55.4606374 55.4144422 
1520.0000000 55.2642189 55.2180237 
1521.0000000 55.0678003 55.0216051 
1522.0000000 54.8713818 54.8251866 
1523.0000000 54.6749632 54.6287680 
1524.0000000 54.4785447 54.4323495 
1525.0000000 54.2821261 54.2359309 
1526.0000000 54.0857076 54.0395124 
1527.0000000 53.8892890 53.8430938 
1528.0000000 53.6928705 53.6466753 
1529.0000000 53.4964519 53.4502567 
1530.0000000 53.3000334 53.2538382 
1531.0000000 53.1036148 53.0574196 
1532.0000000 52.9071963 52.8610011 
1533.0000000 52.7107777 52.6645825 
1534.0000000 52.5143592 52.4681640 
1535.0000000 52.3179406 52.2717454 
1536.0000000 52.1215221 52.0753269 
1537.0000000 51.9251035 51.8789083 
1538.0000000 51.7286850 51.6824898 
1539.0000000 51.5322664 51.4860712 
1540.0000000 51.3358479 51.2896527 
1541.0000000 51.1394293 51.0932341 
1542.0000000 50.9430108 50.8968156 
1543.0000000 50.7465922 50.7003970 
1544.0000000 50.5501737 50.5039785 
1545.0000000 50.3537551 50.3075599 
1546.0000000 50.1573366 50.1111414 
1547.0000000 49.9609180 49.9147228 
1548.0000000 49.7644995 49.7183043 
1549.0000000 49.5680809 49.5218857 
1550.0000000 49.3716624 49.3254672 
1551.0000000 49.1752438 49.1290486 
1552.0000000 48.9788253 48.9326301 
1553.0000000 48.7824067 48.7362115 
1554.0000000 48.5859882 48.5397930 
1555.0000000 48.3895696 48.3433744 
1556.0000000 48.1931511 48.1469559 
1557.0000000 47.9967325 47.9505373 
1558.0000000 47.8003140 47.7541188 
1559.0000000 47.6038954 47.5577002 
1560.0000000 47.4074769 47.3612817 
1561.0000000 47.2110583 47.1648631 
1562.0000000 47.0146398 46.9684446 
1563.0000000 46.8182212 46.7720260 
1564.0000000 46.6218027 46.5756075 
1565.0000000 46.4253841 46.3791889 
1566.0000000 46.2289656 46.1827704 
1567.0000000 46.0325470 45.9863518 
1568.0000000 45.8361285 45.7899333 
1569.0000000 45.6397099 45.5935147 
1570.0000000 45.4432913 45.3970962 
1571.0000000 45.2468728 45.2006776 
1572.0000000 45.0504542 45.0042591 
1573.0000000 44.8540357 44.8078405 
1574.0000000 44.6576171 44.6114220 
1575.0000000 44.4611986 44.4150034 
1576.0000000 44.2647800 44.2185849 
1577.0000000 44.0683615 44.0221663 
1578.0000000 43.8719429 43.8257477 
1579.0000000 43.6755244 43.6293292 
1580.0000000 43.4791058 43.4329106 
1581.0000000 43.2826873 43.2364921 
1582.0000000 43.0862687 43.0400735 
1583.0000000 42.8898502 42.8436550 
1584.0000000 42.6934316 42.6472364 
1585.0000000 42.4970131 42.4508179 
1586.0000000 42.3005945 42.2543993 
1587.0000000 42.1041760 42.0579808 
1588.0000000 41.9077574 41.8615622 
1589.0000000 41.7113389 41.6651437 
1590.0000000 41.5149203 41.4687251 
1591.0000000 41.3185018 41.2723066 
1592.0000000 41.1220832 41.0758880 
1593.0000000 40.9256647 40.8794695 
1594.0000000 40.7292461 40.6830509 
1595.0000000 40.5328276 40.4866324 
1596.0000000 40.3364090 40.2902138 
1597.0000000 40.1399905 40.0937953 
1598.0000000 39.9435719 39.8973767 
1599.0000000 39.7471534 39.7009582 
1600.0000000 39.5507348 39.5045396 
1601.0000000 39.3543163 39.3081211 
1602.0000000 39.1578977 39.1117025 
1603.0000000 38.9614792 38.9152840 
1604.0000000 38.7650606 38.7188654 
1605.0000000 38.5686421 38.5224469 
1606.0000000 38.3722235 38.3260283 
1607.0000000 38.1758050 38.1296098 
1608.0000000 37.9793864 37.9331912 
1609.0000000 37.7829679 37.7367727 
1610.0000000 37.5865493 37.5403541 
1611.0000000 37.3901308 37.3439356 
1612.0000000 37.1937122 37.1475170 
1613.0000000 36.9972937 36.9510985 
1614.0000000 36.8008751 36.7546799 
1615.0000000 36.6044566 36.5582614 
1616.0000000 36.4080380 36.3618428 
1617.0000000 36.2116195 36.1654243 
1618.0000000 36.0152009 35.9690057 
1619.0000000 35.8187824 35.7725872 
1620.0000000 35.6223638 35.5761686 
1621.0000000 35.4259453 35.3797501 
1622.0000000 35.2295267 35.1833315 
1623.0000000 35.0331082 34.9869130 
1624.0000000 34.8366896 34.7904944 
1625.0000000 34.6402711 34.5940759 
1626.0000000 34.4438525 34.3976573 
1627.0000000 34.2474340 34.2012388 
1628.0000000 34.0510154 34.0048202 
1629.0000000 33.8545969 33.8084017 
1630.0000000 33.6581783 33.6119831 
1631.0000000 33.4617598 33.4155646 
1632.0000000 33.2653412 33.2191460 
1633.0000000 33.0689227 33.0227275 
1634.0000000 32.8725041 32.8263089 
1635.0000000 32.6760856 32.6298904 
1636.0000000 32.4796670 32.4334718 
1637.0000000 32.2832485 32.2370533 
1638.0000000 32.0868299 32.0406347 
1639.0000000 31.8904114 31.8442162 
1640.0000000 31.6939928 31.6477976 
1641.0000000 31.4975743 31.4513791 
1642.0000000 31.3011557 31.2549605 
1643.0000000 31.1047372 31.0585420 
1644.0000000 30.9083186 30.8621234 
1645.0000000 30.7119001 30.6657049 
1646.0000000 30.5154815 30.4692863 
1647.0000000 30.3190630 30.2728678 
1648.0000000 30.1226444 30.0764492 
1649.0000000 29.9262259 29.8800307 
1650.0000000 29.7298073 29.6836121 
1651.0000000 29.5333888 29.4871936 
1652.0000000 29.3369702 29.2907750 
1653.0000000 29.1405517 29.0943565 
1654.0000000 28.9441331 28.8979379 
1655.0000000 28.7477146 28.7015194 
1656.0000000 28.5512960 28.5051008 
1657.0000000 28.3548775 28.3086823 
1658.0000000 28.1584589 28.1122637 
1659.0000000 27.9620404 27.9158452 
1660.0000000 27.7656218 27.7194266 
1661.0000000 27.5692033 27.5230081 
1662.0000000 27.3727847 27.3265895 
1663.0000000 27.1763662 27.1301710 
1664.0000000 26.9799476 26.9337524 
1665.0000000 26.7835291 26.7373339 
1666.0000000 26.5871105 26.5409153 
1667.0000000 26.3906920 26.3444968 
1668.0000000 26.1942734 26.1480782 
1669.0000000 25.9978549 25.9516597 
1670.0000000 25.8014363 25.7552411 
1671.0000000 25.6050178 25.5588226 
1672.0000000 25.4085992 25.3624040 
1673.0000000 25.2121807 25.1659855 
1674.0000000 25.0157621 24.9695669 
1675.0000000 24.8193436 24.7731484 
1676.0000000 24.6229250 24.5767298 
1677.0000000 24.4265065 24.3803113 
1678.0000000 24.2300879 24.1838927 
1679.0000000 24.0336694 23.9874742 
1680.0000000 23.8372508 23.7910556 
1681.0000000 23.6408323 23.5946371 
1682.0000000 23.4444137 23.3982185 
1683.0000000 23.2479952 23.2018000 
1684.0000000 23.0515766 23.0053814 
1685.0000000 22.8551581 22.8089629 
1686.0000000 22.6587395 22.6125443 
1687.0000000 22.4623210 22.4161258 
1688.0000000 22.2659024 22.2197072 
1689.0000000 22.0694839 22.0232887 
1690.0000000 21.8730653 21.8268701 
1691.0000000 21.6766468 21.6304516 
1692.0000000 21.4802282 21.4340330 
1693.0000000 21.2838097 21.2376145 
1694.0000000 21.0873911 21.0411959 
1695.0000000 20.8909726 20.8447774 
1696.0000000 20.6945540 20.6483588 
1697.0000000 20.4981355 20.4519403 
1698.0000000 20.3017169 20.2555217 
1699.0000000 20.1052984 20.0591032 
1700.0000000 19.9088798 19.8626846 
1701.0000000 19.7124613 19.6662661 
1702.0000000 19.5160427 19.4698475 
1703.0000000 19.3196242 19.2734290 
1704.0000000 19.1232056 19.0770104 
1705.0000000 18.9267871 18.8805919 
1706.0000000 18.7303685 18.6841733 
1707.0000000 18.5339500 18.4877548 
1708.0000000 18.3375314 18.2913362 
1709.0000000 18.1411129 18.0949177 
1710.0000000 17.9446943 17.8984991 
1711.0000000 17.7482758 17.7020806 
1712.0000000 17.5518572 17.5056620 
1713.0000000 17.3554387 17.3092435 
1714.0000000 17.1590201 17.1128249 
1715.0000000 16.9626016 16.9164064 
1716.0000000 16.7661830 16.7199878 
1717.0000000 16.5697645 16.5235693 
1718.0000000 16.3733459 16.3271507 
1719.0000000 16.1769274 16.1307322 
1720.0000000 15.9805088 15.9343136 
1721.0000000 15.7840902 15.7378951 
1722.0000000 15.5876717 15.5414765 
1723.0000000 15.3912531 15.3450580 
1724.0000000 15.1948346 15.1486394 
1725.0000000 14.9984160 14.9522209 
1726.0000000 14.8019975 14.7558023 
1727.0000000 14.6055789 14.5593838 
1728.0000000 14.4091604 14.3629652 
1729.0000000 14.2127418 14.1665467 
1730.0000000 14.0163233 13.9701281 
1731.0000000 13.8199047 13.7737095 
1732.0000000 13.6234862 13.5772910 
1733.0000000 13.4270676 13.3808724 
1734.0000000 13.2306491 13.1844539 
1735.0000000 13.0342305 12.9880353 
1736.0000000 12.8378120 12.7916168 
1737.0000000 12.6413934 12.5951982 
1738.0000000 12.4449749 12.3987797 
1739.0000000 12.2485563 12.2023611 
1740.0000000 12.0521378 12.0059426 
1741.0000000 11.8557192 11.8095240 
1742.0000000 11.6593007 11.6131055 
1743.0000000 11.4628821 11.4166869 
1744.0000000 11.2664636 11.2202684 
1745.0000000 11.0700450 11.0238498 
1746.0000000 10.8736265 10.8274313 
1747.0000000 10.6772079 10.6310127 
1748.0000000 10.4807894 10.4345942 
1749.0000000 10.2843708 10.2381756 
1750.0000000 10.0879523 10.0417571 
1751.0000000 9.8915337 9.8453385 
1752.0000000 9.6951152 9.6489200 
1753.0000000 9.4986966 9.4525014 
1754.0000000 9.3022781 9.2560829 
1755.0000000 9.1058595 9.0596643 
1756.0000000 8.9094410 8.8632458 
1757.0000000 8.7130224 8.6668272 
1758.0000000 8.5166039 8.4704087 
1759.0000000 8.3201853 8.2739901 
1760.0000000 8.1237668 8.0775716 
1761.0000000 7.9273482 7.8811530 
1762.0000000 7.7309297 7.6847345 
1763.0000000 7.5345111 7.4883159 
1764.0000000 7.3380926 7.2918974 
1765.0000000 7.1416740 7.0954788 
1766.0000000 6.9452555 6.8990603 
1767.0000000 6.7488369 6.7026417 
1768.0000000 6.5524184 6.5062232 
1769.0000000 6.3559998 6.3098046 
1770.0000000 6.1595813 6.1133861 
1771.0000000 5.9631627 5.9169675 
1772.0000000 5.7667442 5.7205490 
1773.0000000 5.5703256 5.5241304 
1774.0000000 5.3739071 5.3277119 
1775.0000000 5.1774885 5.1312933 
1776.0000000 4.9810700 4.9348748 
1777.0000000 4.7846514 4.7384562 
1778.0000000 4.5882329 4.5420377 
1779.0000000 4.3918143 4.3456191 
1780.0000000 4.1953958 4.1492006 
1781.0000000 3.9989772 3.9527820 
1782.0000000 3.8025587 3.7563635 
1783.0000000 3.6061401 3.5599449 
1784.0000000 3.4097216 3.3635264 
1785.0000000 3.2133030 3.1671078 
1786.0000000 3.0168845 2.9706893 
1787.0000000 2.8204659 2.7742707 
1788.0000000 2.6240474 2.5778522 
1789.0000000 2.4276288 2.3814336 
1790.0000000 2.2312103 2.1850151 
1791.0000000 2.0347917 1.9885965 
1792.0000000 1.8383732 1.7921780 
1793.0000000 1.6419546 1.5957594 
1794.0000000 1.4455361 1.3993409 
1795.0000000 1.2491175 1.2029223 
1796.0000000 1.0526990 1.0065038 
1797.0000000 0.8562804 0.8100852 
1798.0000000 0.6598619 0.6136667 
1799.0000000 0.4634433 0.4172481 
1800.0000000 0.2670248 0.2208296 

