1.0000000 353.5013738 353.4780544 
2.0000000 353.3049553 353.2816358 
3.0000000 353.1085367 353.0852173 
4.0000000 352.9121182 352.8887987 
5.0000000 352.7156996 352.6923802 
6.0000000 352.5192811 352.4959616 
7.0000000 352.3228625 352.2995431 
8.0000000 352.1264440 352.1031245 
9.0000000 351.9300254 351.9067060 
10.0000000 351.7336069 351.7102874 
11.0000000 351.5371883 351.5138689 
12.0000000 351.3407698 351.3174503 
13.0000000 351.1443512 351.1210318 
14.0000000 350.9479327 350.9246132 
15.0000000 350.7515141 350.7281947 
16.0000000 350.5550956 350.5317761 
17.0000000 350.3586770 350.3353576 
18.0000000 350.1622585 350.1389390 
19.0000000 349.9658399 349.9425205 
20.0000000 349.7694214 349.7461019 
21.0000000 349.5730028 349.5496834 
22.0000000 349.3765843 349.3532648 
23.0000000 349.1801657 349.1568463 
24.0000000 348.9837472 348.9604277 
25.0000000 348.7873286 348.7640092 
26.0000000 348.5909101 348.5675906 
27.0000000 348.3944915 348.3711721 
28.0000000 348.1980730 348.1747535 
29.0000000 348.0016544 347.9783350 
30.0000000 347.8052359 347.7819164 
31.0000000 347.6088173 347.5854979 
32.0000000 347.4123988 347.3890793 
33.0000000 347.2159802 347.1926608 
34.0000000 347.0195617 346.9962422 
35.0000000 346.8231431 346.7998237 
36.0000000 346.6267246 346.6034051 
37.0000000 346.4303060 346.4069866 
38.0000000 346.2338875 346.2105680 
39.0000000 346.0374689 346.0141495 
40.0000000 345.8410504 345.8177309 
41.0000000 345.6446318 345.6213124 
42.0000000 345.4482133 345.4248938 
43.0000000 345.2517947 345.2284753 
44.0000000 345.0553762 345.0320567 
45.0000000 344.8589576 344.8356382 
46.0000000 344.6625391 344.6392196 
47.0000000 344.4661205 344.4428011 
48.0000000 344.2697020 344.2463825 
49.0000000 344.0732834 344.0499640 
50.0000000 343.8768649 343.8535454 
51.0000000 343.6804463 343.6571269 
52.0000000 343.4840278 343.4607083 
53.0000000 343.2876092 343.2642898 
54.0000000 343.0911907 343.0678712 
55.0000000 342.8947721 342.8714527 
56.0000000 342.6983536 342.6750341 
57.0000000 342.5019350 342.4786156 
58.0000000 342.3055165 342.2821970 
59.0000000 342.1090979 342.0857785 
60.0000000 341.9126794 341.8893599 
61.0000000 341.7162608 341.6929414 
62.0000000 341.5198423 341.4965228 
63.0000000 341.3234237 341.3001043 
64.0000000 341.1270052 341.1036857 
65.0000000 340.9305866 340.9072672 
66.0000000 340.7341681 340.7108486 
67.0000000 340.5377495 340.5144301 
68.0000000 340.3413310 340.3180115 
69.0000000 340.1449124 340.1215930 
70.0000000 339.9484939 339.9251744 
71.0000000 339.7520753 339.7287559 
72.0000000 339.5556568 339.5323373 
73.0000000 339.3592382 339.3359188 
74.0000000 339.1628196 339.1395002 
75.0000000 338.9664011 338.9430817 
76.0000000 338.7699825 338.7466631 
77.0000000 338.5735640 338.5502446 
78.0000000 338.3771454 338.3538260 
79.0000000 338.1807269 338.1574075 
80.0000000 337.9843083 337.9609889 
81.0000000 337.7878898 337.7645704 
82.0000000 337.5914712 337.5681518 
83.0000000 337.3950527 337.3717333 
84.0000000 337.1986341 337.1753147 
85.0000000 337.0022156 336.9788962 
86.0000000 336.8057970 336.7824776 
87.0000000 336.6093785 336.5860591 
88.0000000 336.4129599 336.3896405 
89.0000000 336.2165414 336.1932220 
90.0000000 336.0201228 335.9968034 
91.0000000 335.8237043 335.8003849 
92.0000000 335.6272857 335.6039663 
93.0000000 335.4308672 335.4075477 
94.0000000 335.2344486 335.2111292 
95.0000000 335.0380301 335.0147106 
96.0000000 334.8416115 334.8182921 
97.0000000 334.6451930 334.6218735 
98.0000000 334.4487744 334.4254550 
99.0000000 334.2523559 334.2290364 
100.0000000 334.0559373 334.0326179 
101.0000000 333.8595188 333.8361993 
102.0000000 333.6631002 333.6397808 
103.0000000 333.4666817 333.4433622 
104.0000000 333.2702631 333.2469437 
105.0000000 333.0738446 333.0505251 
106.0000000 332.8774260 332.8541066 
107.0000000 332.6810075 332.6576880 
108.0000000 332.4845889 332.4612695 
109.0000000 332.2881704 332.2648509 
110.0000000 332.0917518 332.0684324 
111.0000000 331.8953333 331.8720138 
112.0000000 331.6989147 331.6755953 
113.0000000 331.5024962 331.4791767 
114.0000000 331.3060776 331.2827582 
115.0000000 331.1096591 331.0863396 
116.0000000 330.9132405 330.8899211 
117.0000000 330.7168220 330.6935025 
118.0000000 330.5204034 330.4970840 
119.0000000 330.3239849 330.3006654 
120.0000000 330.1275663 330.1042469 
121.0000000 329.9311478 329.9078283 
122.0000000 329.7347292 329.7114098 
123.0000000 329.5383107 329.5149912 
124.0000000 329.3418921 329.3185727 
125.0000000 329.1454736 329.1221541 
126.0000000 328.9490550 328.9257356 
127.0000000 328.7526365 328.7293170 
128.0000000 328.5562179 328.5328985 
129.0000000 328.3597994 328.3364799 
130.0000000 328.1633808 328.1400614 
131.0000000 327.9669623 327.9436428 
132.0000000 327.7705437 327.7472243 
133.0000000 327.5741252 327.5508057 
134.0000000 327.3777066 327.3543872 
135.0000000 327.1812881 327.1579686 
136.0000000 326.9848695 326.9615501 
137.0000000 326.7884510 326.7651315 
138.0000000 326.5920324 326.5687130 
139.0000000 326.3956139 326.3722944 
140.0000000 326.1991953 326.1758759 
141.0000000 326.0027768 325.9794573 
142.0000000 325.8063582 325.7830388 
143.0000000 325.6099397 325.5866202 
144.0000000 325.4135211 325.3902017 
145.0000000 325.2171026 325.1937831 
146.0000000 325.0206840 324.9973646 
147.0000000 324.8242655 324.8009460 
148.0000000 324.6278469 324.6045275 
149.0000000 324.4314284 324.4081089 
150.0000000 324.2350098 324.2116904 
151.0000000 324.0385913 324.0152718 
152.0000000 323.8421727 323.8188533 
153.0000000 323.6457542 323.6224347 
154.0000000 323.4493356 323.4260162 
155.0000000 323.2529171 323.2295976 
156.0000000 323.0564985 323.0331791 
157.0000000 322.8600800 322.8367605 
158.0000000 322.6636614 322.6403420 
159.0000000 322.4672429 322.4439234 
160.0000000 322.2708243 322.2475049 
161.0000000 322.0744058 322.0510863 
162.0000000 321.8779872 321.8546678 
163.0000000 321.6815687 321.6582492 
164.0000000 321.4851501 321.4618307 
165.0000000 321.2887316 321.2654121 
166.0000000 321.0923130 321.0689936 
167.0000000 320.8958945 320.8725750 
168.0000000 320.6994759 320.6761565 
169.0000000 320.5030574 320.4797379 
170.0000000 320.3066388 320.2833194 
171.0000000 320.1102203 320.0869008 
172.0000000 319.9138017 319.8904823 
173.0000000 319.7173832 319.6940637 
174.0000000 319.5209646 319.4976452 
175.0000000 319.3245461 319.3012266 
176.0000000 319.1281275 319.1048081 
177.0000000 318.9317090 318.9083895 
178.0000000 318.7352904 318.7119710 
179.0000000 318.5388719 318.5155524 
180.0000000 318.3424533 318.3191339 
181.0000000 318.1460348 318.1227153 
182.0000000 317.9496162 317.9262968 
183.0000000 317.7531977 317.7298782 
184.0000000 317.5567791 317.5334597 
185.0000000 317.3603606 317.3370411 
186.0000000 317.1639420 317.1406226 
187.0000000 316.9675235 316.9442040 
188.0000000 316.7711049 316.7477855 
189.0000000 316.5746864 316.5513669 
190.0000000 316.3782678 316.3549484 
191.0000000 316.1818493 316.1585298 
192.0000000 315.9854307 315.9621113 
193.0000000 315.7890122 315.7656927 
194.0000000 315.5925936 315.5692742 
195.0000000 315.3961751 315.3728556 
196.0000000 315.1997565 315.1764371 
197.0000000 315.0033380 314.9800185 
198.0000000 314.8069194 314.7836000 
199.0000000 314.6105009 314.5871814 
200.0000000 314.4140823 314.3907629 
201.0000000 314.2176638 314.1943443 
202.0000000 314.0212452 313.9979258 
203.0000000 313.8248267 313.8015072 
204.0000000 313.6284081 313.6050887 
205.0000000 313.4319896 313.4086701 
206.0000000 313.2355710 313.2122516 
207.0000000 313.0391525 313.0158330 
208.0000000 312.8427339 312.8194145 
209.0000000 312.6463154 312.6229959 
210.0000000 312.4498968 312.4265774 
211.0000000 312.2534783 312.2301588 
212.0000000 312.0570597 312.0337403 
213.0000000 311.8606412 311.8373217 
214.0000000 311.6642226 311.6409032 
215.0000000 311.4678041 311.4444846 
216.0000000 311.2713855 311.2480661 
217.0000000 311.0749670 311.0516475 
218.0000000 310.8785484 310.8552290 
219.0000000 310.6821299 310.6588104 
220.0000000 310.4857113 310.4623919 
221.0000000 310.2892928 310.2659733 
222.0000000 310.0928742 310.0695548 
223.0000000 309.8964557 309.8731362 
224.0000000 309.7000371 309.6767177 
225.0000000 309.5036186 309.4802991 
226.0000000 309.3072000 309.2838806 
227.0000000 309.1107814 309.0874620 
228.0000000 308.9143629 308.8910435 
229.0000000 308.7179443 308.6946249 
230.0000000 308.5215258 308.4982064 
231.0000000 308.3251072 308.3017878 
232.0000000 308.1286887 308.1053693 
233.0000000 307.9322701 307.9089507 
234.0000000 307.7358516 307.7125322 
235.0000000 307.5394330 307.5161136 
236.0000000 307.3430145 307.3196951 
237.0000000 307.1465959 307.1232765 
238.0000000 306.9501774 306.9268580 
239.0000000 306.7537588 306.7304394 
240.0000000 306.5573403 306.5340209 
241.0000000 306.3609217 306.3376023 
242.0000000 306.1645032 306.1411838 
243.0000000 305.9680846 305.9447652 
244.0000000 305.7716661 305.7483467 
245.0000000 305.5752475 305.5519281 
246.0000000 305.3788290 305.3555095 
247.0000000 305.1824104 305.1590910 
248.0000000 304.9859919 304.9626724 
249.0000000 304.7895733 304.7662539 
250.0000000 304.5931548 304.5698353 
251.0000000 304.3967362 304.3734168 
252.0000000 304.2003177 304.1769982 
253.0000000 304.0038991 303.9805797 
254.0000000 303.8074806 303.7841611 
255.0000000 303.6110620 303.5877426 
256.0000000 303.4146435 303.3913240 
257.0000000 303.2182249 303.1949055 
258.0000000 303.0218064 302.9984869 
259.0000000 302.8253878 302.8020684 
260.0000000 302.6289693 302.6056498 
261.0000000 302.4325507 302.4092313 
262.0000000 302.2361322 302.2128127 
263.0000000 302.0397136 302.0163942 
264.0000000 301.8432951 301.8199756 
265.0000000 301.6468765 301.6235571 
266.0000000 301.4504580 301.4271385 
267.0000000 301.2540394 301.2307200 
268.0000000 301.0576209 301.0343014 
269.0000000 300.8612023 300.8378829 
270.0000000 300.6647838 300.6414643 
271.0000000 300.4683652 300.4450458 
272.0000000 300.2719467 300.2486272 
273.0000000 300.0755281 300.0522087 
274.0000000 299.8791096 299.8557901 
275.0000000 299.6826910 299.6593716 
276.0000000 299.4862725 299.4629530 
277.0000000 299.2898539 299.2665345 
278.0000000 299.0934354 299.0701159 
279.0000000 298.8970168 298.8736974 
280.0000000 298.7005983 298.6772788 
281.0000000 298.5041797 298.4808603 
282.0000000 298.3077612 298.2844417 
283.0000000 298.1113426 298.0880232 
284.0000000 297.9149241 297.8916046 
285.0000000 297.7185055 297.6951861 
286.0000000 297.5220870 297.4987675 
287.0000000 297.3256684 297.3023490 
288.0000000 297.1292499 297.1059304 
289.0000000 296.9328313 296.9095119 
290.0000000 296.7364128 296.7130933 
291.0000000 296.5399942 296.5166748 
292.0000000 296.3435757 296.3202562 
293.0000000 296.1471571 296.1238377 
294.0000000 295.9507386 295.9274191 
295.0000000 295.7543200 295.7310006 
296.0000000 295.5579015 295.5345820 
297.0000000 295.3614829 295.3381635 
298.0000000 295.1650644 295.1417449 
299.0000000 294.9686458 294.9453264 
300.0000000 294.7722273 294.7489078 
301.0000000 294.5758087 294.5524893 
302.0000000 294.3793902 294.3560707 
303.0000000 294.1829716 294.1596522 
304.0000000 293.9865531 293.9632336 
305.0000000 293.7901345 293.7668151 
306.0000000 293.5937160 293.5703965 
307.0000000 293.3972974 293.3739780 
308.0000000 293.2008789 293.1775594 
309.0000000 293.0044603 292.9811409 
310.0000000 292.8080418 292.7847223 
311.0000000 292.6116232 292.5883038 
312.0000000 292.4152047 292.3918852 
313.0000000 292.2187861 292.1954667 
314.0000000 292.0223676 291.9990481 
315.0000000 291.8259490 291.8026296 
316.0000000 291.6295305 291.6062110 
317.0000000 291.4331119 291.4097925 
318.0000000 291.2366934 291.2133739 
319.0000000 291.0402748 291.0169554 
320.0000000 290.8438563 290.8205368 
321.0000000 290.6474377 290.6241183 
322.0000000 290.4510192 290.4276997 
323.0000000 290.2546006 290.2312812 
324.0000000 290.0581821 290.0348626 
325.0000000 289.8617635 289.8384441 
326.0000000 289.6653450 289.6420255 
327.0000000 289.4689264 289.4456070 
328.0000000 289.2725079 289.2491884 
329.0000000 289.0760893 289.0527699 
330.0000000 288.8796708 288.8563513 
331.0000000 288.6832522 288.6599328 
332.0000000 288.4868337 288.4635142 
333.0000000 288.2904151 288.2670957 
334.0000000 288.0939966 288.0706771 
335.0000000 287.8975780 287.8742586 
336.0000000 287.7011595 287.6778400 
337.0000000 287.5047409 287.4814215 
338.0000000 287.3083224 287.2850029 
339.0000000 287.1119038 287.0885844 
340.0000000 286.9154853 286.8921658 
341.0000000 286.7190667 286.6957473 
342.0000000 286.5226482 286.4993287 
343.0000000 286.3262296 286.3029102 
344.0000000 286.1298111 286.1064916 
345.0000000 285.9333925 285.9100731 
346.0000000 285.7369740 285.7136545 
347.0000000 285.5405554 285.5172360 
348.0000000 285.3441369 285.3208174 
349.0000000 285.1477183 285.1243989 
350.0000000 284.9512998 284.9279803 
351.0000000 284.7548812 284.7315618 
352.0000000 284.5584627 284.5351432 
353.0000000 284.3620441 284.3387247 
354.0000000 284.1656256 284.1423061 
355.0000000 283.9692070 283.9458876 
356.0000000 283.7727885 283.7494690 
357.0000000 283.5763699 283.5530505 
358.0000000 283.3799514 283.3566319 
359.0000000 283.1835328 283.1602134 
360.0000000 282.9871143 282.9637948 
361.0000000 282.7906957 282.7673763 
362.0000000 282.5942772 282.5709577 
363.0000000 282.3978586 282.3745392 
364.0000000 282.2014401 282.1781206 
365.0000000 282.0050215 281.9817021 
366.0000000 281.8086030 281.7852835 
367.0000000 281.6121844 281.5888650 
368.0000000 281.4157659 281.3924464 
369.0000000 281.2193473 281.1960279 
370.0000000 281.0229288 280.9996093 
371.0000000 280.8265102 280.8031908 
372.0000000 280.6300917 280.6067722 
373.0000000 280.4336731 280.4103537 
374.0000000 280.2372546 280.2139351 
375.0000000 280.0408360 280.0175166 
376.0000000 279.8444175 279.8210980 
377.0000000 279.6479989 279.6246795 
378.0000000 279.4515803 279.4282609 
379.0000000 279.2551618 279.2318424 
380.0000000 279.0587432 279.0354238 
381.0000000 278.8623247 278.8390053 
382.0000000 278.6659061 278.6425867 
383.0000000 278.4694876 278.4461682 
384.0000000 278.2730690 278.2497496 
385.0000000 278.0766505 278.0533311 
386.0000000 277.8802319 277.8569125 
387.0000000 277.6838134 277.6604940 
388.0000000 277.4873948 277.4640754 
389.0000000 277.2909763 277.2676569 
390.0000000 277.0945577 277.0712383 
391.0000000 276.8981392 276.8748198 
392.0000000 276.7017206 276.6784012 
393.0000000 276.5053021 276.4819827 
394.0000000 276.3088835 276.2855641 
395.0000000 276.1124650 276.0891456 
396.0000000 275.9160464 275.8927270 
397.0000000 275.7196279 275.6963084 
398.0000000 275.5232093 275.4998899 
399.0000000 275.3267908 275.3034713 
400.0000000 275.1303722 275.1070528 
401.0000000 274.9339537 274.9106342 
402.0000000 274.7375351 274.7142157 
403.0000000 274.5411166 274.5177971 
404.0000000 274.3446980 274.3213786 
405.0000000 274.1482795 274.1249600 
406.0000000 273.9518609 273.9285415 
407.0000000 273.7554424 273.7321229 
408.0000000 273.5590238 273.5357044 
409.0000000 273.3626053 273.3392858 
410.0000000 273.1661867 273.1428673 
411.0000000 272.9697682 272.9464487 
412.0000000 272.7733496 272.7500302 
413.0000000 272.5769311 272.5536116 
414.0000000 272.3805125 272.3571931 
415.0000000 272.1840940 272.1607745 
416.0000000 271.9876754 271.9643560 
417.0000000 271.7912569 271.7679374 
418.0000000 271.5948383 271.5715189 
419.0000000 271.3984198 271.3751003 
420.0000000 271.2020012 271.1786818 
421.0000000 271.0055827 270.9822632 
422.0000000 270.8091641 270.7858447 
423.0000000 270.6127456 270.5894261 
424.0000000 270.4163270 270.3930076 
425.0000000 270.2199085 270.1965890 
426.0000000 270.0234899 270.0001705 
427.0000000 269.8270714 269.8037519 
428.0000000 269.6306528 269.6073334 
429.0000000 269.4342343 269.4109148 
430.0000000 269.2378157 269.2144963 
431.0000000 269.0413972 269.0180777 
432.0000000 268.8449786 268.8216592 
433.0000000 268.6485601 268.6252406 
434.0000000 268.4521415 268.4288221 
435.0000000 268.2557230 268.2324035 
436.0000000 268.0593044 268.0359850 
437.0000000 267.8628859 267.8395664 
438.0000000 267.6664673 267.6431479 
439.0000000 267.4700488 267.4467293 
440.0000000 267.2736302 267.2503108 
441.0000000 267.0772117 267.0538922 
442.0000000 266.8807931 266.8574737 
443.0000000 266.6843746 266.6610551 
444.0000000 266.4879560 266.4646366 
445.0000000 266.2915375 266.2682180 
446.0000000 266.0951189 266.0717995 
447.0000000 265.8987004 265.8753809 
448.0000000 265.7022818 265.6789624 
449.0000000 265.5058633 265.4825438 
450.0000000 265.3094447 265.2861253 
451.0000000 265.1130262 265.0897067 
452.0000000 264.9166076 264.8932882 
453.0000000 264.7201891 264.6968696 
454.0000000 264.5237705 264.5004511 
455.0000000 264.3273520 264.3040325 
456.0000000 264.1309334 264.1076140 
457.0000000 263.9345149 263.9111954 
458.0000000 263.7380963 263.7147769 
459.0000000 263.5416778 263.5183583 
460.0000000 263.3452592 263.3219398 
461.0000000 263.1488407 263.1255212 
462.0000000 262.9524221 262.9291027 
463.0000000 262.7560036 262.7326841 
464.0000000 262.5595850 262.5362656 
465.0000000 262.3631665 262.3398470 
466.0000000 262.1667479 262.1434285 
467.0000000 261.9703294 261.9470099 
468.0000000 261.7739108 261.7505914 
469.0000000 261.5774923 261.5541728 
470.0000000 261.3810737 261.3577543 
471.0000000 261.1846552 261.1613357 
472.0000000 260.9882366 260.9649172 
473.0000000 260.7918181 260.7684986 
474.0000000 260.5953995 260.5720801 
475.0000000 260.3989810 260.3756615 
476.0000000 260.2025624 260.1792430 
477.0000000 260.0061439 259.9828244 
478.0000000 259.8097253 259.7864059 
479.0000000 259.6133068 259.5899873 
480.0000000 259.4168882 259.3935688 
481.0000000 259.2204697 259.1971502 
482.0000000 259.0240511 259.0007317 
483.0000000 258.8276326 258.8043131 
484.0000000 258.6312140 258.6078946 
485.0000000 258.4347955 258.4114760 
486.0000000 258.2383769 258.2150575 
487.0000000 258.0419584 258.0186389 
488.0000000 257.8455398 257.8222204 
489.0000000 257.6491213 257.6258018 
490.0000000 257.4527027 257.4293833 
491.0000000 257.2562842 257.2329647 
492.0000000 257.0598656 257.0365462 
493.0000000 256.8634471 256.8401276 
494.0000000 256.6670285 256.6437091 
495.0000000 256.4706100 256.4472905 
496.0000000 256.2741914 256.2508720 
497.0000000 256.0777729 256.0544534 
498.0000000 255.8813543 255.8580349 
499.0000000 255.6849358 255.6616163 
500.0000000 255.4885172 255.4651978 
501.0000000 255.2920987 255.2687792 
502.0000000 255.0956801 255.0723607 
503.0000000 254.8992616 254.8759421 
504.0000000 254.7028430 254.6795236 
505.0000000 254.5064245 254.4831050 
506.0000000 254.3100059 254.2866865 
507.0000000 254.1135874 254.0902679 
508.0000000 253.9171688 253.8938494 
509.0000000 253.7207503 253.6974308 
510.0000000 253.5243317 253.5010123 
511.0000000 253.3279132 253.3045937 
512.0000000 253.1314946 253.1081752 
513.0000000 252.9350761 252.9117566 
514.0000000 252.7386575 252.7153381 
515.0000000 252.5422390 252.5189195 
516.0000000 252.3458204 252.3225010 
517.0000000 252.1494019 252.1260824 
518.0000000 251.9529833 251.9296639 
519.0000000 251.7565648 251.7332453 
520.0000000 251.5601462 251.5368268 
521.0000000 251.3637277 251.3404082 
522.0000000 251.1673091 251.1439897 
523.0000000 250.9708906 250.9475711 
524.0000000 250.7744720 250.7511526 
525.0000000 250.5780535 250.5547340 
526.0000000 250.3816349 250.3583155 
527.0000000 250.1852164 250.1618969 
528.0000000 249.9887978 249.9654784 
529.0000000 249.7923792 249.7690598 
530.0000000 249.5959607 249.5726413 
531.0000000 249.3995421 249.3762227 
532.0000000 249.2031236 249.1798042 
533.0000000 249.0067050 248.9833856 
534.0000000 248.8102865 248.7869671 
535.0000000 248.6138679 248.5905485 
536.0000000 248.4174494 248.3941300 
537.0000000 248.2210308 248.1977114 
538.0000000 248.0246123 248.0012929 
539.0000000 247.8281937 247.8048743 
540.0000000 247.6317752 247.6084558 
541.0000000 247.4353566 247.4120372 
542.0000000 247.2389381 247.2156187 
543.0000000 247.0425195 247.0192001 
544.0000000 246.8461010 246.8227816 
545.0000000 246.6496824 246.6263630 
546.0000000 246.4532639 246.4299445 
547.0000000 246.2568453 246.2335259 
548.0000000 246.0604268 246.0371073 
549.0000000 245.8640082 245.8406888 
550.0000000 245.6675897 245.6442702 
551.0000000 245.4711711 245.4478517 
552.0000000 245.2747526 245.2514331 
553.0000000 245.0783340 245.0550146 
554.0000000 244.8819155 244.8585960 
555.0000000 244.6854969 244.6621775 
556.0000000 244.4890784 244.4657589 
557.0000000 244.2926598 244.2693404 
558.0000000 244.0962413 244.0729218 
559.0000000 243.8998227 243.8765033 
560.0000000 243.7034042 243.6800847 
561.0000000 243.5069856 243.4836662 
562.0000000 243.3105671 243.2872476 
563.0000000 243.1141485 243.0908291 
564.0000000 242.9177300 242.8944105 
565.0000000 242.7213114 242.6979920 
566.0000000 242.5248929 242.5015734 
567.0000000 242.3284743 242.3051549 
568.0000000 242.1320558 242.1087363 
569.0000000 241.9356372 241.9123178 
570.0000000 241.7392187 241.7158992 
571.0000000 241.5428001 241.5194807 
572.0000000 241.3463816 241.3230621 
573.0000000 241.1499630 241.1266436 
574.0000000 240.9535445 240.9302250 
575.0000000 240.7571259 240.7338065 
576.0000000 240.5607074 240.5373879 
577.0000000 240.3642888 240.3409694 
578.0000000 240.1678703 240.1445508 
579.0000000 239.9714517 239.9481323 
580.0000000 239.7750332 239.7517137 
581.0000000 239.5786146 239.5552952 
582.0000000 239.3821961 239.3588766 
583.0000000 239.1857775 239.1624581 
584.0000000 238.9893590 238.9660395 
585.0000000 238.7929404 238.7696210 
586.0000000 238.5965219 238.5732024 
587.0000000 238.4001033 238.3767839 
588.0000000 238.2036848 238.1803653 
589.0000000 238.0072662 237.9839468 
590.0000000 237.8108477 237.7875282 
591.0000000 237.6144291 237.5911097 
592.0000000 237.4180106 237.3946911 
593.0000000 237.2215920 237.1982726 
594.0000000 237.0251735 237.0018540 
595.0000000 236.8287549 236.8054355 
596.0000000 236.6323364 236.6090169 
597.0000000 236.4359178 236.4125984 
598.0000000 236.2394993 236.2161798 
599.0000000 236.0430807 236.0197613 
600.0000000 235.8466622 235.8233427 
601.0000000 235.6502436 235.6269242 
602.0000000 235.4538251 235.4305056 
603.0000000 235.2574065 235.2340871 
604.0000000 235.0609880 235.0376685 
605.0000000 234.8645694 234.8412500 
606.0000000 234.6681509 234.6448314 
607.0000000 234.4717323 234.4484129 
608.0000000 234.2753138 234.2519943 
609.0000000 234.0788952 234.0555758 
610.0000000 233.8824767 233.8591572 
611.0000000 233.6860581 233.6627387 
612.0000000 233.4896396 233.4663201 
613.0000000 233.2932210 233.2699016 
614.0000000 233.0968025 233.0734830 
615.0000000 232.9003839 232.8770645 
616.0000000 232.7039654 232.6806459 
617.0000000 232.5075468 232.4842274 
618.0000000 232.3111283 232.2878088 
619.0000000 232.1147097 232.0913903 
620.0000000 231.9182912 231.8949717 
621.0000000 231.7218726 231.6985532 
622.0000000 231.5254541 231.5021346 
623.0000000 231.3290355 231.3057161 
624.0000000 231.1326170 231.1092975 
625.0000000 230.9361984 230.9128790 
626.0000000 230.7397799 230.7164604 
627.0000000 230.5433613 230.5200419 
628.0000000 230.3469428 230.3236233 
629.0000000 230.1505242 230.1272048 
630.0000000 229.9541057 229.9307862 
631.0000000 229.7576871 229.7343677 
632.0000000 229.5612686 229.5379491 
633.0000000 229.3648500 229.3415306 
634.0000000 229.1684315 229.1451120 
635.0000000 228.9720129 228.9486935 
636.0000000 228.7755944 228.7522749 
637.0000000 228.5791758 228.5558564 
638.0000000 228.3827573 228.3594378 
639.0000000 228.1863387 228.1630193 
640.0000000 227.9899202 227.9666007 
641.0000000 227.7935016 227.7701822 
642.0000000 227.5970831 227.5737636 
643.0000000 227.4006645 227.3773451 
644.0000000 227.2042460 227.1809265 
645.0000000 227.0078274 226.9845080 
646.0000000 226.8114089 226.7880894 
647.0000000 226.6149903 226.5916709 
648.0000000 226.4185718 226.3952523 
649.0000000 226.2221532 226.1988338 
650.0000000 226.0257347 226.0024152 
651.0000000 225.8293161 225.8059967 
652.0000000 225.6328976 225.6095781 
653.0000000 225.4364790 225.4131596 
654.0000000 225.2400605 225.2167410 
655.0000000 225.0436419 225.0203225 
656.0000000 224.8472234 224.8239039 
657.0000000 224.6508048 224.6274854 
658.0000000 224.4543863 224.4310668 
659.0000000 224.2579677 224.2346483 
660.0000000 224.0615492 224.0382297 
661.0000000 223.8651306 223.8418112 
662.0000000 223.6687121 223.6453926 
663.0000000 223.4722935 223.4489741 
664.0000000 223.2758750 223.2525555 
665.0000000 223.0794564 223.0561370 
666.0000000 222.8830379 222.8597184 
667.0000000 222.6866193 222.6632999 
668.0000000 222.4902008 222.4668813 
669.0000000 222.2937822 222.2704628 
670.0000000 222.0973637 222.0740442 
671.0000000 221.9009451 221.8776257 
672.0000000 221.7045266 221.6812071 
673.0000000 221.5081080 221.4847886 
674.0000000 221.3116895 221.2883700 
675.0000000 221.1152709 221.0919515 
676.0000000 220.9188524 220.8955329 
677.0000000 220.7224338 220.6991144 
678.0000000 220.5260153 220.5026958 
679.0000000 220.3295967 220.3062773 
680.0000000 220.1331782 220.1098587 
681.0000000 219.9367596 219.9134402 
682.0000000 219.7403410 219.7170216 
683.0000000 219.5439225 219.5206031 
684.0000000 219.3475039 219.3241845 
685.0000000 219.1510854 219.1277660 
686.0000000 218.9546668 218.9313474 
687.0000000 218.7582483 218.7349289 
688.0000000 218.5618297 218.5385103 
689.0000000 218.3654112 218.3420918 
690.0000000 218.1689926 218.1456732 
691.0000000 217.9725741 217.9492547 
692.0000000 217.7761555 217.7528361 
693.0000000 217.5797370 217.5564176 
694.0000000 217.3833184 217.3599990 
695.0000000 217.1868999 217.1635805 
696.0000000 216.9904813 216.9671619 
697.0000000 216.7940628 216.7707434 
698.0000000 216.5976442 216.5743248 
699.0000000 216.4012257 216.3779063 
700.0000000 216.2048071 216.1814877 
701.0000000 216.0083886 215.9850691 
702.0000000 215.8119700 215.7886506 
703.0000000 215.6155515 215.5922320 
704.0000000 215.4191329 215.3958135 
705.0000000 215.2227144 215.1993949 
706.0000000 215.0262958 215.0029764 
707.0000000 214.8298773 214.8065578 
708.0000000 214.6334587 214.6101393 
709.0000000 214.4370402 214.4137207 
710.0000000 214.2406216 214.2173022 
711.0000000 214.0442031 214.0208836 
712.0000000 213.8477845 213.8244651 
713.0000000 213.6513660 213.6280465 
714.0000000 213.4549474 213.4316280 
715.0000000 213.2585289 213.2352094 
716.0000000 213.0621103 213.0387909 
717.0000000 212.8656918 212.8423723 
718.0000000 212.6692732 212.6459538 
719.0000000 212.4728547 212.4495352 
720.0000000 212.2764361 212.2531167 
721.0000000 212.0800176 212.0566981 
722.0000000 211.8835990 211.8602796 
723.0000000 211.6871805 211.6638610 
724.0000000 211.4907619 211.4674425 
725.0000000 211.2943434 211.2710239 
726.0000000 211.0979248 211.0746054 
727.0000000 210.9015063 210.8781868 
728.0000000 210.7050877 210.6817683 
729.0000000 210.5086692 210.4853497 
730.0000000 210.3122506 210.2889312 
731.0000000 210.1158321 210.0925126 
732.0000000 209.9194135 209.8960941 
733.0000000 209.7229950 209.6996755 
734.0000000 209.5265764 209.5032570 
735.0000000 209.3301579 209.3068384 
736.0000000 209.1337393 209.1104199 
737.0000000 208.9373208 208.9140013 
738.0000000 208.7409022 208.7175828 
739.0000000 208.5444837 208.5211642 
740.0000000 208.3480651 208.3247457 
741.0000000 208.1516466 208.1283271 
742.0000000 207.9552280 207.9319086 
743.0000000 207.7588095 207.7354900 
744.0000000 207.5623909 207.5390715 
745.0000000 207.3659724 207.3426529 
746.0000000 207.1695538 207.1462344 
747.0000000 206.9731353 206.9498158 
748.0000000 206.7767167 206.7533973 
749.0000000 206.5802982 206.5569787 
750.0000000 206.3838796 206.3605602 
751.0000000 206.1874611 206.1641416 
752.0000000 205.9910425 205.9677231 
753.0000000 205.7946240 205.7713045 
754.0000000 205.5982054 205.5748860 
755.0000000 205.4017869 205.3784674 
756.0000000 205.2053683 205.1820489 
757.0000000 205.0089498 204.9856303 
758.0000000 204.8125312 204.7892118 
759.0000000 204.6161127 204.5927932 
760.0000000 204.4196941 204.3963747 
761.0000000 204.2232756 204.1999561 
762.0000000 204.0268570 204.0035376 
763.0000000 203.8304385 203.8071190 
764.0000000 203.6340199 203.6107005 
765.0000000 203.4376014 203.4142819 
766.0000000 203.2411828 203.2178634 
767.0000000 203.0447643 203.0214448 
768.0000000 202.8483457 202.8250263 
769.0000000 202.6519272 202.6286077 
770.0000000 202.4555086 202.4321892 
771.0000000 202.2590901 202.2357706 
772.0000000 202.0626715 202.0393521 
773.0000000 201.8662530 201.8429335 
774.0000000 201.6698344 201.6465150 
775.0000000 201.4734159 201.4500964 
776.0000000 201.2769973 201.2536779 
777.0000000 201.0805788 201.0572593 
778.0000000 200.8841602 200.8608408 
779.0000000 200.6877417 200.6644222 
780.0000000 200.4913231 200.4680037 
781.0000000 200.2949046 200.2715851 
782.0000000 200.0984860 200.0751666 
783.0000000 199.9020675 199.8787480 
784.0000000 199.7056489 199.6823295 
785.0000000 199.5092304 199.4859109 
786.0000000 199.3128118 199.2894924 
787.0000000 199.1163933 199.0930738 
788.0000000 198.9199747 198.8966553 
789.0000000 198.7235562 198.7002367 
790.0000000 198.5271376 198.5038182 
791.0000000 198.3307191 198.3073996 
792.0000000 198.1343005 198.1109811 
793.0000000 197.9378820 197.9145625 
794.0000000 197.7414634 197.7181440 
795.0000000 197.5450449 197.5217254 
796.0000000 197.3486263 197.3253069 
797.0000000 197.1522078 197.1288883 
798.0000000 196.9557892 196.9324698 
799.0000000 196.7593707 196.7360512 
800.0000000 196.5629521 196.5396327 
801.0000000 196.3665336 196.3432141 
802.0000000 196.1701150 196.1467956 
803.0000000 195.9736965 195.9503770 
804.0000000 195.7772779 195.7539585 
805.0000000 195.5808594 195.5575399 
806.0000000 195.3844408 195.3611214 
807.0000000 195.1880223 195.1647028 
808.0000000 194.9916037 194.9682843 
809.0000000 194.7951852 194.7718657 
810.0000000 194.5987666 194.5754472 
811.0000000 194.4023481 194.3790286 
812.0000000 194.2059295 194.1826101 
813.0000000 194.0095110 193.9861915 
814.0000000 193.8130924 193.7897730 
815.0000000 193.6166739 193.5933544 
816.0000000 193.4202553 193.3969359 
817.0000000 193.2238368 193.2005173 
818.0000000 193.0274182 193.0040988 
819.0000000 192.8309997 192.8076802 
820.0000000 192.6345811 192.6112617 
821.0000000 192.4381626 192.4148431 
822.0000000 192.2417440 192.2184246 
823.0000000 192.0453255 192.0220060 
824.0000000 191.8489069 191.8255875 
825.0000000 191.6524884 191.6291689 
826.0000000 191.4560698 191.4327504 
827.0000000 191.2596513 191.2363318 
828.0000000 191.0632327 191.0399133 
829.0000000 190.8668142 190.8434947 
830.0000000 190.6703956 190.6470762 
831.0000000 190.4739771 190.4506576 
832.0000000 190.2775585 190.2542391 
833.0000000 190.0811399 190.0578205 
834.0000000 189.8847214 189.8614020 
835.0000000 189.6883028 189.6649834 
836.0000000 189.4918843 189.4685649 
837.0000000 189.2954657 189.2721463 
838.0000000 189.0990472 189.0757278 
839.0000000 188.9026286 188.8793092 
840.0000000 188.7062101 188.6828907 
841.0000000 188.5097915 188.4864721 
842.0000000 188.3133730 188.2900536 
843.0000000 188.1169544 188.0936350 
844.0000000 187.9205359 187.8972165 
845.0000000 187.7241173 187.7007979 
846.0000000 187.5276988 187.5043794 
847.0000000 187.3312802 187.3079608 
848.0000000 187.1348617 187.1115423 
849.0000000 186.9384431 186.9151237 
850.0000000 186.7420246 186.7187052 
851.0000000 186.5456060 186.5222866 
852.0000000 186.3491875 186.3258680 
853.0000000 186.1527689 186.1294495 
854.0000000 185.9563504 185.9330309 
855.0000000 185.7599318 185.7366124 
856.0000000 185.5635133 185.5401938 
857.0000000 185.3670947 185.3437753 
858.0000000 185.1706762 185.1473567 
859.0000000 184.9742576 184.9509382 
860.0000000 184.7778391 184.7545196 
861.0000000 184.5814205 184.5581011 
862.0000000 184.3850020 184.3616825 
863.0000000 184.1885834 184.1652640 
864.0000000 183.9921649 183.9688454 
865.0000000 183.7957463 183.7724269 
866.0000000 183.5993278 183.5760083 
867.0000000 183.4029092 183.3795898 
868.0000000 183.2064907 183.1831712 
869.0000000 183.0100721 182.9867527 
870.0000000 182.8136536 182.7903341 
871.0000000 182.6172350 182.5939156 
872.0000000 182.4208165 182.3974970 
873.0000000 182.2243979 182.2010785 
874.0000000 182.0279794 182.0046599 
875.0000000 181.8315608 181.8082414 
876.0000000 181.6351423 181.6118228 
877.0000000 181.4387237 181.4154043 
878.0000000 181.2423052 181.2189857 
879.0000000 181.0458866 181.0225672 
880.0000000 180.8494681 180.8261486 
881.0000000 180.6530495 180.6297301 
882.0000000 180.4566310 180.4333115 
883.0000000 180.2602124 180.2368930 
884.0000000 180.0637939 180.0404744 
885.0000000 179.8673753 179.8440559 
886.0000000 179.6709568 179.6476373 
887.0000000 179.4745382 179.4512188 
888.0000000 179.2781197 179.2548002 
889.0000000 179.0817011 179.0583817 
890.0000000 178.8852826 178.8619631 
891.0000000 178.6888640 178.6655446 
892.0000000 178.4924455 178.4691260 
893.0000000 178.2960269 178.2727075 
894.0000000 178.0996084 178.0762889 
895.0000000 177.9031898 177.8798704 
896.0000000 177.7067713 177.6834518 
897.0000000 177.5103527 177.4870333 
898.0000000 177.3139342 177.2906147 
899.0000000 177.1175156 177.0941962 
900.0000000 176.9210971 176.8977776 
901.0000000 176.7246785 176.7013591 
902.0000000 176.5282600 176.5049405 
903.0000000 176.3318414 176.3085220 
904.0000000 176.1354229 176.1121034 
905.0000000 175.9390043 175.9156849 
906.0000000 175.7425858 175.7192663 
907.0000000 175.5461672 175.5228478 
908.0000000 175.3497487 175.3264292 
909.0000000 175.1533301 175.1300107 
910.0000000 174.9569116 174.9335921 
911.0000000 174.7604930 174.7371736 
912.0000000 174.5640745 174.5407550 
913.0000000 174.3676559 174.3443365 
914.0000000 174.1712374 174.1479179 
915.0000000 173.9748188 173.9514994 
916.0000000 173.7784003 173.7550808 
917.0000000 173.5819817 173.5586623 
918.0000000 173.3855632 173.3622437 
919.0000000 173.1891446 173.1658252 
920.0000000 172.9927261 172.9694066 
921.0000000 172.7963075 172.7729881 
922.0000000 172.5998890 172.5765695 
923.0000000 172.4034704 172.3801510 
924.0000000 172.2070519 172.1837324 
925.0000000 172.0106333 171.9873139 
926.0000000 171.8142148 171.7908953 
927.0000000 171.6177962 171.5944768 
928.0000000 171.4213777 171.3980582 
929.0000000 171.2249591 171.2016397 
930.0000000 171.0285406 171.0052211 
931.0000000 170.8321220 170.8088026 
932.0000000 170.6357035 170.6123840 
933.0000000 170.4392849 170.4159655 
934.0000000 170.2428664 170.2195469 
935.0000000 170.0464478 170.0231284 
936.0000000 169.8500293 169.8267098 
937.0000000 169.6536107 169.6302913 
938.0000000 169.4571922 169.4338727 
939.0000000 169.2607736 169.2374542 
940.0000000 169.0643551 169.0410356 
941.0000000 168.8679365 168.8446171 
942.0000000 168.6715180 168.6481985 
943.0000000 168.4750994 168.4517800 
944.0000000 168.2786809 168.2553614 
945.0000000 168.0822623 168.0589429 
946.0000000 167.8858438 167.8625243 
947.0000000 167.6894252 167.6661058 
948.0000000 167.4930067 167.4696872 
949.0000000 167.2965881 167.2732687 
950.0000000 167.1001696 167.0768501 
951.0000000 166.9037510 166.8804316 
952.0000000 166.7073325 166.6840130 
953.0000000 166.5109139 166.4875945 
954.0000000 166.3144954 166.2911759 
955.0000000 166.1180768 166.0947574 
956.0000000 165.9216583 165.8983388 
957.0000000 165.7252397 165.7019203 
958.0000000 165.5288212 165.5055017 
959.0000000 165.3324026 165.3090832 
960.0000000 165.1359841 165.1126646 
961.0000000 164.9395655 164.9162461 
962.0000000 164.7431470 164.7198275 
963.0000000 164.5467284 164.5234090 
964.0000000 164.3503099 164.3269904 
965.0000000 164.1538913 164.1305719 
966.0000000 163.9574728 163.9341533 
967.0000000 163.7610542 163.7377348 
968.0000000 163.5646357 163.5413162 
969.0000000 163.3682171 163.3448977 
970.0000000 163.1717986 163.1484791 
971.0000000 162.9753800 162.9520606 
972.0000000 162.7789615 162.7556420 
973.0000000 162.5825429 162.5592235 
974.0000000 162.3861244 162.3628049 
975.0000000 162.1897058 162.1663864 
976.0000000 161.9932873 161.9699678 
977.0000000 161.7968687 161.7735493 
978.0000000 161.6004502 161.5771307 
979.0000000 161.4040316 161.3807122 
980.0000000 161.2076131 161.1842936 
981.0000000 161.0111945 160.9878751 
982.0000000 160.8147760 160.7914565 
983.0000000 160.6183574 160.5950380 
984.0000000 160.4219388 160.3986194 
985.0000000 160.2255203 160.2022009 
986.0000000 160.0291017 160.0057823 
987.0000000 159.8326832 159.8093638 
988.0000000 159.6362646 159.6129452 
989.0000000 159.4398461 159.4165267 
990.0000000 159.2434275 159.2201081 
991.0000000 159.0470090 159.0236896 
992.0000000 158.8505904 158.8272710 
993.0000000 158.6541719 158.6308525 
994.0000000 158.4577533 158.4344339 
995.0000000 158.2613348 158.2380154 
996.0000000 158.0649162 158.0415968 
997.0000000 157.8684977 157.8451783 
998.0000000 157.6720791 157.6487597 
999.0000000 157.4756606 157.4523412 
1000.0000000 157.2792420 157.2559226 
1001.0000000 157.0828235 157.0595041 
1002.0000000 156.8864049 156.8630855 
1003.0000000 156.6899864 156.6666669 
1004.0000000 156.4935678 156.4702484 
1005.0000000 156.2971493 156.2738298 
1006.0000000 156.1007307 156.0774113 
1007.0000000 155.9043122 155.8809927 
1008.0000000 155.7078936 155.6845742 
1009.0000000 155.5114751 155.4881556 
1010.0000000 155.3150565 155.2917371 
1011.0000000 155.1186380 155.0953185 
1012.0000000 154.9222194 154.8989000 
1013.0000000 154.7258009 154.7024814 
1014.0000000 154.5293823 154.5060629 
1015.0000000 154.3329638 154.3096443 
1016.0000000 154.1365452 154.1132258 
1017.0000000 153.9401267 153.9168072 
1018.0000000 153.7437081 153.7203887 
1019.0000000 153.5472896 153.5239701 
1020.0000000 153.3508710 153.3275516 
1021.0000000 153.1544525 153.1311330 
1022.0000000 152.9580339 152.9347145 
1023.0000000 152.7616154 152.7382959 
1024.0000000 152.5651968 152.5418774 
1025.0000000 152.3687783 152.3454588 
1026.0000000 152.1723597 152.1490403 
1027.0000000 151.9759412 151.9526217 
1028.0000000 151.7795226 151.7562032 
1029.0000000 151.5831041 151.5597846 
1030.0000000 151.3866855 151.3633661 
1031.0000000 151.1902670 151.1669475 
1032.0000000 150.9938484 150.9705290 
1033.0000000 150.7974299 150.7741104 
1034.0000000 150.6010113 150.5776919 
1035.0000000 150.4045928 150.3812733 
1036.0000000 150.2081742 150.1848548 
1037.0000000 150.0117557 149.9884362 
1038.0000000 149.8153371 149.7920177 
1039.0000000 149.6189186 149.5955991 
1040.0000000 149.4225000 149.3991806 
1041.0000000 149.2260815 149.2027620 
1042.0000000 149.0296629 149.0063435 
1043.0000000 148.8332444 148.8099249 
1044.0000000 148.6368258 148.6135064 
1045.0000000 148.4404073 148.4170878 
1046.0000000 148.2439887 148.2206693 
1047.0000000 148.0475702 148.0242507 
1048.0000000 147.8511516 147.8278322 
1049.0000000 147.6547331 147.6314136 
1050.0000000 147.4583145 147.4349951 
1051.0000000 147.2618960 147.2385765 
1052.0000000 147.0654774 147.0421580 
1053.0000000 146.8690589 146.8457394 
1054.0000000 146.6726403 146.6493209 
1055.0000000 146.4762218 146.4529023 
1056.0000000 146.2798032 146.2564838 
1057.0000000 146.0833847 146.0600652 
1058.0000000 145.8869661 145.8636467 
1059.0000000 145.6905476 145.6672281 
1060.0000000 145.4941290 145.4708096 
1061.0000000 145.2977105 145.2743910 
1062.0000000 145.1012919 145.0779725 
1063.0000000 144.9048734 144.8815539 
1064.0000000 144.7084548 144.6851354 
1065.0000000 144.5120363 144.4887168 
1066.0000000 144.3156177 144.2922983 
1067.0000000 144.1191992 144.0958797 
1068.0000000 143.9227806 143.8994612 
1069.0000000 143.7263621 143.7030426 
1070.0000000 143.5299435 143.5066241 
1071.0000000 143.3335250 143.3102055 
1072.0000000 143.1371064 143.1137870 
1073.0000000 142.9406879 142.9173684 
1074.0000000 142.7442693 142.7209499 
1075.0000000 142.5478508 142.5245313 
1076.0000000 142.3514322 142.3281128 
1077.0000000 142.1550137 142.1316942 
1078.0000000 141.9585951 141.9352757 
1079.0000000 141.7621766 141.7388571 
1080.0000000 141.5657580 141.5424386 
1081.0000000 141.3693395 141.3460200 
1082.0000000 141.1729209 141.1496015 
1083.0000000 140.9765024 140.9531829 
1084.0000000 140.7800838 140.7567644 
1085.0000000 140.5836653 140.5603458 
1086.0000000 140.3872467 140.3639273 
1087.0000000 140.1908282 140.1675087 
1088.0000000 139.9944096 139.9710902 
1089.0000000 139.7979911 139.7746716 
1090.0000000 139.6015725 139.5782531 
1091.0000000 139.4051540 139.3818345 
1092.0000000 139.2087354 139.1854160 
1093.0000000 139.0123169 138.9889974 
1094.0000000 138.8158983 138.7925789 
1095.0000000 138.6194798 138.5961603 
1096.0000000 138.4230612 138.3997418 
1097.0000000 138.2266427 138.2033232 
1098.0000000 138.0302241 138.0069047 
1099.0000000 137.8338056 137.8104861 
1100.0000000 137.6373870 137.6140676 
1101.0000000 137.4409685 137.4176490 
1102.0000000 137.2445499 137.2212305 
1103.0000000 137.0481314 137.0248119 
1104.0000000 136.8517128 136.8283934 
1105.0000000 136.6552943 136.6319748 
1106.0000000 136.4588757 136.4355563 
1107.0000000 136.2624572 136.2391377 
1108.0000000 136.0660386 136.0427192 
1109.0000000 135.8696201 135.8463006 
1110.0000000 135.6732015 135.6498821 
1111.0000000 135.4767830 135.4534635 
1112.0000000 135.2803644 135.2570450 
1113.0000000 135.0839459 135.0606264 
1114.0000000 134.8875273 134.8642079 
1115.0000000 134.6911088 134.6677893 
1116.0000000 134.4946902 134.4713708 
1117.0000000 134.2982717 134.2749522 
1118.0000000 134.1018531 134.0785337 
1119.0000000 133.9054346 133.8821151 
1120.0000000 133.7090160 133.6856966 
1121.0000000 133.5125975 133.4892780 
1122.0000000 133.3161789 133.2928595 
1123.0000000 133.1197604 133.0964409 
1124.0000000 132.9233418 132.9000224 
1125.0000000 132.7269233 132.7036038 
1126.0000000 132.5305047 132.5071853 
1127.0000000 132.3340862 132.3107667 
1128.0000000 132.1376676 132.1143482 
1129.0000000 131.9412491 131.9179296 
1130.0000000 131.7448305 131.7215111 
1131.0000000 131.5484120 131.5250925 
1132.0000000 131.3519934 131.3286740 
1133.0000000 131.1555749 131.1322554 
1134.0000000 130.9591563 130.9358369 
1135.0000000 130.7627378 130.7394183 
1136.0000000 130.5663192 130.5429998 
1137.0000000 130.3699006 130.3465812 
1138.0000000 130.1734821 130.1501627 
1139.0000000 129.9770635 129.9537441 
1140.0000000 129.7806450 129.7573256 
1141.0000000 129.5842264 129.5609070 
1142.0000000 129.3878079 129.3644885 
1143.0000000 129.1913893 129.1680699 
1144.0000000 128.9949708 128.9716514 
1145.0000000 128.7985522 128.7752328 
1146.0000000 128.6021337 128.5788143 
1147.0000000 128.4057151 128.3823957 
1148.0000000 128.2092966 128.1859772 
1149.0000000 128.0128780 127.9895586 
1150.0000000 127.8164595 127.7931401 
1151.0000000 127.6200409 127.5967215 
1152.0000000 127.4236224 127.4003030 
1153.0000000 127.2272038 127.2038844 
1154.0000000 127.0307853 127.0074659 
1155.0000000 126.8343667 126.8110473 
1156.0000000 126.6379482 126.6146287 
1157.0000000 126.4415296 126.4182102 
1158.0000000 126.2451111 126.2217916 
1159.0000000 126.0486925 126.0253731 
1160.0000000 125.8522740 125.8289545 
1161.0000000 125.6558554 125.6325360 
1162.0000000 125.4594369 125.4361174 
1163.0000000 125.2630183 125.2396989 
1164.0000000 125.0665998 125.0432803 
1165.0000000 124.8701812 124.8468618 
1166.0000000 124.6737627 124.6504432 
1167.0000000 124.4773441 124.4540247 
1168.0000000 124.2809256 124.2576061 
1169.0000000 124.0845070 124.0611876 
1170.0000000 123.8880885 123.8647690 
1171.0000000 123.6916699 123.6683505 
1172.0000000 123.4952514 123.4719319 
1173.0000000 123.2988328 123.2755134 
1174.0000000 123.1024143 123.0790948 
1175.0000000 122.9059957 122.8826763 
1176.0000000 122.7095772 122.6862577 
1177.0000000 122.5131586 122.4898392 
1178.0000000 122.3167401 122.2934206 
1179.0000000 122.1203215 122.0970021 
1180.0000000 121.9239030 121.9005835 
1181.0000000 121.7274844 121.7041650 
1182.0000000 121.5310659 121.5077464 
1183.0000000 121.3346473 121.3113279 
1184.0000000 121.1382288 121.1149093 
1185.0000000 120.9418102 120.9184908 
1186.0000000 120.7453917 120.7220722 
1187.0000000 120.5489731 120.5256537 
1188.0000000 120.3525546 120.3292351 
1189.0000000 120.1561360 120.1328166 
1190.0000000 119.9597175 119.9363980 
1191.0000000 119.7632989 119.7399795 
1192.0000000 119.5668804 119.5435609 
1193.0000000 119.3704618 119.3471424 
1194.0000000 119.1740433 119.1507238 
1195.0000000 118.9776247 118.9543053 
1196.0000000 118.7812062 118.7578867 
1197.0000000 118.5847876 118.5614682 
1198.0000000 118.3883691 118.3650496 
1199.0000000 118.1919505 118.1686311 
1200.0000000 117.9955320 117.9722125 
1201.0000000 117.7991134 117.7757940 
1202.0000000 117.6026949 117.5793754 
1203.0000000 117.4062763 117.3829569 
1204.0000000 117.2098578 117.1865383 
1205.0000000 117.0134392 116.9901198 
1206.0000000 116.8170207 116.7937012 
1207.0000000 116.6206021 116.5972827 
1208.0000000 116.4241836 116.4008641 
1209.0000000 116.2277650 116.2044456 
1210.0000000 116.0313465 116.0080270 
1211.0000000 115.8349279 115.8116085 
1212.0000000 115.6385094 115.6151899 
1213.0000000 115.4420908 115.4187714 
1214.0000000 115.2456723 115.2223528 
1215.0000000 115.0492537 115.0259343 
1216.0000000 114.8528352 114.8295157 
1217.0000000 114.6564166 114.6330972 
1218.0000000 114.4599981 114.4366786 
1219.0000000 114.2635795 114.2402601 
1220.0000000 114.0671610 114.0438415 
1221.0000000 113.8707424 113.8474230 
1222.0000000 113.6743239 113.6510044 
1223.0000000 113.4779053 113.4545859 
1224.0000000 113.2814868 113.2581673 
1225.0000000 113.0850682 113.0617488 
1226.0000000 112.8886497 112.8653302 
1227.0000000 112.6922311 112.6689117 
1228.0000000 112.4958126 112.4724931 
1229.0000000 112.2993940 112.2760746 
1230.0000000 112.1029755 112.0796560 
1231.0000000 111.9065569 111.8832375 
1232.0000000 111.7101384 111.6868189 
1233.0000000 111.5137198 111.4904004 
1234.0000000 111.3173013 111.2939818 
1235.0000000 111.1208827 111.0975633 
1236.0000000 110.9244642 110.9011447 
1237.0000000 110.7280456 110.7047262 
1238.0000000 110.5316271 110.5083076 
1239.0000000 110.3352085 110.3118891 
1240.0000000 110.1387900 110.1154705 
1241.0000000 109.9423714 109.9190520 
1242.0000000 109.7459529 109.7226334 
1243.0000000 109.5495343 109.5262149 
1244.0000000 109.3531158 109.3297963 
1245.0000000 109.1566972 109.1333778 
1246.0000000 108.9602787 108.9369592 
1247.0000000 108.7638601 108.7405407 
1248.0000000 108.5674416 108.5441221 
1249.0000000 108.3710230 108.3477036 
1250.0000000 108.1746045 108.1512850 
1251.0000000 107.9781859 107.9548665 
1252.0000000 107.7817674 107.7584479 
1253.0000000 107.5853488 107.5620294 
1254.0000000 107.3889303 107.3656108 
1255.0000000 107.1925117 107.1691923 
1256.0000000 106.9960932 106.9727737 
1257.0000000 106.7996746 106.7763552 
1258.0000000 106.6032561 106.5799366 
1259.0000000 106.4068375 106.3835181 
1260.0000000 106.2104190 106.1870995 
1261.0000000 106.0140004 105.9906810 
1262.0000000 105.8175819 105.7942624 
1263.0000000 105.6211633 105.5978439 
1264.0000000 105.4247448 105.4014253 
1265.0000000 105.2283262 105.2050068 
1266.0000000 105.0319077 105.0085882 
1267.0000000 104.8354891 104.8121697 
1268.0000000 104.6390706 104.6157511 
1269.0000000 104.4426520 104.4193326 
1270.0000000 104.2462335 104.2229140 
1271.0000000 104.0498149 104.0264955 
1272.0000000 103.8533964 103.8300769 
1273.0000000 103.6569778 103.6336584 
1274.0000000 103.4605593 103.4372398 
1275.0000000 103.2641407 103.2408213 
1276.0000000 103.0677222 103.0444027 
1277.0000000 102.8713036 102.8479842 
1278.0000000 102.6748851 102.6515656 
1279.0000000 102.4784665 102.4551471 
1280.0000000 102.2820480 102.2587285 
1281.0000000 102.0856294 102.0623100 
1282.0000000 101.8892109 101.8658914 
1283.0000000 101.6927923 101.6694729 
1284.0000000 101.4963738 101.4730543 
1285.0000000 101.2999552 101.2766358 
1286.0000000 101.1035367 101.0802172 
1287.0000000 100.9071181 100.8837987 
1288.0000000 100.7106995 100.6873801 
1289.0000000 100.5142810 100.4909616 
1290.0000000 100.3178624 100.2945430 
1291.0000000 100.1214439 100.0981245 
1292.0000000 99.9250253 99.9017059 
1293.0000000 99.7286068 99.7052874 
1294.0000000 99.5321882 99.5088688 
1295.0000000 99.3357697 99.3124503 
1296.0000000 99.1393511 99.1160317 
1297.0000000 98.9429326 98.9196132 
1298.0000000 98.7465140 98.7231946 
1299.0000000 98.5500955 98.5267761 
1300.0000000 98.3536769 98.3303575 
1301.0000000 98.1572584 98.1339390 
1302.0000000 97.9608398 97.9375204 
1303.0000000 97.7644213 97.7411019 
1304.0000000 97.5680027 97.5446833 
1305.0000000 97.3715842 97.3482648 
1306.0000000 97.1751656 97.1518462 
1307.0000000 96.9787471 96.9554276 
1308.0000000 96.7823285 96.7590091 
1309.0000000 96.5859100 96.5625905 
1310.0000000 96.3894914 96.3661720 
1311.0000000 96.1930729 96.1697534 
1312.0000000 95.9966543 95.9733349 
1313.0000000 95.8002358 95.7769163 
1314.0000000 95.6038172 95.5804978 
1315.0000000 95.4073987 95.3840792 
1316.0000000 95.2109801 95.1876607 
1317.0000000 95.0145616 94.9912421 
1318.0000000 94.8181430 94.7948236 
1319.0000000 94.6217245 94.5984050 
1320.0000000 94.4253059 94.4019865 
1321.0000000 94.2288874 94.2055679 
1322.0000000 94.0324688 94.0091494 
1323.0000000 93.8360503 93.8127308 
1324.0000000 93.6396317 93.6163123 
1325.0000000 93.4432132 93.4198937 
1326.0000000 93.2467946 93.2234752 
1327.0000000 93.0503761 93.0270566 
1328.0000000 92.8539575 92.8306381 
1329.0000000 92.6575390 92.6342195 
1330.0000000 92.4611204 92.4378010 
1331.0000000 92.2647019 92.2413824 
1332.0000000 92.0682833 92.0449639 
1333.0000000 91.8718648 91.8485453 
1334.0000000 91.6754462 91.6521268 
1335.0000000 91.4790277 91.4557082 
1336.0000000 91.2826091 91.2592897 
1337.0000000 91.0861906 91.0628711 
1338.0000000 90.8897720 90.8664526 
1339.0000000 90.6933535 90.6700340 
1340.0000000 90.4969349 90.4736155 
1341.0000000 90.3005164 90.2771969 
1342.0000000 90.1040978 90.0807784 
1343.0000000 89.9076793 89.8843598 
1344.0000000 89.7112607 89.6879413 
1345.0000000 89.5148422 89.4915227 
1346.0000000 89.3184236 89.2951042 
1347.0000000 89.1220051 89.0986856 
1348.0000000 88.9255865 88.9022671 
1349.0000000 88.7291680 88.7058485 
1350.0000000 88.5327494 88.5094300 
1351.0000000 88.3363309 88.3130114 
1352.0000000 88.1399123 88.1165929 
1353.0000000 87.9434938 87.9201743 
1354.0000000 87.7470752 87.7237558 
1355.0000000 87.5506567 87.5273372 
1356.0000000 87.3542381 87.3309187 
1357.0000000 87.1578196 87.1345001 
1358.0000000 86.9614010 86.9380816 
1359.0000000 86.7649825 86.7416630 
1360.0000000 86.5685639 86.5452445 
1361.0000000 86.3721454 86.3488259 
1362.0000000 86.1757268 86.1524074 
1363.0000000 85.9793083 85.9559888 
1364.0000000 85.7828897 85.7595703 
1365.0000000 85.5864712 85.5631517 
1366.0000000 85.3900526 85.3667332 
1367.0000000 85.1936341 85.1703146 
1368.0000000 84.9972155 84.9738961 
1369.0000000 84.8007970 84.7774775 
1370.0000000 84.6043784 84.5810590 
1371.0000000 84.4079599 84.3846404 
1372.0000000 84.2115413 84.1882219 
1373.0000000 84.0151228 83.9918033 
1374.0000000 83.8187042 83.7953848 
1375.0000000 83.6222857 83.5989662 
1376.0000000 83.4258671 83.4025477 
1377.0000000 83.2294486 83.2061291 
1378.0000000 83.0330300 83.0097106 
1379.0000000 82.8366115 82.8132920 
1380.0000000 82.6401929 82.6168735 
1381.0000000 82.4437744 82.4204549 
1382.0000000 82.2473558 82.2240364 
1383.0000000 82.0509373 82.0276178 
1384.0000000 81.8545187 81.8311993 
1385.0000000 81.6581002 81.6347807 
1386.0000000 81.4616816 81.4383622 
1387.0000000 81.2652631 81.2419436 
1388.0000000 81.0688445 81.0455251 
1389.0000000 80.8724260 80.8491065 
1390.0000000 80.6760074 80.6526880 
1391.0000000 80.4795889 80.4562694 
1392.0000000 80.2831703 80.2598509 
1393.0000000 80.0867518 80.0634323 
1394.0000000 79.8903332 79.8670138 
1395.0000000 79.6939147 79.6705952 
1396.0000000 79.4974961 79.4741767 
1397.0000000 79.3010776 79.2777581 
1398.0000000 79.1046590 79.0813396 
1399.0000000 78.9082405 78.8849210 
1400.0000000 78.7118219 78.6885025 
1401.0000000 78.5154034 78.4920839 
1402.0000000 78.3189848 78.2956654 
1403.0000000 78.1225663 78.0992468 
1404.0000000 77.9261477 77.9028283 
1405.0000000 77.7297292 77.7064097 
1406.0000000 77.5333106 77.5099912 
1407.0000000 77.3368921 77.3135726 
1408.0000000 77.1404735 77.1171541 
1409.0000000 76.9440550 76.9207355 
1410.0000000 76.7476364 76.7243170 
1411.0000000 76.5512179 76.5278984 
1412.0000000 76.3547993 76.3314799 
1413.0000000 76.1583808 76.1350613 
1414.0000000 75.9619622 75.9386428 
1415.0000000 75.7655437 75.7422242 
1416.0000000 75.5691251 75.5458057 
1417.0000000 75.3727066 75.3493871 
1418.0000000 75.1762880 75.1529686 
1419.0000000 74.9798695 74.9565500 
1420.0000000 74.7834509 74.7601315 
1421.0000000 74.5870324 74.5637129 
1422.0000000 74.3906138 74.3672944 
1423.0000000 74.1941953 74.1708758 
1424.0000000 73.9977767 73.9744573 
1425.0000000 73.8013582 73.7780387 
1426.0000000 73.6049396 73.5816202 
1427.0000000 73.4085211 73.3852016 
1428.0000000 73.2121025 73.1887831 
1429.0000000 73.0156840 72.9923645 
1430.0000000 72.8192654 72.7959460 
1431.0000000 72.6228469 72.5995274 
1432.0000000 72.4264283 72.4031089 
1433.0000000 72.2300098 72.2066903 
1434.0000000 72.0335912 72.0102718 
1435.0000000 71.8371727 71.8138532 
1436.0000000 71.6407541 71.6174347 
1437.0000000 71.4443356 71.4210161 
1438.0000000 71.2479170 71.2245976 
1439.0000000 71.0514985 71.0281790 
1440.0000000 70.8550799 70.8317605 
1441.0000000 70.6586613 70.6353419 
1442.0000000 70.4622428 70.4389234 
1443.0000000 70.2658242 70.2425048 
1444.0000000 70.0694057 70.0460863 
1445.0000000 69.8729871 69.8496677 
1446.0000000 69.6765686 69.6532492 
1447.0000000 69.4801500 69.4568306 
1448.0000000 69.2837315 69.2604121 
1449.0000000 69.0873129 69.0639935 
1450.0000000 68.8908944 68.8675750 
1451.0000000 68.6944758 68.6711564 
1452.0000000 68.4980573 68.4747379 
1453.0000000 68.3016387 68.2783193 
1454.0000000 68.1052202 68.0819008 
1455.0000000 67.9088016 67.8854822 
1456.0000000 67.7123831 67.6890637 
1457.0000000 67.5159645 67.4926451 
1458.0000000 67.3195460 67.2962266 
1459.0000000 67.1231274 67.0998080 
1460.0000000 66.9267089 66.9033894 
1461.0000000 66.7302903 66.7069709 
1462.0000000 66.5338718 66.5105523 
1463.0000000 66.3374532 66.3141338 
1464.0000000 66.1410347 66.1177152 
1465.0000000 65.9446161 65.9212967 
1466.0000000 65.7481976 65.7248781 
1467.0000000 65.5517790 65.5284596 
1468.0000000 65.3553605 65.3320410 
1469.0000000 65.1589419 65.1356225 
1470.0000000 64.9625234 64.9392039 
1471.0000000 64.7661048 64.7427854 
1472.0000000 64.5696863 64.5463668 
1473.0000000 64.3732677 64.3499483 
1474.0000000 64.1768492 64.1535297 
1475.0000000 63.9804306 63.9571112 
1476.0000000 63.7840121 63.7606926 
1477.0000000 63.5875935 63.5642741 
1478.0000000 63.3911750 63.3678555 
1479.0000000 63.1947564 63.1714370 
1480.0000000 62.9983379 62.9750184 
1481.0000000 62.8019193 62.7785999 
1482.0000000 62.6055008 62.5821813 
1483.0000000 62.4090822 62.3857628 
1484.0000000 62.2126637 62.1893442 
1485.0000000 62.0162451 61.9929257 
1486.0000000 61.8198266 61.7965071 
1487.0000000 61.6234080 61.6000886 
1488.0000000 61.4269895 61.4036700 
1489.0000000 61.2305709 61.2072515 
1490.0000000 61.0341524 61.0108329 
1491.0000000 60.8377338 60.8144144 
1492.0000000 60.6413153 60.6179958 
1493.0000000 60.4448967 60.4215773 
1494.0000000 60.2484782 60.2251587 
1495.0000000 60.0520596 60.0287402 
1496.0000000 59.8556411 59.8323216 
1497.0000000 59.6592225 59.6359031 
1498.0000000 59.4628040 59.4394845 
1499.0000000 59.2663854 59.2430660 
1500.0000000 59.0699669 59.0466474 
1501.0000000 58.8735483 58.8502289 
1502.0000000 58.6771298 58.6538103 
1503.0000000 58.4807112 58.4573918 
1504.0000000 58.2842927 58.2609732 
1505.0000000 58.0878741 58.0645547 
1506.0000000 57.8914556 57.8681361 
1507.0000000 57.6950370 57.6717176 
1508.0000000 57.4986185 57.4752990 
1509.0000000 57.3021999 57.2788805 
1510.0000000 57.1057814 57.0824619 
1511.0000000 56.9093628 56.8860434 
1512.0000000 56.7129443 56.6896248 
1513.0000000 56.5165257 56.4932063 
1514.0000000 56.3201072 56.2967877 
1515.0000000 56.1236886 56.1003692 
1516.0000000 55.9272701 55.9039506 
1517.0000000 55.7308515 55.7075321 
1518.0000000 55.5344330 55.5111135 
1519.0000000 55.3380144 55.3146950 
1520.0000000 55.1415959 55.1182764 
1521.0000000 54.9451773 54.9218579 
1522.0000000 54.7487588 54.7254393 
1523.0000000 54.5523402 54.5290208 
1524.0000000 54.3559217 54.3326022 
1525.0000000 54.1595031 54.1361837 
1526.0000000 53.9630846 53.9397651 
1527.0000000 53.7666660 53.7433466 
1528.0000000 53.5702475 53.5469280 
1529.0000000 53.3738289 53.3505095 
1530.0000000 53.1774104 53.1540909 
1531.0000000 52.9809918 52.9576724 
1532.0000000 52.7845733 52.7612538 
1533.0000000 52.5881547 52.5648353 
1534.0000000 52.3917362 52.3684167 
1535.0000000 52.1953176 52.1719982 
1536.0000000 51.9988991 51.9755796 
1537.0000000 51.8024805 51.7791611 
1538.0000000 51.6060620 51.5827425 
1539.0000000 51.4096434 51.3863240 
1540.0000000 51.2132249 51.1899054 
1541.0000000 51.0168063 50.9934869 
1542.0000000 50.8203878 50.7970683 
1543.0000000 50.6239692 50.6006498 
1544.0000000 50.4275507 50.4042312 
1545.0000000 50.2311321 50.2078127 
1546.0000000 50.0347136 50.0113941 
1547.0000000 49.8382950 49.8149756 
1548.0000000 49.6418765 49.6185570 
1549.0000000 49.4454579 49.4221385 
1550.0000000 49.2490394 49.2257199 
1551.0000000 49.0526208 49.0293014 
1552.0000000 48.8562023 48.8328828 
1553.0000000 48.6597837 48.6364643 
1554.0000000 48.4633652 48.4400457 
1555.0000000 48.2669466 48.2436272 
1556.0000000 48.0705281 48.0472086 
1557.0000000 47.8741095 47.8507901 
1558.0000000 47.6776910 47.6543715 
1559.0000000 47.4812724 47.4579530 
1560.0000000 47.2848539 47.2615344 
1561.0000000 47.0884353 47.0651159 
1562.0000000 46.8920168 46.8686973 
1563.0000000 46.6955982 46.6722788 
1564.0000000 46.4991797 46.4758602 
1565.0000000 46.3027611 46.2794417 
1566.0000000 46.1063426 46.0830231 
1567.0000000 45.9099240 45.8866046 
1568.0000000 45.7135055 45.6901860 
1569.0000000 45.5170869 45.4937675 
1570.0000000 45.3206684 45.2973489 
1571.0000000 45.1242498 45.1009304 
1572.0000000 44.9278313 44.9045118 
1573.0000000 44.7314127 44.7080933 
1574.0000000 44.5349942 44.5116747 
1575.0000000 44.3385756 44.3152562 
1576.0000000 44.1421571 44.1188376 
1577.0000000 43.9457385 43.9224191 
1578.0000000 43.7493200 43.7260005 
1579.0000000 43.5529014 43.5295820 
1580.0000000 43.3564829 43.3331634 
1581.0000000 43.1600643 43.1367449 
1582.0000000 42.9636458 42.9403263 
1583.0000000 42.7672272 42.7439078 
1584.0000000 42.5708087 42.5474892 
1585.0000000 42.3743901 42.3510707 
1586.0000000 42.1779716 42.1546521 
1587.0000000 41.9815530 41.9582336 
1588.0000000 41.7851345 41.7618150 
1589.0000000 41.5887159 41.5653965 
1590.0000000 41.3922974 41.3689779 
1591.0000000 41.1958788 41.1725594 
1592.0000000 40.9994602 40.9761408 
1593.0000000 40.8030417 40.7797223 
1594.0000000 40.6066231 40.5833037 
1595.0000000 40.4102046 40.3868852 
1596.0000000 40.2137860 40.1904666 
1597.0000000 40.0173675 39.9940481 
1598.0000000 39.8209489 39.7976295 
1599.0000000 39.6245304 39.6012110 
1600.0000000 39.4281118 39.4047924 
1601.0000000 39.2316933 39.2083739 
1602.0000000 39.0352747 39.0119553 
1603.0000000 38.8388562 38.8155368 
1604.0000000 38.6424376 38.6191182 
1605.0000000 38.4460191 38.4226997 
1606.0000000 38.2496005 38.2262811 
1607.0000000 38.0531820 38.0298626 
1608.0000000 37.8567634 37.8334440 
1609.0000000 37.6603449 37.6370255 
1610.0000000 37.4639263 37.4406069 
1611.0000000 37.2675078 37.2441883 
1612.0000000 37.0710892 37.0477698 
1613.0000000 36.8746707 36.8513512 
1614.0000000 36.6782521 36.6549327 
1615.0000000 36.4818336 36.4585141 
1616.0000000 36.2854150 36.2620956 
1617.0000000 36.0889965 36.0656770 
1618.0000000 35.8925779 35.8692585 
1619.0000000 35.6961594 35.6728399 
1620.0000000 35.4997408 35.4764214 
1621.0000000 35.3033223 35.2800028 
1622.0000000 35.1069037 35.0835843 
1623.0000000 34.9104852 34.8871657 
1624.0000000 34.7140666 34.6907472 
1625.0000000 34.5176481 34.4943286 
1626.0000000 34.3212295 34.2979101 
1627.0000000 34.1248110 34.1014915 
1628.0000000 33.9283924 33.9050730 
1629.0000000 33.7319739 33.7086544 
1630.0000000 33.5355553 33.5122359 
1631.0000000 33.3391368 33.3158173 
1632.0000000 33.1427182 33.1193988 
1633.0000000 32.9462997 32.9229802 
1634.0000000 32.7498811 32.7265617 
1635.0000000 32.5534626 32.5301431 
1636.0000000 32.3570440 32.3337246 
1637.0000000 32.1606255 32.1373060 
1638.0000000 31.9642069 31.9408875 
1639.0000000 31.7677884 31.7444689 
1640.0000000 31.5713698 31.5480504 
1641.0000000 31.3749513 31.3516318 
1642.0000000 31.1785327 31.1552133 
1643.0000000 30.9821142 30.9587947 
1644.0000000 30.7856956 30.7623762 
1645.0000000 30.5892771 30.5659576 
1646.0000000 30.3928585 30.3695391 
1647.0000000 30.1964400 30.1731205 
1648.0000000 30.0000214 29.9767020 
1649.0000000 29.8036029 29.7802834 
1650.0000000 29.6071843 29.5838649 
1651.0000000 29.4107658 29.3874463 
1652.0000000 29.2143472 29.1910278 
1653.0000000 29.0179287 28.9946092 
1654.0000000 28.8215101 28.7981907 
1655.0000000 28.6250916 28.6017721 
1656.0000000 28.4286730 28.4053536 
1657.0000000 28.2322545 28.2089350 
1658.0000000 28.0358359 28.0125165 
1659.0000000 27.8394174 27.8160979 
1660.0000000 27.6429988 27.6196794 
1661.0000000 27.4465803 27.4232608 
1662.0000000 27.2501617 27.2268423 
1663.0000000 27.0537432 27.0304237 
1664.0000000 26.8573246 26.8340052 
1665.0000000 26.6609061 26.6375866 
1666.0000000 26.4644875 26.4411681 
1667.0000000 26.2680690 26.2447495 
1668.0000000 26.0716504 26.0483310 
1669.0000000 25.8752319 25.8519124 
1670.0000000 25.6788133 25.6554939 
1671.0000000 25.4823948 25.4590753 
1672.0000000 25.2859762 25.2626568 
1673.0000000 25.0895577 25.0662382 
1674.0000000 24.8931391 24.8698197 
1675.0000000 24.6967206 24.6734011 
1676.0000000 24.5003020 24.4769826 
1677.0000000 24.3038835 24.2805640 
1678.0000000 24.1074649 24.0841455 
1679.0000000 23.9110464 23.8877269 
1680.0000000 23.7146278 23.6913084 
1681.0000000 23.5182093 23.4948898 
1682.0000000 23.3217907 23.2984713 
1683.0000000 23.1253722 23.1020527 
1684.0000000 22.9289536 22.9056342 
1685.0000000 22.7325351 22.7092156 
1686.0000000 22.5361165 22.5127971 
1687.0000000 22.3396980 22.3163785 
1688.0000000 22.1432794 22.1199600 
1689.0000000 21.9468609 21.9235414 
1690.0000000 21.7504423 21.7271229 
1691.0000000 21.5540238 21.5307043 
1692.0000000 21.3576052 21.3342858 
1693.0000000 21.1611867 21.1378672 
1694.0000000 20.9647681 20.9414487 
1695.0000000 20.7683496 20.7450301 
1696.0000000 20.5719310 20.5486116 
1697.0000000 20.3755125 20.3521930 
1698.0000000 20.1790939 20.1557745 
1699.0000000 19.9826754 19.9593559 
1700.0000000 19.7862568 19.7629374 
1701.0000000 19.5898383 19.5665188 
1702.0000000 19.3934197 19.3701003 
1703.0000000 19.1970012 19.1736817 
1704.0000000 19.0005826 18.9772632 
1705.0000000 18.8041641 18.7808446 
1706.0000000 18.6077455 18.5844261 
1707.0000000 18.4113270 18.3880075 
1708.0000000 18.2149084 18.1915890 
1709.0000000 18.0184899 17.9951704 
1710.0000000 17.8220713 17.7987519 
1711.0000000 17.6256528 17.6023333 
1712.0000000 17.4292342 17.4059148 
1713.0000000 17.2328157 17.2094962 
1714.0000000 17.0363971 17.0130777 
1715.0000000 16.8399786 16.8166591 
1716.0000000 16.6435600 16.6202406 
1717.0000000 16.4471415 16.4238220 
1718.0000000 16.2507229 16.2274035 
1719.0000000 16.0543044 16.0309849 
1720.0000000 15.8578858 15.8345664 
1721.0000000 15.6614673 15.6381478 
1722.0000000 15.4650487 15.4417293 
1723.0000000 15.2686302 15.2453107 
1724.0000000 15.0722116 15.0488922 
1725.0000000 14.8757931 14.8524736 
1726.0000000 14.6793745 14.6560551 
1727.0000000 14.4829560 14.4596365 
1728.0000000 14.2865374 14.2632180 
1729.0000000 14.0901189 14.0667994 
1730.0000000 13.8937003 13.8703809 
1731.0000000 13.6972818 13.6739623 
1732.0000000 13.5008632 13.4775438 
1733.0000000 13.3044447 13.2811252 
1734.0000000 13.1080261 13.0847067 
1735.0000000 12.9116076 12.8882881 
1736.0000000 12.7151890 12.6918696 
1737.0000000 12.5187705 12.4954510 
1738.0000000 12.3223519 12.2990325 
1739.0000000 12.1259334 12.1026139 
1740.0000000 11.9295148 11.9061954 
1741.0000000 11.7330963 11.7097768 
1742.0000000 11.5366777 11.5133583 
1743.0000000 11.3402591 11.3169397 
1744.0000000 11.1438406 11.1205212 
1745.0000000 10.9474220 10.9241026 
1746.0000000 10.7510035 10.7276841 
1747.0000000 10.5545849 10.5312655 
1748.0000000 10.3581664 10.3348470 
1749.0000000 10.1617478 10.1384284 
1750.0000000 9.9653293 9.9420099 
1751.0000000 9.7689107 9.7455913 
1752.0000000 9.5724922 9.5491728 
1753.0000000 9.3760736 9.3527542 
1754.0000000 9.1796551 9.1563357 
1755.0000000 8.9832365 8.9599171 
1756.0000000 8.7868180 8.7634986 
1757.0000000 8.5903994 8.5670800 
1758.0000000 8.3939809 8.3706615 
1759.0000000 8.1975623 8.1742429 
1760.0000000 8.0011438 7.9778244 
1761.0000000 7.8047252 7.7814058 
1762.0000000 7.6083067 7.5849872 
1763.0000000 7.4118881 7.3885687 
1764.0000000 7.2154696 7.1921501 
1765.0000000 7.0190510 6.9957316 
1766.0000000 6.8226325 6.7993130 
1767.0000000 6.6262139 6.6028945 
1768.0000000 6.4297954 6.4064759 
1769.0000000 6.2333768 6.2100574 
1770.0000000 6.0369583 6.0136388 
1771.0000000 5.8405397 5.8172203 
1772.0000000 5.6441212 5.6208017 
1773.0000000 5.4477026 5.4243832 
1774.0000000 5.2512841 5.2279646 
1775.0000000 5.0548655 5.0315461 
1776.0000000 4.8584470 4.8351275 
1777.0000000 4.6620284 4.6387090 
1778.0000000 4.4656099 4.4422904 
1779.0000000 4.2691913 4.2458719 
1780.0000000 4.0727728 4.0494533 
1781.0000000 3.8763542 3.8530348 
1782.0000000 3.6799357 3.6566162 
1783.0000000 3.4835171 3.4601977 
1784.0000000 3.2870986 3.2637791 
1785.0000000 3.0906800 3.0673606 
1786.0000000 2.8942615 2.8709420 
1787.0000000 2.6978429 2.6745235 
1788.0000000 2.5014244 2.4781049 
1789.0000000 2.3050058 2.2816864 
1790.0000000 2.1085873 2.0852678 
1791.0000000 1.9121687 1.8888493 
1792.0000000 1.7157502 1.6924307 
1793.0000000 1.5193316 1.4960122 
1794.0000000 1.3229131 1.2995936 
1795.0000000 1.1264945 1.1031751 
1796.0000000 0.9300760 0.9067565 
1797.0000000 0.7336574 0.7103380 
1798.0000000 0.5372389 0.5139194 
1799.0000000 0.3408203 0.3175009 
1800.0000000 0.1444018 0.1210823 

