1.0000000 353.5272399 353.4756311 
2.0000000 353.3308214 353.2792126 
3.0000000 353.1344028 353.0827940 
4.0000000 352.9379843 352.8863755 
5.0000000 352.7415657 352.6899569 
6.0000000 352.5451472 352.4935384 
7.0000000 352.3487286 352.2971198 
8.0000000 352.1523101 352.1007013 
9.0000000 351.9558915 351.9042827 
10.0000000 351.7594730 351.7078642 
11.0000000 351.5630544 351.5114456 
12.0000000 351.3666359 351.3150271 
13.0000000 351.1702173 351.1186085 
14.0000000 350.9737988 350.9221900 
15.0000000 350.7773802 350.7257714 
16.0000000 350.5809617 350.5293529 
17.0000000 350.3845431 350.3329343 
18.0000000 350.1881246 350.1365158 
19.0000000 349.9917060 349.9400972 
20.0000000 349.7952875 349.7436787 
21.0000000 349.5988689 349.5472601 
22.0000000 349.4024504 349.3508416 
23.0000000 349.2060318 349.1544230 
24.0000000 349.0096133 348.9580045 
25.0000000 348.8131947 348.7615859 
26.0000000 348.6167762 348.5651674 
27.0000000 348.4203576 348.3687488 
28.0000000 348.2239391 348.1723303 
29.0000000 348.0275205 347.9759117 
30.0000000 347.8311020 347.7794932 
31.0000000 347.6346834 347.5830746 
32.0000000 347.4382649 347.3866561 
33.0000000 347.2418463 347.1902375 
34.0000000 347.0454278 346.9938190 
35.0000000 346.8490092 346.7974004 
36.0000000 346.6525907 346.6009819 
37.0000000 346.4561721 346.4045633 
38.0000000 346.2597536 346.2081448 
39.0000000 346.0633350 346.0117262 
40.0000000 345.8669165 345.8153077 
41.0000000 345.6704979 345.6188891 
42.0000000 345.4740794 345.4224706 
43.0000000 345.2776608 345.2260520 
44.0000000 345.0812423 345.0296335 
45.0000000 344.8848237 344.8332149 
46.0000000 344.6884052 344.6367964 
47.0000000 344.4919866 344.4403778 
48.0000000 344.2955681 344.2439593 
49.0000000 344.0991495 344.0475407 
50.0000000 343.9027310 343.8511222 
51.0000000 343.7063124 343.6547036 
52.0000000 343.5098939 343.4582851 
53.0000000 343.3134753 343.2618665 
54.0000000 343.1170568 343.0654480 
55.0000000 342.9206382 342.8690294 
56.0000000 342.7242197 342.6726109 
57.0000000 342.5278011 342.4761923 
58.0000000 342.3313826 342.2797738 
59.0000000 342.1349640 342.0833552 
60.0000000 341.9385455 341.8869367 
61.0000000 341.7421269 341.6905181 
62.0000000 341.5457084 341.4940996 
63.0000000 341.3492898 341.2976810 
64.0000000 341.1528713 341.1012625 
65.0000000 340.9564527 340.9048439 
66.0000000 340.7600342 340.7084254 
67.0000000 340.5636156 340.5120068 
68.0000000 340.3671971 340.3155883 
69.0000000 340.1707785 340.1191697 
70.0000000 339.9743600 339.9227512 
71.0000000 339.7779414 339.7263326 
72.0000000 339.5815229 339.5299141 
73.0000000 339.3851043 339.3334955 
74.0000000 339.1886858 339.1370770 
75.0000000 338.9922672 338.9406584 
76.0000000 338.7958487 338.7442399 
77.0000000 338.5994301 338.5478213 
78.0000000 338.4030116 338.3514028 
79.0000000 338.2065930 338.1549842 
80.0000000 338.0101745 337.9585657 
81.0000000 337.8137559 337.7621471 
82.0000000 337.6173374 337.5657286 
83.0000000 337.4209188 337.3693100 
84.0000000 337.2245003 337.1728915 
85.0000000 337.0280817 336.9764729 
86.0000000 336.8316632 336.7800544 
87.0000000 336.6352446 336.5836358 
88.0000000 336.4388261 336.3872173 
89.0000000 336.2424075 336.1907987 
90.0000000 336.0459890 335.9943802 
91.0000000 335.8495704 335.7979616 
92.0000000 335.6531519 335.6015431 
93.0000000 335.4567333 335.4051245 
94.0000000 335.2603148 335.2087060 
95.0000000 335.0638962 335.0122874 
96.0000000 334.8674777 334.8158689 
97.0000000 334.6710591 334.6194503 
98.0000000 334.4746406 334.4230318 
99.0000000 334.2782220 334.2266132 
100.0000000 334.0818035 334.0301947 
101.0000000 333.8853849 333.8337761 
102.0000000 333.6889664 333.6373576 
103.0000000 333.4925478 333.4409390 
104.0000000 333.2961293 333.2445205 
105.0000000 333.0997107 333.0481019 
106.0000000 332.9032922 332.8516834 
107.0000000 332.7068736 332.6552648 
108.0000000 332.5104551 332.4588463 
109.0000000 332.3140365 332.2624277 
110.0000000 332.1176180 332.0660092 
111.0000000 331.9211994 331.8695906 
112.0000000 331.7247809 331.6731721 
113.0000000 331.5283623 331.4767535 
114.0000000 331.3319438 331.2803350 
115.0000000 331.1355252 331.0839164 
116.0000000 330.9391067 330.8874979 
117.0000000 330.7426881 330.6910793 
118.0000000 330.5462696 330.4946608 
119.0000000 330.3498510 330.2982422 
120.0000000 330.1534325 330.1018237 
121.0000000 329.9570139 329.9054051 
122.0000000 329.7605954 329.7089866 
123.0000000 329.5641768 329.5125680 
124.0000000 329.3677583 329.3161495 
125.0000000 329.1713397 329.1197309 
126.0000000 328.9749212 328.9233124 
127.0000000 328.7785026 328.7268938 
128.0000000 328.5820841 328.5304753 
129.0000000 328.3856655 328.3340567 
130.0000000 328.1892470 328.1376382 
131.0000000 327.9928284 327.9412196 
132.0000000 327.7964099 327.7448011 
133.0000000 327.5999913 327.5483825 
134.0000000 327.4035728 327.3519640 
135.0000000 327.2071542 327.1555454 
136.0000000 327.0107357 326.9591268 
137.0000000 326.8143171 326.7627083 
138.0000000 326.6178986 326.5662897 
139.0000000 326.4214800 326.3698712 
140.0000000 326.2250615 326.1734526 
141.0000000 326.0286429 325.9770341 
142.0000000 325.8322244 325.7806155 
143.0000000 325.6358058 325.5841970 
144.0000000 325.4393873 325.3877784 
145.0000000 325.2429687 325.1913599 
146.0000000 325.0465502 324.9949413 
147.0000000 324.8501316 324.7985228 
148.0000000 324.6537131 324.6021042 
149.0000000 324.4572945 324.4056857 
150.0000000 324.2608760 324.2092671 
151.0000000 324.0644574 324.0128486 
152.0000000 323.8680388 323.8164300 
153.0000000 323.6716203 323.6200115 
154.0000000 323.4752017 323.4235929 
155.0000000 323.2787832 323.2271744 
156.0000000 323.0823646 323.0307558 
157.0000000 322.8859461 322.8343373 
158.0000000 322.6895275 322.6379187 
159.0000000 322.4931090 322.4415002 
160.0000000 322.2966904 322.2450816 
161.0000000 322.1002719 322.0486631 
162.0000000 321.9038533 321.8522445 
163.0000000 321.7074348 321.6558260 
164.0000000 321.5110162 321.4594074 
165.0000000 321.3145977 321.2629889 
166.0000000 321.1181791 321.0665703 
167.0000000 320.9217606 320.8701518 
168.0000000 320.7253420 320.6737332 
169.0000000 320.5289235 320.4773147 
170.0000000 320.3325049 320.2808961 
171.0000000 320.1360864 320.0844776 
172.0000000 319.9396678 319.8880590 
173.0000000 319.7432493 319.6916405 
174.0000000 319.5468307 319.4952219 
175.0000000 319.3504122 319.2988034 
176.0000000 319.1539936 319.1023848 
177.0000000 318.9575751 318.9059663 
178.0000000 318.7611565 318.7095477 
179.0000000 318.5647380 318.5131292 
180.0000000 318.3683194 318.3167106 
181.0000000 318.1719009 318.1202921 
182.0000000 317.9754823 317.9238735 
183.0000000 317.7790638 317.7274550 
184.0000000 317.5826452 317.5310364 
185.0000000 317.3862267 317.3346179 
186.0000000 317.1898081 317.1381993 
187.0000000 316.9933896 316.9417808 
188.0000000 316.7969710 316.7453622 
189.0000000 316.6005525 316.5489437 
190.0000000 316.4041339 316.3525251 
191.0000000 316.2077154 316.1561066 
192.0000000 316.0112968 315.9596880 
193.0000000 315.8148783 315.7632695 
194.0000000 315.6184597 315.5668509 
195.0000000 315.4220412 315.3704324 
196.0000000 315.2256226 315.1740138 
197.0000000 315.0292041 314.9775953 
198.0000000 314.8327855 314.7811767 
199.0000000 314.6363670 314.5847582 
200.0000000 314.4399484 314.3883396 
201.0000000 314.2435299 314.1919211 
202.0000000 314.0471113 313.9955025 
203.0000000 313.8506928 313.7990840 
204.0000000 313.6542742 313.6026654 
205.0000000 313.4578557 313.4062469 
206.0000000 313.2614371 313.2098283 
207.0000000 313.0650186 313.0134098 
208.0000000 312.8686000 312.8169912 
209.0000000 312.6721815 312.6205727 
210.0000000 312.4757629 312.4241541 
211.0000000 312.2793444 312.2277356 
212.0000000 312.0829258 312.0313170 
213.0000000 311.8865073 311.8348985 
214.0000000 311.6900887 311.6384799 
215.0000000 311.4936702 311.4420614 
216.0000000 311.2972516 311.2456428 
217.0000000 311.1008331 311.0492243 
218.0000000 310.9044145 310.8528057 
219.0000000 310.7079960 310.6563872 
220.0000000 310.5115774 310.4599686 
221.0000000 310.3151589 310.2635501 
222.0000000 310.1187403 310.0671315 
223.0000000 309.9223218 309.8707130 
224.0000000 309.7259032 309.6742944 
225.0000000 309.5294847 309.4778759 
226.0000000 309.3330661 309.2814573 
227.0000000 309.1366476 309.0850388 
228.0000000 308.9402290 308.8886202 
229.0000000 308.7438105 308.6922017 
230.0000000 308.5473919 308.4957831 
231.0000000 308.3509734 308.2993646 
232.0000000 308.1545548 308.1029460 
233.0000000 307.9581363 307.9065275 
234.0000000 307.7617177 307.7101089 
235.0000000 307.5652992 307.5136904 
236.0000000 307.3688806 307.3172718 
237.0000000 307.1724621 307.1208533 
238.0000000 306.9760435 306.9244347 
239.0000000 306.7796250 306.7280162 
240.0000000 306.5832064 306.5315976 
241.0000000 306.3867879 306.3351791 
242.0000000 306.1903693 306.1387605 
243.0000000 305.9939508 305.9423420 
244.0000000 305.7975322 305.7459234 
245.0000000 305.6011137 305.5495049 
246.0000000 305.4046951 305.3530863 
247.0000000 305.2082766 305.1566678 
248.0000000 305.0118580 304.9602492 
249.0000000 304.8154395 304.7638307 
250.0000000 304.6190209 304.5674121 
251.0000000 304.4226024 304.3709936 
252.0000000 304.2261838 304.1745750 
253.0000000 304.0297653 303.9781565 
254.0000000 303.8333467 303.7817379 
255.0000000 303.6369282 303.5853194 
256.0000000 303.4405096 303.3889008 
257.0000000 303.2440911 303.1924823 
258.0000000 303.0476725 302.9960637 
259.0000000 302.8512540 302.7996452 
260.0000000 302.6548354 302.6032266 
261.0000000 302.4584169 302.4068081 
262.0000000 302.2619983 302.2103895 
263.0000000 302.0655798 302.0139710 
264.0000000 301.8691612 301.8175524 
265.0000000 301.6727427 301.6211339 
266.0000000 301.4763241 301.4247153 
267.0000000 301.2799056 301.2282968 
268.0000000 301.0834870 301.0318782 
269.0000000 300.8870685 300.8354597 
270.0000000 300.6906499 300.6390411 
271.0000000 300.4942314 300.4426226 
272.0000000 300.2978128 300.2462040 
273.0000000 300.1013943 300.0497855 
274.0000000 299.9049757 299.8533669 
275.0000000 299.7085572 299.6569484 
276.0000000 299.5121386 299.4605298 
277.0000000 299.3157201 299.2641113 
278.0000000 299.1193015 299.0676927 
279.0000000 298.9228830 298.8712742 
280.0000000 298.7264644 298.6748556 
281.0000000 298.5300459 298.4784371 
282.0000000 298.3336273 298.2820185 
283.0000000 298.1372088 298.0856000 
284.0000000 297.9407902 297.8891814 
285.0000000 297.7443717 297.6927629 
286.0000000 297.5479531 297.4963443 
287.0000000 297.3515346 297.2999258 
288.0000000 297.1551160 297.1035072 
289.0000000 296.9586975 296.9070886 
290.0000000 296.7622789 296.7106701 
291.0000000 296.5658604 296.5142515 
292.0000000 296.3694418 296.3178330 
293.0000000 296.1730233 296.1214144 
294.0000000 295.9766047 295.9249959 
295.0000000 295.7801862 295.7285773 
296.0000000 295.5837676 295.5321588 
297.0000000 295.3873491 295.3357402 
298.0000000 295.1909305 295.1393217 
299.0000000 294.9945120 294.9429031 
300.0000000 294.7980934 294.7464846 
301.0000000 294.6016749 294.5500660 
302.0000000 294.4052563 294.3536475 
303.0000000 294.2088377 294.1572289 
304.0000000 294.0124192 293.9608104 
305.0000000 293.8160006 293.7643918 
306.0000000 293.6195821 293.5679733 
307.0000000 293.4231635 293.3715547 
308.0000000 293.2267450 293.1751362 
309.0000000 293.0303264 292.9787176 
310.0000000 292.8339079 292.7822991 
311.0000000 292.6374893 292.5858805 
312.0000000 292.4410708 292.3894620 
313.0000000 292.2446522 292.1930434 
314.0000000 292.0482337 291.9966249 
315.0000000 291.8518151 291.8002063 
316.0000000 291.6553966 291.6037878 
317.0000000 291.4589780 291.4073692 
318.0000000 291.2625595 291.2109507 
319.0000000 291.0661409 291.0145321 
320.0000000 290.8697224 290.8181136 
321.0000000 290.6733038 290.6216950 
322.0000000 290.4768853 290.4252765 
323.0000000 290.2804667 290.2288579 
324.0000000 290.0840482 290.0324394 
325.0000000 289.8876296 289.8360208 
326.0000000 289.6912111 289.6396023 
327.0000000 289.4947925 289.4431837 
328.0000000 289.2983740 289.2467652 
329.0000000 289.1019554 289.0503466 
330.0000000 288.9055369 288.8539281 
331.0000000 288.7091183 288.6575095 
332.0000000 288.5126998 288.4610910 
333.0000000 288.3162812 288.2646724 
334.0000000 288.1198627 288.0682539 
335.0000000 287.9234441 287.8718353 
336.0000000 287.7270256 287.6754168 
337.0000000 287.5306070 287.4789982 
338.0000000 287.3341885 287.2825797 
339.0000000 287.1377699 287.0861611 
340.0000000 286.9413514 286.8897426 
341.0000000 286.7449328 286.6933240 
342.0000000 286.5485143 286.4969055 
343.0000000 286.3520957 286.3004869 
344.0000000 286.1556772 286.1040684 
345.0000000 285.9592586 285.9076498 
346.0000000 285.7628401 285.7112313 
347.0000000 285.5664215 285.5148127 
348.0000000 285.3700030 285.3183942 
349.0000000 285.1735844 285.1219756 
350.0000000 284.9771659 284.9255571 
351.0000000 284.7807473 284.7291385 
352.0000000 284.5843288 284.5327200 
353.0000000 284.3879102 284.3363014 
354.0000000 284.1914917 284.1398829 
355.0000000 283.9950731 283.9434643 
356.0000000 283.7986546 283.7470458 
357.0000000 283.6022360 283.5506272 
358.0000000 283.4058175 283.3542087 
359.0000000 283.2093989 283.1577901 
360.0000000 283.0129804 282.9613716 
361.0000000 282.8165618 282.7649530 
362.0000000 282.6201433 282.5685345 
363.0000000 282.4237247 282.3721159 
364.0000000 282.2273062 282.1756974 
365.0000000 282.0308876 281.9792788 
366.0000000 281.8344691 281.7828603 
367.0000000 281.6380505 281.5864417 
368.0000000 281.4416320 281.3900232 
369.0000000 281.2452134 281.1936046 
370.0000000 281.0487949 280.9971861 
371.0000000 280.8523763 280.8007675 
372.0000000 280.6559578 280.6043490 
373.0000000 280.4595392 280.4079304 
374.0000000 280.2631207 280.2115119 
375.0000000 280.0667021 280.0150933 
376.0000000 279.8702836 279.8186748 
377.0000000 279.6738650 279.6222562 
378.0000000 279.4774465 279.4258377 
379.0000000 279.2810279 279.2294191 
380.0000000 279.0846094 279.0330006 
381.0000000 278.8881908 278.8365820 
382.0000000 278.6917723 278.6401635 
383.0000000 278.4953537 278.4437449 
384.0000000 278.2989352 278.2473264 
385.0000000 278.1025166 278.0509078 
386.0000000 277.9060981 277.8544893 
387.0000000 277.7096795 277.6580707 
388.0000000 277.5132610 277.4616522 
389.0000000 277.3168424 277.2652336 
390.0000000 277.1204239 277.0688151 
391.0000000 276.9240053 276.8723965 
392.0000000 276.7275868 276.6759780 
393.0000000 276.5311682 276.4795594 
394.0000000 276.3347497 276.2831409 
395.0000000 276.1383311 276.0867223 
396.0000000 275.9419126 275.8903038 
397.0000000 275.7454940 275.6938852 
398.0000000 275.5490755 275.4974667 
399.0000000 275.3526569 275.3010481 
400.0000000 275.1562384 275.1046296 
401.0000000 274.9598198 274.9082110 
402.0000000 274.7634013 274.7117925 
403.0000000 274.5669827 274.5153739 
404.0000000 274.3705642 274.3189554 
405.0000000 274.1741456 274.1225368 
406.0000000 273.9777271 273.9261183 
407.0000000 273.7813085 273.7296997 
408.0000000 273.5848900 273.5332812 
409.0000000 273.3884714 273.3368626 
410.0000000 273.1920529 273.1404441 
411.0000000 272.9956343 272.9440255 
412.0000000 272.7992158 272.7476070 
413.0000000 272.6027972 272.5511884 
414.0000000 272.4063787 272.3547699 
415.0000000 272.2099601 272.1583513 
416.0000000 272.0135416 271.9619328 
417.0000000 271.8171230 271.7655142 
418.0000000 271.6207045 271.5690957 
419.0000000 271.4242859 271.3726771 
420.0000000 271.2278674 271.1762586 
421.0000000 271.0314488 270.9798400 
422.0000000 270.8350303 270.7834215 
423.0000000 270.6386117 270.5870029 
424.0000000 270.4421932 270.3905844 
425.0000000 270.2457746 270.1941658 
426.0000000 270.0493561 269.9977473 
427.0000000 269.8529375 269.8013287 
428.0000000 269.6565190 269.6049102 
429.0000000 269.4601004 269.4084916 
430.0000000 269.2636819 269.2120731 
431.0000000 269.0672633 269.0156545 
432.0000000 268.8708448 268.8192360 
433.0000000 268.6744262 268.6228174 
434.0000000 268.4780077 268.4263989 
435.0000000 268.2815891 268.2299803 
436.0000000 268.0851706 268.0335618 
437.0000000 267.8887520 267.8371432 
438.0000000 267.6923335 267.6407247 
439.0000000 267.4959149 267.4443061 
440.0000000 267.2994964 267.2478875 
441.0000000 267.1030778 267.0514690 
442.0000000 266.9066593 266.8550504 
443.0000000 266.7102407 266.6586319 
444.0000000 266.5138222 266.4622133 
445.0000000 266.3174036 266.2657948 
446.0000000 266.1209851 266.0693762 
447.0000000 265.9245665 265.8729577 
448.0000000 265.7281480 265.6765391 
449.0000000 265.5317294 265.4801206 
450.0000000 265.3353109 265.2837020 
451.0000000 265.1388923 265.0872835 
452.0000000 264.9424738 264.8908649 
453.0000000 264.7460552 264.6944464 
454.0000000 264.5496367 264.4980278 
455.0000000 264.3532181 264.3016093 
456.0000000 264.1567995 264.1051907 
457.0000000 263.9603810 263.9087722 
458.0000000 263.7639624 263.7123536 
459.0000000 263.5675439 263.5159351 
460.0000000 263.3711253 263.3195165 
461.0000000 263.1747068 263.1230980 
462.0000000 262.9782882 262.9266794 
463.0000000 262.7818697 262.7302609 
464.0000000 262.5854511 262.5338423 
465.0000000 262.3890326 262.3374238 
466.0000000 262.1926140 262.1410052 
467.0000000 261.9961955 261.9445867 
468.0000000 261.7997769 261.7481681 
469.0000000 261.6033584 261.5517496 
470.0000000 261.4069398 261.3553310 
471.0000000 261.2105213 261.1589125 
472.0000000 261.0141027 260.9624939 
473.0000000 260.8176842 260.7660754 
474.0000000 260.6212656 260.5696568 
475.0000000 260.4248471 260.3732383 
476.0000000 260.2284285 260.1768197 
477.0000000 260.0320100 259.9804012 
478.0000000 259.8355914 259.7839826 
479.0000000 259.6391729 259.5875641 
480.0000000 259.4427543 259.3911455 
481.0000000 259.2463358 259.1947270 
482.0000000 259.0499172 258.9983084 
483.0000000 258.8534987 258.8018899 
484.0000000 258.6570801 258.6054713 
485.0000000 258.4606616 258.4090528 
486.0000000 258.2642430 258.2126342 
487.0000000 258.0678245 258.0162157 
488.0000000 257.8714059 257.8197971 
489.0000000 257.6749874 257.6233786 
490.0000000 257.4785688 257.4269600 
491.0000000 257.2821503 257.2305415 
492.0000000 257.0857317 257.0341229 
493.0000000 256.8893132 256.8377044 
494.0000000 256.6928946 256.6412858 
495.0000000 256.4964761 256.4448673 
496.0000000 256.3000575 256.2484487 
497.0000000 256.1036390 256.0520302 
498.0000000 255.9072204 255.8556116 
499.0000000 255.7108019 255.6591931 
500.0000000 255.5143833 255.4627745 
501.0000000 255.3179648 255.2663560 
502.0000000 255.1215462 255.0699374 
503.0000000 254.9251277 254.8735189 
504.0000000 254.7287091 254.6771003 
505.0000000 254.5322906 254.4806818 
506.0000000 254.3358720 254.2842632 
507.0000000 254.1394535 254.0878447 
508.0000000 253.9430349 253.8914261 
509.0000000 253.7466164 253.6950076 
510.0000000 253.5501978 253.4985890 
511.0000000 253.3537793 253.3021705 
512.0000000 253.1573607 253.1057519 
513.0000000 252.9609422 252.9093334 
514.0000000 252.7645236 252.7129148 
515.0000000 252.5681051 252.5164963 
516.0000000 252.3716865 252.3200777 
517.0000000 252.1752680 252.1236592 
518.0000000 251.9788494 251.9272406 
519.0000000 251.7824309 251.7308221 
520.0000000 251.5860123 251.5344035 
521.0000000 251.3895938 251.3379850 
522.0000000 251.1931752 251.1415664 
523.0000000 250.9967567 250.9451479 
524.0000000 250.8003381 250.7487293 
525.0000000 250.6039196 250.5523108 
526.0000000 250.4075010 250.3558922 
527.0000000 250.2110825 250.1594737 
528.0000000 250.0146639 249.9630551 
529.0000000 249.8182454 249.7666366 
530.0000000 249.6218268 249.5702180 
531.0000000 249.4254083 249.3737995 
532.0000000 249.2289897 249.1773809 
533.0000000 249.0325712 248.9809624 
534.0000000 248.8361526 248.7845438 
535.0000000 248.6397341 248.5881253 
536.0000000 248.4433155 248.3917067 
537.0000000 248.2468970 248.1952882 
538.0000000 248.0504784 247.9988696 
539.0000000 247.8540599 247.8024511 
540.0000000 247.6576413 247.6060325 
541.0000000 247.4612228 247.4096140 
542.0000000 247.2648042 247.2131954 
543.0000000 247.0683857 247.0167769 
544.0000000 246.8719671 246.8203583 
545.0000000 246.6755486 246.6239398 
546.0000000 246.4791300 246.4275212 
547.0000000 246.2827115 246.2311027 
548.0000000 246.0862929 246.0346841 
549.0000000 245.8898744 245.8382656 
550.0000000 245.6934558 245.6418470 
551.0000000 245.4970373 245.4454285 
552.0000000 245.3006187 245.2490099 
553.0000000 245.1042002 245.0525914 
554.0000000 244.9077816 244.8561728 
555.0000000 244.7113631 244.6597543 
556.0000000 244.5149445 244.4633357 
557.0000000 244.3185260 244.2669172 
558.0000000 244.1221074 244.0704986 
559.0000000 243.9256889 243.8740801 
560.0000000 243.7292703 243.6776615 
561.0000000 243.5328518 243.4812430 
562.0000000 243.3364332 243.2848244 
563.0000000 243.1400147 243.0884059 
564.0000000 242.9435961 242.8919873 
565.0000000 242.7471776 242.6955688 
566.0000000 242.5507590 242.4991502 
567.0000000 242.3543405 242.3027317 
568.0000000 242.1579219 242.1063131 
569.0000000 241.9615034 241.9098946 
570.0000000 241.7650848 241.7134760 
571.0000000 241.5686663 241.5170575 
572.0000000 241.3722477 241.3206389 
573.0000000 241.1758292 241.1242204 
574.0000000 240.9794106 240.9278018 
575.0000000 240.7829921 240.7313833 
576.0000000 240.5865735 240.5349647 
577.0000000 240.3901550 240.3385462 
578.0000000 240.1937364 240.1421276 
579.0000000 239.9973179 239.9457091 
580.0000000 239.8008993 239.7492905 
581.0000000 239.6044808 239.5528720 
582.0000000 239.4080622 239.3564534 
583.0000000 239.2116437 239.1600349 
584.0000000 239.0152251 238.9636163 
585.0000000 238.8188066 238.7671978 
586.0000000 238.6223880 238.5707792 
587.0000000 238.4259695 238.3743607 
588.0000000 238.2295509 238.1779421 
589.0000000 238.0331324 237.9815236 
590.0000000 237.8367138 237.7851050 
591.0000000 237.6402953 237.5886864 
592.0000000 237.4438767 237.3922679 
593.0000000 237.2474582 237.1958493 
594.0000000 237.0510396 236.9994308 
595.0000000 236.8546211 236.8030122 
596.0000000 236.6582025 236.6065937 
597.0000000 236.4617840 236.4101751 
598.0000000 236.2653654 236.2137566 
599.0000000 236.0689469 236.0173380 
600.0000000 235.8725283 235.8209195 
601.0000000 235.6761098 235.6245009 
602.0000000 235.4796912 235.4280824 
603.0000000 235.2832727 235.2316638 
604.0000000 235.0868541 235.0352453 
605.0000000 234.8904356 234.8388267 
606.0000000 234.6940170 234.6424082 
607.0000000 234.4975984 234.4459896 
608.0000000 234.3011799 234.2495711 
609.0000000 234.1047613 234.0531525 
610.0000000 233.9083428 233.8567340 
611.0000000 233.7119242 233.6603154 
612.0000000 233.5155057 233.4638969 
613.0000000 233.3190871 233.2674783 
614.0000000 233.1226686 233.0710598 
615.0000000 232.9262500 232.8746412 
616.0000000 232.7298315 232.6782227 
617.0000000 232.5334129 232.4818041 
618.0000000 232.3369944 232.2853856 
619.0000000 232.1405758 232.0889670 
620.0000000 231.9441573 231.8925485 
621.0000000 231.7477387 231.6961299 
622.0000000 231.5513202 231.4997114 
623.0000000 231.3549016 231.3032928 
624.0000000 231.1584831 231.1068743 
625.0000000 230.9620645 230.9104557 
626.0000000 230.7656460 230.7140372 
627.0000000 230.5692274 230.5176186 
628.0000000 230.3728089 230.3212001 
629.0000000 230.1763903 230.1247815 
630.0000000 229.9799718 229.9283630 
631.0000000 229.7835532 229.7319444 
632.0000000 229.5871347 229.5355259 
633.0000000 229.3907161 229.3391073 
634.0000000 229.1942976 229.1426888 
635.0000000 228.9978790 228.9462702 
636.0000000 228.8014605 228.7498517 
637.0000000 228.6050419 228.5534331 
638.0000000 228.4086234 228.3570146 
639.0000000 228.2122048 228.1605960 
640.0000000 228.0157863 227.9641775 
641.0000000 227.8193677 227.7677589 
642.0000000 227.6229492 227.5713404 
643.0000000 227.4265306 227.3749218 
644.0000000 227.2301121 227.1785033 
645.0000000 227.0336935 226.9820847 
646.0000000 226.8372750 226.7856662 
647.0000000 226.6408564 226.5892476 
648.0000000 226.4444379 226.3928291 
649.0000000 226.2480193 226.1964105 
650.0000000 226.0516008 225.9999920 
651.0000000 225.8551822 225.8035734 
652.0000000 225.6587637 225.6071549 
653.0000000 225.4623451 225.4107363 
654.0000000 225.2659266 225.2143178 
655.0000000 225.0695080 225.0178992 
656.0000000 224.8730895 224.8214807 
657.0000000 224.6766709 224.6250621 
658.0000000 224.4802524 224.4286436 
659.0000000 224.2838338 224.2322250 
660.0000000 224.0874153 224.0358065 
661.0000000 223.8909967 223.8393879 
662.0000000 223.6945782 223.6429694 
663.0000000 223.4981596 223.4465508 
664.0000000 223.3017411 223.2501323 
665.0000000 223.1053225 223.0537137 
666.0000000 222.9089040 222.8572952 
667.0000000 222.7124854 222.6608766 
668.0000000 222.5160669 222.4644581 
669.0000000 222.3196483 222.2680395 
670.0000000 222.1232298 222.0716210 
671.0000000 221.9268112 221.8752024 
672.0000000 221.7303927 221.6787839 
673.0000000 221.5339741 221.4823653 
674.0000000 221.3375556 221.2859468 
675.0000000 221.1411370 221.0895282 
676.0000000 220.9447185 220.8931097 
677.0000000 220.7482999 220.6966911 
678.0000000 220.5518814 220.5002726 
679.0000000 220.3554628 220.3038540 
680.0000000 220.1590443 220.1074355 
681.0000000 219.9626257 219.9110169 
682.0000000 219.7662072 219.7145984 
683.0000000 219.5697886 219.5181798 
684.0000000 219.3733701 219.3217613 
685.0000000 219.1769515 219.1253427 
686.0000000 218.9805330 218.9289242 
687.0000000 218.7841144 218.7325056 
688.0000000 218.5876959 218.5360871 
689.0000000 218.3912773 218.3396685 
690.0000000 218.1948588 218.1432500 
691.0000000 217.9984402 217.9468314 
692.0000000 217.8020217 217.7504129 
693.0000000 217.6056031 217.5539943 
694.0000000 217.4091846 217.3575758 
695.0000000 217.2127660 217.1611572 
696.0000000 217.0163475 216.9647387 
697.0000000 216.8199289 216.7683201 
698.0000000 216.6235104 216.5719016 
699.0000000 216.4270918 216.3754830 
700.0000000 216.2306733 216.1790645 
701.0000000 216.0342547 215.9826459 
702.0000000 215.8378362 215.7862274 
703.0000000 215.6414176 215.5898088 
704.0000000 215.4449991 215.3933903 
705.0000000 215.2485805 215.1969717 
706.0000000 215.0521620 215.0005532 
707.0000000 214.8557434 214.8041346 
708.0000000 214.6593249 214.6077161 
709.0000000 214.4629063 214.4112975 
710.0000000 214.2664878 214.2148790 
711.0000000 214.0700692 214.0184604 
712.0000000 213.8736507 213.8220419 
713.0000000 213.6772321 213.6256233 
714.0000000 213.4808136 213.4292048 
715.0000000 213.2843950 213.2327862 
716.0000000 213.0879765 213.0363677 
717.0000000 212.8915579 212.8399491 
718.0000000 212.6951394 212.6435306 
719.0000000 212.4987208 212.4471120 
720.0000000 212.3023023 212.2506935 
721.0000000 212.1058837 212.0542749 
722.0000000 211.9094652 211.8578564 
723.0000000 211.7130466 211.6614378 
724.0000000 211.5166281 211.4650193 
725.0000000 211.3202095 211.2686007 
726.0000000 211.1237910 211.0721822 
727.0000000 210.9273724 210.8757636 
728.0000000 210.7309539 210.6793451 
729.0000000 210.5345353 210.4829265 
730.0000000 210.3381168 210.2865080 
731.0000000 210.1416982 210.0900894 
732.0000000 209.9452797 209.8936709 
733.0000000 209.7488611 209.6972523 
734.0000000 209.5524426 209.5008338 
735.0000000 209.3560240 209.3044152 
736.0000000 209.1596055 209.1079967 
737.0000000 208.9631869 208.9115781 
738.0000000 208.7667684 208.7151596 
739.0000000 208.5703498 208.5187410 
740.0000000 208.3739313 208.3223225 
741.0000000 208.1775127 208.1259039 
742.0000000 207.9810942 207.9294854 
743.0000000 207.7846756 207.7330668 
744.0000000 207.5882571 207.5366482 
745.0000000 207.3918385 207.3402297 
746.0000000 207.1954200 207.1438111 
747.0000000 206.9990014 206.9473926 
748.0000000 206.8025829 206.7509740 
749.0000000 206.6061643 206.5545555 
750.0000000 206.4097458 206.3581369 
751.0000000 206.2133272 206.1617184 
752.0000000 206.0169087 205.9652998 
753.0000000 205.8204901 205.7688813 
754.0000000 205.6240716 205.5724627 
755.0000000 205.4276530 205.3760442 
756.0000000 205.2312345 205.1796256 
757.0000000 205.0348159 204.9832071 
758.0000000 204.8383973 204.7867885 
759.0000000 204.6419788 204.5903700 
760.0000000 204.4455602 204.3939514 
761.0000000 204.2491417 204.1975329 
762.0000000 204.0527231 204.0011143 
763.0000000 203.8563046 203.8046958 
764.0000000 203.6598860 203.6082772 
765.0000000 203.4634675 203.4118587 
766.0000000 203.2670489 203.2154401 
767.0000000 203.0706304 203.0190216 
768.0000000 202.8742118 202.8226030 
769.0000000 202.6777933 202.6261845 
770.0000000 202.4813747 202.4297659 
771.0000000 202.2849562 202.2333474 
772.0000000 202.0885376 202.0369288 
773.0000000 201.8921191 201.8405103 
774.0000000 201.6957005 201.6440917 
775.0000000 201.4992820 201.4476732 
776.0000000 201.3028634 201.2512546 
777.0000000 201.1064449 201.0548361 
778.0000000 200.9100263 200.8584175 
779.0000000 200.7136078 200.6619990 
780.0000000 200.5171892 200.4655804 
781.0000000 200.3207707 200.2691619 
782.0000000 200.1243521 200.0727433 
783.0000000 199.9279336 199.8763248 
784.0000000 199.7315150 199.6799062 
785.0000000 199.5350965 199.4834877 
786.0000000 199.3386779 199.2870691 
787.0000000 199.1422594 199.0906506 
788.0000000 198.9458408 198.8942320 
789.0000000 198.7494223 198.6978135 
790.0000000 198.5530037 198.5013949 
791.0000000 198.3565852 198.3049764 
792.0000000 198.1601666 198.1085578 
793.0000000 197.9637481 197.9121393 
794.0000000 197.7673295 197.7157207 
795.0000000 197.5709110 197.5193022 
796.0000000 197.3744924 197.3228836 
797.0000000 197.1780739 197.1264651 
798.0000000 196.9816553 196.9300465 
799.0000000 196.7852368 196.7336280 
800.0000000 196.5888182 196.5372094 
801.0000000 196.3923997 196.3407909 
802.0000000 196.1959811 196.1443723 
803.0000000 195.9995626 195.9479538 
804.0000000 195.8031440 195.7515352 
805.0000000 195.6067255 195.5551167 
806.0000000 195.4103069 195.3586981 
807.0000000 195.2138884 195.1622796 
808.0000000 195.0174698 194.9658610 
809.0000000 194.8210513 194.7694425 
810.0000000 194.6246327 194.5730239 
811.0000000 194.4282142 194.3766054 
812.0000000 194.2317956 194.1801868 
813.0000000 194.0353771 193.9837683 
814.0000000 193.8389585 193.7873497 
815.0000000 193.6425400 193.5909312 
816.0000000 193.4461214 193.3945126 
817.0000000 193.2497029 193.1980941 
818.0000000 193.0532843 193.0016755 
819.0000000 192.8568658 192.8052570 
820.0000000 192.6604472 192.6088384 
821.0000000 192.4640287 192.4124199 
822.0000000 192.2676101 192.2160013 
823.0000000 192.0711916 192.0195828 
824.0000000 191.8747730 191.8231642 
825.0000000 191.6783545 191.6267457 
826.0000000 191.4819359 191.4303271 
827.0000000 191.2855174 191.2339086 
828.0000000 191.0890988 191.0374900 
829.0000000 190.8926803 190.8410715 
830.0000000 190.6962617 190.6446529 
831.0000000 190.4998432 190.4482344 
832.0000000 190.3034246 190.2518158 
833.0000000 190.1070061 190.0553973 
834.0000000 189.9105875 189.8589787 
835.0000000 189.7141690 189.6625602 
836.0000000 189.5177504 189.4661416 
837.0000000 189.3213319 189.2697231 
838.0000000 189.1249133 189.0733045 
839.0000000 188.9284948 188.8768860 
840.0000000 188.7320762 188.6804674 
841.0000000 188.5356577 188.4840489 
842.0000000 188.3392391 188.2876303 
843.0000000 188.1428206 188.0912118 
844.0000000 187.9464020 187.8947932 
845.0000000 187.7499835 187.6983747 
846.0000000 187.5535649 187.5019561 
847.0000000 187.3571464 187.3055376 
848.0000000 187.1607278 187.1091190 
849.0000000 186.9643093 186.9127005 
850.0000000 186.7678907 186.7162819 
851.0000000 186.5714722 186.5198634 
852.0000000 186.3750536 186.3234448 
853.0000000 186.1786351 186.1270263 
854.0000000 185.9822165 185.9306077 
855.0000000 185.7857980 185.7341892 
856.0000000 185.5893794 185.5377706 
857.0000000 185.3929609 185.3413521 
858.0000000 185.1965423 185.1449335 
859.0000000 185.0001238 184.9485150 
860.0000000 184.8037052 184.7520964 
861.0000000 184.6072867 184.5556779 
862.0000000 184.4108681 184.3592593 
863.0000000 184.2144496 184.1628408 
864.0000000 184.0180310 183.9664222 
865.0000000 183.8216125 183.7700037 
866.0000000 183.6251939 183.5735851 
867.0000000 183.4287754 183.3771666 
868.0000000 183.2323568 183.1807480 
869.0000000 183.0359383 182.9843295 
870.0000000 182.8395197 182.7879109 
871.0000000 182.6431012 182.5914924 
872.0000000 182.4466826 182.3950738 
873.0000000 182.2502641 182.1986553 
874.0000000 182.0538455 182.0022367 
875.0000000 181.8574270 181.8058182 
876.0000000 181.6610084 181.6093996 
877.0000000 181.4645899 181.4129811 
878.0000000 181.2681713 181.2165625 
879.0000000 181.0717528 181.0201440 
880.0000000 180.8753342 180.8237254 
881.0000000 180.6789157 180.6273069 
882.0000000 180.4824971 180.4308883 
883.0000000 180.2860786 180.2344698 
884.0000000 180.0896600 180.0380512 
885.0000000 179.8932415 179.8416327 
886.0000000 179.6968229 179.6452141 
887.0000000 179.5004044 179.4487956 
888.0000000 179.3039858 179.2523770 
889.0000000 179.1075673 179.0559585 
890.0000000 178.9111487 178.8595399 
891.0000000 178.7147302 178.6631214 
892.0000000 178.5183116 178.4667028 
893.0000000 178.3218931 178.2702843 
894.0000000 178.1254745 178.0738657 
895.0000000 177.9290560 177.8774471 
896.0000000 177.7326374 177.6810286 
897.0000000 177.5362189 177.4846100 
898.0000000 177.3398003 177.2881915 
899.0000000 177.1433818 177.0917729 
900.0000000 176.9469632 176.8953544 
901.0000000 176.7505447 176.6989358 
902.0000000 176.5541261 176.5025173 
903.0000000 176.3577076 176.3060987 
904.0000000 176.1612890 176.1096802 
905.0000000 175.9648705 175.9132616 
906.0000000 175.7684519 175.7168431 
907.0000000 175.5720334 175.5204245 
908.0000000 175.3756148 175.3240060 
909.0000000 175.1791963 175.1275874 
910.0000000 174.9827777 174.9311689 
911.0000000 174.7863591 174.7347503 
912.0000000 174.5899406 174.5383318 
913.0000000 174.3935220 174.3419132 
914.0000000 174.1971035 174.1454947 
915.0000000 174.0006849 173.9490761 
916.0000000 173.8042664 173.7526576 
917.0000000 173.6078478 173.5562390 
918.0000000 173.4114293 173.3598205 
919.0000000 173.2150107 173.1634019 
920.0000000 173.0185922 172.9669834 
921.0000000 172.8221736 172.7705648 
922.0000000 172.6257551 172.5741463 
923.0000000 172.4293365 172.3777277 
924.0000000 172.2329180 172.1813092 
925.0000000 172.0364994 171.9848906 
926.0000000 171.8400809 171.7884721 
927.0000000 171.6436623 171.5920535 
928.0000000 171.4472438 171.3956350 
929.0000000 171.2508252 171.1992164 
930.0000000 171.0544067 171.0027979 
931.0000000 170.8579881 170.8063793 
932.0000000 170.6615696 170.6099608 
933.0000000 170.4651510 170.4135422 
934.0000000 170.2687325 170.2171237 
935.0000000 170.0723139 170.0207051 
936.0000000 169.8758954 169.8242866 
937.0000000 169.6794768 169.6278680 
938.0000000 169.4830583 169.4314495 
939.0000000 169.2866397 169.2350309 
940.0000000 169.0902212 169.0386124 
941.0000000 168.8938026 168.8421938 
942.0000000 168.6973841 168.6457753 
943.0000000 168.5009655 168.4493567 
944.0000000 168.3045470 168.2529382 
945.0000000 168.1081284 168.0565196 
946.0000000 167.9117099 167.8601011 
947.0000000 167.7152913 167.6636825 
948.0000000 167.5188728 167.4672640 
949.0000000 167.3224542 167.2708454 
950.0000000 167.1260357 167.0744269 
951.0000000 166.9296171 166.8780083 
952.0000000 166.7331986 166.6815898 
953.0000000 166.5367800 166.4851712 
954.0000000 166.3403615 166.2887527 
955.0000000 166.1439429 166.0923341 
956.0000000 165.9475244 165.8959156 
957.0000000 165.7511058 165.6994970 
958.0000000 165.5546873 165.5030785 
959.0000000 165.3582687 165.3066599 
960.0000000 165.1618502 165.1102414 
961.0000000 164.9654316 164.9138228 
962.0000000 164.7690131 164.7174043 
963.0000000 164.5725945 164.5209857 
964.0000000 164.3761760 164.3245672 
965.0000000 164.1797574 164.1281486 
966.0000000 163.9833389 163.9317301 
967.0000000 163.7869203 163.7353115 
968.0000000 163.5905018 163.5388930 
969.0000000 163.3940832 163.3424744 
970.0000000 163.1976647 163.1460559 
971.0000000 163.0012461 162.9496373 
972.0000000 162.8048276 162.7532188 
973.0000000 162.6084090 162.5568002 
974.0000000 162.4119905 162.3603817 
975.0000000 162.2155719 162.1639631 
976.0000000 162.0191534 161.9675446 
977.0000000 161.8227348 161.7711260 
978.0000000 161.6263163 161.5747075 
979.0000000 161.4298977 161.3782889 
980.0000000 161.2334792 161.1818704 
981.0000000 161.0370606 160.9854518 
982.0000000 160.8406421 160.7890333 
983.0000000 160.6442235 160.5926147 
984.0000000 160.4478050 160.3961962 
985.0000000 160.2513864 160.1997776 
986.0000000 160.0549679 160.0033591 
987.0000000 159.8585493 159.8069405 
988.0000000 159.6621308 159.6105220 
989.0000000 159.4657122 159.4141034 
990.0000000 159.2692937 159.2176849 
991.0000000 159.0728751 159.0212663 
992.0000000 158.8764566 158.8248478 
993.0000000 158.6800380 158.6284292 
994.0000000 158.4836195 158.4320107 
995.0000000 158.2872009 158.2355921 
996.0000000 158.0907824 158.0391736 
997.0000000 157.8943638 157.8427550 
998.0000000 157.6979453 157.6463365 
999.0000000 157.5015267 157.4499179 
1000.0000000 157.3051082 157.2534994 
1001.0000000 157.1086896 157.0570808 
1002.0000000 156.9122711 156.8606623 
1003.0000000 156.7158525 156.6642437 
1004.0000000 156.5194340 156.4678252 
1005.0000000 156.3230154 156.2714066 
1006.0000000 156.1265969 156.0749881 
1007.0000000 155.9301783 155.8785695 
1008.0000000 155.7337598 155.6821510 
1009.0000000 155.5373412 155.4857324 
1010.0000000 155.3409227 155.2893139 
1011.0000000 155.1445041 155.0928953 
1012.0000000 154.9480856 154.8964768 
1013.0000000 154.7516670 154.7000582 
1014.0000000 154.5552485 154.5036397 
1015.0000000 154.3588299 154.3072211 
1016.0000000 154.1624114 154.1108026 
1017.0000000 153.9659928 153.9143840 
1018.0000000 153.7695743 153.7179655 
1019.0000000 153.5731557 153.5215469 
1020.0000000 153.3767372 153.3251284 
1021.0000000 153.1803186 153.1287098 
1022.0000000 152.9839001 152.9322913 
1023.0000000 152.7874815 152.7358727 
1024.0000000 152.5910630 152.5394542 
1025.0000000 152.3946444 152.3430356 
1026.0000000 152.1982259 152.1466171 
1027.0000000 152.0018073 151.9501985 
1028.0000000 151.8053888 151.7537800 
1029.0000000 151.6089702 151.5573614 
1030.0000000 151.4125517 151.3609429 
1031.0000000 151.2161331 151.1645243 
1032.0000000 151.0197146 150.9681058 
1033.0000000 150.8232960 150.7716872 
1034.0000000 150.6268775 150.5752687 
1035.0000000 150.4304589 150.3788501 
1036.0000000 150.2340404 150.1824316 
1037.0000000 150.0376218 149.9860130 
1038.0000000 149.8412033 149.7895945 
1039.0000000 149.6447847 149.5931759 
1040.0000000 149.4483662 149.3967574 
1041.0000000 149.2519476 149.2003388 
1042.0000000 149.0555291 149.0039203 
1043.0000000 148.8591105 148.8075017 
1044.0000000 148.6626920 148.6110832 
1045.0000000 148.4662734 148.4146646 
1046.0000000 148.2698549 148.2182460 
1047.0000000 148.0734363 148.0218275 
1048.0000000 147.8770178 147.8254089 
1049.0000000 147.6805992 147.6289904 
1050.0000000 147.4841807 147.4325718 
1051.0000000 147.2877621 147.2361533 
1052.0000000 147.0913436 147.0397347 
1053.0000000 146.8949250 146.8433162 
1054.0000000 146.6985065 146.6468976 
1055.0000000 146.5020879 146.4504791 
1056.0000000 146.3056694 146.2540605 
1057.0000000 146.1092508 146.0576420 
1058.0000000 145.9128323 145.8612234 
1059.0000000 145.7164137 145.6648049 
1060.0000000 145.5199952 145.4683863 
1061.0000000 145.3235766 145.2719678 
1062.0000000 145.1271580 145.0755492 
1063.0000000 144.9307395 144.8791307 
1064.0000000 144.7343209 144.6827121 
1065.0000000 144.5379024 144.4862936 
1066.0000000 144.3414838 144.2898750 
1067.0000000 144.1450653 144.0934565 
1068.0000000 143.9486467 143.8970379 
1069.0000000 143.7522282 143.7006194 
1070.0000000 143.5558096 143.5042008 
1071.0000000 143.3593911 143.3077823 
1072.0000000 143.1629725 143.1113637 
1073.0000000 142.9665540 142.9149452 
1074.0000000 142.7701354 142.7185266 
1075.0000000 142.5737169 142.5221081 
1076.0000000 142.3772983 142.3256895 
1077.0000000 142.1808798 142.1292710 
1078.0000000 141.9844612 141.9328524 
1079.0000000 141.7880427 141.7364339 
1080.0000000 141.5916241 141.5400153 
1081.0000000 141.3952056 141.3435968 
1082.0000000 141.1987870 141.1471782 
1083.0000000 141.0023685 140.9507597 
1084.0000000 140.8059499 140.7543411 
1085.0000000 140.6095314 140.5579226 
1086.0000000 140.4131128 140.3615040 
1087.0000000 140.2166943 140.1650855 
1088.0000000 140.0202757 139.9686669 
1089.0000000 139.8238572 139.7722484 
1090.0000000 139.6274386 139.5758298 
1091.0000000 139.4310201 139.3794113 
1092.0000000 139.2346015 139.1829927 
1093.0000000 139.0381830 138.9865742 
1094.0000000 138.8417644 138.7901556 
1095.0000000 138.6453459 138.5937371 
1096.0000000 138.4489273 138.3973185 
1097.0000000 138.2525088 138.2009000 
1098.0000000 138.0560902 138.0044814 
1099.0000000 137.8596717 137.8080629 
1100.0000000 137.6632531 137.6116443 
1101.0000000 137.4668346 137.4152258 
1102.0000000 137.2704160 137.2188072 
1103.0000000 137.0739975 137.0223887 
1104.0000000 136.8775789 136.8259701 
1105.0000000 136.6811604 136.6295516 
1106.0000000 136.4847418 136.4331330 
1107.0000000 136.2883233 136.2367145 
1108.0000000 136.0919047 136.0402959 
1109.0000000 135.8954862 135.8438774 
1110.0000000 135.6990676 135.6474588 
1111.0000000 135.5026491 135.4510403 
1112.0000000 135.3062305 135.2546217 
1113.0000000 135.1098120 135.0582032 
1114.0000000 134.9133934 134.8617846 
1115.0000000 134.7169749 134.6653661 
1116.0000000 134.5205563 134.4689475 
1117.0000000 134.3241378 134.2725290 
1118.0000000 134.1277192 134.0761104 
1119.0000000 133.9313007 133.8796919 
1120.0000000 133.7348821 133.6832733 
1121.0000000 133.5384636 133.4868548 
1122.0000000 133.3420450 133.2904362 
1123.0000000 133.1456265 133.0940177 
1124.0000000 132.9492079 132.8975991 
1125.0000000 132.7527894 132.7011806 
1126.0000000 132.5563708 132.5047620 
1127.0000000 132.3599523 132.3083435 
1128.0000000 132.1635337 132.1119249 
1129.0000000 131.9671152 131.9155064 
1130.0000000 131.7706966 131.7190878 
1131.0000000 131.5742781 131.5226693 
1132.0000000 131.3778595 131.3262507 
1133.0000000 131.1814410 131.1298322 
1134.0000000 130.9850224 130.9334136 
1135.0000000 130.7886039 130.7369951 
1136.0000000 130.5921853 130.5405765 
1137.0000000 130.3957668 130.3441580 
1138.0000000 130.1993482 130.1477394 
1139.0000000 130.0029297 129.9513209 
1140.0000000 129.8065111 129.7549023 
1141.0000000 129.6100926 129.5584838 
1142.0000000 129.4136740 129.3620652 
1143.0000000 129.2172555 129.1656467 
1144.0000000 129.0208369 128.9692281 
1145.0000000 128.8244184 128.7728096 
1146.0000000 128.6279998 128.5763910 
1147.0000000 128.4315813 128.3799725 
1148.0000000 128.2351627 128.1835539 
1149.0000000 128.0387442 127.9871354 
1150.0000000 127.8423256 127.7907168 
1151.0000000 127.6459071 127.5942983 
1152.0000000 127.4494885 127.3978797 
1153.0000000 127.2530700 127.2014612 
1154.0000000 127.0566514 127.0050426 
1155.0000000 126.8602329 126.8086241 
1156.0000000 126.6638143 126.6122055 
1157.0000000 126.4673958 126.4157870 
1158.0000000 126.2709772 126.2193684 
1159.0000000 126.0745587 126.0229499 
1160.0000000 125.8781401 125.8265313 
1161.0000000 125.6817216 125.6301128 
1162.0000000 125.4853030 125.4336942 
1163.0000000 125.2888845 125.2372757 
1164.0000000 125.0924659 125.0408571 
1165.0000000 124.8960474 124.8444386 
1166.0000000 124.6996288 124.6480200 
1167.0000000 124.5032103 124.4516015 
1168.0000000 124.3067917 124.2551829 
1169.0000000 124.1103732 124.0587644 
1170.0000000 123.9139546 123.8623458 
1171.0000000 123.7175361 123.6659273 
1172.0000000 123.5211175 123.4695087 
1173.0000000 123.3246990 123.2730902 
1174.0000000 123.1282804 123.0766716 
1175.0000000 122.9318619 122.8802531 
1176.0000000 122.7354433 122.6838345 
1177.0000000 122.5390248 122.4874160 
1178.0000000 122.3426062 122.2909974 
1179.0000000 122.1461877 122.0945789 
1180.0000000 121.9497691 121.8981603 
1181.0000000 121.7533506 121.7017418 
1182.0000000 121.5569320 121.5053232 
1183.0000000 121.3605135 121.3089047 
1184.0000000 121.1640949 121.1124861 
1185.0000000 120.9676764 120.9160676 
1186.0000000 120.7712578 120.7196490 
1187.0000000 120.5748393 120.5232305 
1188.0000000 120.3784207 120.3268119 
1189.0000000 120.1820022 120.1303934 
1190.0000000 119.9855836 119.9339748 
1191.0000000 119.7891651 119.7375563 
1192.0000000 119.5927465 119.5411377 
1193.0000000 119.3963280 119.3447192 
1194.0000000 119.1999094 119.1483006 
1195.0000000 119.0034909 118.9518821 
1196.0000000 118.8070723 118.7554635 
1197.0000000 118.6106538 118.5590450 
1198.0000000 118.4142352 118.3626264 
1199.0000000 118.2178167 118.1662078 
1200.0000000 118.0213981 117.9697893 
1201.0000000 117.8249796 117.7733707 
1202.0000000 117.6285610 117.5769522 
1203.0000000 117.4321425 117.3805336 
1204.0000000 117.2357239 117.1841151 
1205.0000000 117.0393054 116.9876965 
1206.0000000 116.8428868 116.7912780 
1207.0000000 116.6464683 116.5948594 
1208.0000000 116.4500497 116.3984409 
1209.0000000 116.2536312 116.2020223 
1210.0000000 116.0572126 116.0056038 
1211.0000000 115.8607941 115.8091852 
1212.0000000 115.6643755 115.6127667 
1213.0000000 115.4679570 115.4163481 
1214.0000000 115.2715384 115.2199296 
1215.0000000 115.0751198 115.0235110 
1216.0000000 114.8787013 114.8270925 
1217.0000000 114.6822827 114.6306739 
1218.0000000 114.4858642 114.4342554 
1219.0000000 114.2894456 114.2378368 
1220.0000000 114.0930271 114.0414183 
1221.0000000 113.8966085 113.8449997 
1222.0000000 113.7001900 113.6485812 
1223.0000000 113.5037714 113.4521626 
1224.0000000 113.3073529 113.2557441 
1225.0000000 113.1109343 113.0593255 
1226.0000000 112.9145158 112.8629070 
1227.0000000 112.7180972 112.6664884 
1228.0000000 112.5216787 112.4700699 
1229.0000000 112.3252601 112.2736513 
1230.0000000 112.1288416 112.0772328 
1231.0000000 111.9324230 111.8808142 
1232.0000000 111.7360045 111.6843957 
1233.0000000 111.5395859 111.4879771 
1234.0000000 111.3431674 111.2915586 
1235.0000000 111.1467488 111.0951400 
1236.0000000 110.9503303 110.8987215 
1237.0000000 110.7539117 110.7023029 
1238.0000000 110.5574932 110.5058844 
1239.0000000 110.3610746 110.3094658 
1240.0000000 110.1646561 110.1130473 
1241.0000000 109.9682375 109.9166287 
1242.0000000 109.7718190 109.7202102 
1243.0000000 109.5754004 109.5237916 
1244.0000000 109.3789819 109.3273731 
1245.0000000 109.1825633 109.1309545 
1246.0000000 108.9861448 108.9345360 
1247.0000000 108.7897262 108.7381174 
1248.0000000 108.5933077 108.5416989 
1249.0000000 108.3968891 108.3452803 
1250.0000000 108.2004706 108.1488618 
1251.0000000 108.0040520 107.9524432 
1252.0000000 107.8076335 107.7560247 
1253.0000000 107.6112149 107.5596061 
1254.0000000 107.4147964 107.3631876 
1255.0000000 107.2183778 107.1667690 
1256.0000000 107.0219593 106.9703505 
1257.0000000 106.8255407 106.7739319 
1258.0000000 106.6291222 106.5775134 
1259.0000000 106.4327036 106.3810948 
1260.0000000 106.2362851 106.1846763 
1261.0000000 106.0398665 105.9882577 
1262.0000000 105.8434480 105.7918392 
1263.0000000 105.6470294 105.5954206 
1264.0000000 105.4506109 105.3990021 
1265.0000000 105.2541923 105.2025835 
1266.0000000 105.0577738 105.0061650 
1267.0000000 104.8613552 104.8097464 
1268.0000000 104.6649367 104.6133279 
1269.0000000 104.4685181 104.4169093 
1270.0000000 104.2720996 104.2204908 
1271.0000000 104.0756810 104.0240722 
1272.0000000 103.8792625 103.8276537 
1273.0000000 103.6828439 103.6312351 
1274.0000000 103.4864254 103.4348166 
1275.0000000 103.2900068 103.2383980 
1276.0000000 103.0935883 103.0419795 
1277.0000000 102.8971697 102.8455609 
1278.0000000 102.7007512 102.6491424 
1279.0000000 102.5043326 102.4527238 
1280.0000000 102.3079141 102.2563053 
1281.0000000 102.1114955 102.0598867 
1282.0000000 101.9150770 101.8634682 
1283.0000000 101.7186584 101.6670496 
1284.0000000 101.5222399 101.4706311 
1285.0000000 101.3258213 101.2742125 
1286.0000000 101.1294028 101.0777940 
1287.0000000 100.9329842 100.8813754 
1288.0000000 100.7365657 100.6849569 
1289.0000000 100.5401471 100.4885383 
1290.0000000 100.3437286 100.2921198 
1291.0000000 100.1473100 100.0957012 
1292.0000000 99.9508915 99.8992827 
1293.0000000 99.7544729 99.7028641 
1294.0000000 99.5580544 99.5064456 
1295.0000000 99.3616358 99.3100270 
1296.0000000 99.1652173 99.1136085 
1297.0000000 98.9687987 98.9171899 
1298.0000000 98.7723802 98.7207714 
1299.0000000 98.5759616 98.5243528 
1300.0000000 98.3795431 98.3279343 
1301.0000000 98.1831245 98.1315157 
1302.0000000 97.9867060 97.9350972 
1303.0000000 97.7902874 97.7386786 
1304.0000000 97.5938689 97.5422601 
1305.0000000 97.3974503 97.3458415 
1306.0000000 97.2010318 97.1494230 
1307.0000000 97.0046132 96.9530044 
1308.0000000 96.8081947 96.7565859 
1309.0000000 96.6117761 96.5601673 
1310.0000000 96.4153576 96.3637488 
1311.0000000 96.2189390 96.1673302 
1312.0000000 96.0225205 95.9709117 
1313.0000000 95.8261019 95.7744931 
1314.0000000 95.6296834 95.5780746 
1315.0000000 95.4332648 95.3816560 
1316.0000000 95.2368463 95.1852375 
1317.0000000 95.0404277 94.9888189 
1318.0000000 94.8440092 94.7924004 
1319.0000000 94.6475906 94.5959818 
1320.0000000 94.4511721 94.3995633 
1321.0000000 94.2547535 94.2031447 
1322.0000000 94.0583350 94.0067262 
1323.0000000 93.8619164 93.8103076 
1324.0000000 93.6654979 93.6138891 
1325.0000000 93.4690793 93.4174705 
1326.0000000 93.2726608 93.2210520 
1327.0000000 93.0762422 93.0246334 
1328.0000000 92.8798237 92.8282149 
1329.0000000 92.6834051 92.6317963 
1330.0000000 92.4869866 92.4353778 
1331.0000000 92.2905680 92.2389592 
1332.0000000 92.0941495 92.0425407 
1333.0000000 91.8977309 91.8461221 
1334.0000000 91.7013124 91.6497036 
1335.0000000 91.5048938 91.4532850 
1336.0000000 91.3084753 91.2568665 
1337.0000000 91.1120567 91.0604479 
1338.0000000 90.9156382 90.8640294 
1339.0000000 90.7192196 90.6676108 
1340.0000000 90.5228011 90.4711923 
1341.0000000 90.3263825 90.2747737 
1342.0000000 90.1299640 90.0783552 
1343.0000000 89.9335454 89.8819366 
1344.0000000 89.7371269 89.6855181 
1345.0000000 89.5407083 89.4890995 
1346.0000000 89.3442898 89.2926810 
1347.0000000 89.1478712 89.0962624 
1348.0000000 88.9514527 88.8998439 
1349.0000000 88.7550341 88.7034253 
1350.0000000 88.5586156 88.5070067 
1351.0000000 88.3621970 88.3105882 
1352.0000000 88.1657785 88.1141696 
1353.0000000 87.9693599 87.9177511 
1354.0000000 87.7729414 87.7213325 
1355.0000000 87.5765228 87.5249140 
1356.0000000 87.3801043 87.3284954 
1357.0000000 87.1836857 87.1320769 
1358.0000000 86.9872672 86.9356583 
1359.0000000 86.7908486 86.7392398 
1360.0000000 86.5944301 86.5428212 
1361.0000000 86.3980115 86.3464027 
1362.0000000 86.2015930 86.1499841 
1363.0000000 86.0051744 85.9535656 
1364.0000000 85.8087559 85.7571470 
1365.0000000 85.6123373 85.5607285 
1366.0000000 85.4159187 85.3643099 
1367.0000000 85.2195002 85.1678914 
1368.0000000 85.0230816 84.9714728 
1369.0000000 84.8266631 84.7750543 
1370.0000000 84.6302445 84.5786357 
1371.0000000 84.4338260 84.3822172 
1372.0000000 84.2374074 84.1857986 
1373.0000000 84.0409889 83.9893801 
1374.0000000 83.8445703 83.7929615 
1375.0000000 83.6481518 83.5965430 
1376.0000000 83.4517332 83.4001244 
1377.0000000 83.2553147 83.2037059 
1378.0000000 83.0588961 83.0072873 
1379.0000000 82.8624776 82.8108688 
1380.0000000 82.6660590 82.6144502 
1381.0000000 82.4696405 82.4180317 
1382.0000000 82.2732219 82.2216131 
1383.0000000 82.0768034 82.0251946 
1384.0000000 81.8803848 81.8287760 
1385.0000000 81.6839663 81.6323575 
1386.0000000 81.4875477 81.4359389 
1387.0000000 81.2911292 81.2395204 
1388.0000000 81.0947106 81.0431018 
1389.0000000 80.8982921 80.8466833 
1390.0000000 80.7018735 80.6502647 
1391.0000000 80.5054550 80.4538462 
1392.0000000 80.3090364 80.2574276 
1393.0000000 80.1126179 80.0610091 
1394.0000000 79.9161993 79.8645905 
1395.0000000 79.7197808 79.6681720 
1396.0000000 79.5233622 79.4717534 
1397.0000000 79.3269437 79.2753349 
1398.0000000 79.1305251 79.0789163 
1399.0000000 78.9341066 78.8824978 
1400.0000000 78.7376880 78.6860792 
1401.0000000 78.5412695 78.4896607 
1402.0000000 78.3448509 78.2932421 
1403.0000000 78.1484324 78.0968236 
1404.0000000 77.9520138 77.9004050 
1405.0000000 77.7555953 77.7039865 
1406.0000000 77.5591767 77.5075679 
1407.0000000 77.3627582 77.3111494 
1408.0000000 77.1663396 77.1147308 
1409.0000000 76.9699211 76.9183123 
1410.0000000 76.7735025 76.7218937 
1411.0000000 76.5770840 76.5254752 
1412.0000000 76.3806654 76.3290566 
1413.0000000 76.1842469 76.1326381 
1414.0000000 75.9878283 75.9362195 
1415.0000000 75.7914098 75.7398010 
1416.0000000 75.5949912 75.5433824 
1417.0000000 75.3985727 75.3469639 
1418.0000000 75.2021541 75.1505453 
1419.0000000 75.0057356 74.9541268 
1420.0000000 74.8093170 74.7577082 
1421.0000000 74.6128985 74.5612897 
1422.0000000 74.4164799 74.3648711 
1423.0000000 74.2200614 74.1684526 
1424.0000000 74.0236428 73.9720340 
1425.0000000 73.8272243 73.7756155 
1426.0000000 73.6308057 73.5791969 
1427.0000000 73.4343872 73.3827784 
1428.0000000 73.2379686 73.1863598 
1429.0000000 73.0415501 72.9899413 
1430.0000000 72.8451315 72.7935227 
1431.0000000 72.6487130 72.5971042 
1432.0000000 72.4522944 72.4006856 
1433.0000000 72.2558759 72.2042671 
1434.0000000 72.0594573 72.0078485 
1435.0000000 71.8630388 71.8114300 
1436.0000000 71.6666202 71.6150114 
1437.0000000 71.4702017 71.4185929 
1438.0000000 71.2737831 71.2221743 
1439.0000000 71.0773646 71.0257558 
1440.0000000 70.8809460 70.8293372 
1441.0000000 70.6845275 70.6329187 
1442.0000000 70.4881089 70.4365001 
1443.0000000 70.2916904 70.2400816 
1444.0000000 70.0952718 70.0436630 
1445.0000000 69.8988533 69.8472445 
1446.0000000 69.7024347 69.6508259 
1447.0000000 69.5060162 69.4544074 
1448.0000000 69.3095976 69.2579888 
1449.0000000 69.1131791 69.0615703 
1450.0000000 68.9167605 68.8651517 
1451.0000000 68.7203420 68.6687332 
1452.0000000 68.5239234 68.4723146 
1453.0000000 68.3275049 68.2758961 
1454.0000000 68.1310863 68.0794775 
1455.0000000 67.9346678 67.8830590 
1456.0000000 67.7382492 67.6866404 
1457.0000000 67.5418307 67.4902219 
1458.0000000 67.3454121 67.2938033 
1459.0000000 67.1489936 67.0973848 
1460.0000000 66.9525750 66.9009662 
1461.0000000 66.7561565 66.7045477 
1462.0000000 66.5597379 66.5081291 
1463.0000000 66.3633194 66.3117106 
1464.0000000 66.1669008 66.1152920 
1465.0000000 65.9704823 65.9188735 
1466.0000000 65.7740637 65.7224549 
1467.0000000 65.5776452 65.5260364 
1468.0000000 65.3812266 65.3296178 
1469.0000000 65.1848081 65.1331993 
1470.0000000 64.9883895 64.9367807 
1471.0000000 64.7919710 64.7403622 
1472.0000000 64.5955524 64.5439436 
1473.0000000 64.3991339 64.3475251 
1474.0000000 64.2027153 64.1511065 
1475.0000000 64.0062968 63.9546880 
1476.0000000 63.8098782 63.7582694 
1477.0000000 63.6134597 63.5618509 
1478.0000000 63.4170411 63.3654323 
1479.0000000 63.2206226 63.1690138 
1480.0000000 63.0242040 62.9725952 
1481.0000000 62.8277855 62.7761767 
1482.0000000 62.6313669 62.5797581 
1483.0000000 62.4349484 62.3833396 
1484.0000000 62.2385298 62.1869210 
1485.0000000 62.0421113 61.9905025 
1486.0000000 61.8456927 61.7940839 
1487.0000000 61.6492742 61.5976654 
1488.0000000 61.4528556 61.4012468 
1489.0000000 61.2564371 61.2048283 
1490.0000000 61.0600185 61.0084097 
1491.0000000 60.8636000 60.8119912 
1492.0000000 60.6671814 60.6155726 
1493.0000000 60.4707629 60.4191541 
1494.0000000 60.2743443 60.2227355 
1495.0000000 60.0779258 60.0263170 
1496.0000000 59.8815072 59.8298984 
1497.0000000 59.6850887 59.6334799 
1498.0000000 59.4886701 59.4370613 
1499.0000000 59.2922516 59.2406428 
1500.0000000 59.0958330 59.0442242 
1501.0000000 58.8994145 58.8478056 
1502.0000000 58.7029959 58.6513871 
1503.0000000 58.5065774 58.4549685 
1504.0000000 58.3101588 58.2585500 
1505.0000000 58.1137403 58.0621314 
1506.0000000 57.9173217 57.8657129 
1507.0000000 57.7209032 57.6692943 
1508.0000000 57.5244846 57.4728758 
1509.0000000 57.3280661 57.2764572 
1510.0000000 57.1316475 57.0800387 
1511.0000000 56.9352290 56.8836201 
1512.0000000 56.7388104 56.6872016 
1513.0000000 56.5423919 56.4907830 
1514.0000000 56.3459733 56.2943645 
1515.0000000 56.1495548 56.0979459 
1516.0000000 55.9531362 55.9015274 
1517.0000000 55.7567176 55.7051088 
1518.0000000 55.5602991 55.5086903 
1519.0000000 55.3638805 55.3122717 
1520.0000000 55.1674620 55.1158532 
1521.0000000 54.9710434 54.9194346 
1522.0000000 54.7746249 54.7230161 
1523.0000000 54.5782063 54.5265975 
1524.0000000 54.3817878 54.3301790 
1525.0000000 54.1853692 54.1337604 
1526.0000000 53.9889507 53.9373419 
1527.0000000 53.7925321 53.7409233 
1528.0000000 53.5961136 53.5445048 
1529.0000000 53.3996950 53.3480862 
1530.0000000 53.2032765 53.1516677 
1531.0000000 53.0068579 52.9552491 
1532.0000000 52.8104394 52.7588306 
1533.0000000 52.6140208 52.5624120 
1534.0000000 52.4176023 52.3659935 
1535.0000000 52.2211837 52.1695749 
1536.0000000 52.0247652 51.9731564 
1537.0000000 51.8283466 51.7767378 
1538.0000000 51.6319281 51.5803193 
1539.0000000 51.4355095 51.3839007 
1540.0000000 51.2390910 51.1874822 
1541.0000000 51.0426724 50.9910636 
1542.0000000 50.8462539 50.7946451 
1543.0000000 50.6498353 50.5982265 
1544.0000000 50.4534168 50.4018080 
1545.0000000 50.2569982 50.2053894 
1546.0000000 50.0605797 50.0089709 
1547.0000000 49.8641611 49.8125523 
1548.0000000 49.6677426 49.6161338 
1549.0000000 49.4713240 49.4197152 
1550.0000000 49.2749055 49.2232967 
1551.0000000 49.0784869 49.0268781 
1552.0000000 48.8820684 48.8304596 
1553.0000000 48.6856498 48.6340410 
1554.0000000 48.4892313 48.4376225 
1555.0000000 48.2928127 48.2412039 
1556.0000000 48.0963942 48.0447854 
1557.0000000 47.8999756 47.8483668 
1558.0000000 47.7035571 47.6519483 
1559.0000000 47.5071385 47.4555297 
1560.0000000 47.3107200 47.2591112 
1561.0000000 47.1143014 47.0626926 
1562.0000000 46.9178829 46.8662741 
1563.0000000 46.7214643 46.6698555 
1564.0000000 46.5250458 46.4734370 
1565.0000000 46.3286272 46.2770184 
1566.0000000 46.1322087 46.0805999 
1567.0000000 45.9357901 45.8841813 
1568.0000000 45.7393716 45.6877628 
1569.0000000 45.5429530 45.4913442 
1570.0000000 45.3465345 45.2949257 
1571.0000000 45.1501159 45.0985071 
1572.0000000 44.9536974 44.9020886 
1573.0000000 44.7572788 44.7056700 
1574.0000000 44.5608603 44.5092515 
1575.0000000 44.3644417 44.3128329 
1576.0000000 44.1680232 44.1164144 
1577.0000000 43.9716046 43.9199958 
1578.0000000 43.7751861 43.7235773 
1579.0000000 43.5787675 43.5271587 
1580.0000000 43.3823490 43.3307402 
1581.0000000 43.1859304 43.1343216 
1582.0000000 42.9895119 42.9379031 
1583.0000000 42.7930933 42.7414845 
1584.0000000 42.5966748 42.5450660 
1585.0000000 42.4002562 42.3486474 
1586.0000000 42.2038377 42.1522289 
1587.0000000 42.0074191 41.9558103 
1588.0000000 41.8110006 41.7593918 
1589.0000000 41.6145820 41.5629732 
1590.0000000 41.4181635 41.3665547 
1591.0000000 41.2217449 41.1701361 
1592.0000000 41.0253264 40.9737176 
1593.0000000 40.8289078 40.7772990 
1594.0000000 40.6324893 40.5808805 
1595.0000000 40.4360707 40.3844619 
1596.0000000 40.2396522 40.1880434 
1597.0000000 40.0432336 39.9916248 
1598.0000000 39.8468151 39.7952063 
1599.0000000 39.6503965 39.5987877 
1600.0000000 39.4539780 39.4023692 
1601.0000000 39.2575594 39.2059506 
1602.0000000 39.0611409 39.0095321 
1603.0000000 38.8647223 38.8131135 
1604.0000000 38.6683038 38.6166950 
1605.0000000 38.4718852 38.4202764 
1606.0000000 38.2754667 38.2238579 
1607.0000000 38.0790481 38.0274393 
1608.0000000 37.8826296 37.8310208 
1609.0000000 37.6862110 37.6346022 
1610.0000000 37.4897925 37.4381837 
1611.0000000 37.2933739 37.2417651 
1612.0000000 37.0969554 37.0453466 
1613.0000000 36.9005368 36.8489280 
1614.0000000 36.7041183 36.6525095 
1615.0000000 36.5076997 36.4560909 
1616.0000000 36.3112812 36.2596724 
1617.0000000 36.1148626 36.0632538 
1618.0000000 35.9184441 35.8668353 
1619.0000000 35.7220255 35.6704167 
1620.0000000 35.5256070 35.4739982 
1621.0000000 35.3291884 35.2775796 
1622.0000000 35.1327699 35.0811611 
1623.0000000 34.9363513 34.8847425 
1624.0000000 34.7399328 34.6883240 
1625.0000000 34.5435142 34.4919054 
1626.0000000 34.3470957 34.2954869 
1627.0000000 34.1506771 34.0990683 
1628.0000000 33.9542586 33.9026498 
1629.0000000 33.7578400 33.7062312 
1630.0000000 33.5614215 33.5098127 
1631.0000000 33.3650029 33.3133941 
1632.0000000 33.1685844 33.1169756 
1633.0000000 32.9721658 32.9205570 
1634.0000000 32.7757473 32.7241385 
1635.0000000 32.5793287 32.5277199 
1636.0000000 32.3829102 32.3313014 
1637.0000000 32.1864916 32.1348828 
1638.0000000 31.9900731 31.9384643 
1639.0000000 31.7936545 31.7420457 
1640.0000000 31.5972360 31.5456272 
1641.0000000 31.4008174 31.3492086 
1642.0000000 31.2043989 31.1527901 
1643.0000000 31.0079803 30.9563715 
1644.0000000 30.8115618 30.7599530 
1645.0000000 30.6151432 30.5635344 
1646.0000000 30.4187247 30.3671159 
1647.0000000 30.2223061 30.1706973 
1648.0000000 30.0258876 29.9742788 
1649.0000000 29.8294690 29.7778602 
1650.0000000 29.6330505 29.5814417 
1651.0000000 29.4366319 29.3850231 
1652.0000000 29.2402134 29.1886046 
1653.0000000 29.0437948 28.9921860 
1654.0000000 28.8473763 28.7957674 
1655.0000000 28.6509577 28.5993489 
1656.0000000 28.4545392 28.4029303 
1657.0000000 28.2581206 28.2065118 
1658.0000000 28.0617021 28.0100932 
1659.0000000 27.8652835 27.8136747 
1660.0000000 27.6688650 27.6172561 
1661.0000000 27.4724464 27.4208376 
1662.0000000 27.2760279 27.2244190 
1663.0000000 27.0796093 27.0280005 
1664.0000000 26.8831908 26.8315819 
1665.0000000 26.6867722 26.6351634 
1666.0000000 26.4903537 26.4387448 
1667.0000000 26.2939351 26.2423263 
1668.0000000 26.0975166 26.0459077 
1669.0000000 25.9010980 25.8494892 
1670.0000000 25.7046794 25.6530706 
1671.0000000 25.5082609 25.4566521 
1672.0000000 25.3118423 25.2602335 
1673.0000000 25.1154238 25.0638150 
1674.0000000 24.9190052 24.8673964 
1675.0000000 24.7225867 24.6709779 
1676.0000000 24.5261681 24.4745593 
1677.0000000 24.3297496 24.2781408 
1678.0000000 24.1333310 24.0817222 
1679.0000000 23.9369125 23.8853037 
1680.0000000 23.7404939 23.6888851 
1681.0000000 23.5440754 23.4924666 
1682.0000000 23.3476568 23.2960480 
1683.0000000 23.1512383 23.0996295 
1684.0000000 22.9548197 22.9032109 
1685.0000000 22.7584012 22.7067924 
1686.0000000 22.5619826 22.5103738 
1687.0000000 22.3655641 22.3139553 
1688.0000000 22.1691455 22.1175367 
1689.0000000 21.9727270 21.9211182 
1690.0000000 21.7763084 21.7246996 
1691.0000000 21.5798899 21.5282811 
1692.0000000 21.3834713 21.3318625 
1693.0000000 21.1870528 21.1354440 
1694.0000000 20.9906342 20.9390254 
1695.0000000 20.7942157 20.7426069 
1696.0000000 20.5977971 20.5461883 
1697.0000000 20.4013786 20.3497698 
1698.0000000 20.2049600 20.1533512 
1699.0000000 20.0085415 19.9569327 
1700.0000000 19.8121229 19.7605141 
1701.0000000 19.6157044 19.5640956 
1702.0000000 19.4192858 19.3676770 
1703.0000000 19.2228673 19.1712585 
1704.0000000 19.0264487 18.9748399 
1705.0000000 18.8300302 18.7784214 
1706.0000000 18.6336116 18.5820028 
1707.0000000 18.4371931 18.3855843 
1708.0000000 18.2407745 18.1891657 
1709.0000000 18.0443560 17.9927472 
1710.0000000 17.8479374 17.7963286 
1711.0000000 17.6515189 17.5999101 
1712.0000000 17.4551003 17.4034915 
1713.0000000 17.2586818 17.2070730 
1714.0000000 17.0622632 17.0106544 
1715.0000000 16.8658447 16.8142359 
1716.0000000 16.6694261 16.6178173 
1717.0000000 16.4730076 16.4213988 
1718.0000000 16.2765890 16.2249802 
1719.0000000 16.0801705 16.0285617 
1720.0000000 15.8837519 15.8321431 
1721.0000000 15.6873334 15.6357246 
1722.0000000 15.4909148 15.4393060 
1723.0000000 15.2944963 15.2428875 
1724.0000000 15.0980777 15.0464689 
1725.0000000 14.9016592 14.8500504 
1726.0000000 14.7052406 14.6536318 
1727.0000000 14.5088221 14.4572133 
1728.0000000 14.3124035 14.2607947 
1729.0000000 14.1159850 14.0643762 
1730.0000000 13.9195664 13.8679576 
1731.0000000 13.7231479 13.6715391 
1732.0000000 13.5267293 13.4751205 
1733.0000000 13.3303108 13.2787020 
1734.0000000 13.1338922 13.0822834 
1735.0000000 12.9374737 12.8858649 
1736.0000000 12.7410551 12.6894463 
1737.0000000 12.5446366 12.4930278 
1738.0000000 12.3482180 12.2966092 
1739.0000000 12.1517995 12.1001907 
1740.0000000 11.9553809 11.9037721 
1741.0000000 11.7589624 11.7073536 
1742.0000000 11.5625438 11.5109350 
1743.0000000 11.3661253 11.3145165 
1744.0000000 11.1697067 11.1180979 
1745.0000000 10.9732882 10.9216794 
1746.0000000 10.7768696 10.7252608 
1747.0000000 10.5804511 10.5288423 
1748.0000000 10.3840325 10.3324237 
1749.0000000 10.1876140 10.1360052 
1750.0000000 9.9911954 9.9395866 
1751.0000000 9.7947769 9.7431681 
1752.0000000 9.5983583 9.5467495 
1753.0000000 9.4019398 9.3503310 
1754.0000000 9.2055212 9.1539124 
1755.0000000 9.0091027 8.9574939 
1756.0000000 8.8126841 8.7610753 
1757.0000000 8.6162656 8.5646568 
1758.0000000 8.4198470 8.3682382 
1759.0000000 8.2234285 8.1718197 
1760.0000000 8.0270099 7.9754011 
1761.0000000 7.8305914 7.7789826 
1762.0000000 7.6341728 7.5825640 
1763.0000000 7.4377543 7.3861455 
1764.0000000 7.2413357 7.1897269 
1765.0000000 7.0449172 6.9933084 
1766.0000000 6.8484986 6.7968898 
1767.0000000 6.6520801 6.6004713 
1768.0000000 6.4556615 6.4040527 
1769.0000000 6.2592430 6.2076342 
1770.0000000 6.0628244 6.0112156 
1771.0000000 5.8664059 5.8147971 
1772.0000000 5.6699873 5.6183785 
1773.0000000 5.4735688 5.4219600 
1774.0000000 5.2771502 5.2255414 
1775.0000000 5.0807317 5.0291229 
1776.0000000 4.8843131 4.8327043 
1777.0000000 4.6878946 4.6362858 
1778.0000000 4.4914760 4.4398672 
1779.0000000 4.2950575 4.2434487 
1780.0000000 4.0986389 4.0470301 
1781.0000000 3.9022204 3.8506116 
1782.0000000 3.7058018 3.6541930 
1783.0000000 3.5093833 3.4577745 
1784.0000000 3.3129647 3.2613559 
1785.0000000 3.1165462 3.0649374 
1786.0000000 2.9201276 2.8685188 
1787.0000000 2.7237091 2.6721003 
1788.0000000 2.5272905 2.4756817 
1789.0000000 2.3308720 2.2792632 
1790.0000000 2.1344534 2.0828446 
1791.0000000 1.9380349 1.8864261 
1792.0000000 1.7416163 1.6900075 
1793.0000000 1.5451978 1.4935890 
1794.0000000 1.3487792 1.2971704 
1795.0000000 1.1523607 1.1007519 
1796.0000000 0.9559421 0.9043333 
1797.0000000 0.7595236 0.7079148 
1798.0000000 0.5631050 0.5114962 
1799.0000000 0.3666865 0.3150777 
1800.0000000 0.1702679 0.1186591 

