1.0000000 353.5475753 353.4994882 
2.0000000 353.3511567 353.3030697 
3.0000000 353.1547382 353.1066511 
4.0000000 352.9583196 352.9102326 
5.0000000 352.7619011 352.7138140 
6.0000000 352.5654825 352.5173955 
7.0000000 352.3690640 352.3209769 
8.0000000 352.1726454 352.1245584 
9.0000000 351.9762269 351.9281398 
10.0000000 351.7798083 351.7317213 
11.0000000 351.5833898 351.5353027 
12.0000000 351.3869712 351.3388842 
13.0000000 351.1905527 351.1424656 
14.0000000 350.9941341 350.9460471 
15.0000000 350.7977156 350.7496285 
16.0000000 350.6012970 350.5532100 
17.0000000 350.4048785 350.3567914 
18.0000000 350.2084599 350.1603729 
19.0000000 350.0120414 349.9639543 
20.0000000 349.8156228 349.7675358 
21.0000000 349.6192043 349.5711172 
22.0000000 349.4227857 349.3746987 
23.0000000 349.2263672 349.1782801 
24.0000000 349.0299486 348.9818616 
25.0000000 348.8335301 348.7854430 
26.0000000 348.6371115 348.5890245 
27.0000000 348.4406930 348.3926059 
28.0000000 348.2442744 348.1961874 
29.0000000 348.0478559 347.9997688 
30.0000000 347.8514373 347.8033503 
31.0000000 347.6550188 347.6069317 
32.0000000 347.4586002 347.4105132 
33.0000000 347.2621817 347.2140946 
34.0000000 347.0657631 347.0176761 
35.0000000 346.8693446 346.8212575 
36.0000000 346.6729260 346.6248390 
37.0000000 346.4765075 346.4284204 
38.0000000 346.2800889 346.2320019 
39.0000000 346.0836704 346.0355833 
40.0000000 345.8872518 345.8391648 
41.0000000 345.6908332 345.6427462 
42.0000000 345.4944147 345.4463277 
43.0000000 345.2979961 345.2499091 
44.0000000 345.1015776 345.0534906 
45.0000000 344.9051590 344.8570720 
46.0000000 344.7087405 344.6606535 
47.0000000 344.5123219 344.4642349 
48.0000000 344.3159034 344.2678164 
49.0000000 344.1194848 344.0713978 
50.0000000 343.9230663 343.8749793 
51.0000000 343.7266477 343.6785607 
52.0000000 343.5302292 343.4821422 
53.0000000 343.3338106 343.2857236 
54.0000000 343.1373921 343.0893051 
55.0000000 342.9409735 342.8928865 
56.0000000 342.7445550 342.6964680 
57.0000000 342.5481364 342.5000494 
58.0000000 342.3517179 342.3036309 
59.0000000 342.1552993 342.1072123 
60.0000000 341.9588808 341.9107938 
61.0000000 341.7624622 341.7143752 
62.0000000 341.5660437 341.5179567 
63.0000000 341.3696251 341.3215381 
64.0000000 341.1732066 341.1251196 
65.0000000 340.9767880 340.9287010 
66.0000000 340.7803695 340.7322825 
67.0000000 340.5839509 340.5358639 
68.0000000 340.3875324 340.3394454 
69.0000000 340.1911138 340.1430268 
70.0000000 339.9946953 339.9466083 
71.0000000 339.7982767 339.7501897 
72.0000000 339.6018582 339.5537712 
73.0000000 339.4054396 339.3573526 
74.0000000 339.2090211 339.1609341 
75.0000000 339.0126025 338.9645155 
76.0000000 338.8161840 338.7680970 
77.0000000 338.6197654 338.5716784 
78.0000000 338.4233469 338.3752598 
79.0000000 338.2269283 338.1788413 
80.0000000 338.0305098 337.9824227 
81.0000000 337.8340912 337.7860042 
82.0000000 337.6376727 337.5895856 
83.0000000 337.4412541 337.3931671 
84.0000000 337.2448356 337.1967485 
85.0000000 337.0484170 337.0003300 
86.0000000 336.8519985 336.8039114 
87.0000000 336.6555799 336.6074929 
88.0000000 336.4591614 336.4110743 
89.0000000 336.2627428 336.2146558 
90.0000000 336.0663243 336.0182372 
91.0000000 335.8699057 335.8218187 
92.0000000 335.6734872 335.6254001 
93.0000000 335.4770686 335.4289816 
94.0000000 335.2806501 335.2325630 
95.0000000 335.0842315 335.0361445 
96.0000000 334.8878130 334.8397259 
97.0000000 334.6913944 334.6433074 
98.0000000 334.4949759 334.4468888 
99.0000000 334.2985573 334.2504703 
100.0000000 334.1021388 334.0540517 
101.0000000 333.9057202 333.8576332 
102.0000000 333.7093017 333.6612146 
103.0000000 333.5128831 333.4647961 
104.0000000 333.3164646 333.2683775 
105.0000000 333.1200460 333.0719590 
106.0000000 332.9236275 332.8755404 
107.0000000 332.7272089 332.6791219 
108.0000000 332.5307904 332.4827033 
109.0000000 332.3343718 332.2862848 
110.0000000 332.1379533 332.0898662 
111.0000000 331.9415347 331.8934477 
112.0000000 331.7451162 331.6970291 
113.0000000 331.5486976 331.5006106 
114.0000000 331.3522791 331.3041920 
115.0000000 331.1558605 331.1077735 
116.0000000 330.9594420 330.9113549 
117.0000000 330.7630234 330.7149364 
118.0000000 330.5666049 330.5185178 
119.0000000 330.3701863 330.3220993 
120.0000000 330.1737678 330.1256807 
121.0000000 329.9773492 329.9292622 
122.0000000 329.7809307 329.7328436 
123.0000000 329.5845121 329.5364251 
124.0000000 329.3880936 329.3400065 
125.0000000 329.1916750 329.1435880 
126.0000000 328.9952565 328.9471694 
127.0000000 328.7988379 328.7507509 
128.0000000 328.6024194 328.5543323 
129.0000000 328.4060008 328.3579138 
130.0000000 328.2095823 328.1614952 
131.0000000 328.0131637 327.9650767 
132.0000000 327.8167452 327.7686581 
133.0000000 327.6203266 327.5722396 
134.0000000 327.4239081 327.3758210 
135.0000000 327.2274895 327.1794025 
136.0000000 327.0310710 326.9829839 
137.0000000 326.8346524 326.7865654 
138.0000000 326.6382339 326.5901468 
139.0000000 326.4418153 326.3937283 
140.0000000 326.2453968 326.1973097 
141.0000000 326.0489782 326.0008912 
142.0000000 325.8525597 325.8044726 
143.0000000 325.6561411 325.6080541 
144.0000000 325.4597226 325.4116355 
145.0000000 325.2633040 325.2152170 
146.0000000 325.0668855 325.0187984 
147.0000000 324.8704669 324.8223799 
148.0000000 324.6740484 324.6259613 
149.0000000 324.4776298 324.4295428 
150.0000000 324.2812113 324.2331242 
151.0000000 324.0847927 324.0367057 
152.0000000 323.8883742 323.8402871 
153.0000000 323.6919556 323.6438686 
154.0000000 323.4955371 323.4474500 
155.0000000 323.2991185 323.2510315 
156.0000000 323.1027000 323.0546129 
157.0000000 322.9062814 322.8581944 
158.0000000 322.7098629 322.6617758 
159.0000000 322.5134443 322.4653573 
160.0000000 322.3170258 322.2689387 
161.0000000 322.1206072 322.0725202 
162.0000000 321.9241887 321.8761016 
163.0000000 321.7277701 321.6796831 
164.0000000 321.5313516 321.4832645 
165.0000000 321.3349330 321.2868460 
166.0000000 321.1385145 321.0904274 
167.0000000 320.9420959 320.8940089 
168.0000000 320.7456774 320.6975903 
169.0000000 320.5492588 320.5011718 
170.0000000 320.3528403 320.3047532 
171.0000000 320.1564217 320.1083347 
172.0000000 319.9600032 319.9119161 
173.0000000 319.7635846 319.7154976 
174.0000000 319.5671661 319.5190790 
175.0000000 319.3707475 319.3226605 
176.0000000 319.1743290 319.1262419 
177.0000000 318.9779104 318.9298234 
178.0000000 318.7814919 318.7334048 
179.0000000 318.5850733 318.5369863 
180.0000000 318.3886548 318.3405677 
181.0000000 318.1922362 318.1441492 
182.0000000 317.9958177 317.9477306 
183.0000000 317.7993991 317.7513121 
184.0000000 317.6029806 317.5548935 
185.0000000 317.4065620 317.3584750 
186.0000000 317.2101435 317.1620564 
187.0000000 317.0137249 316.9656379 
188.0000000 316.8173064 316.7692193 
189.0000000 316.6208878 316.5728008 
190.0000000 316.4244693 316.3763822 
191.0000000 316.2280507 316.1799637 
192.0000000 316.0316322 315.9835451 
193.0000000 315.8352136 315.7871266 
194.0000000 315.6387950 315.5907080 
195.0000000 315.4423765 315.3942895 
196.0000000 315.2459579 315.1978709 
197.0000000 315.0495394 315.0014524 
198.0000000 314.8531208 314.8050338 
199.0000000 314.6567023 314.6086153 
200.0000000 314.4602837 314.4121967 
201.0000000 314.2638652 314.2157782 
202.0000000 314.0674466 314.0193596 
203.0000000 313.8710281 313.8229411 
204.0000000 313.6746095 313.6265225 
205.0000000 313.4781910 313.4301040 
206.0000000 313.2817724 313.2336854 
207.0000000 313.0853539 313.0372669 
208.0000000 312.8889353 312.8408483 
209.0000000 312.6925168 312.6444298 
210.0000000 312.4960982 312.4480112 
211.0000000 312.2996797 312.2515927 
212.0000000 312.1032611 312.0551741 
213.0000000 311.9068426 311.8587556 
214.0000000 311.7104240 311.6623370 
215.0000000 311.5140055 311.4659185 
216.0000000 311.3175869 311.2694999 
217.0000000 311.1211684 311.0730814 
218.0000000 310.9247498 310.8766628 
219.0000000 310.7283313 310.6802443 
220.0000000 310.5319127 310.4838257 
221.0000000 310.3354942 310.2874072 
222.0000000 310.1390756 310.0909886 
223.0000000 309.9426571 309.8945701 
224.0000000 309.7462385 309.6981515 
225.0000000 309.5498200 309.5017330 
226.0000000 309.3534014 309.3053144 
227.0000000 309.1569829 309.1088959 
228.0000000 308.9605643 308.9124773 
229.0000000 308.7641458 308.7160588 
230.0000000 308.5677272 308.5196402 
231.0000000 308.3713087 308.3232216 
232.0000000 308.1748901 308.1268031 
233.0000000 307.9784716 307.9303845 
234.0000000 307.7820530 307.7339660 
235.0000000 307.5856345 307.5375474 
236.0000000 307.3892159 307.3411289 
237.0000000 307.1927974 307.1447103 
238.0000000 306.9963788 306.9482918 
239.0000000 306.7999603 306.7518732 
240.0000000 306.6035417 306.5554547 
241.0000000 306.4071232 306.3590361 
242.0000000 306.2107046 306.1626176 
243.0000000 306.0142861 305.9661990 
244.0000000 305.8178675 305.7697805 
245.0000000 305.6214490 305.5733619 
246.0000000 305.4250304 305.3769434 
247.0000000 305.2286119 305.1805248 
248.0000000 305.0321933 304.9841063 
249.0000000 304.8357748 304.7876877 
250.0000000 304.6393562 304.5912692 
251.0000000 304.4429377 304.3948506 
252.0000000 304.2465191 304.1984321 
253.0000000 304.0501006 304.0020135 
254.0000000 303.8536820 303.8055950 
255.0000000 303.6572635 303.6091764 
256.0000000 303.4608449 303.4127579 
257.0000000 303.2644264 303.2163393 
258.0000000 303.0680078 303.0199208 
259.0000000 302.8715893 302.8235022 
260.0000000 302.6751707 302.6270837 
261.0000000 302.4787522 302.4306651 
262.0000000 302.2823336 302.2342466 
263.0000000 302.0859151 302.0378280 
264.0000000 301.8894965 301.8414095 
265.0000000 301.6930780 301.6449909 
266.0000000 301.4966594 301.4485724 
267.0000000 301.3002409 301.2521538 
268.0000000 301.1038223 301.0557353 
269.0000000 300.9074038 300.8593167 
270.0000000 300.7109852 300.6628982 
271.0000000 300.5145667 300.4664796 
272.0000000 300.3181481 300.2700611 
273.0000000 300.1217296 300.0736425 
274.0000000 299.9253110 299.8772240 
275.0000000 299.7288925 299.6808054 
276.0000000 299.5324739 299.4843869 
277.0000000 299.3360554 299.2879683 
278.0000000 299.1396368 299.0915498 
279.0000000 298.9432183 298.8951312 
280.0000000 298.7467997 298.6987127 
281.0000000 298.5503812 298.5022941 
282.0000000 298.3539626 298.3058756 
283.0000000 298.1575441 298.1094570 
284.0000000 297.9611255 297.9130385 
285.0000000 297.7647070 297.7166199 
286.0000000 297.5682884 297.5202014 
287.0000000 297.3718699 297.3237828 
288.0000000 297.1754513 297.1273643 
289.0000000 296.9790328 296.9309457 
290.0000000 296.7826142 296.7345272 
291.0000000 296.5861957 296.5381086 
292.0000000 296.3897771 296.3416901 
293.0000000 296.1933586 296.1452715 
294.0000000 295.9969400 295.9488530 
295.0000000 295.8005215 295.7524344 
296.0000000 295.6041029 295.5560159 
297.0000000 295.4076844 295.3595973 
298.0000000 295.2112658 295.1631788 
299.0000000 295.0148473 294.9667602 
300.0000000 294.8184287 294.7703417 
301.0000000 294.6220102 294.5739231 
302.0000000 294.4255916 294.3775046 
303.0000000 294.2291731 294.1810860 
304.0000000 294.0327545 293.9846675 
305.0000000 293.8363360 293.7882489 
306.0000000 293.6399174 293.5918304 
307.0000000 293.4434989 293.3954118 
308.0000000 293.2470803 293.1989933 
309.0000000 293.0506618 293.0025747 
310.0000000 292.8542432 292.8061562 
311.0000000 292.6578247 292.6097376 
312.0000000 292.4614061 292.4133191 
313.0000000 292.2649876 292.2169005 
314.0000000 292.0685690 292.0204820 
315.0000000 291.8721505 291.8240634 
316.0000000 291.6757319 291.6276449 
317.0000000 291.4793134 291.4312263 
318.0000000 291.2828948 291.2348078 
319.0000000 291.0864763 291.0383892 
320.0000000 290.8900577 290.8419707 
321.0000000 290.6936392 290.6455521 
322.0000000 290.4972206 290.4491336 
323.0000000 290.3008021 290.2527150 
324.0000000 290.1043835 290.0562965 
325.0000000 289.9079650 289.8598779 
326.0000000 289.7115464 289.6634594 
327.0000000 289.5151279 289.4670408 
328.0000000 289.3187093 289.2706223 
329.0000000 289.1222908 289.0742037 
330.0000000 288.9258722 288.8777852 
331.0000000 288.7294537 288.6813666 
332.0000000 288.5330351 288.4849481 
333.0000000 288.3366166 288.2885295 
334.0000000 288.1401980 288.0921110 
335.0000000 287.9437795 287.8956924 
336.0000000 287.7473609 287.6992739 
337.0000000 287.5509424 287.5028553 
338.0000000 287.3545238 287.3064368 
339.0000000 287.1581053 287.1100182 
340.0000000 286.9616867 286.9135997 
341.0000000 286.7652682 286.7171811 
342.0000000 286.5688496 286.5207626 
343.0000000 286.3724311 286.3243440 
344.0000000 286.1760125 286.1279255 
345.0000000 285.9795939 285.9315069 
346.0000000 285.7831754 285.7350884 
347.0000000 285.5867568 285.5386698 
348.0000000 285.3903383 285.3422513 
349.0000000 285.1939197 285.1458327 
350.0000000 284.9975012 284.9494142 
351.0000000 284.8010826 284.7529956 
352.0000000 284.6046641 284.5565771 
353.0000000 284.4082455 284.3601585 
354.0000000 284.2118270 284.1637400 
355.0000000 284.0154084 283.9673214 
356.0000000 283.8189899 283.7709029 
357.0000000 283.6225713 283.5744843 
358.0000000 283.4261528 283.3780658 
359.0000000 283.2297342 283.1816472 
360.0000000 283.0333157 282.9852287 
361.0000000 282.8368971 282.7888101 
362.0000000 282.6404786 282.5923916 
363.0000000 282.4440600 282.3959730 
364.0000000 282.2476415 282.1995545 
365.0000000 282.0512229 282.0031359 
366.0000000 281.8548044 281.8067174 
367.0000000 281.6583858 281.6102988 
368.0000000 281.4619673 281.4138803 
369.0000000 281.2655487 281.2174617 
370.0000000 281.0691302 281.0210432 
371.0000000 280.8727116 280.8246246 
372.0000000 280.6762931 280.6282061 
373.0000000 280.4798745 280.4317875 
374.0000000 280.2834560 280.2353690 
375.0000000 280.0870374 280.0389504 
376.0000000 279.8906189 279.8425319 
377.0000000 279.6942003 279.6461133 
378.0000000 279.4977818 279.4496948 
379.0000000 279.3013632 279.2532762 
380.0000000 279.1049447 279.0568577 
381.0000000 278.9085261 278.8604391 
382.0000000 278.7121076 278.6640205 
383.0000000 278.5156890 278.4676020 
384.0000000 278.3192705 278.2711834 
385.0000000 278.1228519 278.0747649 
386.0000000 277.9264334 277.8783463 
387.0000000 277.7300148 277.6819278 
388.0000000 277.5335963 277.4855092 
389.0000000 277.3371777 277.2890907 
390.0000000 277.1407592 277.0926721 
391.0000000 276.9443406 276.8962536 
392.0000000 276.7479221 276.6998350 
393.0000000 276.5515035 276.5034165 
394.0000000 276.3550850 276.3069979 
395.0000000 276.1586664 276.1105794 
396.0000000 275.9622479 275.9141608 
397.0000000 275.7658293 275.7177423 
398.0000000 275.5694108 275.5213237 
399.0000000 275.3729922 275.3249052 
400.0000000 275.1765737 275.1284866 
401.0000000 274.9801551 274.9320681 
402.0000000 274.7837366 274.7356495 
403.0000000 274.5873180 274.5392310 
404.0000000 274.3908995 274.3428124 
405.0000000 274.1944809 274.1463939 
406.0000000 273.9980624 273.9499753 
407.0000000 273.8016438 273.7535568 
408.0000000 273.6052253 273.5571382 
409.0000000 273.4088067 273.3607197 
410.0000000 273.2123882 273.1643011 
411.0000000 273.0159696 272.9678826 
412.0000000 272.8195511 272.7714640 
413.0000000 272.6231325 272.5750455 
414.0000000 272.4267140 272.3786269 
415.0000000 272.2302954 272.1822084 
416.0000000 272.0338769 271.9857898 
417.0000000 271.8374583 271.7893713 
418.0000000 271.6410398 271.5929527 
419.0000000 271.4446212 271.3965342 
420.0000000 271.2482027 271.2001156 
421.0000000 271.0517841 271.0036971 
422.0000000 270.8553656 270.8072785 
423.0000000 270.6589470 270.6108600 
424.0000000 270.4625285 270.4144414 
425.0000000 270.2661099 270.2180229 
426.0000000 270.0696914 270.0216043 
427.0000000 269.8732728 269.8251858 
428.0000000 269.6768543 269.6287672 
429.0000000 269.4804357 269.4323487 
430.0000000 269.2840172 269.2359301 
431.0000000 269.0875986 269.0395116 
432.0000000 268.8911801 268.8430930 
433.0000000 268.6947615 268.6466745 
434.0000000 268.4983430 268.4502559 
435.0000000 268.3019244 268.2538374 
436.0000000 268.1055059 268.0574188 
437.0000000 267.9090873 267.8610003 
438.0000000 267.7126688 267.6645817 
439.0000000 267.5162502 267.4681632 
440.0000000 267.3198317 267.2717446 
441.0000000 267.1234131 267.0753261 
442.0000000 266.9269946 266.8789075 
443.0000000 266.7305760 266.6824890 
444.0000000 266.5341575 266.4860704 
445.0000000 266.3377389 266.2896519 
446.0000000 266.1413204 266.0932333 
447.0000000 265.9449018 265.8968148 
448.0000000 265.7484833 265.7003962 
449.0000000 265.5520647 265.5039777 
450.0000000 265.3556462 265.3075591 
451.0000000 265.1592276 265.1111406 
452.0000000 264.9628091 264.9147220 
453.0000000 264.7663905 264.7183035 
454.0000000 264.5699720 264.5218849 
455.0000000 264.3735534 264.3254664 
456.0000000 264.1771349 264.1290478 
457.0000000 263.9807163 263.9326293 
458.0000000 263.7842978 263.7362107 
459.0000000 263.5878792 263.5397922 
460.0000000 263.3914607 263.3433736 
461.0000000 263.1950421 263.1469551 
462.0000000 262.9986236 262.9505365 
463.0000000 262.8022050 262.7541180 
464.0000000 262.6057865 262.5576994 
465.0000000 262.4093679 262.3612809 
466.0000000 262.2129494 262.1648623 
467.0000000 262.0165308 261.9684438 
468.0000000 261.8201123 261.7720252 
469.0000000 261.6236937 261.5756067 
470.0000000 261.4272752 261.3791881 
471.0000000 261.2308566 261.1827696 
472.0000000 261.0344381 260.9863510 
473.0000000 260.8380195 260.7899325 
474.0000000 260.6416010 260.5935139 
475.0000000 260.4451824 260.3970954 
476.0000000 260.2487639 260.2006768 
477.0000000 260.0523453 260.0042583 
478.0000000 259.8559268 259.8078397 
479.0000000 259.6595082 259.6114212 
480.0000000 259.4630897 259.4150026 
481.0000000 259.2666711 259.2185841 
482.0000000 259.0702526 259.0221655 
483.0000000 258.8738340 258.8257470 
484.0000000 258.6774155 258.6293284 
485.0000000 258.4809969 258.4329099 
486.0000000 258.2845784 258.2364913 
487.0000000 258.0881598 258.0400728 
488.0000000 257.8917413 257.8436542 
489.0000000 257.6953227 257.6472357 
490.0000000 257.4989042 257.4508171 
491.0000000 257.3024856 257.2543986 
492.0000000 257.1060671 257.0579800 
493.0000000 256.9096485 256.8615615 
494.0000000 256.7132300 256.6651429 
495.0000000 256.5168114 256.4687244 
496.0000000 256.3203928 256.2723058 
497.0000000 256.1239743 256.0758873 
498.0000000 255.9275557 255.8794687 
499.0000000 255.7311372 255.6830502 
500.0000000 255.5347186 255.4866316 
501.0000000 255.3383001 255.2902131 
502.0000000 255.1418815 255.0937945 
503.0000000 254.9454630 254.8973760 
504.0000000 254.7490444 254.7009574 
505.0000000 254.5526259 254.5045389 
506.0000000 254.3562073 254.3081203 
507.0000000 254.1597888 254.1117018 
508.0000000 253.9633702 253.9152832 
509.0000000 253.7669517 253.7188647 
510.0000000 253.5705331 253.5224461 
511.0000000 253.3741146 253.3260276 
512.0000000 253.1776960 253.1296090 
513.0000000 252.9812775 252.9331905 
514.0000000 252.7848589 252.7367719 
515.0000000 252.5884404 252.5403534 
516.0000000 252.3920218 252.3439348 
517.0000000 252.1956033 252.1475163 
518.0000000 251.9991847 251.9510977 
519.0000000 251.8027662 251.7546792 
520.0000000 251.6063476 251.5582606 
521.0000000 251.4099291 251.3618421 
522.0000000 251.2135105 251.1654235 
523.0000000 251.0170920 250.9690050 
524.0000000 250.8206734 250.7725864 
525.0000000 250.6242549 250.5761679 
526.0000000 250.4278363 250.3797493 
527.0000000 250.2314178 250.1833308 
528.0000000 250.0349992 249.9869122 
529.0000000 249.8385807 249.7904937 
530.0000000 249.6421621 249.5940751 
531.0000000 249.4457436 249.3976566 
532.0000000 249.2493250 249.2012380 
533.0000000 249.0529065 249.0048194 
534.0000000 248.8564879 248.8084009 
535.0000000 248.6600694 248.6119823 
536.0000000 248.4636508 248.4155638 
537.0000000 248.2672323 248.2191452 
538.0000000 248.0708137 248.0227267 
539.0000000 247.8743952 247.8263081 
540.0000000 247.6779766 247.6298896 
541.0000000 247.4815581 247.4334710 
542.0000000 247.2851395 247.2370525 
543.0000000 247.0887210 247.0406339 
544.0000000 246.8923024 246.8442154 
545.0000000 246.6958839 246.6477968 
546.0000000 246.4994653 246.4513783 
547.0000000 246.3030468 246.2549597 
548.0000000 246.1066282 246.0585412 
549.0000000 245.9102097 245.8621226 
550.0000000 245.7137911 245.6657041 
551.0000000 245.5173726 245.4692855 
552.0000000 245.3209540 245.2728670 
553.0000000 245.1245355 245.0764484 
554.0000000 244.9281169 244.8800299 
555.0000000 244.7316984 244.6836113 
556.0000000 244.5352798 244.4871928 
557.0000000 244.3388613 244.2907742 
558.0000000 244.1424427 244.0943557 
559.0000000 243.9460242 243.8979371 
560.0000000 243.7496056 243.7015186 
561.0000000 243.5531871 243.5051000 
562.0000000 243.3567685 243.3086815 
563.0000000 243.1603500 243.1122629 
564.0000000 242.9639314 242.9158444 
565.0000000 242.7675129 242.7194258 
566.0000000 242.5710943 242.5230073 
567.0000000 242.3746758 242.3265887 
568.0000000 242.1782572 242.1301702 
569.0000000 241.9818387 241.9337516 
570.0000000 241.7854201 241.7373331 
571.0000000 241.5890016 241.5409145 
572.0000000 241.3925830 241.3444960 
573.0000000 241.1961645 241.1480774 
574.0000000 240.9997459 240.9516589 
575.0000000 240.8033274 240.7552403 
576.0000000 240.6069088 240.5588218 
577.0000000 240.4104903 240.3624032 
578.0000000 240.2140717 240.1659847 
579.0000000 240.0176532 239.9695661 
580.0000000 239.8212346 239.7731476 
581.0000000 239.6248161 239.5767290 
582.0000000 239.4283975 239.3803105 
583.0000000 239.2319790 239.1838919 
584.0000000 239.0355604 238.9874734 
585.0000000 238.8391419 238.7910548 
586.0000000 238.6427233 238.5946363 
587.0000000 238.4463048 238.3982177 
588.0000000 238.2498862 238.2017992 
589.0000000 238.0534677 238.0053806 
590.0000000 237.8570491 237.8089621 
591.0000000 237.6606306 237.6125435 
592.0000000 237.4642120 237.4161250 
593.0000000 237.2677935 237.2197064 
594.0000000 237.0713749 237.0232879 
595.0000000 236.8749564 236.8268693 
596.0000000 236.6785378 236.6304508 
597.0000000 236.4821193 236.4340322 
598.0000000 236.2857007 236.2376137 
599.0000000 236.0892822 236.0411951 
600.0000000 235.8928636 235.8447766 
601.0000000 235.6964451 235.6483580 
602.0000000 235.5000265 235.4519395 
603.0000000 235.3036080 235.2555209 
604.0000000 235.1071894 235.0591024 
605.0000000 234.9107709 234.8626838 
606.0000000 234.7143523 234.6662653 
607.0000000 234.5179338 234.4698467 
608.0000000 234.3215152 234.2734282 
609.0000000 234.1250967 234.0770096 
610.0000000 233.9286781 233.8805911 
611.0000000 233.7322596 233.6841725 
612.0000000 233.5358410 233.4877540 
613.0000000 233.3394225 233.2913354 
614.0000000 233.1430039 233.0949169 
615.0000000 232.9465854 232.8984983 
616.0000000 232.7501668 232.7020798 
617.0000000 232.5537483 232.5056612 
618.0000000 232.3573297 232.3092427 
619.0000000 232.1609112 232.1128241 
620.0000000 231.9644926 231.9164056 
621.0000000 231.7680741 231.7199870 
622.0000000 231.5716555 231.5235685 
623.0000000 231.3752370 231.3271499 
624.0000000 231.1788184 231.1307314 
625.0000000 230.9823999 230.9343128 
626.0000000 230.7859813 230.7378943 
627.0000000 230.5895628 230.5414757 
628.0000000 230.3931442 230.3450572 
629.0000000 230.1967257 230.1486386 
630.0000000 230.0003071 229.9522201 
631.0000000 229.8038886 229.7558015 
632.0000000 229.6074700 229.5593830 
633.0000000 229.4110515 229.3629644 
634.0000000 229.2146329 229.1665459 
635.0000000 229.0182144 228.9701273 
636.0000000 228.8217958 228.7737088 
637.0000000 228.6253773 228.5772902 
638.0000000 228.4289587 228.3808717 
639.0000000 228.2325402 228.1844531 
640.0000000 228.0361216 227.9880346 
641.0000000 227.8397031 227.7916160 
642.0000000 227.6432845 227.5951975 
643.0000000 227.4468660 227.3987789 
644.0000000 227.2504474 227.2023604 
645.0000000 227.0540289 227.0059418 
646.0000000 226.8576103 226.8095233 
647.0000000 226.6611918 226.6131047 
648.0000000 226.4647732 226.4166862 
649.0000000 226.2683546 226.2202676 
650.0000000 226.0719361 226.0238491 
651.0000000 225.8755175 225.8274305 
652.0000000 225.6790990 225.6310120 
653.0000000 225.4826804 225.4345934 
654.0000000 225.2862619 225.2381749 
655.0000000 225.0898433 225.0417563 
656.0000000 224.8934248 224.8453378 
657.0000000 224.6970062 224.6489192 
658.0000000 224.5005877 224.4525007 
659.0000000 224.3041691 224.2560821 
660.0000000 224.1077506 224.0596636 
661.0000000 223.9113320 223.8632450 
662.0000000 223.7149135 223.6668265 
663.0000000 223.5184949 223.4704079 
664.0000000 223.3220764 223.2739894 
665.0000000 223.1256578 223.0775708 
666.0000000 222.9292393 222.8811523 
667.0000000 222.7328207 222.6847337 
668.0000000 222.5364022 222.4883152 
669.0000000 222.3399836 222.2918966 
670.0000000 222.1435651 222.0954781 
671.0000000 221.9471465 221.8990595 
672.0000000 221.7507280 221.7026410 
673.0000000 221.5543094 221.5062224 
674.0000000 221.3578909 221.3098039 
675.0000000 221.1614723 221.1133853 
676.0000000 220.9650538 220.9169668 
677.0000000 220.7686352 220.7205482 
678.0000000 220.5722167 220.5241297 
679.0000000 220.3757981 220.3277111 
680.0000000 220.1793796 220.1312926 
681.0000000 219.9829610 219.9348740 
682.0000000 219.7865425 219.7384555 
683.0000000 219.5901239 219.5420369 
684.0000000 219.3937054 219.3456184 
685.0000000 219.1972868 219.1491998 
686.0000000 219.0008683 218.9527812 
687.0000000 218.8044497 218.7563627 
688.0000000 218.6080312 218.5599441 
689.0000000 218.4116126 218.3635256 
690.0000000 218.2151941 218.1671070 
691.0000000 218.0187755 217.9706885 
692.0000000 217.8223570 217.7742699 
693.0000000 217.6259384 217.5778514 
694.0000000 217.4295199 217.3814328 
695.0000000 217.2331013 217.1850143 
696.0000000 217.0366828 216.9885957 
697.0000000 216.8402642 216.7921772 
698.0000000 216.6438457 216.5957586 
699.0000000 216.4474271 216.3993401 
700.0000000 216.2510086 216.2029215 
701.0000000 216.0545900 216.0065030 
702.0000000 215.8581715 215.8100844 
703.0000000 215.6617529 215.6136659 
704.0000000 215.4653344 215.4172473 
705.0000000 215.2689158 215.2208288 
706.0000000 215.0724973 215.0244102 
707.0000000 214.8760787 214.8279917 
708.0000000 214.6796602 214.6315731 
709.0000000 214.4832416 214.4351546 
710.0000000 214.2868231 214.2387360 
711.0000000 214.0904045 214.0423175 
712.0000000 213.8939860 213.8458989 
713.0000000 213.6975674 213.6494804 
714.0000000 213.5011489 213.4530618 
715.0000000 213.3047303 213.2566433 
716.0000000 213.1083118 213.0602247 
717.0000000 212.9118932 212.8638062 
718.0000000 212.7154747 212.6673876 
719.0000000 212.5190561 212.4709691 
720.0000000 212.3226376 212.2745505 
721.0000000 212.1262190 212.0781320 
722.0000000 211.9298005 211.8817134 
723.0000000 211.7333819 211.6852949 
724.0000000 211.5369634 211.4888763 
725.0000000 211.3405448 211.2924578 
726.0000000 211.1441263 211.0960392 
727.0000000 210.9477077 210.8996207 
728.0000000 210.7512892 210.7032021 
729.0000000 210.5548706 210.5067836 
730.0000000 210.3584521 210.3103650 
731.0000000 210.1620335 210.1139465 
732.0000000 209.9656150 209.9175279 
733.0000000 209.7691964 209.7211094 
734.0000000 209.5727779 209.5246908 
735.0000000 209.3763593 209.3282723 
736.0000000 209.1799408 209.1318537 
737.0000000 208.9835222 208.9354352 
738.0000000 208.7871037 208.7390166 
739.0000000 208.5906851 208.5425981 
740.0000000 208.3942666 208.3461795 
741.0000000 208.1978480 208.1497610 
742.0000000 208.0014295 207.9533424 
743.0000000 207.8050109 207.7569239 
744.0000000 207.6085924 207.5605053 
745.0000000 207.4121738 207.3640868 
746.0000000 207.2157553 207.1676682 
747.0000000 207.0193367 206.9712497 
748.0000000 206.8229182 206.7748311 
749.0000000 206.6264996 206.5784126 
750.0000000 206.4300811 206.3819940 
751.0000000 206.2336625 206.1855755 
752.0000000 206.0372440 205.9891569 
753.0000000 205.8408254 205.7927384 
754.0000000 205.6444069 205.5963198 
755.0000000 205.4479883 205.3999013 
756.0000000 205.2515698 205.2034827 
757.0000000 205.0551512 205.0070642 
758.0000000 204.8587327 204.8106456 
759.0000000 204.6623141 204.6142271 
760.0000000 204.4658956 204.4178085 
761.0000000 204.2694770 204.2213900 
762.0000000 204.0730585 204.0249714 
763.0000000 203.8766399 203.8285529 
764.0000000 203.6802214 203.6321343 
765.0000000 203.4838028 203.4357158 
766.0000000 203.2873843 203.2392972 
767.0000000 203.0909657 203.0428787 
768.0000000 202.8945472 202.8464601 
769.0000000 202.6981286 202.6500416 
770.0000000 202.5017101 202.4536230 
771.0000000 202.3052915 202.2572045 
772.0000000 202.1088730 202.0607859 
773.0000000 201.9124544 201.8643674 
774.0000000 201.7160359 201.6679488 
775.0000000 201.5196173 201.4715303 
776.0000000 201.3231988 201.2751117 
777.0000000 201.1267802 201.0786932 
778.0000000 200.9303617 200.8822746 
779.0000000 200.7339431 200.6858561 
780.0000000 200.5375246 200.4894375 
781.0000000 200.3411060 200.2930190 
782.0000000 200.1446875 200.0966004 
783.0000000 199.9482689 199.9001819 
784.0000000 199.7518504 199.7037633 
785.0000000 199.5554318 199.5073448 
786.0000000 199.3590133 199.3109262 
787.0000000 199.1625947 199.1145077 
788.0000000 198.9661762 198.9180891 
789.0000000 198.7697576 198.7216706 
790.0000000 198.5733391 198.5252520 
791.0000000 198.3769205 198.3288335 
792.0000000 198.1805020 198.1324149 
793.0000000 197.9840834 197.9359964 
794.0000000 197.7876649 197.7395778 
795.0000000 197.5912463 197.5431593 
796.0000000 197.3948278 197.3467407 
797.0000000 197.1984092 197.1503222 
798.0000000 197.0019907 196.9539036 
799.0000000 196.8055721 196.7574851 
800.0000000 196.6091535 196.5610665 
801.0000000 196.4127350 196.3646480 
802.0000000 196.2163164 196.1682294 
803.0000000 196.0198979 195.9718109 
804.0000000 195.8234793 195.7753923 
805.0000000 195.6270608 195.5789738 
806.0000000 195.4306422 195.3825552 
807.0000000 195.2342237 195.1861367 
808.0000000 195.0378051 194.9897181 
809.0000000 194.8413866 194.7932996 
810.0000000 194.6449680 194.5968810 
811.0000000 194.4485495 194.4004625 
812.0000000 194.2521309 194.2040439 
813.0000000 194.0557124 194.0076254 
814.0000000 193.8592938 193.8112068 
815.0000000 193.6628753 193.6147883 
816.0000000 193.4664567 193.4183697 
817.0000000 193.2700382 193.2219512 
818.0000000 193.0736196 193.0255326 
819.0000000 192.8772011 192.8291141 
820.0000000 192.6807825 192.6326955 
821.0000000 192.4843640 192.4362770 
822.0000000 192.2879454 192.2398584 
823.0000000 192.0915269 192.0434399 
824.0000000 191.8951083 191.8470213 
825.0000000 191.6986898 191.6506028 
826.0000000 191.5022712 191.4541842 
827.0000000 191.3058527 191.2577657 
828.0000000 191.1094341 191.0613471 
829.0000000 190.9130156 190.8649286 
830.0000000 190.7165970 190.6685100 
831.0000000 190.5201785 190.4720915 
832.0000000 190.3237599 190.2756729 
833.0000000 190.1273414 190.0792544 
834.0000000 189.9309228 189.8828358 
835.0000000 189.7345043 189.6864173 
836.0000000 189.5380857 189.4899987 
837.0000000 189.3416672 189.2935801 
838.0000000 189.1452486 189.0971616 
839.0000000 188.9488301 188.9007430 
840.0000000 188.7524115 188.7043245 
841.0000000 188.5559930 188.5079059 
842.0000000 188.3595744 188.3114874 
843.0000000 188.1631559 188.1150688 
844.0000000 187.9667373 187.9186503 
845.0000000 187.7703188 187.7222317 
846.0000000 187.5739002 187.5258132 
847.0000000 187.3774817 187.3293946 
848.0000000 187.1810631 187.1329761 
849.0000000 186.9846446 186.9365575 
850.0000000 186.7882260 186.7401390 
851.0000000 186.5918075 186.5437204 
852.0000000 186.3953889 186.3473019 
853.0000000 186.1989704 186.1508833 
854.0000000 186.0025518 185.9544648 
855.0000000 185.8061333 185.7580462 
856.0000000 185.6097147 185.5616277 
857.0000000 185.4132962 185.3652091 
858.0000000 185.2168776 185.1687906 
859.0000000 185.0204591 184.9723720 
860.0000000 184.8240405 184.7759535 
861.0000000 184.6276220 184.5795349 
862.0000000 184.4312034 184.3831164 
863.0000000 184.2347849 184.1866978 
864.0000000 184.0383663 183.9902793 
865.0000000 183.8419478 183.7938607 
866.0000000 183.6455292 183.5974422 
867.0000000 183.4491107 183.4010236 
868.0000000 183.2526921 183.2046051 
869.0000000 183.0562736 183.0081865 
870.0000000 182.8598550 182.8117680 
871.0000000 182.6634365 182.6153494 
872.0000000 182.4670179 182.4189309 
873.0000000 182.2705994 182.2225123 
874.0000000 182.0741808 182.0260938 
875.0000000 181.8777623 181.8296752 
876.0000000 181.6813437 181.6332567 
877.0000000 181.4849252 181.4368381 
878.0000000 181.2885066 181.2404196 
879.0000000 181.0920881 181.0440010 
880.0000000 180.8956695 180.8475825 
881.0000000 180.6992510 180.6511639 
882.0000000 180.5028324 180.4547454 
883.0000000 180.3064139 180.2583268 
884.0000000 180.1099953 180.0619083 
885.0000000 179.9135768 179.8654897 
886.0000000 179.7171582 179.6690712 
887.0000000 179.5207397 179.4726526 
888.0000000 179.3243211 179.2762341 
889.0000000 179.1279026 179.0798155 
890.0000000 178.9314840 178.8833970 
891.0000000 178.7350655 178.6869784 
892.0000000 178.5386469 178.4905599 
893.0000000 178.3422284 178.2941413 
894.0000000 178.1458098 178.0977228 
895.0000000 177.9493913 177.9013042 
896.0000000 177.7529727 177.7048857 
897.0000000 177.5565542 177.5084671 
898.0000000 177.3601356 177.3120486 
899.0000000 177.1637171 177.1156300 
900.0000000 176.9672985 176.9192115 
901.0000000 176.7708800 176.7227929 
902.0000000 176.5744614 176.5263744 
903.0000000 176.3780429 176.3299558 
904.0000000 176.1816243 176.1335373 
905.0000000 175.9852058 175.9371187 
906.0000000 175.7887872 175.7407002 
907.0000000 175.5923687 175.5442816 
908.0000000 175.3959501 175.3478631 
909.0000000 175.1995316 175.1514445 
910.0000000 175.0031130 174.9550260 
911.0000000 174.8066945 174.7586074 
912.0000000 174.6102759 174.5621889 
913.0000000 174.4138574 174.3657703 
914.0000000 174.2174388 174.1693518 
915.0000000 174.0210203 173.9729332 
916.0000000 173.8246017 173.7765147 
917.0000000 173.6281832 173.5800961 
918.0000000 173.4317646 173.3836776 
919.0000000 173.2353461 173.1872590 
920.0000000 173.0389275 172.9908405 
921.0000000 172.8425090 172.7944219 
922.0000000 172.6460904 172.5980034 
923.0000000 172.4496719 172.4015848 
924.0000000 172.2532533 172.2051663 
925.0000000 172.0568348 172.0087477 
926.0000000 171.8604162 171.8123292 
927.0000000 171.6639977 171.6159106 
928.0000000 171.4675791 171.4194921 
929.0000000 171.2711606 171.2230735 
930.0000000 171.0747420 171.0266550 
931.0000000 170.8783235 170.8302364 
932.0000000 170.6819049 170.6338179 
933.0000000 170.4854864 170.4373993 
934.0000000 170.2890678 170.2409808 
935.0000000 170.0926493 170.0445622 
936.0000000 169.8962307 169.8481437 
937.0000000 169.6998122 169.6517251 
938.0000000 169.5033936 169.4553066 
939.0000000 169.3069751 169.2588880 
940.0000000 169.1105565 169.0624695 
941.0000000 168.9141380 168.8660509 
942.0000000 168.7177194 168.6696324 
943.0000000 168.5213009 168.4732138 
944.0000000 168.3248823 168.2767953 
945.0000000 168.1284638 168.0803767 
946.0000000 167.9320452 167.8839582 
947.0000000 167.7356267 167.6875396 
948.0000000 167.5392081 167.4911211 
949.0000000 167.3427896 167.2947025 
950.0000000 167.1463710 167.0982840 
951.0000000 166.9499524 166.9018654 
952.0000000 166.7535339 166.7054469 
953.0000000 166.5571153 166.5090283 
954.0000000 166.3606968 166.3126098 
955.0000000 166.1642782 166.1161912 
956.0000000 165.9678597 165.9197727 
957.0000000 165.7714411 165.7233541 
958.0000000 165.5750226 165.5269356 
959.0000000 165.3786040 165.3305170 
960.0000000 165.1821855 165.1340985 
961.0000000 164.9857669 164.9376799 
962.0000000 164.7893484 164.7412614 
963.0000000 164.5929298 164.5448428 
964.0000000 164.3965113 164.3484243 
965.0000000 164.2000927 164.1520057 
966.0000000 164.0036742 163.9555872 
967.0000000 163.8072556 163.7591686 
968.0000000 163.6108371 163.5627501 
969.0000000 163.4144185 163.3663315 
970.0000000 163.2180000 163.1699130 
971.0000000 163.0215814 162.9734944 
972.0000000 162.8251629 162.7770759 
973.0000000 162.6287443 162.5806573 
974.0000000 162.4323258 162.3842388 
975.0000000 162.2359072 162.1878202 
976.0000000 162.0394887 161.9914017 
977.0000000 161.8430701 161.7949831 
978.0000000 161.6466516 161.5985646 
979.0000000 161.4502330 161.4021460 
980.0000000 161.2538145 161.2057275 
981.0000000 161.0573959 161.0093089 
982.0000000 160.8609774 160.8128904 
983.0000000 160.6645588 160.6164718 
984.0000000 160.4681403 160.4200533 
985.0000000 160.2717217 160.2236347 
986.0000000 160.0753032 160.0272162 
987.0000000 159.8788846 159.8307976 
988.0000000 159.6824661 159.6343790 
989.0000000 159.4860475 159.4379605 
990.0000000 159.2896290 159.2415419 
991.0000000 159.0932104 159.0451234 
992.0000000 158.8967919 158.8487048 
993.0000000 158.7003733 158.6522863 
994.0000000 158.5039548 158.4558677 
995.0000000 158.3075362 158.2594492 
996.0000000 158.1111177 158.0630306 
997.0000000 157.9146991 157.8666121 
998.0000000 157.7182806 157.6701935 
999.0000000 157.5218620 157.4737750 
1000.0000000 157.3254435 157.2773564 
1001.0000000 157.1290249 157.0809379 
1002.0000000 156.9326064 156.8845193 
1003.0000000 156.7361878 156.6881008 
1004.0000000 156.5397693 156.4916822 
1005.0000000 156.3433507 156.2952637 
1006.0000000 156.1469322 156.0988451 
1007.0000000 155.9505136 155.9024266 
1008.0000000 155.7540951 155.7060080 
1009.0000000 155.5576765 155.5095895 
1010.0000000 155.3612580 155.3131709 
1011.0000000 155.1648394 155.1167524 
1012.0000000 154.9684209 154.9203338 
1013.0000000 154.7720023 154.7239153 
1014.0000000 154.5755838 154.5274967 
1015.0000000 154.3791652 154.3310782 
1016.0000000 154.1827467 154.1346596 
1017.0000000 153.9863281 153.9382411 
1018.0000000 153.7899096 153.7418225 
1019.0000000 153.5934910 153.5454040 
1020.0000000 153.3970725 153.3489854 
1021.0000000 153.2006539 153.1525669 
1022.0000000 153.0042354 152.9561483 
1023.0000000 152.8078168 152.7597298 
1024.0000000 152.6113983 152.5633112 
1025.0000000 152.4149797 152.3668927 
1026.0000000 152.2185612 152.1704741 
1027.0000000 152.0221426 151.9740556 
1028.0000000 151.8257241 151.7776370 
1029.0000000 151.6293055 151.5812185 
1030.0000000 151.4328870 151.3847999 
1031.0000000 151.2364684 151.1883814 
1032.0000000 151.0400499 150.9919628 
1033.0000000 150.8436313 150.7955443 
1034.0000000 150.6472128 150.5991257 
1035.0000000 150.4507942 150.4027072 
1036.0000000 150.2543757 150.2062886 
1037.0000000 150.0579571 150.0098701 
1038.0000000 149.8615386 149.8134515 
1039.0000000 149.6651200 149.6170330 
1040.0000000 149.4687015 149.4206144 
1041.0000000 149.2722829 149.2241959 
1042.0000000 149.0758644 149.0277773 
1043.0000000 148.8794458 148.8313588 
1044.0000000 148.6830273 148.6349402 
1045.0000000 148.4866087 148.4385217 
1046.0000000 148.2901902 148.2421031 
1047.0000000 148.0937716 148.0456846 
1048.0000000 147.8973531 147.8492660 
1049.0000000 147.7009345 147.6528475 
1050.0000000 147.5045160 147.4564289 
1051.0000000 147.3080974 147.2600104 
1052.0000000 147.1116789 147.0635918 
1053.0000000 146.9152603 146.8671733 
1054.0000000 146.7188418 146.6707547 
1055.0000000 146.5224232 146.4743362 
1056.0000000 146.3260047 146.2779176 
1057.0000000 146.1295861 146.0814991 
1058.0000000 145.9331676 145.8850805 
1059.0000000 145.7367490 145.6886620 
1060.0000000 145.5403305 145.4922434 
1061.0000000 145.3439119 145.2958249 
1062.0000000 145.1474934 145.0994063 
1063.0000000 144.9510748 144.9029878 
1064.0000000 144.7546563 144.7065692 
1065.0000000 144.5582377 144.5101507 
1066.0000000 144.3618192 144.3137321 
1067.0000000 144.1654006 144.1173136 
1068.0000000 143.9689821 143.9208950 
1069.0000000 143.7725635 143.7244765 
1070.0000000 143.5761450 143.5280579 
1071.0000000 143.3797264 143.3316394 
1072.0000000 143.1833079 143.1352208 
1073.0000000 142.9868893 142.9388023 
1074.0000000 142.7904708 142.7423837 
1075.0000000 142.5940522 142.5459652 
1076.0000000 142.3976337 142.3495466 
1077.0000000 142.2012151 142.1531281 
1078.0000000 142.0047966 141.9567095 
1079.0000000 141.8083780 141.7602910 
1080.0000000 141.6119595 141.5638724 
1081.0000000 141.4155409 141.3674539 
1082.0000000 141.2191224 141.1710353 
1083.0000000 141.0227038 140.9746168 
1084.0000000 140.8262853 140.7781982 
1085.0000000 140.6298667 140.5817797 
1086.0000000 140.4334482 140.3853611 
1087.0000000 140.2370296 140.1889426 
1088.0000000 140.0406111 139.9925240 
1089.0000000 139.8441925 139.7961055 
1090.0000000 139.6477740 139.5996869 
1091.0000000 139.4513554 139.4032684 
1092.0000000 139.2549369 139.2068498 
1093.0000000 139.0585183 139.0104313 
1094.0000000 138.8620998 138.8140127 
1095.0000000 138.6656812 138.6175942 
1096.0000000 138.4692627 138.4211756 
1097.0000000 138.2728441 138.2247571 
1098.0000000 138.0764256 138.0283385 
1099.0000000 137.8800070 137.8319200 
1100.0000000 137.6835885 137.6355014 
1101.0000000 137.4871699 137.4390829 
1102.0000000 137.2907514 137.2426643 
1103.0000000 137.0943328 137.0462458 
1104.0000000 136.8979142 136.8498272 
1105.0000000 136.7014957 136.6534087 
1106.0000000 136.5050771 136.4569901 
1107.0000000 136.3086586 136.2605716 
1108.0000000 136.1122400 136.0641530 
1109.0000000 135.9158215 135.8677345 
1110.0000000 135.7194029 135.6713159 
1111.0000000 135.5229844 135.4748974 
1112.0000000 135.3265658 135.2784788 
1113.0000000 135.1301473 135.0820603 
1114.0000000 134.9337287 134.8856417 
1115.0000000 134.7373102 134.6892232 
1116.0000000 134.5408916 134.4928046 
1117.0000000 134.3444731 134.2963861 
1118.0000000 134.1480545 134.0999675 
1119.0000000 133.9516360 133.9035490 
1120.0000000 133.7552174 133.7071304 
1121.0000000 133.5587989 133.5107119 
1122.0000000 133.3623803 133.3142933 
1123.0000000 133.1659618 133.1178748 
1124.0000000 132.9695432 132.9214562 
1125.0000000 132.7731247 132.7250377 
1126.0000000 132.5767061 132.5286191 
1127.0000000 132.3802876 132.3322006 
1128.0000000 132.1838690 132.1357820 
1129.0000000 131.9874505 131.9393635 
1130.0000000 131.7910319 131.7429449 
1131.0000000 131.5946134 131.5465264 
1132.0000000 131.3981948 131.3501078 
1133.0000000 131.2017763 131.1536893 
1134.0000000 131.0053577 130.9572707 
1135.0000000 130.8089392 130.7608522 
1136.0000000 130.6125206 130.5644336 
1137.0000000 130.4161021 130.3680151 
1138.0000000 130.2196835 130.1715965 
1139.0000000 130.0232650 129.9751780 
1140.0000000 129.8268464 129.7787594 
1141.0000000 129.6304279 129.5823408 
1142.0000000 129.4340093 129.3859223 
1143.0000000 129.2375908 129.1895037 
1144.0000000 129.0411722 128.9930852 
1145.0000000 128.8447537 128.7966666 
1146.0000000 128.6483351 128.6002481 
1147.0000000 128.4519166 128.4038295 
1148.0000000 128.2554980 128.2074110 
1149.0000000 128.0590795 128.0109924 
1150.0000000 127.8626609 127.8145739 
1151.0000000 127.6662424 127.6181553 
1152.0000000 127.4698238 127.4217368 
1153.0000000 127.2734053 127.2253182 
1154.0000000 127.0769867 127.0288997 
1155.0000000 126.8805682 126.8324811 
1156.0000000 126.6841496 126.6360626 
1157.0000000 126.4877311 126.4396440 
1158.0000000 126.2913125 126.2432255 
1159.0000000 126.0948940 126.0468069 
1160.0000000 125.8984754 125.8503884 
1161.0000000 125.7020569 125.6539698 
1162.0000000 125.5056383 125.4575513 
1163.0000000 125.3092198 125.2611327 
1164.0000000 125.1128012 125.0647142 
1165.0000000 124.9163827 124.8682956 
1166.0000000 124.7199641 124.6718771 
1167.0000000 124.5235456 124.4754585 
1168.0000000 124.3271270 124.2790400 
1169.0000000 124.1307085 124.0826214 
1170.0000000 123.9342899 123.8862029 
1171.0000000 123.7378714 123.6897843 
1172.0000000 123.5414528 123.4933658 
1173.0000000 123.3450343 123.2969472 
1174.0000000 123.1486157 123.1005287 
1175.0000000 122.9521972 122.9041101 
1176.0000000 122.7557786 122.7076916 
1177.0000000 122.5593601 122.5112730 
1178.0000000 122.3629415 122.3148545 
1179.0000000 122.1665230 122.1184359 
1180.0000000 121.9701044 121.9220174 
1181.0000000 121.7736859 121.7255988 
1182.0000000 121.5772673 121.5291803 
1183.0000000 121.3808488 121.3327617 
1184.0000000 121.1844302 121.1363432 
1185.0000000 120.9880117 120.9399246 
1186.0000000 120.7915931 120.7435061 
1187.0000000 120.5951746 120.5470875 
1188.0000000 120.3987560 120.3506690 
1189.0000000 120.2023375 120.1542504 
1190.0000000 120.0059189 119.9578319 
1191.0000000 119.8095004 119.7614133 
1192.0000000 119.6130818 119.5649948 
1193.0000000 119.4166633 119.3685762 
1194.0000000 119.2202447 119.1721577 
1195.0000000 119.0238262 118.9757391 
1196.0000000 118.8274076 118.7793206 
1197.0000000 118.6309891 118.5829020 
1198.0000000 118.4345705 118.3864835 
1199.0000000 118.2381520 118.1900649 
1200.0000000 118.0417334 117.9936464 
1201.0000000 117.8453149 117.7972278 
1202.0000000 117.6488963 117.6008093 
1203.0000000 117.4524778 117.4043907 
1204.0000000 117.2560592 117.2079722 
1205.0000000 117.0596407 117.0115536 
1206.0000000 116.8632221 116.8151351 
1207.0000000 116.6668036 116.6187165 
1208.0000000 116.4703850 116.4222980 
1209.0000000 116.2739665 116.2258794 
1210.0000000 116.0775479 116.0294609 
1211.0000000 115.8811294 115.8330423 
1212.0000000 115.6847108 115.6366238 
1213.0000000 115.4882923 115.4402052 
1214.0000000 115.2918737 115.2437867 
1215.0000000 115.0954552 115.0473681 
1216.0000000 114.8990366 114.8509496 
1217.0000000 114.7026181 114.6545310 
1218.0000000 114.5061995 114.4581125 
1219.0000000 114.3097810 114.2616939 
1220.0000000 114.1133624 114.0652754 
1221.0000000 113.9169439 113.8688568 
1222.0000000 113.7205253 113.6724383 
1223.0000000 113.5241068 113.4760197 
1224.0000000 113.3276882 113.2796012 
1225.0000000 113.1312697 113.0831826 
1226.0000000 112.9348511 112.8867641 
1227.0000000 112.7384326 112.6903455 
1228.0000000 112.5420140 112.4939270 
1229.0000000 112.3455955 112.2975084 
1230.0000000 112.1491769 112.1010899 
1231.0000000 111.9527584 111.9046713 
1232.0000000 111.7563398 111.7082528 
1233.0000000 111.5599213 111.5118342 
1234.0000000 111.3635027 111.3154157 
1235.0000000 111.1670842 111.1189971 
1236.0000000 110.9706656 110.9225786 
1237.0000000 110.7742471 110.7261600 
1238.0000000 110.5778285 110.5297415 
1239.0000000 110.3814100 110.3333229 
1240.0000000 110.1849914 110.1369044 
1241.0000000 109.9885729 109.9404858 
1242.0000000 109.7921543 109.7440673 
1243.0000000 109.5957358 109.5476487 
1244.0000000 109.3993172 109.3512302 
1245.0000000 109.2028987 109.1548116 
1246.0000000 109.0064801 108.9583931 
1247.0000000 108.8100616 108.7619745 
1248.0000000 108.6136430 108.5655560 
1249.0000000 108.4172245 108.3691374 
1250.0000000 108.2208059 108.1727189 
1251.0000000 108.0243874 107.9763003 
1252.0000000 107.8279688 107.7798818 
1253.0000000 107.6315503 107.5834632 
1254.0000000 107.4351317 107.3870447 
1255.0000000 107.2387131 107.1906261 
1256.0000000 107.0422946 106.9942076 
1257.0000000 106.8458760 106.7977890 
1258.0000000 106.6494575 106.6013705 
1259.0000000 106.4530389 106.4049519 
1260.0000000 106.2566204 106.2085334 
1261.0000000 106.0602018 106.0121148 
1262.0000000 105.8637833 105.8156963 
1263.0000000 105.6673647 105.6192777 
1264.0000000 105.4709462 105.4228592 
1265.0000000 105.2745276 105.2264406 
1266.0000000 105.0781091 105.0300221 
1267.0000000 104.8816905 104.8336035 
1268.0000000 104.6852720 104.6371850 
1269.0000000 104.4888534 104.4407664 
1270.0000000 104.2924349 104.2443479 
1271.0000000 104.0960163 104.0479293 
1272.0000000 103.8995978 103.8515108 
1273.0000000 103.7031792 103.6550922 
1274.0000000 103.5067607 103.4586737 
1275.0000000 103.3103421 103.2622551 
1276.0000000 103.1139236 103.0658366 
1277.0000000 102.9175050 102.8694180 
1278.0000000 102.7210865 102.6729995 
1279.0000000 102.5246679 102.4765809 
1280.0000000 102.3282494 102.2801624 
1281.0000000 102.1318308 102.0837438 
1282.0000000 101.9354123 101.8873253 
1283.0000000 101.7389937 101.6909067 
1284.0000000 101.5425752 101.4944882 
1285.0000000 101.3461566 101.2980696 
1286.0000000 101.1497381 101.1016511 
1287.0000000 100.9533195 100.9052325 
1288.0000000 100.7569010 100.7088140 
1289.0000000 100.5604824 100.5123954 
1290.0000000 100.3640639 100.3159769 
1291.0000000 100.1676453 100.1195583 
1292.0000000 99.9712268 99.9231397 
1293.0000000 99.7748082 99.7267212 
1294.0000000 99.5783897 99.5303026 
1295.0000000 99.3819711 99.3338841 
1296.0000000 99.1855526 99.1374655 
1297.0000000 98.9891340 98.9410470 
1298.0000000 98.7927155 98.7446284 
1299.0000000 98.5962969 98.5482099 
1300.0000000 98.3998784 98.3517913 
1301.0000000 98.2034598 98.1553728 
1302.0000000 98.0070413 97.9589542 
1303.0000000 97.8106227 97.7625357 
1304.0000000 97.6142042 97.5661171 
1305.0000000 97.4177856 97.3696986 
1306.0000000 97.2213671 97.1732800 
1307.0000000 97.0249485 96.9768615 
1308.0000000 96.8285300 96.7804429 
1309.0000000 96.6321114 96.5840244 
1310.0000000 96.4356929 96.3876058 
1311.0000000 96.2392743 96.1911873 
1312.0000000 96.0428558 95.9947687 
1313.0000000 95.8464372 95.7983502 
1314.0000000 95.6500187 95.6019316 
1315.0000000 95.4536001 95.4055131 
1316.0000000 95.2571816 95.2090945 
1317.0000000 95.0607630 95.0126760 
1318.0000000 94.8643445 94.8162574 
1319.0000000 94.6679259 94.6198389 
1320.0000000 94.4715074 94.4234203 
1321.0000000 94.2750888 94.2270018 
1322.0000000 94.0786703 94.0305832 
1323.0000000 93.8822517 93.8341647 
1324.0000000 93.6858332 93.6377461 
1325.0000000 93.4894146 93.4413276 
1326.0000000 93.2929961 93.2449090 
1327.0000000 93.0965775 93.0484905 
1328.0000000 92.9001590 92.8520719 
1329.0000000 92.7037404 92.6556534 
1330.0000000 92.5073219 92.4592348 
1331.0000000 92.3109033 92.2628163 
1332.0000000 92.1144848 92.0663977 
1333.0000000 91.9180662 91.8699792 
1334.0000000 91.7216477 91.6735606 
1335.0000000 91.5252291 91.4771421 
1336.0000000 91.3288106 91.2807235 
1337.0000000 91.1323920 91.0843050 
1338.0000000 90.9359735 90.8878864 
1339.0000000 90.7395549 90.6914679 
1340.0000000 90.5431364 90.4950493 
1341.0000000 90.3467178 90.2986308 
1342.0000000 90.1502993 90.1022122 
1343.0000000 89.9538807 89.9057937 
1344.0000000 89.7574622 89.7093751 
1345.0000000 89.5610436 89.5129566 
1346.0000000 89.3646251 89.3165380 
1347.0000000 89.1682065 89.1201195 
1348.0000000 88.9717880 88.9237009 
1349.0000000 88.7753694 88.7272824 
1350.0000000 88.5789509 88.5308638 
1351.0000000 88.3825323 88.3344453 
1352.0000000 88.1861138 88.1380267 
1353.0000000 87.9896952 87.9416082 
1354.0000000 87.7932767 87.7451896 
1355.0000000 87.5968581 87.5487711 
1356.0000000 87.4004396 87.3523525 
1357.0000000 87.2040210 87.1559340 
1358.0000000 87.0076025 86.9595154 
1359.0000000 86.8111839 86.7630969 
1360.0000000 86.6147654 86.5666783 
1361.0000000 86.4183468 86.3702598 
1362.0000000 86.2219283 86.1738412 
1363.0000000 86.0255097 85.9774227 
1364.0000000 85.8290912 85.7810041 
1365.0000000 85.6326726 85.5845856 
1366.0000000 85.4362541 85.3881670 
1367.0000000 85.2398355 85.1917485 
1368.0000000 85.0434170 84.9953299 
1369.0000000 84.8469984 84.7989114 
1370.0000000 84.6505799 84.6024928 
1371.0000000 84.4541613 84.4060743 
1372.0000000 84.2577428 84.2096557 
1373.0000000 84.0613242 84.0132372 
1374.0000000 83.8649057 83.8168186 
1375.0000000 83.6684871 83.6204001 
1376.0000000 83.4720686 83.4239815 
1377.0000000 83.2756500 83.2275630 
1378.0000000 83.0792315 83.0311444 
1379.0000000 82.8828129 82.8347259 
1380.0000000 82.6863944 82.6383073 
1381.0000000 82.4899758 82.4418888 
1382.0000000 82.2935573 82.2454702 
1383.0000000 82.0971387 82.0490517 
1384.0000000 81.9007202 81.8526331 
1385.0000000 81.7043016 81.6562146 
1386.0000000 81.5078831 81.4597960 
1387.0000000 81.3114645 81.2633775 
1388.0000000 81.1150460 81.0669589 
1389.0000000 80.9186274 80.8705404 
1390.0000000 80.7222089 80.6741218 
1391.0000000 80.5257903 80.4777033 
1392.0000000 80.3293718 80.2812847 
1393.0000000 80.1329532 80.0848662 
1394.0000000 79.9365347 79.8884476 
1395.0000000 79.7401161 79.6920291 
1396.0000000 79.5436976 79.4956105 
1397.0000000 79.3472790 79.2991920 
1398.0000000 79.1508605 79.1027734 
1399.0000000 78.9544419 78.9063549 
1400.0000000 78.7580234 78.7099363 
1401.0000000 78.5616048 78.5135178 
1402.0000000 78.3651863 78.3170992 
1403.0000000 78.1687677 78.1206807 
1404.0000000 77.9723492 77.9242621 
1405.0000000 77.7759306 77.7278436 
1406.0000000 77.5795120 77.5314250 
1407.0000000 77.3830935 77.3350065 
1408.0000000 77.1866749 77.1385879 
1409.0000000 76.9902564 76.9421694 
1410.0000000 76.7938378 76.7457508 
1411.0000000 76.5974193 76.5493323 
1412.0000000 76.4010007 76.3529137 
1413.0000000 76.2045822 76.1564952 
1414.0000000 76.0081636 75.9600766 
1415.0000000 75.8117451 75.7636581 
1416.0000000 75.6153265 75.5672395 
1417.0000000 75.4189080 75.3708210 
1418.0000000 75.2224894 75.1744024 
1419.0000000 75.0260709 74.9779839 
1420.0000000 74.8296523 74.7815653 
1421.0000000 74.6332338 74.5851468 
1422.0000000 74.4368152 74.3887282 
1423.0000000 74.2403967 74.1923097 
1424.0000000 74.0439781 73.9958911 
1425.0000000 73.8475596 73.7994726 
1426.0000000 73.6511410 73.6030540 
1427.0000000 73.4547225 73.4066355 
1428.0000000 73.2583039 73.2102169 
1429.0000000 73.0618854 73.0137984 
1430.0000000 72.8654668 72.8173798 
1431.0000000 72.6690483 72.6209613 
1432.0000000 72.4726297 72.4245427 
1433.0000000 72.2762112 72.2281242 
1434.0000000 72.0797926 72.0317056 
1435.0000000 71.8833741 71.8352871 
1436.0000000 71.6869555 71.6388685 
1437.0000000 71.4905370 71.4424500 
1438.0000000 71.2941184 71.2460314 
1439.0000000 71.0976999 71.0496129 
1440.0000000 70.9012813 70.8531943 
1441.0000000 70.7048628 70.6567758 
1442.0000000 70.5084442 70.4603572 
1443.0000000 70.3120257 70.2639387 
1444.0000000 70.1156071 70.0675201 
1445.0000000 69.9191886 69.8711015 
1446.0000000 69.7227700 69.6746830 
1447.0000000 69.5263515 69.4782644 
1448.0000000 69.3299329 69.2818459 
1449.0000000 69.1335144 69.0854273 
1450.0000000 68.9370958 68.8890088 
1451.0000000 68.7406773 68.6925902 
1452.0000000 68.5442587 68.4961717 
1453.0000000 68.3478402 68.2997531 
1454.0000000 68.1514216 68.1033346 
1455.0000000 67.9550031 67.9069160 
1456.0000000 67.7585845 67.7104975 
1457.0000000 67.5621660 67.5140789 
1458.0000000 67.3657474 67.3176604 
1459.0000000 67.1693289 67.1212418 
1460.0000000 66.9729103 66.9248233 
1461.0000000 66.7764918 66.7284047 
1462.0000000 66.5800732 66.5319862 
1463.0000000 66.3836547 66.3355676 
1464.0000000 66.1872361 66.1391491 
1465.0000000 65.9908176 65.9427305 
1466.0000000 65.7943990 65.7463120 
1467.0000000 65.5979805 65.5498934 
1468.0000000 65.4015619 65.3534749 
1469.0000000 65.2051434 65.1570563 
1470.0000000 65.0087248 64.9606378 
1471.0000000 64.8123063 64.7642192 
1472.0000000 64.6158877 64.5678007 
1473.0000000 64.4194692 64.3713821 
1474.0000000 64.2230506 64.1749636 
1475.0000000 64.0266321 63.9785450 
1476.0000000 63.8302135 63.7821265 
1477.0000000 63.6337950 63.5857079 
1478.0000000 63.4373764 63.3892894 
1479.0000000 63.2409579 63.1928708 
1480.0000000 63.0445393 62.9964523 
1481.0000000 62.8481208 62.8000337 
1482.0000000 62.6517022 62.6036152 
1483.0000000 62.4552837 62.4071966 
1484.0000000 62.2588651 62.2107781 
1485.0000000 62.0624466 62.0143595 
1486.0000000 61.8660280 61.8179410 
1487.0000000 61.6696095 61.6215224 
1488.0000000 61.4731909 61.4251039 
1489.0000000 61.2767724 61.2286853 
1490.0000000 61.0803538 61.0322668 
1491.0000000 60.8839353 60.8358482 
1492.0000000 60.6875167 60.6394297 
1493.0000000 60.4910982 60.4430111 
1494.0000000 60.2946796 60.2465926 
1495.0000000 60.0982611 60.0501740 
1496.0000000 59.9018425 59.8537555 
1497.0000000 59.7054240 59.6573369 
1498.0000000 59.5090054 59.4609184 
1499.0000000 59.3125869 59.2644998 
1500.0000000 59.1161683 59.0680813 
1501.0000000 58.9197498 58.8716627 
1502.0000000 58.7233312 58.6752442 
1503.0000000 58.5269127 58.4788256 
1504.0000000 58.3304941 58.2824071 
1505.0000000 58.1340756 58.0859885 
1506.0000000 57.9376570 57.8895700 
1507.0000000 57.7412385 57.6931514 
1508.0000000 57.5448199 57.4967329 
1509.0000000 57.3484014 57.3003143 
1510.0000000 57.1519828 57.1038958 
1511.0000000 56.9555643 56.9074772 
1512.0000000 56.7591457 56.7110587 
1513.0000000 56.5627272 56.5146401 
1514.0000000 56.3663086 56.3182216 
1515.0000000 56.1698901 56.1218030 
1516.0000000 55.9734715 55.9253845 
1517.0000000 55.7770530 55.7289659 
1518.0000000 55.5806344 55.5325474 
1519.0000000 55.3842159 55.3361288 
1520.0000000 55.1877973 55.1397103 
1521.0000000 54.9913788 54.9432917 
1522.0000000 54.7949602 54.7468732 
1523.0000000 54.5985417 54.5504546 
1524.0000000 54.4021231 54.3540361 
1525.0000000 54.2057046 54.1576175 
1526.0000000 54.0092860 53.9611990 
1527.0000000 53.8128675 53.7647804 
1528.0000000 53.6164489 53.5683619 
1529.0000000 53.4200304 53.3719433 
1530.0000000 53.2236118 53.1755248 
1531.0000000 53.0271933 52.9791062 
1532.0000000 52.8307747 52.7826877 
1533.0000000 52.6343562 52.5862691 
1534.0000000 52.4379376 52.3898506 
1535.0000000 52.2415191 52.1934320 
1536.0000000 52.0451005 51.9970135 
1537.0000000 51.8486820 51.8005949 
1538.0000000 51.6522634 51.6041764 
1539.0000000 51.4558449 51.4077578 
1540.0000000 51.2594263 51.2113393 
1541.0000000 51.0630078 51.0149207 
1542.0000000 50.8665892 50.8185022 
1543.0000000 50.6701707 50.6220836 
1544.0000000 50.4737521 50.4256651 
1545.0000000 50.2773336 50.2292465 
1546.0000000 50.0809150 50.0328280 
1547.0000000 49.8844965 49.8364094 
1548.0000000 49.6880779 49.6399909 
1549.0000000 49.4916594 49.4435723 
1550.0000000 49.2952408 49.2471538 
1551.0000000 49.0988223 49.0507352 
1552.0000000 48.9024037 48.8543167 
1553.0000000 48.7059852 48.6578981 
1554.0000000 48.5095666 48.4614796 
1555.0000000 48.3131481 48.2650610 
1556.0000000 48.1167295 48.0686425 
1557.0000000 47.9203110 47.8722239 
1558.0000000 47.7238924 47.6758054 
1559.0000000 47.5274738 47.4793868 
1560.0000000 47.3310553 47.2829683 
1561.0000000 47.1346367 47.0865497 
1562.0000000 46.9382182 46.8901312 
1563.0000000 46.7417996 46.6937126 
1564.0000000 46.5453811 46.4972941 
1565.0000000 46.3489625 46.3008755 
1566.0000000 46.1525440 46.1044570 
1567.0000000 45.9561254 45.9080384 
1568.0000000 45.7597069 45.7116199 
1569.0000000 45.5632883 45.5152013 
1570.0000000 45.3668698 45.3187828 
1571.0000000 45.1704512 45.1223642 
1572.0000000 44.9740327 44.9259457 
1573.0000000 44.7776141 44.7295271 
1574.0000000 44.5811956 44.5331086 
1575.0000000 44.3847770 44.3366900 
1576.0000000 44.1883585 44.1402715 
1577.0000000 43.9919399 43.9438529 
1578.0000000 43.7955214 43.7474344 
1579.0000000 43.5991028 43.5510158 
1580.0000000 43.4026843 43.3545973 
1581.0000000 43.2062657 43.1581787 
1582.0000000 43.0098472 42.9617602 
1583.0000000 42.8134286 42.7653416 
1584.0000000 42.6170101 42.5689231 
1585.0000000 42.4205915 42.3725045 
1586.0000000 42.2241730 42.1760860 
1587.0000000 42.0277544 41.9796674 
1588.0000000 41.8313359 41.7832489 
1589.0000000 41.6349173 41.5868303 
1590.0000000 41.4384988 41.3904118 
1591.0000000 41.2420802 41.1939932 
1592.0000000 41.0456617 40.9975747 
1593.0000000 40.8492431 40.8011561 
1594.0000000 40.6528246 40.6047376 
1595.0000000 40.4564060 40.4083190 
1596.0000000 40.2599875 40.2119004 
1597.0000000 40.0635689 40.0154819 
1598.0000000 39.8671504 39.8190633 
1599.0000000 39.6707318 39.6226448 
1600.0000000 39.4743133 39.4262262 
1601.0000000 39.2778947 39.2298077 
1602.0000000 39.0814762 39.0333891 
1603.0000000 38.8850576 38.8369706 
1604.0000000 38.6886391 38.6405520 
1605.0000000 38.4922205 38.4441335 
1606.0000000 38.2958020 38.2477149 
1607.0000000 38.0993834 38.0512964 
1608.0000000 37.9029649 37.8548778 
1609.0000000 37.7065463 37.6584593 
1610.0000000 37.5101278 37.4620407 
1611.0000000 37.3137092 37.2656222 
1612.0000000 37.1172907 37.0692036 
1613.0000000 36.9208721 36.8727851 
1614.0000000 36.7244536 36.6763665 
1615.0000000 36.5280350 36.4799480 
1616.0000000 36.3316165 36.2835294 
1617.0000000 36.1351979 36.0871109 
1618.0000000 35.9387794 35.8906923 
1619.0000000 35.7423608 35.6942738 
1620.0000000 35.5459423 35.4978552 
1621.0000000 35.3495237 35.3014367 
1622.0000000 35.1531052 35.1050181 
1623.0000000 34.9566866 34.9085996 
1624.0000000 34.7602681 34.7121810 
1625.0000000 34.5638495 34.5157625 
1626.0000000 34.3674310 34.3193439 
1627.0000000 34.1710124 34.1229254 
1628.0000000 33.9745939 33.9265068 
1629.0000000 33.7781753 33.7300883 
1630.0000000 33.5817568 33.5336697 
1631.0000000 33.3853382 33.3372512 
1632.0000000 33.1889197 33.1408326 
1633.0000000 32.9925011 32.9444141 
1634.0000000 32.7960826 32.7479955 
1635.0000000 32.5996640 32.5515770 
1636.0000000 32.4032455 32.3551584 
1637.0000000 32.2068269 32.1587399 
1638.0000000 32.0104084 31.9623213 
1639.0000000 31.8139898 31.7659028 
1640.0000000 31.6175713 31.5694842 
1641.0000000 31.4211527 31.3730657 
1642.0000000 31.2247342 31.1766471 
1643.0000000 31.0283156 30.9802286 
1644.0000000 30.8318971 30.7838100 
1645.0000000 30.6354785 30.5873915 
1646.0000000 30.4390600 30.3909729 
1647.0000000 30.2426414 30.1945544 
1648.0000000 30.0462229 29.9981358 
1649.0000000 29.8498043 29.8017173 
1650.0000000 29.6533858 29.6052987 
1651.0000000 29.4569672 29.4088802 
1652.0000000 29.2605487 29.2124616 
1653.0000000 29.0641301 29.0160431 
1654.0000000 28.8677116 28.8196245 
1655.0000000 28.6712930 28.6232060 
1656.0000000 28.4748745 28.4267874 
1657.0000000 28.2784559 28.2303689 
1658.0000000 28.0820374 28.0339503 
1659.0000000 27.8856188 27.8375318 
1660.0000000 27.6892003 27.6411132 
1661.0000000 27.4927817 27.4446947 
1662.0000000 27.2963632 27.2482761 
1663.0000000 27.0999446 27.0518576 
1664.0000000 26.9035261 26.8554390 
1665.0000000 26.7071075 26.6590205 
1666.0000000 26.5106890 26.4626019 
1667.0000000 26.3142704 26.2661834 
1668.0000000 26.1178519 26.0697648 
1669.0000000 25.9214333 25.8733463 
1670.0000000 25.7250148 25.6769277 
1671.0000000 25.5285962 25.4805092 
1672.0000000 25.3321777 25.2840906 
1673.0000000 25.1357591 25.0876721 
1674.0000000 24.9393406 24.8912535 
1675.0000000 24.7429220 24.6948350 
1676.0000000 24.5465035 24.4984164 
1677.0000000 24.3500849 24.3019979 
1678.0000000 24.1536664 24.1055793 
1679.0000000 23.9572478 23.9091608 
1680.0000000 23.7608293 23.7127422 
1681.0000000 23.5644107 23.5163237 
1682.0000000 23.3679922 23.3199051 
1683.0000000 23.1715736 23.1234866 
1684.0000000 22.9751551 22.9270680 
1685.0000000 22.7787365 22.7306495 
1686.0000000 22.5823180 22.5342309 
1687.0000000 22.3858994 22.3378124 
1688.0000000 22.1894809 22.1413938 
1689.0000000 21.9930623 21.9449753 
1690.0000000 21.7966438 21.7485567 
1691.0000000 21.6002252 21.5521382 
1692.0000000 21.4038067 21.3557196 
1693.0000000 21.2073881 21.1593011 
1694.0000000 21.0109696 20.9628825 
1695.0000000 20.8145510 20.7664640 
1696.0000000 20.6181325 20.5700454 
1697.0000000 20.4217139 20.3736269 
1698.0000000 20.2252954 20.1772083 
1699.0000000 20.0288768 19.9807898 
1700.0000000 19.8324583 19.7843712 
1701.0000000 19.6360397 19.5879527 
1702.0000000 19.4396212 19.3915341 
1703.0000000 19.2432026 19.1951156 
1704.0000000 19.0467841 18.9986970 
1705.0000000 18.8503655 18.8022785 
1706.0000000 18.6539470 18.6058599 
1707.0000000 18.4575284 18.4094414 
1708.0000000 18.2611099 18.2130228 
1709.0000000 18.0646913 18.0166043 
1710.0000000 17.8682727 17.8201857 
1711.0000000 17.6718542 17.6237672 
1712.0000000 17.4754356 17.4273486 
1713.0000000 17.2790171 17.2309301 
1714.0000000 17.0825985 17.0345115 
1715.0000000 16.8861800 16.8380930 
1716.0000000 16.6897614 16.6416744 
1717.0000000 16.4933429 16.4452559 
1718.0000000 16.2969243 16.2488373 
1719.0000000 16.1005058 16.0524188 
1720.0000000 15.9040872 15.8560002 
1721.0000000 15.7076687 15.6595817 
1722.0000000 15.5112501 15.4631631 
1723.0000000 15.3148316 15.2667446 
1724.0000000 15.1184130 15.0703260 
1725.0000000 14.9219945 14.8739075 
1726.0000000 14.7255759 14.6774889 
1727.0000000 14.5291574 14.4810704 
1728.0000000 14.3327388 14.2846518 
1729.0000000 14.1363203 14.0882333 
1730.0000000 13.9399017 13.8918147 
1731.0000000 13.7434832 13.6953962 
1732.0000000 13.5470646 13.4989776 
1733.0000000 13.3506461 13.3025591 
1734.0000000 13.1542275 13.1061405 
1735.0000000 12.9578090 12.9097220 
1736.0000000 12.7613904 12.7133034 
1737.0000000 12.5649719 12.5168849 
1738.0000000 12.3685533 12.3204663 
1739.0000000 12.1721348 12.1240478 
1740.0000000 11.9757162 11.9276292 
1741.0000000 11.7792977 11.7312107 
1742.0000000 11.5828791 11.5347921 
1743.0000000 11.3864606 11.3383736 
1744.0000000 11.1900420 11.1419550 
1745.0000000 10.9936235 10.9455365 
1746.0000000 10.7972049 10.7491179 
1747.0000000 10.6007864 10.5526993 
1748.0000000 10.4043678 10.3562808 
1749.0000000 10.2079493 10.1598622 
1750.0000000 10.0115307 9.9634437 
1751.0000000 9.8151122 9.7670251 
1752.0000000 9.6186936 9.5706066 
1753.0000000 9.4222751 9.3741880 
1754.0000000 9.2258565 9.1777695 
1755.0000000 9.0294380 8.9813509 
1756.0000000 8.8330194 8.7849324 
1757.0000000 8.6366009 8.5885138 
1758.0000000 8.4401823 8.3920953 
1759.0000000 8.2437638 8.1956767 
1760.0000000 8.0473452 7.9992582 
1761.0000000 7.8509267 7.8028396 
1762.0000000 7.6545081 7.6064211 
1763.0000000 7.4580896 7.4100025 
1764.0000000 7.2616710 7.2135840 
1765.0000000 7.0652525 7.0171654 
1766.0000000 6.8688339 6.8207469 
1767.0000000 6.6724154 6.6243283 
1768.0000000 6.4759968 6.4279098 
1769.0000000 6.2795783 6.2314912 
1770.0000000 6.0831597 6.0350727 
1771.0000000 5.8867412 5.8386541 
1772.0000000 5.6903226 5.6422356 
1773.0000000 5.4939041 5.4458170 
1774.0000000 5.2974855 5.2493985 
1775.0000000 5.1010670 5.0529799 
1776.0000000 4.9046484 4.8565614 
1777.0000000 4.7082299 4.6601428 
1778.0000000 4.5118113 4.4637243 
1779.0000000 4.3153928 4.2673057 
1780.0000000 4.1189742 4.0708872 
1781.0000000 3.9225557 3.8744686 
1782.0000000 3.7261371 3.6780501 
1783.0000000 3.5297186 3.4816315 
1784.0000000 3.3333000 3.2852130 
1785.0000000 3.1368815 3.0887944 
1786.0000000 2.9404629 2.8923759 
1787.0000000 2.7440444 2.6959573 
1788.0000000 2.5476258 2.4995388 
1789.0000000 2.3512073 2.3031202 
1790.0000000 2.1547887 2.1067017 
1791.0000000 1.9583702 1.9102831 
1792.0000000 1.7619516 1.7138646 
1793.0000000 1.5655331 1.5174460 
1794.0000000 1.3691145 1.3210275 
1795.0000000 1.1726960 1.1246089 
1796.0000000 0.9762774 0.9281904 
1797.0000000 0.7798589 0.7317718 
1798.0000000 0.5834403 0.5353533 
1799.0000000 0.3870218 0.3389347 
1800.0000000 0.1906032 0.1425162 

