1.0000000 353.4985749 353.4875322 
2.0000000 353.3021564 353.2911137 
3.0000000 353.1057378 353.0946951 
4.0000000 352.9093193 352.8982766 
5.0000000 352.7129007 352.7018580 
6.0000000 352.5164822 352.5054395 
7.0000000 352.3200636 352.3090209 
8.0000000 352.1236451 352.1126024 
9.0000000 351.9272265 351.9161838 
10.0000000 351.7308080 351.7197652 
11.0000000 351.5343894 351.5233467 
12.0000000 351.3379709 351.3269281 
13.0000000 351.1415523 351.1305096 
14.0000000 350.9451338 350.9340910 
15.0000000 350.7487152 350.7376725 
16.0000000 350.5522967 350.5412539 
17.0000000 350.3558781 350.3448354 
18.0000000 350.1594596 350.1484168 
19.0000000 349.9630410 349.9519983 
20.0000000 349.7666225 349.7555797 
21.0000000 349.5702039 349.5591612 
22.0000000 349.3737854 349.3627426 
23.0000000 349.1773668 349.1663241 
24.0000000 348.9809483 348.9699055 
25.0000000 348.7845297 348.7734870 
26.0000000 348.5881112 348.5770684 
27.0000000 348.3916926 348.3806499 
28.0000000 348.1952741 348.1842313 
29.0000000 347.9988555 347.9878128 
30.0000000 347.8024370 347.7913942 
31.0000000 347.6060184 347.5949757 
32.0000000 347.4095999 347.3985571 
33.0000000 347.2131813 347.2021386 
34.0000000 347.0167628 347.0057200 
35.0000000 346.8203442 346.8093015 
36.0000000 346.6239257 346.6128829 
37.0000000 346.4275071 346.4164644 
38.0000000 346.2310886 346.2200458 
39.0000000 346.0346700 346.0236273 
40.0000000 345.8382515 345.8272087 
41.0000000 345.6418329 345.6307902 
42.0000000 345.4454144 345.4343716 
43.0000000 345.2489958 345.2379531 
44.0000000 345.0525773 345.0415345 
45.0000000 344.8561587 344.8451160 
46.0000000 344.6597402 344.6486974 
47.0000000 344.4633216 344.4522789 
48.0000000 344.2669031 344.2558603 
49.0000000 344.0704845 344.0594418 
50.0000000 343.8740660 343.8630232 
51.0000000 343.6776474 343.6666047 
52.0000000 343.4812289 343.4701861 
53.0000000 343.2848103 343.2737676 
54.0000000 343.0883918 343.0773490 
55.0000000 342.8919732 342.8809305 
56.0000000 342.6955547 342.6845119 
57.0000000 342.4991361 342.4880934 
58.0000000 342.3027176 342.2916748 
59.0000000 342.1062990 342.0952563 
60.0000000 341.9098805 341.8988377 
61.0000000 341.7134619 341.7024192 
62.0000000 341.5170434 341.5060006 
63.0000000 341.3206248 341.3095821 
64.0000000 341.1242063 341.1131635 
65.0000000 340.9277877 340.9167450 
66.0000000 340.7313692 340.7203264 
67.0000000 340.5349506 340.5239079 
68.0000000 340.3385321 340.3274893 
69.0000000 340.1421135 340.1310708 
70.0000000 339.9456950 339.9346522 
71.0000000 339.7492764 339.7382337 
72.0000000 339.5528579 339.5418151 
73.0000000 339.3564393 339.3453966 
74.0000000 339.1600208 339.1489780 
75.0000000 338.9636022 338.9525595 
76.0000000 338.7671837 338.7561409 
77.0000000 338.5707651 338.5597224 
78.0000000 338.3743466 338.3633038 
79.0000000 338.1779280 338.1668853 
80.0000000 337.9815095 337.9704667 
81.0000000 337.7850909 337.7740482 
82.0000000 337.5886724 337.5776296 
83.0000000 337.3922538 337.3812111 
84.0000000 337.1958353 337.1847925 
85.0000000 336.9994167 336.9883740 
86.0000000 336.8029982 336.7919554 
87.0000000 336.6065796 336.5955369 
88.0000000 336.4101611 336.3991183 
89.0000000 336.2137425 336.2026998 
90.0000000 336.0173240 336.0062812 
91.0000000 335.8209054 335.8098627 
92.0000000 335.6244869 335.6134441 
93.0000000 335.4280683 335.4170256 
94.0000000 335.2316498 335.2206070 
95.0000000 335.0352312 335.0241885 
96.0000000 334.8388127 334.8277699 
97.0000000 334.6423941 334.6313514 
98.0000000 334.4459756 334.4349328 
99.0000000 334.2495570 334.2385143 
100.0000000 334.0531385 334.0420957 
101.0000000 333.8567199 333.8456772 
102.0000000 333.6603014 333.6492586 
103.0000000 333.4638828 333.4528401 
104.0000000 333.2674643 333.2564215 
105.0000000 333.0710457 333.0600030 
106.0000000 332.8746272 332.8635844 
107.0000000 332.6782086 332.6671659 
108.0000000 332.4817901 332.4707473 
109.0000000 332.2853715 332.2743288 
110.0000000 332.0889530 332.0779102 
111.0000000 331.8925344 331.8814917 
112.0000000 331.6961159 331.6850731 
113.0000000 331.4996973 331.4886546 
114.0000000 331.3032788 331.2922360 
115.0000000 331.1068602 331.0958175 
116.0000000 330.9104417 330.8993989 
117.0000000 330.7140231 330.7029804 
118.0000000 330.5176046 330.5065618 
119.0000000 330.3211860 330.3101433 
120.0000000 330.1247675 330.1137247 
121.0000000 329.9283489 329.9173062 
122.0000000 329.7319304 329.7208876 
123.0000000 329.5355118 329.5244691 
124.0000000 329.3390933 329.3280505 
125.0000000 329.1426747 329.1316320 
126.0000000 328.9462562 328.9352134 
127.0000000 328.7498376 328.7387949 
128.0000000 328.5534191 328.5423763 
129.0000000 328.3570005 328.3459578 
130.0000000 328.1605820 328.1495392 
131.0000000 327.9641634 327.9531207 
132.0000000 327.7677449 327.7567021 
133.0000000 327.5713263 327.5602836 
134.0000000 327.3749078 327.3638650 
135.0000000 327.1784892 327.1674465 
136.0000000 326.9820707 326.9710279 
137.0000000 326.7856521 326.7746094 
138.0000000 326.5892336 326.5781908 
139.0000000 326.3928150 326.3817723 
140.0000000 326.1963965 326.1853537 
141.0000000 325.9999779 325.9889352 
142.0000000 325.8035594 325.7925166 
143.0000000 325.6071408 325.5960981 
144.0000000 325.4107223 325.3996795 
145.0000000 325.2143037 325.2032610 
146.0000000 325.0178852 325.0068424 
147.0000000 324.8214666 324.8104239 
148.0000000 324.6250481 324.6140053 
149.0000000 324.4286295 324.4175868 
150.0000000 324.2322110 324.2211682 
151.0000000 324.0357924 324.0247497 
152.0000000 323.8393738 323.8283311 
153.0000000 323.6429553 323.6319126 
154.0000000 323.4465367 323.4354940 
155.0000000 323.2501182 323.2390755 
156.0000000 323.0536996 323.0426569 
157.0000000 322.8572811 322.8462384 
158.0000000 322.6608625 322.6498198 
159.0000000 322.4644440 322.4534013 
160.0000000 322.2680254 322.2569827 
161.0000000 322.0716069 322.0605641 
162.0000000 321.8751883 321.8641456 
163.0000000 321.6787698 321.6677270 
164.0000000 321.4823512 321.4713085 
165.0000000 321.2859327 321.2748899 
166.0000000 321.0895141 321.0784714 
167.0000000 320.8930956 320.8820528 
168.0000000 320.6966770 320.6856343 
169.0000000 320.5002585 320.4892157 
170.0000000 320.3038399 320.2927972 
171.0000000 320.1074214 320.0963786 
172.0000000 319.9110028 319.8999601 
173.0000000 319.7145843 319.7035415 
174.0000000 319.5181657 319.5071230 
175.0000000 319.3217472 319.3107044 
176.0000000 319.1253286 319.1142859 
177.0000000 318.9289101 318.9178673 
178.0000000 318.7324915 318.7214488 
179.0000000 318.5360730 318.5250302 
180.0000000 318.3396544 318.3286117 
181.0000000 318.1432359 318.1321931 
182.0000000 317.9468173 317.9357746 
183.0000000 317.7503988 317.7393560 
184.0000000 317.5539802 317.5429375 
185.0000000 317.3575617 317.3465189 
186.0000000 317.1611431 317.1501004 
187.0000000 316.9647246 316.9536818 
188.0000000 316.7683060 316.7572633 
189.0000000 316.5718875 316.5608447 
190.0000000 316.3754689 316.3644262 
191.0000000 316.1790504 316.1680076 
192.0000000 315.9826318 315.9715891 
193.0000000 315.7862133 315.7751705 
194.0000000 315.5897947 315.5787520 
195.0000000 315.3933762 315.3823334 
196.0000000 315.1969576 315.1859149 
197.0000000 315.0005391 314.9894963 
198.0000000 314.8041205 314.7930778 
199.0000000 314.6077020 314.5966592 
200.0000000 314.4112834 314.4002407 
201.0000000 314.2148649 314.2038221 
202.0000000 314.0184463 314.0074036 
203.0000000 313.8220278 313.8109850 
204.0000000 313.6256092 313.6145665 
205.0000000 313.4291907 313.4181479 
206.0000000 313.2327721 313.2217294 
207.0000000 313.0363536 313.0253108 
208.0000000 312.8399350 312.8288923 
209.0000000 312.6435165 312.6324737 
210.0000000 312.4470979 312.4360552 
211.0000000 312.2506794 312.2396366 
212.0000000 312.0542608 312.0432181 
213.0000000 311.8578423 311.8467995 
214.0000000 311.6614237 311.6503810 
215.0000000 311.4650052 311.4539624 
216.0000000 311.2685866 311.2575439 
217.0000000 311.0721681 311.0611253 
218.0000000 310.8757495 310.8647068 
219.0000000 310.6793310 310.6682882 
220.0000000 310.4829124 310.4718697 
221.0000000 310.2864939 310.2754511 
222.0000000 310.0900753 310.0790326 
223.0000000 309.8936568 309.8826140 
224.0000000 309.6972382 309.6861955 
225.0000000 309.5008197 309.4897769 
226.0000000 309.3044011 309.2933584 
227.0000000 309.1079826 309.0969398 
228.0000000 308.9115640 308.9005213 
229.0000000 308.7151455 308.7041027 
230.0000000 308.5187269 308.5076842 
231.0000000 308.3223084 308.3112656 
232.0000000 308.1258898 308.1148471 
233.0000000 307.9294713 307.9184285 
234.0000000 307.7330527 307.7220100 
235.0000000 307.5366342 307.5255914 
236.0000000 307.3402156 307.3291729 
237.0000000 307.1437971 307.1327543 
238.0000000 306.9473785 306.9363358 
239.0000000 306.7509600 306.7399172 
240.0000000 306.5545414 306.5434987 
241.0000000 306.3581229 306.3470801 
242.0000000 306.1617043 306.1506616 
243.0000000 305.9652858 305.9542430 
244.0000000 305.7688672 305.7578245 
245.0000000 305.5724487 305.5614059 
246.0000000 305.3760301 305.3649874 
247.0000000 305.1796116 305.1685688 
248.0000000 304.9831930 304.9721503 
249.0000000 304.7867745 304.7757317 
250.0000000 304.5903559 304.5793132 
251.0000000 304.3939374 304.3828946 
252.0000000 304.1975188 304.1864761 
253.0000000 304.0011003 303.9900575 
254.0000000 303.8046817 303.7936390 
255.0000000 303.6082632 303.5972204 
256.0000000 303.4118446 303.4008019 
257.0000000 303.2154261 303.2043833 
258.0000000 303.0190075 303.0079648 
259.0000000 302.8225890 302.8115462 
260.0000000 302.6261704 302.6151277 
261.0000000 302.4297519 302.4187091 
262.0000000 302.2333333 302.2222906 
263.0000000 302.0369148 302.0258720 
264.0000000 301.8404962 301.8294535 
265.0000000 301.6440777 301.6330349 
266.0000000 301.4476591 301.4366164 
267.0000000 301.2512406 301.2401978 
268.0000000 301.0548220 301.0437793 
269.0000000 300.8584035 300.8473607 
270.0000000 300.6619849 300.6509422 
271.0000000 300.4655664 300.4545236 
272.0000000 300.2691478 300.2581051 
273.0000000 300.0727293 300.0616865 
274.0000000 299.8763107 299.8652680 
275.0000000 299.6798922 299.6688494 
276.0000000 299.4834736 299.4724309 
277.0000000 299.2870551 299.2760123 
278.0000000 299.0906365 299.0795938 
279.0000000 298.8942180 298.8831752 
280.0000000 298.6977994 298.6867567 
281.0000000 298.5013809 298.4903381 
282.0000000 298.3049623 298.2939196 
283.0000000 298.1085438 298.0975010 
284.0000000 297.9121252 297.9010825 
285.0000000 297.7157067 297.7046639 
286.0000000 297.5192881 297.5082454 
287.0000000 297.3228696 297.3118268 
288.0000000 297.1264510 297.1154083 
289.0000000 296.9300325 296.9189897 
290.0000000 296.7336139 296.7225712 
291.0000000 296.5371954 296.5261526 
292.0000000 296.3407768 296.3297341 
293.0000000 296.1443583 296.1333155 
294.0000000 295.9479397 295.9368970 
295.0000000 295.7515212 295.7404784 
296.0000000 295.5551026 295.5440599 
297.0000000 295.3586841 295.3476413 
298.0000000 295.1622655 295.1512228 
299.0000000 294.9658470 294.9548042 
300.0000000 294.7694284 294.7583857 
301.0000000 294.5730099 294.5619671 
302.0000000 294.3765913 294.3655486 
303.0000000 294.1801727 294.1691300 
304.0000000 293.9837542 293.9727115 
305.0000000 293.7873356 293.7762929 
306.0000000 293.5909171 293.5798744 
307.0000000 293.3944985 293.3834558 
308.0000000 293.1980800 293.1870373 
309.0000000 293.0016614 292.9906187 
310.0000000 292.8052429 292.7942002 
311.0000000 292.6088243 292.5977816 
312.0000000 292.4124058 292.4013631 
313.0000000 292.2159872 292.2049445 
314.0000000 292.0195687 292.0085259 
315.0000000 291.8231501 291.8121074 
316.0000000 291.6267316 291.6156888 
317.0000000 291.4303130 291.4192703 
318.0000000 291.2338945 291.2228517 
319.0000000 291.0374759 291.0264332 
320.0000000 290.8410574 290.8300146 
321.0000000 290.6446388 290.6335961 
322.0000000 290.4482203 290.4371775 
323.0000000 290.2518017 290.2407590 
324.0000000 290.0553832 290.0443404 
325.0000000 289.8589646 289.8479219 
326.0000000 289.6625461 289.6515033 
327.0000000 289.4661275 289.4550848 
328.0000000 289.2697090 289.2586662 
329.0000000 289.0732904 289.0622477 
330.0000000 288.8768719 288.8658291 
331.0000000 288.6804533 288.6694106 
332.0000000 288.4840348 288.4729920 
333.0000000 288.2876162 288.2765735 
334.0000000 288.0911977 288.0801549 
335.0000000 287.8947791 287.8837364 
336.0000000 287.6983606 287.6873178 
337.0000000 287.5019420 287.4908993 
338.0000000 287.3055235 287.2944807 
339.0000000 287.1091049 287.0980622 
340.0000000 286.9126864 286.9016436 
341.0000000 286.7162678 286.7052251 
342.0000000 286.5198493 286.5088065 
343.0000000 286.3234307 286.3123880 
344.0000000 286.1270122 286.1159694 
345.0000000 285.9305936 285.9195509 
346.0000000 285.7341751 285.7231323 
347.0000000 285.5377565 285.5267138 
348.0000000 285.3413380 285.3302952 
349.0000000 285.1449194 285.1338767 
350.0000000 284.9485009 284.9374581 
351.0000000 284.7520823 284.7410396 
352.0000000 284.5556638 284.5446210 
353.0000000 284.3592452 284.3482025 
354.0000000 284.1628267 284.1517839 
355.0000000 283.9664081 283.9553654 
356.0000000 283.7699896 283.7589468 
357.0000000 283.5735710 283.5625283 
358.0000000 283.3771525 283.3661097 
359.0000000 283.1807339 283.1696912 
360.0000000 282.9843154 282.9732726 
361.0000000 282.7878968 282.7768541 
362.0000000 282.5914783 282.5804355 
363.0000000 282.3950597 282.3840170 
364.0000000 282.1986412 282.1875984 
365.0000000 282.0022226 281.9911799 
366.0000000 281.8058041 281.7947613 
367.0000000 281.6093855 281.5983428 
368.0000000 281.4129670 281.4019242 
369.0000000 281.2165484 281.2055057 
370.0000000 281.0201299 281.0090871 
371.0000000 280.8237113 280.8126686 
372.0000000 280.6272928 280.6162500 
373.0000000 280.4308742 280.4198315 
374.0000000 280.2344557 280.2234129 
375.0000000 280.0380371 280.0269944 
376.0000000 279.8416186 279.8305758 
377.0000000 279.6452000 279.6341573 
378.0000000 279.4487815 279.4377387 
379.0000000 279.2523629 279.2413202 
380.0000000 279.0559444 279.0449016 
381.0000000 278.8595258 278.8484831 
382.0000000 278.6631073 278.6520645 
383.0000000 278.4666887 278.4556460 
384.0000000 278.2702702 278.2592274 
385.0000000 278.0738516 278.0628089 
386.0000000 277.8774331 277.8663903 
387.0000000 277.6810145 277.6699718 
388.0000000 277.4845960 277.4735532 
389.0000000 277.2881774 277.2771347 
390.0000000 277.0917589 277.0807161 
391.0000000 276.8953403 276.8842976 
392.0000000 276.6989218 276.6878790 
393.0000000 276.5025032 276.4914605 
394.0000000 276.3060847 276.2950419 
395.0000000 276.1096661 276.0986234 
396.0000000 275.9132476 275.9022048 
397.0000000 275.7168290 275.7057863 
398.0000000 275.5204105 275.5093677 
399.0000000 275.3239919 275.3129492 
400.0000000 275.1275734 275.1165306 
401.0000000 274.9311548 274.9201121 
402.0000000 274.7347363 274.7236935 
403.0000000 274.5383177 274.5272750 
404.0000000 274.3418992 274.3308564 
405.0000000 274.1454806 274.1344379 
406.0000000 273.9490621 273.9380193 
407.0000000 273.7526435 273.7416008 
408.0000000 273.5562250 273.5451822 
409.0000000 273.3598064 273.3487637 
410.0000000 273.1633879 273.1523451 
411.0000000 272.9669693 272.9559266 
412.0000000 272.7705508 272.7595080 
413.0000000 272.5741322 272.5630895 
414.0000000 272.3777137 272.3666709 
415.0000000 272.1812951 272.1702524 
416.0000000 271.9848766 271.9738338 
417.0000000 271.7884580 271.7774153 
418.0000000 271.5920395 271.5809967 
419.0000000 271.3956209 271.3845782 
420.0000000 271.1992024 271.1881596 
421.0000000 271.0027838 270.9917411 
422.0000000 270.8063653 270.7953225 
423.0000000 270.6099467 270.5989040 
424.0000000 270.4135282 270.4024854 
425.0000000 270.2171096 270.2060669 
426.0000000 270.0206911 270.0096483 
427.0000000 269.8242725 269.8132298 
428.0000000 269.6278540 269.6168112 
429.0000000 269.4314354 269.4203927 
430.0000000 269.2350169 269.2239741 
431.0000000 269.0385983 269.0275556 
432.0000000 268.8421798 268.8311370 
433.0000000 268.6457612 268.6347185 
434.0000000 268.4493427 268.4382999 
435.0000000 268.2529241 268.2418814 
436.0000000 268.0565056 268.0454628 
437.0000000 267.8600870 267.8490443 
438.0000000 267.6636685 267.6526257 
439.0000000 267.4672499 267.4562072 
440.0000000 267.2708314 267.2597886 
441.0000000 267.0744128 267.0633701 
442.0000000 266.8779943 266.8669515 
443.0000000 266.6815757 266.6705330 
444.0000000 266.4851572 266.4741144 
445.0000000 266.2887386 266.2776959 
446.0000000 266.0923201 266.0812773 
447.0000000 265.8959015 265.8848588 
448.0000000 265.6994830 265.6884402 
449.0000000 265.5030644 265.4920217 
450.0000000 265.3066459 265.2956031 
451.0000000 265.1102273 265.0991846 
452.0000000 264.9138088 264.9027660 
453.0000000 264.7173902 264.7063475 
454.0000000 264.5209717 264.5099289 
455.0000000 264.3245531 264.3135104 
456.0000000 264.1281345 264.1170918 
457.0000000 263.9317160 263.9206733 
458.0000000 263.7352974 263.7242547 
459.0000000 263.5388789 263.5278362 
460.0000000 263.3424603 263.3314176 
461.0000000 263.1460418 263.1349991 
462.0000000 262.9496232 262.9385805 
463.0000000 262.7532047 262.7421620 
464.0000000 262.5567861 262.5457434 
465.0000000 262.3603676 262.3493248 
466.0000000 262.1639490 262.1529063 
467.0000000 261.9675305 261.9564877 
468.0000000 261.7711119 261.7600692 
469.0000000 261.5746934 261.5636506 
470.0000000 261.3782748 261.3672321 
471.0000000 261.1818563 261.1708135 
472.0000000 260.9854377 260.9743950 
473.0000000 260.7890192 260.7779764 
474.0000000 260.5926006 260.5815579 
475.0000000 260.3961821 260.3851393 
476.0000000 260.1997635 260.1887208 
477.0000000 260.0033450 259.9923022 
478.0000000 259.8069264 259.7958837 
479.0000000 259.6105079 259.5994651 
480.0000000 259.4140893 259.4030466 
481.0000000 259.2176708 259.2066280 
482.0000000 259.0212522 259.0102095 
483.0000000 258.8248337 258.8137909 
484.0000000 258.6284151 258.6173724 
485.0000000 258.4319966 258.4209538 
486.0000000 258.2355780 258.2245353 
487.0000000 258.0391595 258.0281167 
488.0000000 257.8427409 257.8316982 
489.0000000 257.6463224 257.6352796 
490.0000000 257.4499038 257.4388611 
491.0000000 257.2534853 257.2424425 
492.0000000 257.0570667 257.0460240 
493.0000000 256.8606482 256.8496054 
494.0000000 256.6642296 256.6531869 
495.0000000 256.4678111 256.4567683 
496.0000000 256.2713925 256.2603498 
497.0000000 256.0749740 256.0639312 
498.0000000 255.8785554 255.8675127 
499.0000000 255.6821369 255.6710941 
500.0000000 255.4857183 255.4746756 
501.0000000 255.2892998 255.2782570 
502.0000000 255.0928812 255.0818385 
503.0000000 254.8964627 254.8854199 
504.0000000 254.7000441 254.6890014 
505.0000000 254.5036256 254.4925828 
506.0000000 254.3072070 254.2961643 
507.0000000 254.1107885 254.0997457 
508.0000000 253.9143699 253.9033272 
509.0000000 253.7179514 253.7069086 
510.0000000 253.5215328 253.5104901 
511.0000000 253.3251143 253.3140715 
512.0000000 253.1286957 253.1176530 
513.0000000 252.9322772 252.9212344 
514.0000000 252.7358586 252.7248159 
515.0000000 252.5394401 252.5283973 
516.0000000 252.3430215 252.3319788 
517.0000000 252.1466030 252.1355602 
518.0000000 251.9501844 251.9391417 
519.0000000 251.7537659 251.7427231 
520.0000000 251.5573473 251.5463046 
521.0000000 251.3609288 251.3498860 
522.0000000 251.1645102 251.1534675 
523.0000000 250.9680917 250.9570489 
524.0000000 250.7716731 250.7606304 
525.0000000 250.5752546 250.5642118 
526.0000000 250.3788360 250.3677933 
527.0000000 250.1824175 250.1713747 
528.0000000 249.9859989 249.9749562 
529.0000000 249.7895804 249.7785376 
530.0000000 249.5931618 249.5821191 
531.0000000 249.3967433 249.3857005 
532.0000000 249.2003247 249.1892820 
533.0000000 249.0039062 248.9928634 
534.0000000 248.8074876 248.7964449 
535.0000000 248.6110691 248.6000263 
536.0000000 248.4146505 248.4036078 
537.0000000 248.2182320 248.2071892 
538.0000000 248.0218134 248.0107707 
539.0000000 247.8253949 247.8143521 
540.0000000 247.6289763 247.6179336 
541.0000000 247.4325578 247.4215150 
542.0000000 247.2361392 247.2250965 
543.0000000 247.0397207 247.0286779 
544.0000000 246.8433021 246.8322594 
545.0000000 246.6468836 246.6358408 
546.0000000 246.4504650 246.4394223 
547.0000000 246.2540465 246.2430037 
548.0000000 246.0576279 246.0465852 
549.0000000 245.8612094 245.8501666 
550.0000000 245.6647908 245.6537481 
551.0000000 245.4683723 245.4573295 
552.0000000 245.2719537 245.2609110 
553.0000000 245.0755352 245.0644924 
554.0000000 244.8791166 244.8680739 
555.0000000 244.6826981 244.6716553 
556.0000000 244.4862795 244.4752368 
557.0000000 244.2898610 244.2788182 
558.0000000 244.0934424 244.0823997 
559.0000000 243.8970239 243.8859811 
560.0000000 243.7006053 243.6895626 
561.0000000 243.5041868 243.4931440 
562.0000000 243.3077682 243.2967255 
563.0000000 243.1113497 243.1003069 
564.0000000 242.9149311 242.9038884 
565.0000000 242.7185126 242.7074698 
566.0000000 242.5220940 242.5110513 
567.0000000 242.3256755 242.3146327 
568.0000000 242.1292569 242.1182142 
569.0000000 241.9328384 241.9217956 
570.0000000 241.7364198 241.7253771 
571.0000000 241.5400013 241.5289585 
572.0000000 241.3435827 241.3325400 
573.0000000 241.1471642 241.1361214 
574.0000000 240.9507456 240.9397029 
575.0000000 240.7543271 240.7432843 
576.0000000 240.5579085 240.5468658 
577.0000000 240.3614900 240.3504472 
578.0000000 240.1650714 240.1540287 
579.0000000 239.9686529 239.9576101 
580.0000000 239.7722343 239.7611916 
581.0000000 239.5758158 239.5647730 
582.0000000 239.3793972 239.3683545 
583.0000000 239.1829787 239.1719359 
584.0000000 238.9865601 238.9755174 
585.0000000 238.7901416 238.7790988 
586.0000000 238.5937230 238.5826803 
587.0000000 238.3973045 238.3862617 
588.0000000 238.2008859 238.1898432 
589.0000000 238.0044674 237.9934246 
590.0000000 237.8080488 237.7970061 
591.0000000 237.6116303 237.6005875 
592.0000000 237.4152117 237.4041690 
593.0000000 237.2187932 237.2077504 
594.0000000 237.0223746 237.0113319 
595.0000000 236.8259561 236.8149133 
596.0000000 236.6295375 236.6184948 
597.0000000 236.4331190 236.4220762 
598.0000000 236.2367004 236.2256577 
599.0000000 236.0402819 236.0292391 
600.0000000 235.8438633 235.8328206 
601.0000000 235.6474448 235.6364020 
602.0000000 235.4510262 235.4399835 
603.0000000 235.2546077 235.2435649 
604.0000000 235.0581891 235.0471464 
605.0000000 234.8617706 234.8507278 
606.0000000 234.6653520 234.6543093 
607.0000000 234.4689334 234.4578907 
608.0000000 234.2725149 234.2614722 
609.0000000 234.0760963 234.0650536 
610.0000000 233.8796778 233.8686351 
611.0000000 233.6832592 233.6722165 
612.0000000 233.4868407 233.4757980 
613.0000000 233.2904221 233.2793794 
614.0000000 233.0940036 233.0829609 
615.0000000 232.8975850 232.8865423 
616.0000000 232.7011665 232.6901237 
617.0000000 232.5047479 232.4937052 
618.0000000 232.3083294 232.2972866 
619.0000000 232.1119108 232.1008681 
620.0000000 231.9154923 231.9044495 
621.0000000 231.7190737 231.7080310 
622.0000000 231.5226552 231.5116124 
623.0000000 231.3262366 231.3151939 
624.0000000 231.1298181 231.1187753 
625.0000000 230.9333995 230.9223568 
626.0000000 230.7369810 230.7259382 
627.0000000 230.5405624 230.5295197 
628.0000000 230.3441439 230.3331011 
629.0000000 230.1477253 230.1366826 
630.0000000 229.9513068 229.9402640 
631.0000000 229.7548882 229.7438455 
632.0000000 229.5584697 229.5474269 
633.0000000 229.3620511 229.3510084 
634.0000000 229.1656326 229.1545898 
635.0000000 228.9692140 228.9581713 
636.0000000 228.7727955 228.7617527 
637.0000000 228.5763769 228.5653342 
638.0000000 228.3799584 228.3689156 
639.0000000 228.1835398 228.1724971 
640.0000000 227.9871213 227.9760785 
641.0000000 227.7907027 227.7796600 
642.0000000 227.5942842 227.5832414 
643.0000000 227.3978656 227.3868229 
644.0000000 227.2014471 227.1904043 
645.0000000 227.0050285 226.9939858 
646.0000000 226.8086100 226.7975672 
647.0000000 226.6121914 226.6011487 
648.0000000 226.4157729 226.4047301 
649.0000000 226.2193543 226.2083116 
650.0000000 226.0229358 226.0118930 
651.0000000 225.8265172 225.8154745 
652.0000000 225.6300987 225.6190559 
653.0000000 225.4336801 225.4226374 
654.0000000 225.2372616 225.2262188 
655.0000000 225.0408430 225.0298003 
656.0000000 224.8444245 224.8333817 
657.0000000 224.6480059 224.6369632 
658.0000000 224.4515874 224.4405446 
659.0000000 224.2551688 224.2441261 
660.0000000 224.0587503 224.0477075 
661.0000000 223.8623317 223.8512890 
662.0000000 223.6659132 223.6548704 
663.0000000 223.4694946 223.4584519 
664.0000000 223.2730761 223.2620333 
665.0000000 223.0766575 223.0656148 
666.0000000 222.8802390 222.8691962 
667.0000000 222.6838204 222.6727777 
668.0000000 222.4874019 222.4763591 
669.0000000 222.2909833 222.2799406 
670.0000000 222.0945648 222.0835220 
671.0000000 221.8981462 221.8871035 
672.0000000 221.7017277 221.6906849 
673.0000000 221.5053091 221.4942664 
674.0000000 221.3088906 221.2978478 
675.0000000 221.1124720 221.1014293 
676.0000000 220.9160535 220.9050107 
677.0000000 220.7196349 220.7085922 
678.0000000 220.5232164 220.5121736 
679.0000000 220.3267978 220.3157551 
680.0000000 220.1303793 220.1193365 
681.0000000 219.9339607 219.9229180 
682.0000000 219.7375422 219.7264994 
683.0000000 219.5411236 219.5300809 
684.0000000 219.3447051 219.3336623 
685.0000000 219.1482865 219.1372438 
686.0000000 218.9518680 218.9408252 
687.0000000 218.7554494 218.7444067 
688.0000000 218.5590309 218.5479881 
689.0000000 218.3626123 218.3515696 
690.0000000 218.1661938 218.1551510 
691.0000000 217.9697752 217.9587325 
692.0000000 217.7733567 217.7623139 
693.0000000 217.5769381 217.5658954 
694.0000000 217.3805196 217.3694768 
695.0000000 217.1841010 217.1730583 
696.0000000 216.9876825 216.9766397 
697.0000000 216.7912639 216.7802212 
698.0000000 216.5948454 216.5838026 
699.0000000 216.3984268 216.3873841 
700.0000000 216.2020083 216.1909655 
701.0000000 216.0055897 215.9945470 
702.0000000 215.8091712 215.7981284 
703.0000000 215.6127526 215.6017099 
704.0000000 215.4163341 215.4052913 
705.0000000 215.2199155 215.2088728 
706.0000000 215.0234970 215.0124542 
707.0000000 214.8270784 214.8160357 
708.0000000 214.6306599 214.6196171 
709.0000000 214.4342413 214.4231986 
710.0000000 214.2378228 214.2267800 
711.0000000 214.0414042 214.0303615 
712.0000000 213.8449857 213.8339429 
713.0000000 213.6485671 213.6375244 
714.0000000 213.4521486 213.4411058 
715.0000000 213.2557300 213.2446873 
716.0000000 213.0593115 213.0482687 
717.0000000 212.8628929 212.8518502 
718.0000000 212.6664744 212.6554316 
719.0000000 212.4700558 212.4590131 
720.0000000 212.2736373 212.2625945 
721.0000000 212.0772187 212.0661760 
722.0000000 211.8808002 211.8697574 
723.0000000 211.6843816 211.6733389 
724.0000000 211.4879631 211.4769203 
725.0000000 211.2915445 211.2805018 
726.0000000 211.0951260 211.0840832 
727.0000000 210.8987074 210.8876647 
728.0000000 210.7022889 210.6912461 
729.0000000 210.5058703 210.4948276 
730.0000000 210.3094518 210.2984090 
731.0000000 210.1130332 210.1019905 
732.0000000 209.9166147 209.9055719 
733.0000000 209.7201961 209.7091534 
734.0000000 209.5237776 209.5127348 
735.0000000 209.3273590 209.3163163 
736.0000000 209.1309405 209.1198977 
737.0000000 208.9345219 208.9234792 
738.0000000 208.7381034 208.7270606 
739.0000000 208.5416848 208.5306421 
740.0000000 208.3452663 208.3342235 
741.0000000 208.1488477 208.1378050 
742.0000000 207.9524292 207.9413864 
743.0000000 207.7560106 207.7449679 
744.0000000 207.5595921 207.5485493 
745.0000000 207.3631735 207.3521308 
746.0000000 207.1667550 207.1557122 
747.0000000 206.9703364 206.9592937 
748.0000000 206.7739179 206.7628751 
749.0000000 206.5774993 206.5664566 
750.0000000 206.3810808 206.3700380 
751.0000000 206.1846622 206.1736195 
752.0000000 205.9882437 205.9772009 
753.0000000 205.7918251 205.7807824 
754.0000000 205.5954066 205.5843638 
755.0000000 205.3989880 205.3879453 
756.0000000 205.2025695 205.1915267 
757.0000000 205.0061509 204.9951082 
758.0000000 204.8097323 204.7986896 
759.0000000 204.6133138 204.6022711 
760.0000000 204.4168952 204.4058525 
761.0000000 204.2204767 204.2094340 
762.0000000 204.0240581 204.0130154 
763.0000000 203.8276396 203.8165969 
764.0000000 203.6312210 203.6201783 
765.0000000 203.4348025 203.4237598 
766.0000000 203.2383839 203.2273412 
767.0000000 203.0419654 203.0309227 
768.0000000 202.8455468 202.8345041 
769.0000000 202.6491283 202.6380855 
770.0000000 202.4527097 202.4416670 
771.0000000 202.2562912 202.2452484 
772.0000000 202.0598726 202.0488299 
773.0000000 201.8634541 201.8524113 
774.0000000 201.6670355 201.6559928 
775.0000000 201.4706170 201.4595742 
776.0000000 201.2741984 201.2631557 
777.0000000 201.0777799 201.0667371 
778.0000000 200.8813613 200.8703186 
779.0000000 200.6849428 200.6739000 
780.0000000 200.4885242 200.4774815 
781.0000000 200.2921057 200.2810629 
782.0000000 200.0956871 200.0846444 
783.0000000 199.8992686 199.8882258 
784.0000000 199.7028500 199.6918073 
785.0000000 199.5064315 199.4953887 
786.0000000 199.3100129 199.2989702 
787.0000000 199.1135944 199.1025516 
788.0000000 198.9171758 198.9061331 
789.0000000 198.7207573 198.7097145 
790.0000000 198.5243387 198.5132960 
791.0000000 198.3279202 198.3168774 
792.0000000 198.1315016 198.1204589 
793.0000000 197.9350831 197.9240403 
794.0000000 197.7386645 197.7276218 
795.0000000 197.5422460 197.5312032 
796.0000000 197.3458274 197.3347847 
797.0000000 197.1494089 197.1383661 
798.0000000 196.9529903 196.9419476 
799.0000000 196.7565718 196.7455290 
800.0000000 196.5601532 196.5491105 
801.0000000 196.3637347 196.3526919 
802.0000000 196.1673161 196.1562734 
803.0000000 195.9708976 195.9598548 
804.0000000 195.7744790 195.7634363 
805.0000000 195.5780605 195.5670177 
806.0000000 195.3816419 195.3705992 
807.0000000 195.1852234 195.1741806 
808.0000000 194.9888048 194.9777621 
809.0000000 194.7923863 194.7813435 
810.0000000 194.5959677 194.5849250 
811.0000000 194.3995492 194.3885064 
812.0000000 194.2031306 194.1920879 
813.0000000 194.0067121 193.9956693 
814.0000000 193.8102935 193.7992508 
815.0000000 193.6138750 193.6028322 
816.0000000 193.4174564 193.4064137 
817.0000000 193.2210379 193.2099951 
818.0000000 193.0246193 193.0135766 
819.0000000 192.8282008 192.8171580 
820.0000000 192.6317822 192.6207395 
821.0000000 192.4353637 192.4243209 
822.0000000 192.2389451 192.2279024 
823.0000000 192.0425266 192.0314838 
824.0000000 191.8461080 191.8350653 
825.0000000 191.6496895 191.6386467 
826.0000000 191.4532709 191.4422282 
827.0000000 191.2568524 191.2458096 
828.0000000 191.0604338 191.0493911 
829.0000000 190.8640153 190.8529725 
830.0000000 190.6675967 190.6565540 
831.0000000 190.4711782 190.4601354 
832.0000000 190.2747596 190.2637169 
833.0000000 190.0783411 190.0672983 
834.0000000 189.8819225 189.8708798 
835.0000000 189.6855040 189.6744612 
836.0000000 189.4890854 189.4780427 
837.0000000 189.2926669 189.2816241 
838.0000000 189.0962483 189.0852056 
839.0000000 188.8998298 188.8887870 
840.0000000 188.7034112 188.6923685 
841.0000000 188.5069927 188.4959499 
842.0000000 188.3105741 188.2995314 
843.0000000 188.1141556 188.1031128 
844.0000000 187.9177370 187.9066943 
845.0000000 187.7213185 187.7102757 
846.0000000 187.5248999 187.5138572 
847.0000000 187.3284814 187.3174386 
848.0000000 187.1320628 187.1210201 
849.0000000 186.9356443 186.9246015 
850.0000000 186.7392257 186.7281830 
851.0000000 186.5428072 186.5317644 
852.0000000 186.3463886 186.3353459 
853.0000000 186.1499701 186.1389273 
854.0000000 185.9535515 185.9425088 
855.0000000 185.7571330 185.7460902 
856.0000000 185.5607144 185.5496717 
857.0000000 185.3642959 185.3532531 
858.0000000 185.1678773 185.1568346 
859.0000000 184.9714588 184.9604160 
860.0000000 184.7750402 184.7639975 
861.0000000 184.5786217 184.5675789 
862.0000000 184.3822031 184.3711604 
863.0000000 184.1857846 184.1747418 
864.0000000 183.9893660 183.9783233 
865.0000000 183.7929475 183.7819047 
866.0000000 183.5965289 183.5854862 
867.0000000 183.4001104 183.3890676 
868.0000000 183.2036918 183.1926491 
869.0000000 183.0072733 182.9962305 
870.0000000 182.8108547 182.7998120 
871.0000000 182.6144362 182.6033934 
872.0000000 182.4180176 182.4069749 
873.0000000 182.2215991 182.2105563 
874.0000000 182.0251805 182.0141378 
875.0000000 181.8287620 181.8177192 
876.0000000 181.6323434 181.6213007 
877.0000000 181.4359249 181.4248821 
878.0000000 181.2395063 181.2284636 
879.0000000 181.0430878 181.0320450 
880.0000000 180.8466692 180.8356265 
881.0000000 180.6502507 180.6392079 
882.0000000 180.4538321 180.4427894 
883.0000000 180.2574136 180.2463708 
884.0000000 180.0609950 180.0499523 
885.0000000 179.8645765 179.8535337 
886.0000000 179.6681579 179.6571152 
887.0000000 179.4717394 179.4606966 
888.0000000 179.2753208 179.2642781 
889.0000000 179.0789023 179.0678595 
890.0000000 178.8824837 178.8714410 
891.0000000 178.6860652 178.6750224 
892.0000000 178.4896466 178.4786039 
893.0000000 178.2932281 178.2821853 
894.0000000 178.0968095 178.0857668 
895.0000000 177.9003910 177.8893482 
896.0000000 177.7039724 177.6929297 
897.0000000 177.5075539 177.4965111 
898.0000000 177.3111353 177.3000926 
899.0000000 177.1147168 177.1036740 
900.0000000 176.9182982 176.9072555 
901.0000000 176.7218797 176.7108369 
902.0000000 176.5254611 176.5144184 
903.0000000 176.3290426 176.3179998 
904.0000000 176.1326240 176.1215813 
905.0000000 175.9362055 175.9251627 
906.0000000 175.7397869 175.7287442 
907.0000000 175.5433684 175.5323256 
908.0000000 175.3469498 175.3359071 
909.0000000 175.1505313 175.1394885 
910.0000000 174.9541127 174.9430700 
911.0000000 174.7576941 174.7466514 
912.0000000 174.5612756 174.5502329 
913.0000000 174.3648570 174.3538143 
914.0000000 174.1684385 174.1573958 
915.0000000 173.9720199 173.9609772 
916.0000000 173.7756014 173.7645587 
917.0000000 173.5791828 173.5681401 
918.0000000 173.3827643 173.3717216 
919.0000000 173.1863457 173.1753030 
920.0000000 172.9899272 172.9788844 
921.0000000 172.7935086 172.7824659 
922.0000000 172.5970901 172.5860473 
923.0000000 172.4006715 172.3896288 
924.0000000 172.2042530 172.1932102 
925.0000000 172.0078344 171.9967917 
926.0000000 171.8114159 171.8003731 
927.0000000 171.6149973 171.6039546 
928.0000000 171.4185788 171.4075360 
929.0000000 171.2221602 171.2111175 
930.0000000 171.0257417 171.0146989 
931.0000000 170.8293231 170.8182804 
932.0000000 170.6329046 170.6218618 
933.0000000 170.4364860 170.4254433 
934.0000000 170.2400675 170.2290247 
935.0000000 170.0436489 170.0326062 
936.0000000 169.8472304 169.8361876 
937.0000000 169.6508118 169.6397691 
938.0000000 169.4543933 169.4433505 
939.0000000 169.2579747 169.2469320 
940.0000000 169.0615562 169.0505134 
941.0000000 168.8651376 168.8540949 
942.0000000 168.6687191 168.6576763 
943.0000000 168.4723005 168.4612578 
944.0000000 168.2758820 168.2648392 
945.0000000 168.0794634 168.0684207 
946.0000000 167.8830449 167.8720021 
947.0000000 167.6866263 167.6755836 
948.0000000 167.4902078 167.4791650 
949.0000000 167.2937892 167.2827465 
950.0000000 167.0973707 167.0863279 
951.0000000 166.9009521 166.8899094 
952.0000000 166.7045336 166.6934908 
953.0000000 166.5081150 166.4970723 
954.0000000 166.3116965 166.3006537 
955.0000000 166.1152779 166.1042352 
956.0000000 165.9188594 165.9078166 
957.0000000 165.7224408 165.7113981 
958.0000000 165.5260223 165.5149795 
959.0000000 165.3296037 165.3185610 
960.0000000 165.1331852 165.1221424 
961.0000000 164.9367666 164.9257239 
962.0000000 164.7403481 164.7293053 
963.0000000 164.5439295 164.5328868 
964.0000000 164.3475110 164.3364682 
965.0000000 164.1510924 164.1400497 
966.0000000 163.9546739 163.9436311 
967.0000000 163.7582553 163.7472126 
968.0000000 163.5618368 163.5507940 
969.0000000 163.3654182 163.3543755 
970.0000000 163.1689997 163.1579569 
971.0000000 162.9725811 162.9615384 
972.0000000 162.7761626 162.7651198 
973.0000000 162.5797440 162.5687013 
974.0000000 162.3833255 162.3722827 
975.0000000 162.1869069 162.1758642 
976.0000000 161.9904884 161.9794456 
977.0000000 161.7940698 161.7830271 
978.0000000 161.5976513 161.5866085 
979.0000000 161.4012327 161.3901900 
980.0000000 161.2048142 161.1937714 
981.0000000 161.0083956 160.9973529 
982.0000000 160.8119771 160.8009343 
983.0000000 160.6155585 160.6045158 
984.0000000 160.4191400 160.4080972 
985.0000000 160.2227214 160.2116787 
986.0000000 160.0263029 160.0152601 
987.0000000 159.8298843 159.8188416 
988.0000000 159.6334658 159.6224230 
989.0000000 159.4370472 159.4260045 
990.0000000 159.2406287 159.2295859 
991.0000000 159.0442101 159.0331674 
992.0000000 158.8477916 158.8367488 
993.0000000 158.6513730 158.6403303 
994.0000000 158.4549545 158.4439117 
995.0000000 158.2585359 158.2474932 
996.0000000 158.0621174 158.0510746 
997.0000000 157.8656988 157.8546561 
998.0000000 157.6692803 157.6582375 
999.0000000 157.4728617 157.4618190 
1000.0000000 157.2764432 157.2654004 
1001.0000000 157.0800246 157.0689819 
1002.0000000 156.8836061 156.8725633 
1003.0000000 156.6871875 156.6761448 
1004.0000000 156.4907690 156.4797262 
1005.0000000 156.2943504 156.2833077 
1006.0000000 156.0979319 156.0868891 
1007.0000000 155.9015133 155.8904706 
1008.0000000 155.7050948 155.6940520 
1009.0000000 155.5086762 155.4976335 
1010.0000000 155.3122577 155.3012149 
1011.0000000 155.1158391 155.1047964 
1012.0000000 154.9194206 154.9083778 
1013.0000000 154.7230020 154.7119593 
1014.0000000 154.5265835 154.5155407 
1015.0000000 154.3301649 154.3191222 
1016.0000000 154.1337464 154.1227036 
1017.0000000 153.9373278 153.9262851 
1018.0000000 153.7409093 153.7298665 
1019.0000000 153.5444907 153.5334480 
1020.0000000 153.3480722 153.3370294 
1021.0000000 153.1516536 153.1406109 
1022.0000000 152.9552351 152.9441923 
1023.0000000 152.7588165 152.7477738 
1024.0000000 152.5623980 152.5513552 
1025.0000000 152.3659794 152.3549367 
1026.0000000 152.1695609 152.1585181 
1027.0000000 151.9731423 151.9620996 
1028.0000000 151.7767238 151.7656810 
1029.0000000 151.5803052 151.5692625 
1030.0000000 151.3838867 151.3728439 
1031.0000000 151.1874681 151.1764254 
1032.0000000 150.9910496 150.9800068 
1033.0000000 150.7946310 150.7835883 
1034.0000000 150.5982125 150.5871697 
1035.0000000 150.4017939 150.3907512 
1036.0000000 150.2053754 150.1943326 
1037.0000000 150.0089568 149.9979141 
1038.0000000 149.8125383 149.8014955 
1039.0000000 149.6161197 149.6050770 
1040.0000000 149.4197012 149.4086584 
1041.0000000 149.2232826 149.2122399 
1042.0000000 149.0268641 149.0158213 
1043.0000000 148.8304455 148.8194028 
1044.0000000 148.6340270 148.6229842 
1045.0000000 148.4376084 148.4265657 
1046.0000000 148.2411899 148.2301471 
1047.0000000 148.0447713 148.0337286 
1048.0000000 147.8483528 147.8373100 
1049.0000000 147.6519342 147.6408915 
1050.0000000 147.4555157 147.4444729 
1051.0000000 147.2590971 147.2480544 
1052.0000000 147.0626786 147.0516358 
1053.0000000 146.8662600 146.8552173 
1054.0000000 146.6698415 146.6587987 
1055.0000000 146.4734229 146.4623802 
1056.0000000 146.2770044 146.2659616 
1057.0000000 146.0805858 146.0695431 
1058.0000000 145.8841673 145.8731245 
1059.0000000 145.6877487 145.6767060 
1060.0000000 145.4913302 145.4802874 
1061.0000000 145.2949116 145.2838689 
1062.0000000 145.0984930 145.0874503 
1063.0000000 144.9020745 144.8910318 
1064.0000000 144.7056559 144.6946132 
1065.0000000 144.5092374 144.4981947 
1066.0000000 144.3128188 144.3017761 
1067.0000000 144.1164003 144.1053576 
1068.0000000 143.9199817 143.9089390 
1069.0000000 143.7235632 143.7125205 
1070.0000000 143.5271446 143.5161019 
1071.0000000 143.3307261 143.3196834 
1072.0000000 143.1343075 143.1232648 
1073.0000000 142.9378890 142.9268462 
1074.0000000 142.7414704 142.7304277 
1075.0000000 142.5450519 142.5340091 
1076.0000000 142.3486333 142.3375906 
1077.0000000 142.1522148 142.1411720 
1078.0000000 141.9557962 141.9447535 
1079.0000000 141.7593777 141.7483349 
1080.0000000 141.5629591 141.5519164 
1081.0000000 141.3665406 141.3554978 
1082.0000000 141.1701220 141.1590793 
1083.0000000 140.9737035 140.9626607 
1084.0000000 140.7772849 140.7662422 
1085.0000000 140.5808664 140.5698236 
1086.0000000 140.3844478 140.3734051 
1087.0000000 140.1880293 140.1769865 
1088.0000000 139.9916107 139.9805680 
1089.0000000 139.7951922 139.7841494 
1090.0000000 139.5987736 139.5877309 
1091.0000000 139.4023551 139.3913123 
1092.0000000 139.2059365 139.1948938 
1093.0000000 139.0095180 138.9984752 
1094.0000000 138.8130994 138.8020567 
1095.0000000 138.6166809 138.6056381 
1096.0000000 138.4202623 138.4092196 
1097.0000000 138.2238438 138.2128010 
1098.0000000 138.0274252 138.0163825 
1099.0000000 137.8310067 137.8199639 
1100.0000000 137.6345881 137.6235454 
1101.0000000 137.4381696 137.4271268 
1102.0000000 137.2417510 137.2307083 
1103.0000000 137.0453325 137.0342897 
1104.0000000 136.8489139 136.8378712 
1105.0000000 136.6524954 136.6414526 
1106.0000000 136.4560768 136.4450341 
1107.0000000 136.2596583 136.2486155 
1108.0000000 136.0632397 136.0521970 
1109.0000000 135.8668212 135.8557784 
1110.0000000 135.6704026 135.6593599 
1111.0000000 135.4739841 135.4629413 
1112.0000000 135.2775655 135.2665228 
1113.0000000 135.0811470 135.0701042 
1114.0000000 134.8847284 134.8736857 
1115.0000000 134.6883099 134.6772671 
1116.0000000 134.4918913 134.4808486 
1117.0000000 134.2954728 134.2844300 
1118.0000000 134.0990542 134.0880115 
1119.0000000 133.9026357 133.8915929 
1120.0000000 133.7062171 133.6951744 
1121.0000000 133.5097986 133.4987558 
1122.0000000 133.3133800 133.3023373 
1123.0000000 133.1169615 133.1059187 
1124.0000000 132.9205429 132.9095002 
1125.0000000 132.7241244 132.7130816 
1126.0000000 132.5277058 132.5166631 
1127.0000000 132.3312873 132.3202445 
1128.0000000 132.1348687 132.1238260 
1129.0000000 131.9384502 131.9274074 
1130.0000000 131.7420316 131.7309889 
1131.0000000 131.5456131 131.5345703 
1132.0000000 131.3491945 131.3381518 
1133.0000000 131.1527760 131.1417332 
1134.0000000 130.9563574 130.9453147 
1135.0000000 130.7599389 130.7488961 
1136.0000000 130.5635203 130.5524776 
1137.0000000 130.3671018 130.3560590 
1138.0000000 130.1706832 130.1596405 
1139.0000000 129.9742647 129.9632219 
1140.0000000 129.7778461 129.7668034 
1141.0000000 129.5814276 129.5703848 
1142.0000000 129.3850090 129.3739663 
1143.0000000 129.1885905 129.1775477 
1144.0000000 128.9921719 128.9811292 
1145.0000000 128.7957534 128.7847106 
1146.0000000 128.5993348 128.5882921 
1147.0000000 128.4029163 128.3918735 
1148.0000000 128.2064977 128.1954550 
1149.0000000 128.0100792 127.9990364 
1150.0000000 127.8136606 127.8026179 
1151.0000000 127.6172421 127.6061993 
1152.0000000 127.4208235 127.4097808 
1153.0000000 127.2244050 127.2133622 
1154.0000000 127.0279864 127.0169437 
1155.0000000 126.8315679 126.8205251 
1156.0000000 126.6351493 126.6241066 
1157.0000000 126.4387308 126.4276880 
1158.0000000 126.2423122 126.2312695 
1159.0000000 126.0458937 126.0348509 
1160.0000000 125.8494751 125.8384324 
1161.0000000 125.6530566 125.6420138 
1162.0000000 125.4566380 125.4455953 
1163.0000000 125.2602195 125.2491767 
1164.0000000 125.0638009 125.0527582 
1165.0000000 124.8673824 124.8563396 
1166.0000000 124.6709638 124.6599211 
1167.0000000 124.4745453 124.4635025 
1168.0000000 124.2781267 124.2670840 
1169.0000000 124.0817082 124.0706654 
1170.0000000 123.8852896 123.8742469 
1171.0000000 123.6888711 123.6778283 
1172.0000000 123.4924525 123.4814098 
1173.0000000 123.2960340 123.2849912 
1174.0000000 123.0996154 123.0885727 
1175.0000000 122.9031969 122.8921541 
1176.0000000 122.7067783 122.6957356 
1177.0000000 122.5103598 122.4993170 
1178.0000000 122.3139412 122.3028985 
1179.0000000 122.1175227 122.1064799 
1180.0000000 121.9211041 121.9100614 
1181.0000000 121.7246856 121.7136428 
1182.0000000 121.5282670 121.5172243 
1183.0000000 121.3318485 121.3208057 
1184.0000000 121.1354299 121.1243872 
1185.0000000 120.9390114 120.9279686 
1186.0000000 120.7425928 120.7315501 
1187.0000000 120.5461743 120.5351315 
1188.0000000 120.3497557 120.3387130 
1189.0000000 120.1533372 120.1422944 
1190.0000000 119.9569186 119.9458759 
1191.0000000 119.7605001 119.7494573 
1192.0000000 119.5640815 119.5530388 
1193.0000000 119.3676630 119.3566202 
1194.0000000 119.1712444 119.1602017 
1195.0000000 118.9748259 118.9637831 
1196.0000000 118.7784073 118.7673646 
1197.0000000 118.5819888 118.5709460 
1198.0000000 118.3855702 118.3745275 
1199.0000000 118.1891517 118.1781089 
1200.0000000 117.9927331 117.9816904 
1201.0000000 117.7963146 117.7852718 
1202.0000000 117.5998960 117.5888533 
1203.0000000 117.4034775 117.3924347 
1204.0000000 117.2070589 117.1960162 
1205.0000000 117.0106404 116.9995976 
1206.0000000 116.8142218 116.8031791 
1207.0000000 116.6178033 116.6067605 
1208.0000000 116.4213847 116.4103420 
1209.0000000 116.2249662 116.2139234 
1210.0000000 116.0285476 116.0175049 
1211.0000000 115.8321291 115.8210863 
1212.0000000 115.6357105 115.6246678 
1213.0000000 115.4392919 115.4282492 
1214.0000000 115.2428734 115.2318307 
1215.0000000 115.0464548 115.0354121 
1216.0000000 114.8500363 114.8389936 
1217.0000000 114.6536177 114.6425750 
1218.0000000 114.4571992 114.4461565 
1219.0000000 114.2607806 114.2497379 
1220.0000000 114.0643621 114.0533194 
1221.0000000 113.8679435 113.8569008 
1222.0000000 113.6715250 113.6604823 
1223.0000000 113.4751064 113.4640637 
1224.0000000 113.2786879 113.2676451 
1225.0000000 113.0822693 113.0712266 
1226.0000000 112.8858508 112.8748080 
1227.0000000 112.6894322 112.6783895 
1228.0000000 112.4930137 112.4819709 
1229.0000000 112.2965951 112.2855524 
1230.0000000 112.1001766 112.0891338 
1231.0000000 111.9037580 111.8927153 
1232.0000000 111.7073395 111.6962967 
1233.0000000 111.5109209 111.4998782 
1234.0000000 111.3145024 111.3034596 
1235.0000000 111.1180838 111.1070411 
1236.0000000 110.9216653 110.9106225 
1237.0000000 110.7252467 110.7142040 
1238.0000000 110.5288282 110.5177854 
1239.0000000 110.3324096 110.3213669 
1240.0000000 110.1359911 110.1249483 
1241.0000000 109.9395725 109.9285298 
1242.0000000 109.7431540 109.7321112 
1243.0000000 109.5467354 109.5356927 
1244.0000000 109.3503169 109.3392741 
1245.0000000 109.1538983 109.1428556 
1246.0000000 108.9574798 108.9464370 
1247.0000000 108.7610612 108.7500185 
1248.0000000 108.5646427 108.5535999 
1249.0000000 108.3682241 108.3571814 
1250.0000000 108.1718056 108.1607628 
1251.0000000 107.9753870 107.9643443 
1252.0000000 107.7789685 107.7679257 
1253.0000000 107.5825499 107.5715072 
1254.0000000 107.3861314 107.3750886 
1255.0000000 107.1897128 107.1786701 
1256.0000000 106.9932943 106.9822515 
1257.0000000 106.7968757 106.7858330 
1258.0000000 106.6004572 106.5894144 
1259.0000000 106.4040386 106.3929959 
1260.0000000 106.2076201 106.1965773 
1261.0000000 106.0112015 106.0001588 
1262.0000000 105.8147830 105.8037402 
1263.0000000 105.6183644 105.6073217 
1264.0000000 105.4219459 105.4109031 
1265.0000000 105.2255273 105.2144846 
1266.0000000 105.0291088 105.0180660 
1267.0000000 104.8326902 104.8216475 
1268.0000000 104.6362717 104.6252289 
1269.0000000 104.4398531 104.4288104 
1270.0000000 104.2434346 104.2323918 
1271.0000000 104.0470160 104.0359733 
1272.0000000 103.8505975 103.8395547 
1273.0000000 103.6541789 103.6431362 
1274.0000000 103.4577604 103.4467176 
1275.0000000 103.2613418 103.2502991 
1276.0000000 103.0649233 103.0538805 
1277.0000000 102.8685047 102.8574620 
1278.0000000 102.6720862 102.6610434 
1279.0000000 102.4756676 102.4646249 
1280.0000000 102.2792491 102.2682063 
1281.0000000 102.0828305 102.0717878 
1282.0000000 101.8864120 101.8753692 
1283.0000000 101.6899934 101.6789507 
1284.0000000 101.4935749 101.4825321 
1285.0000000 101.2971563 101.2861136 
1286.0000000 101.1007378 101.0896950 
1287.0000000 100.9043192 100.8932765 
1288.0000000 100.7079007 100.6968579 
1289.0000000 100.5114821 100.5004394 
1290.0000000 100.3150636 100.3040208 
1291.0000000 100.1186450 100.1076023 
1292.0000000 99.9222265 99.9111837 
1293.0000000 99.7258079 99.7147652 
1294.0000000 99.5293894 99.5183466 
1295.0000000 99.3329708 99.3219281 
1296.0000000 99.1365523 99.1255095 
1297.0000000 98.9401337 98.9290910 
1298.0000000 98.7437152 98.7326724 
1299.0000000 98.5472966 98.5362539 
1300.0000000 98.3508781 98.3398353 
1301.0000000 98.1544595 98.1434168 
1302.0000000 97.9580410 97.9469982 
1303.0000000 97.7616224 97.7505797 
1304.0000000 97.5652039 97.5541611 
1305.0000000 97.3687853 97.3577426 
1306.0000000 97.1723668 97.1613240 
1307.0000000 96.9759482 96.9649055 
1308.0000000 96.7795297 96.7684869 
1309.0000000 96.5831111 96.5720684 
1310.0000000 96.3866926 96.3756498 
1311.0000000 96.1902740 96.1792313 
1312.0000000 95.9938555 95.9828127 
1313.0000000 95.7974369 95.7863942 
1314.0000000 95.6010184 95.5899756 
1315.0000000 95.4045998 95.3935571 
1316.0000000 95.2081813 95.1971385 
1317.0000000 95.0117627 95.0007200 
1318.0000000 94.8153442 94.8043014 
1319.0000000 94.6189256 94.6078829 
1320.0000000 94.4225071 94.4114643 
1321.0000000 94.2260885 94.2150458 
1322.0000000 94.0296700 94.0186272 
1323.0000000 93.8332514 93.8222087 
1324.0000000 93.6368329 93.6257901 
1325.0000000 93.4404143 93.4293716 
1326.0000000 93.2439958 93.2329530 
1327.0000000 93.0475772 93.0365345 
1328.0000000 92.8511587 92.8401159 
1329.0000000 92.6547401 92.6436974 
1330.0000000 92.4583216 92.4472788 
1331.0000000 92.2619030 92.2508603 
1332.0000000 92.0654845 92.0544417 
1333.0000000 91.8690659 91.8580232 
1334.0000000 91.6726474 91.6616046 
1335.0000000 91.4762288 91.4651861 
1336.0000000 91.2798103 91.2687675 
1337.0000000 91.0833917 91.0723490 
1338.0000000 90.8869732 90.8759304 
1339.0000000 90.6905546 90.6795119 
1340.0000000 90.4941361 90.4830933 
1341.0000000 90.2977175 90.2866748 
1342.0000000 90.1012990 90.0902562 
1343.0000000 89.9048804 89.8938377 
1344.0000000 89.7084619 89.6974191 
1345.0000000 89.5120433 89.5010006 
1346.0000000 89.3156248 89.3045820 
1347.0000000 89.1192062 89.1081635 
1348.0000000 88.9227877 88.9117449 
1349.0000000 88.7263691 88.7153264 
1350.0000000 88.5299506 88.5189078 
1351.0000000 88.3335320 88.3224893 
1352.0000000 88.1371135 88.1260707 
1353.0000000 87.9406949 87.9296522 
1354.0000000 87.7442764 87.7332336 
1355.0000000 87.5478578 87.5368151 
1356.0000000 87.3514393 87.3403965 
1357.0000000 87.1550207 87.1439780 
1358.0000000 86.9586022 86.9475594 
1359.0000000 86.7621836 86.7511409 
1360.0000000 86.5657651 86.5547223 
1361.0000000 86.3693465 86.3583038 
1362.0000000 86.1729280 86.1618852 
1363.0000000 85.9765094 85.9654667 
1364.0000000 85.7800909 85.7690481 
1365.0000000 85.5836723 85.5726296 
1366.0000000 85.3872537 85.3762110 
1367.0000000 85.1908352 85.1797925 
1368.0000000 84.9944166 84.9833739 
1369.0000000 84.7979981 84.7869554 
1370.0000000 84.6015795 84.5905368 
1371.0000000 84.4051610 84.3941183 
1372.0000000 84.2087424 84.1976997 
1373.0000000 84.0123239 84.0012812 
1374.0000000 83.8159053 83.8048626 
1375.0000000 83.6194868 83.6084440 
1376.0000000 83.4230682 83.4120255 
1377.0000000 83.2266497 83.2156069 
1378.0000000 83.0302311 83.0191884 
1379.0000000 82.8338126 82.8227698 
1380.0000000 82.6373940 82.6263513 
1381.0000000 82.4409755 82.4299327 
1382.0000000 82.2445569 82.2335142 
1383.0000000 82.0481384 82.0370956 
1384.0000000 81.8517198 81.8406771 
1385.0000000 81.6553013 81.6442585 
1386.0000000 81.4588827 81.4478400 
1387.0000000 81.2624642 81.2514214 
1388.0000000 81.0660456 81.0550029 
1389.0000000 80.8696271 80.8585843 
1390.0000000 80.6732085 80.6621658 
1391.0000000 80.4767900 80.4657472 
1392.0000000 80.2803714 80.2693287 
1393.0000000 80.0839529 80.0729101 
1394.0000000 79.8875343 79.8764916 
1395.0000000 79.6911158 79.6800730 
1396.0000000 79.4946972 79.4836545 
1397.0000000 79.2982787 79.2872359 
1398.0000000 79.1018601 79.0908174 
1399.0000000 78.9054416 78.8943988 
1400.0000000 78.7090230 78.6979803 
1401.0000000 78.5126045 78.5015617 
1402.0000000 78.3161859 78.3051432 
1403.0000000 78.1197674 78.1087246 
1404.0000000 77.9233488 77.9123061 
1405.0000000 77.7269303 77.7158875 
1406.0000000 77.5305117 77.5194690 
1407.0000000 77.3340932 77.3230504 
1408.0000000 77.1376746 77.1266319 
1409.0000000 76.9412561 76.9302133 
1410.0000000 76.7448375 76.7337948 
1411.0000000 76.5484190 76.5373762 
1412.0000000 76.3520004 76.3409577 
1413.0000000 76.1555819 76.1445391 
1414.0000000 75.9591633 75.9481206 
1415.0000000 75.7627448 75.7517020 
1416.0000000 75.5663262 75.5552835 
1417.0000000 75.3699077 75.3588649 
1418.0000000 75.1734891 75.1624464 
1419.0000000 74.9770706 74.9660278 
1420.0000000 74.7806520 74.7696093 
1421.0000000 74.5842335 74.5731907 
1422.0000000 74.3878149 74.3767722 
1423.0000000 74.1913964 74.1803536 
1424.0000000 73.9949778 73.9839351 
1425.0000000 73.7985593 73.7875165 
1426.0000000 73.6021407 73.5910980 
1427.0000000 73.4057222 73.3946794 
1428.0000000 73.2093036 73.1982609 
1429.0000000 73.0128851 73.0018423 
1430.0000000 72.8164665 72.8054238 
1431.0000000 72.6200480 72.6090052 
1432.0000000 72.4236294 72.4125867 
1433.0000000 72.2272109 72.2161681 
1434.0000000 72.0307923 72.0197496 
1435.0000000 71.8343738 71.8233310 
1436.0000000 71.6379552 71.6269125 
1437.0000000 71.4415367 71.4304939 
1438.0000000 71.2451181 71.2340754 
1439.0000000 71.0486996 71.0376568 
1440.0000000 70.8522810 70.8412383 
1441.0000000 70.6558625 70.6448197 
1442.0000000 70.4594439 70.4484012 
1443.0000000 70.2630254 70.2519826 
1444.0000000 70.0666068 70.0555641 
1445.0000000 69.8701883 69.8591455 
1446.0000000 69.6737697 69.6627270 
1447.0000000 69.4773512 69.4663084 
1448.0000000 69.2809326 69.2698899 
1449.0000000 69.0845141 69.0734713 
1450.0000000 68.8880955 68.8770528 
1451.0000000 68.6916770 68.6806342 
1452.0000000 68.4952584 68.4842157 
1453.0000000 68.2988399 68.2877971 
1454.0000000 68.1024213 68.0913786 
1455.0000000 67.9060028 67.8949600 
1456.0000000 67.7095842 67.6985415 
1457.0000000 67.5131657 67.5021229 
1458.0000000 67.3167471 67.3057044 
1459.0000000 67.1203286 67.1092858 
1460.0000000 66.9239100 66.9128673 
1461.0000000 66.7274915 66.7164487 
1462.0000000 66.5310729 66.5200302 
1463.0000000 66.3346544 66.3236116 
1464.0000000 66.1382358 66.1271931 
1465.0000000 65.9418173 65.9307745 
1466.0000000 65.7453987 65.7343560 
1467.0000000 65.5489802 65.5379374 
1468.0000000 65.3525616 65.3415189 
1469.0000000 65.1561431 65.1451003 
1470.0000000 64.9597245 64.9486818 
1471.0000000 64.7633060 64.7522632 
1472.0000000 64.5668874 64.5558447 
1473.0000000 64.3704689 64.3594261 
1474.0000000 64.1740503 64.1630076 
1475.0000000 63.9776318 63.9665890 
1476.0000000 63.7812132 63.7701705 
1477.0000000 63.5847947 63.5737519 
1478.0000000 63.3883761 63.3773334 
1479.0000000 63.1919576 63.1809148 
1480.0000000 62.9955390 62.9844963 
1481.0000000 62.7991205 62.7880777 
1482.0000000 62.6027019 62.5916592 
1483.0000000 62.4062834 62.3952406 
1484.0000000 62.2098648 62.1988221 
1485.0000000 62.0134463 62.0024035 
1486.0000000 61.8170277 61.8059850 
1487.0000000 61.6206092 61.6095664 
1488.0000000 61.4241906 61.4131479 
1489.0000000 61.2277721 61.2167293 
1490.0000000 61.0313535 61.0203108 
1491.0000000 60.8349350 60.8238922 
1492.0000000 60.6385164 60.6274737 
1493.0000000 60.4420979 60.4310551 
1494.0000000 60.2456793 60.2346366 
1495.0000000 60.0492608 60.0382180 
1496.0000000 59.8528422 59.8417995 
1497.0000000 59.6564237 59.6453809 
1498.0000000 59.4600051 59.4489624 
1499.0000000 59.2635866 59.2525438 
1500.0000000 59.0671680 59.0561253 
1501.0000000 58.8707495 58.8597067 
1502.0000000 58.6743309 58.6632882 
1503.0000000 58.4779124 58.4668696 
1504.0000000 58.2814938 58.2704511 
1505.0000000 58.0850753 58.0740325 
1506.0000000 57.8886567 57.8776140 
1507.0000000 57.6922382 57.6811954 
1508.0000000 57.4958196 57.4847769 
1509.0000000 57.2994011 57.2883583 
1510.0000000 57.1029825 57.0919398 
1511.0000000 56.9065640 56.8955212 
1512.0000000 56.7101454 56.6991027 
1513.0000000 56.5137269 56.5026841 
1514.0000000 56.3173083 56.3062656 
1515.0000000 56.1208898 56.1098470 
1516.0000000 55.9244712 55.9134285 
1517.0000000 55.7280526 55.7170099 
1518.0000000 55.5316341 55.5205914 
1519.0000000 55.3352155 55.3241728 
1520.0000000 55.1387970 55.1277543 
1521.0000000 54.9423784 54.9313357 
1522.0000000 54.7459599 54.7349172 
1523.0000000 54.5495413 54.5384986 
1524.0000000 54.3531228 54.3420801 
1525.0000000 54.1567042 54.1456615 
1526.0000000 53.9602857 53.9492430 
1527.0000000 53.7638671 53.7528244 
1528.0000000 53.5674486 53.5564058 
1529.0000000 53.3710300 53.3599873 
1530.0000000 53.1746115 53.1635687 
1531.0000000 52.9781929 52.9671502 
1532.0000000 52.7817744 52.7707316 
1533.0000000 52.5853558 52.5743131 
1534.0000000 52.3889373 52.3778945 
1535.0000000 52.1925187 52.1814760 
1536.0000000 51.9961002 51.9850574 
1537.0000000 51.7996816 51.7886389 
1538.0000000 51.6032631 51.5922203 
1539.0000000 51.4068445 51.3958018 
1540.0000000 51.2104260 51.1993832 
1541.0000000 51.0140074 51.0029647 
1542.0000000 50.8175889 50.8065461 
1543.0000000 50.6211703 50.6101276 
1544.0000000 50.4247518 50.4137090 
1545.0000000 50.2283332 50.2172905 
1546.0000000 50.0319147 50.0208719 
1547.0000000 49.8354961 49.8244534 
1548.0000000 49.6390776 49.6280348 
1549.0000000 49.4426590 49.4316163 
1550.0000000 49.2462405 49.2351977 
1551.0000000 49.0498219 49.0387792 
1552.0000000 48.8534034 48.8423606 
1553.0000000 48.6569848 48.6459421 
1554.0000000 48.4605663 48.4495235 
1555.0000000 48.2641477 48.2531050 
1556.0000000 48.0677292 48.0566864 
1557.0000000 47.8713106 47.8602679 
1558.0000000 47.6748921 47.6638493 
1559.0000000 47.4784735 47.4674308 
1560.0000000 47.2820550 47.2710122 
1561.0000000 47.0856364 47.0745937 
1562.0000000 46.8892179 46.8781751 
1563.0000000 46.6927993 46.6817566 
1564.0000000 46.4963808 46.4853380 
1565.0000000 46.2999622 46.2889195 
1566.0000000 46.1035437 46.0925009 
1567.0000000 45.9071251 45.8960824 
1568.0000000 45.7107066 45.6996638 
1569.0000000 45.5142880 45.5032453 
1570.0000000 45.3178695 45.3068267 
1571.0000000 45.1214509 45.1104082 
1572.0000000 44.9250324 44.9139896 
1573.0000000 44.7286138 44.7175711 
1574.0000000 44.5321953 44.5211525 
1575.0000000 44.3357767 44.3247340 
1576.0000000 44.1393582 44.1283154 
1577.0000000 43.9429396 43.9318969 
1578.0000000 43.7465211 43.7354783 
1579.0000000 43.5501025 43.5390598 
1580.0000000 43.3536840 43.3426412 
1581.0000000 43.1572654 43.1462227 
1582.0000000 42.9608469 42.9498041 
1583.0000000 42.7644283 42.7533856 
1584.0000000 42.5680098 42.5569670 
1585.0000000 42.3715912 42.3605485 
1586.0000000 42.1751727 42.1641299 
1587.0000000 41.9787541 41.9677114 
1588.0000000 41.7823356 41.7712928 
1589.0000000 41.5859170 41.5748743 
1590.0000000 41.3894985 41.3784557 
1591.0000000 41.1930799 41.1820372 
1592.0000000 40.9966614 40.9856186 
1593.0000000 40.8002428 40.7892001 
1594.0000000 40.6038243 40.5927815 
1595.0000000 40.4074057 40.3963630 
1596.0000000 40.2109872 40.1999444 
1597.0000000 40.0145686 40.0035259 
1598.0000000 39.8181501 39.8071073 
1599.0000000 39.6217315 39.6106888 
1600.0000000 39.4253130 39.4142702 
1601.0000000 39.2288944 39.2178517 
1602.0000000 39.0324759 39.0214331 
1603.0000000 38.8360573 38.8250146 
1604.0000000 38.6396388 38.6285960 
1605.0000000 38.4432202 38.4321775 
1606.0000000 38.2468017 38.2357589 
1607.0000000 38.0503831 38.0393404 
1608.0000000 37.8539646 37.8429218 
1609.0000000 37.6575460 37.6465033 
1610.0000000 37.4611275 37.4500847 
1611.0000000 37.2647089 37.2536662 
1612.0000000 37.0682904 37.0572476 
1613.0000000 36.8718718 36.8608291 
1614.0000000 36.6754533 36.6644105 
1615.0000000 36.4790347 36.4679920 
1616.0000000 36.2826162 36.2715734 
1617.0000000 36.0861976 36.0751549 
1618.0000000 35.8897791 35.8787363 
1619.0000000 35.6933605 35.6823178 
1620.0000000 35.4969420 35.4858992 
1621.0000000 35.3005234 35.2894807 
1622.0000000 35.1041049 35.0930621 
1623.0000000 34.9076863 34.8966436 
1624.0000000 34.7112678 34.7002250 
1625.0000000 34.5148492 34.5038065 
1626.0000000 34.3184307 34.3073879 
1627.0000000 34.1220121 34.1109694 
1628.0000000 33.9255936 33.9145508 
1629.0000000 33.7291750 33.7181323 
1630.0000000 33.5327565 33.5217137 
1631.0000000 33.3363379 33.3252952 
1632.0000000 33.1399194 33.1288766 
1633.0000000 32.9435008 32.9324581 
1634.0000000 32.7470823 32.7360395 
1635.0000000 32.5506637 32.5396210 
1636.0000000 32.3542452 32.3432024 
1637.0000000 32.1578266 32.1467839 
1638.0000000 31.9614081 31.9503653 
1639.0000000 31.7649895 31.7539468 
1640.0000000 31.5685710 31.5575282 
1641.0000000 31.3721524 31.3611097 
1642.0000000 31.1757339 31.1646911 
1643.0000000 30.9793153 30.9682726 
1644.0000000 30.7828968 30.7718540 
1645.0000000 30.5864782 30.5754355 
1646.0000000 30.3900597 30.3790169 
1647.0000000 30.1936411 30.1825984 
1648.0000000 29.9972226 29.9861798 
1649.0000000 29.8008040 29.7897613 
1650.0000000 29.6043855 29.5933427 
1651.0000000 29.4079669 29.3969242 
1652.0000000 29.2115484 29.2005056 
1653.0000000 29.0151298 29.0040871 
1654.0000000 28.8187113 28.8076685 
1655.0000000 28.6222927 28.6112500 
1656.0000000 28.4258742 28.4148314 
1657.0000000 28.2294556 28.2184129 
1658.0000000 28.0330371 28.0219943 
1659.0000000 27.8366185 27.8255758 
1660.0000000 27.6402000 27.6291572 
1661.0000000 27.4437814 27.4327387 
1662.0000000 27.2473629 27.2363201 
1663.0000000 27.0509443 27.0399016 
1664.0000000 26.8545258 26.8434830 
1665.0000000 26.6581072 26.6470645 
1666.0000000 26.4616887 26.4506459 
1667.0000000 26.2652701 26.2542274 
1668.0000000 26.0688516 26.0578088 
1669.0000000 25.8724330 25.8613903 
1670.0000000 25.6760144 25.6649717 
1671.0000000 25.4795959 25.4685532 
1672.0000000 25.2831773 25.2721346 
1673.0000000 25.0867588 25.0757161 
1674.0000000 24.8903402 24.8792975 
1675.0000000 24.6939217 24.6828790 
1676.0000000 24.4975031 24.4864604 
1677.0000000 24.3010846 24.2900419 
1678.0000000 24.1046660 24.0936233 
1679.0000000 23.9082475 23.8972047 
1680.0000000 23.7118289 23.7007862 
1681.0000000 23.5154104 23.5043676 
1682.0000000 23.3189918 23.3079491 
1683.0000000 23.1225733 23.1115305 
1684.0000000 22.9261547 22.9151120 
1685.0000000 22.7297362 22.7186934 
1686.0000000 22.5333176 22.5222749 
1687.0000000 22.3368991 22.3258563 
1688.0000000 22.1404805 22.1294378 
1689.0000000 21.9440620 21.9330192 
1690.0000000 21.7476434 21.7366007 
1691.0000000 21.5512249 21.5401821 
1692.0000000 21.3548063 21.3437636 
1693.0000000 21.1583878 21.1473450 
1694.0000000 20.9619692 20.9509265 
1695.0000000 20.7655507 20.7545079 
1696.0000000 20.5691321 20.5580894 
1697.0000000 20.3727136 20.3616708 
1698.0000000 20.1762950 20.1652523 
1699.0000000 19.9798765 19.9688337 
1700.0000000 19.7834579 19.7724152 
1701.0000000 19.5870394 19.5759966 
1702.0000000 19.3906208 19.3795781 
1703.0000000 19.1942023 19.1831595 
1704.0000000 18.9977837 18.9867410 
1705.0000000 18.8013652 18.7903224 
1706.0000000 18.6049466 18.5939039 
1707.0000000 18.4085281 18.3974853 
1708.0000000 18.2121095 18.2010668 
1709.0000000 18.0156910 18.0046482 
1710.0000000 17.8192724 17.8082297 
1711.0000000 17.6228539 17.6118111 
1712.0000000 17.4264353 17.4153926 
1713.0000000 17.2300168 17.2189740 
1714.0000000 17.0335982 17.0225555 
1715.0000000 16.8371797 16.8261369 
1716.0000000 16.6407611 16.6297184 
1717.0000000 16.4443426 16.4332998 
1718.0000000 16.2479240 16.2368813 
1719.0000000 16.0515055 16.0404627 
1720.0000000 15.8550869 15.8440442 
1721.0000000 15.6586684 15.6476256 
1722.0000000 15.4622498 15.4512071 
1723.0000000 15.2658313 15.2547885 
1724.0000000 15.0694127 15.0583700 
1725.0000000 14.8729942 14.8619514 
1726.0000000 14.6765756 14.6655329 
1727.0000000 14.4801571 14.4691143 
1728.0000000 14.2837385 14.2726958 
1729.0000000 14.0873200 14.0762772 
1730.0000000 13.8909014 13.8798587 
1731.0000000 13.6944829 13.6834401 
1732.0000000 13.4980643 13.4870216 
1733.0000000 13.3016458 13.2906030 
1734.0000000 13.1052272 13.0941845 
1735.0000000 12.9088087 12.8977659 
1736.0000000 12.7123901 12.7013474 
1737.0000000 12.5159716 12.5049288 
1738.0000000 12.3195530 12.3085103 
1739.0000000 12.1231345 12.1120917 
1740.0000000 11.9267159 11.9156732 
1741.0000000 11.7302974 11.7192546 
1742.0000000 11.5338788 11.5228361 
1743.0000000 11.3374603 11.3264175 
1744.0000000 11.1410417 11.1299990 
1745.0000000 10.9446232 10.9335804 
1746.0000000 10.7482046 10.7371619 
1747.0000000 10.5517861 10.5407433 
1748.0000000 10.3553675 10.3443248 
1749.0000000 10.1589490 10.1479062 
1750.0000000 9.9625304 9.9514877 
1751.0000000 9.7661119 9.7550691 
1752.0000000 9.5696933 9.5586506 
1753.0000000 9.3732748 9.3622320 
1754.0000000 9.1768562 9.1658135 
1755.0000000 8.9804377 8.9693949 
1756.0000000 8.7840191 8.7729764 
1757.0000000 8.5876006 8.5765578 
1758.0000000 8.3911820 8.3801393 
1759.0000000 8.1947635 8.1837207 
1760.0000000 7.9983449 7.9873022 
1761.0000000 7.8019264 7.7908836 
1762.0000000 7.6055078 7.5944651 
1763.0000000 7.4090893 7.3980465 
1764.0000000 7.2126707 7.2016280 
1765.0000000 7.0162522 7.0052094 
1766.0000000 6.8198336 6.8087909 
1767.0000000 6.6234151 6.6123723 
1768.0000000 6.4269965 6.4159538 
1769.0000000 6.2305780 6.2195352 
1770.0000000 6.0341594 6.0231167 
1771.0000000 5.8377409 5.8266981 
1772.0000000 5.6413223 5.6302796 
1773.0000000 5.4449038 5.4338610 
1774.0000000 5.2484852 5.2374425 
1775.0000000 5.0520667 5.0410239 
1776.0000000 4.8556481 4.8446054 
1777.0000000 4.6592296 4.6481868 
1778.0000000 4.4628110 4.4517683 
1779.0000000 4.2663925 4.2553497 
1780.0000000 4.0699739 4.0589312 
1781.0000000 3.8735554 3.8625126 
1782.0000000 3.6771368 3.6660941 
1783.0000000 3.4807183 3.4696755 
1784.0000000 3.2842997 3.2732570 
1785.0000000 3.0878812 3.0768384 
1786.0000000 2.8914626 2.8804199 
1787.0000000 2.6950441 2.6840013 
1788.0000000 2.4986255 2.4875828 
1789.0000000 2.3022070 2.2911642 
1790.0000000 2.1057884 2.0947457 
1791.0000000 1.9093699 1.8983271 
1792.0000000 1.7129513 1.7019086 
1793.0000000 1.5165328 1.5054900 
1794.0000000 1.3201142 1.3090715 
1795.0000000 1.1236957 1.1126529 
1796.0000000 0.9272771 0.9162344 
1797.0000000 0.7308586 0.7198158 
1798.0000000 0.5344400 0.5233973 
1799.0000000 0.3380215 0.3269787 
1800.0000000 0.1416029 0.1305602 

