1.0000000 353.4989235 353.5405303 
2.0000000 353.3025049 353.3441118 
3.0000000 353.1060864 353.1476932 
4.0000000 352.9096678 352.9512747 
5.0000000 352.7132493 352.7548561 
6.0000000 352.5168307 352.5584376 
7.0000000 352.3204122 352.3620190 
8.0000000 352.1239936 352.1656005 
9.0000000 351.9275751 351.9691819 
10.0000000 351.7311565 351.7727634 
11.0000000 351.5347379 351.5763448 
12.0000000 351.3383194 351.3799263 
13.0000000 351.1419008 351.1835077 
14.0000000 350.9454823 350.9870892 
15.0000000 350.7490637 350.7906706 
16.0000000 350.5526452 350.5942521 
17.0000000 350.3562266 350.3978335 
18.0000000 350.1598081 350.2014150 
19.0000000 349.9633895 350.0049964 
20.0000000 349.7669710 349.8085779 
21.0000000 349.5705524 349.6121593 
22.0000000 349.3741339 349.4157408 
23.0000000 349.1777153 349.2193222 
24.0000000 348.9812968 349.0229037 
25.0000000 348.7848782 348.8264851 
26.0000000 348.5884597 348.6300666 
27.0000000 348.3920411 348.4336480 
28.0000000 348.1956226 348.2372295 
29.0000000 347.9992040 348.0408109 
30.0000000 347.8027855 347.8443924 
31.0000000 347.6063669 347.6479738 
32.0000000 347.4099484 347.4515553 
33.0000000 347.2135298 347.2551367 
34.0000000 347.0171113 347.0587182 
35.0000000 346.8206927 346.8622996 
36.0000000 346.6242742 346.6658811 
37.0000000 346.4278556 346.4694625 
38.0000000 346.2314371 346.2730440 
39.0000000 346.0350185 346.0766254 
40.0000000 345.8386000 345.8802069 
41.0000000 345.6421814 345.6837883 
42.0000000 345.4457629 345.4873698 
43.0000000 345.2493443 345.2909512 
44.0000000 345.0529258 345.0945327 
45.0000000 344.8565072 344.8981141 
46.0000000 344.6600887 344.7016956 
47.0000000 344.4636701 344.5052770 
48.0000000 344.2672516 344.3088585 
49.0000000 344.0708330 344.1124399 
50.0000000 343.8744145 343.9160214 
51.0000000 343.6779959 343.7196028 
52.0000000 343.4815774 343.5231843 
53.0000000 343.2851588 343.3267657 
54.0000000 343.0887403 343.1303472 
55.0000000 342.8923217 342.9339286 
56.0000000 342.6959032 342.7375101 
57.0000000 342.4994846 342.5410915 
58.0000000 342.3030661 342.3446730 
59.0000000 342.1066475 342.1482544 
60.0000000 341.9102290 341.9518359 
61.0000000 341.7138104 341.7554173 
62.0000000 341.5173919 341.5589988 
63.0000000 341.3209733 341.3625802 
64.0000000 341.1245548 341.1661617 
65.0000000 340.9281362 340.9697431 
66.0000000 340.7317177 340.7733246 
67.0000000 340.5352991 340.5769060 
68.0000000 340.3388806 340.3804875 
69.0000000 340.1424620 340.1840689 
70.0000000 339.9460435 339.9876504 
71.0000000 339.7496249 339.7912318 
72.0000000 339.5532064 339.5948133 
73.0000000 339.3567878 339.3983947 
74.0000000 339.1603693 339.2019762 
75.0000000 338.9639507 339.0055576 
76.0000000 338.7675322 338.8091391 
77.0000000 338.5711136 338.6127205 
78.0000000 338.3746951 338.4163020 
79.0000000 338.1782765 338.2198834 
80.0000000 337.9818580 338.0234649 
81.0000000 337.7854394 337.8270463 
82.0000000 337.5890209 337.6306278 
83.0000000 337.3926023 337.4342092 
84.0000000 337.1961838 337.2377907 
85.0000000 336.9997652 337.0413721 
86.0000000 336.8033467 336.8449536 
87.0000000 336.6069281 336.6485350 
88.0000000 336.4105096 336.4521165 
89.0000000 336.2140910 336.2556979 
90.0000000 336.0176725 336.0592794 
91.0000000 335.8212539 335.8628608 
92.0000000 335.6248354 335.6664423 
93.0000000 335.4284168 335.4700237 
94.0000000 335.2319983 335.2736051 
95.0000000 335.0355797 335.0771866 
96.0000000 334.8391612 334.8807680 
97.0000000 334.6427426 334.6843495 
98.0000000 334.4463241 334.4879309 
99.0000000 334.2499055 334.2915124 
100.0000000 334.0534870 334.0950938 
101.0000000 333.8570684 333.8986753 
102.0000000 333.6606499 333.7022567 
103.0000000 333.4642313 333.5058382 
104.0000000 333.2678128 333.3094196 
105.0000000 333.0713942 333.1130011 
106.0000000 332.8749757 332.9165825 
107.0000000 332.6785571 332.7201640 
108.0000000 332.4821386 332.5237454 
109.0000000 332.2857200 332.3273269 
110.0000000 332.0893015 332.1309083 
111.0000000 331.8928829 331.9344898 
112.0000000 331.6964644 331.7380712 
113.0000000 331.5000458 331.5416527 
114.0000000 331.3036273 331.3452341 
115.0000000 331.1072087 331.1488156 
116.0000000 330.9107902 330.9523970 
117.0000000 330.7143716 330.7559785 
118.0000000 330.5179531 330.5595599 
119.0000000 330.3215345 330.3631414 
120.0000000 330.1251160 330.1667228 
121.0000000 329.9286974 329.9703043 
122.0000000 329.7322789 329.7738857 
123.0000000 329.5358603 329.5774672 
124.0000000 329.3394418 329.3810486 
125.0000000 329.1430232 329.1846301 
126.0000000 328.9466047 328.9882115 
127.0000000 328.7501861 328.7917930 
128.0000000 328.5537676 328.5953744 
129.0000000 328.3573490 328.3989559 
130.0000000 328.1609305 328.2025373 
131.0000000 327.9645119 328.0061188 
132.0000000 327.7680934 327.8097002 
133.0000000 327.5716748 327.6132817 
134.0000000 327.3752563 327.4168631 
135.0000000 327.1788377 327.2204446 
136.0000000 326.9824192 327.0240260 
137.0000000 326.7860006 326.8276075 
138.0000000 326.5895821 326.6311889 
139.0000000 326.3931635 326.4347704 
140.0000000 326.1967450 326.2383518 
141.0000000 326.0003264 326.0419333 
142.0000000 325.8039079 325.8455147 
143.0000000 325.6074893 325.6490962 
144.0000000 325.4110708 325.4526776 
145.0000000 325.2146522 325.2562591 
146.0000000 325.0182337 325.0598405 
147.0000000 324.8218151 324.8634220 
148.0000000 324.6253966 324.6670034 
149.0000000 324.4289780 324.4705849 
150.0000000 324.2325595 324.2741663 
151.0000000 324.0361409 324.0777478 
152.0000000 323.8397224 323.8813292 
153.0000000 323.6433038 323.6849107 
154.0000000 323.4468853 323.4884921 
155.0000000 323.2504667 323.2920736 
156.0000000 323.0540482 323.0956550 
157.0000000 322.8576296 322.8992365 
158.0000000 322.6612111 322.7028179 
159.0000000 322.4647925 322.5063994 
160.0000000 322.2683740 322.3099808 
161.0000000 322.0719554 322.1135623 
162.0000000 321.8755368 321.9171437 
163.0000000 321.6791183 321.7207252 
164.0000000 321.4826997 321.5243066 
165.0000000 321.2862812 321.3278881 
166.0000000 321.0898626 321.1314695 
167.0000000 320.8934441 320.9350510 
168.0000000 320.6970255 320.7386324 
169.0000000 320.5006070 320.5422139 
170.0000000 320.3041884 320.3457953 
171.0000000 320.1077699 320.1493768 
172.0000000 319.9113513 319.9529582 
173.0000000 319.7149328 319.7565397 
174.0000000 319.5185142 319.5601211 
175.0000000 319.3220957 319.3637026 
176.0000000 319.1256771 319.1672840 
177.0000000 318.9292586 318.9708655 
178.0000000 318.7328400 318.7744469 
179.0000000 318.5364215 318.5780284 
180.0000000 318.3400029 318.3816098 
181.0000000 318.1435844 318.1851913 
182.0000000 317.9471658 317.9887727 
183.0000000 317.7507473 317.7923542 
184.0000000 317.5543287 317.5959356 
185.0000000 317.3579102 317.3995171 
186.0000000 317.1614916 317.2030985 
187.0000000 316.9650731 317.0066800 
188.0000000 316.7686545 316.8102614 
189.0000000 316.5722360 316.6138429 
190.0000000 316.3758174 316.4174243 
191.0000000 316.1793989 316.2210058 
192.0000000 315.9829803 316.0245872 
193.0000000 315.7865618 315.8281687 
194.0000000 315.5901432 315.6317501 
195.0000000 315.3937247 315.4353316 
196.0000000 315.1973061 315.2389130 
197.0000000 315.0008876 315.0424945 
198.0000000 314.8044690 314.8460759 
199.0000000 314.6080505 314.6496574 
200.0000000 314.4116319 314.4532388 
201.0000000 314.2152134 314.2568203 
202.0000000 314.0187948 314.0604017 
203.0000000 313.8223763 313.8639832 
204.0000000 313.6259577 313.6675646 
205.0000000 313.4295392 313.4711461 
206.0000000 313.2331206 313.2747275 
207.0000000 313.0367021 313.0783090 
208.0000000 312.8402835 312.8818904 
209.0000000 312.6438650 312.6854719 
210.0000000 312.4474464 312.4890533 
211.0000000 312.2510279 312.2926348 
212.0000000 312.0546093 312.0962162 
213.0000000 311.8581908 311.8997977 
214.0000000 311.6617722 311.7033791 
215.0000000 311.4653537 311.5069606 
216.0000000 311.2689351 311.3105420 
217.0000000 311.0725166 311.1141235 
218.0000000 310.8760980 310.9177049 
219.0000000 310.6796795 310.7212864 
220.0000000 310.4832609 310.5248678 
221.0000000 310.2868424 310.3284493 
222.0000000 310.0904238 310.1320307 
223.0000000 309.8940053 309.9356122 
224.0000000 309.6975867 309.7391936 
225.0000000 309.5011682 309.5427751 
226.0000000 309.3047496 309.3463565 
227.0000000 309.1083311 309.1499380 
228.0000000 308.9119125 308.9535194 
229.0000000 308.7154940 308.7571009 
230.0000000 308.5190754 308.5606823 
231.0000000 308.3226569 308.3642638 
232.0000000 308.1262383 308.1678452 
233.0000000 307.9298198 307.9714267 
234.0000000 307.7334012 307.7750081 
235.0000000 307.5369827 307.5785896 
236.0000000 307.3405641 307.3821710 
237.0000000 307.1441456 307.1857525 
238.0000000 306.9477270 306.9893339 
239.0000000 306.7513085 306.7929154 
240.0000000 306.5548899 306.5964968 
241.0000000 306.3584714 306.4000783 
242.0000000 306.1620528 306.2036597 
243.0000000 305.9656343 306.0072412 
244.0000000 305.7692157 305.8108226 
245.0000000 305.5727972 305.6144040 
246.0000000 305.3763786 305.4179855 
247.0000000 305.1799601 305.2215669 
248.0000000 304.9835415 305.0251484 
249.0000000 304.7871230 304.8287298 
250.0000000 304.5907044 304.6323113 
251.0000000 304.3942859 304.4358927 
252.0000000 304.1978673 304.2394742 
253.0000000 304.0014488 304.0430556 
254.0000000 303.8050302 303.8466371 
255.0000000 303.6086117 303.6502185 
256.0000000 303.4121931 303.4538000 
257.0000000 303.2157746 303.2573814 
258.0000000 303.0193560 303.0609629 
259.0000000 302.8229375 302.8645443 
260.0000000 302.6265189 302.6681258 
261.0000000 302.4301004 302.4717072 
262.0000000 302.2336818 302.2752887 
263.0000000 302.0372633 302.0788701 
264.0000000 301.8408447 301.8824516 
265.0000000 301.6444262 301.6860330 
266.0000000 301.4480076 301.4896145 
267.0000000 301.2515891 301.2931959 
268.0000000 301.0551705 301.0967774 
269.0000000 300.8587520 300.9003588 
270.0000000 300.6623334 300.7039403 
271.0000000 300.4659149 300.5075217 
272.0000000 300.2694963 300.3111032 
273.0000000 300.0730778 300.1146846 
274.0000000 299.8766592 299.9182661 
275.0000000 299.6802407 299.7218475 
276.0000000 299.4838221 299.5254290 
277.0000000 299.2874036 299.3290104 
278.0000000 299.0909850 299.1325919 
279.0000000 298.8945665 298.9361733 
280.0000000 298.6981479 298.7397548 
281.0000000 298.5017294 298.5433362 
282.0000000 298.3053108 298.3469177 
283.0000000 298.1088923 298.1504991 
284.0000000 297.9124737 297.9540806 
285.0000000 297.7160552 297.7576620 
286.0000000 297.5196366 297.5612435 
287.0000000 297.3232181 297.3648249 
288.0000000 297.1267995 297.1684064 
289.0000000 296.9303810 296.9719878 
290.0000000 296.7339624 296.7755693 
291.0000000 296.5375439 296.5791507 
292.0000000 296.3411253 296.3827322 
293.0000000 296.1447068 296.1863136 
294.0000000 295.9482882 295.9898951 
295.0000000 295.7518697 295.7934765 
296.0000000 295.5554511 295.5970580 
297.0000000 295.3590326 295.4006394 
298.0000000 295.1626140 295.2042209 
299.0000000 294.9661955 295.0078023 
300.0000000 294.7697769 294.8113838 
301.0000000 294.5733584 294.6149652 
302.0000000 294.3769398 294.4185467 
303.0000000 294.1805213 294.2221281 
304.0000000 293.9841027 294.0257096 
305.0000000 293.7876842 293.8292910 
306.0000000 293.5912656 293.6328725 
307.0000000 293.3948471 293.4364539 
308.0000000 293.1984285 293.2400354 
309.0000000 293.0020100 293.0436168 
310.0000000 292.8055914 292.8471983 
311.0000000 292.6091729 292.6507797 
312.0000000 292.4127543 292.4543612 
313.0000000 292.2163357 292.2579426 
314.0000000 292.0199172 292.0615241 
315.0000000 291.8234986 291.8651055 
316.0000000 291.6270801 291.6686870 
317.0000000 291.4306615 291.4722684 
318.0000000 291.2342430 291.2758499 
319.0000000 291.0378244 291.0794313 
320.0000000 290.8414059 290.8830128 
321.0000000 290.6449873 290.6865942 
322.0000000 290.4485688 290.4901757 
323.0000000 290.2521502 290.2937571 
324.0000000 290.0557317 290.0973386 
325.0000000 289.8593131 289.9009200 
326.0000000 289.6628946 289.7045015 
327.0000000 289.4664760 289.5080829 
328.0000000 289.2700575 289.3116644 
329.0000000 289.0736389 289.1152458 
330.0000000 288.8772204 288.9188273 
331.0000000 288.6808018 288.7224087 
332.0000000 288.4843833 288.5259902 
333.0000000 288.2879647 288.3295716 
334.0000000 288.0915462 288.1331531 
335.0000000 287.8951276 287.9367345 
336.0000000 287.6987091 287.7403160 
337.0000000 287.5022905 287.5438974 
338.0000000 287.3058720 287.3474789 
339.0000000 287.1094534 287.1510603 
340.0000000 286.9130349 286.9546418 
341.0000000 286.7166163 286.7582232 
342.0000000 286.5201978 286.5618047 
343.0000000 286.3237792 286.3653861 
344.0000000 286.1273607 286.1689676 
345.0000000 285.9309421 285.9725490 
346.0000000 285.7345236 285.7761305 
347.0000000 285.5381050 285.5797119 
348.0000000 285.3416865 285.3832934 
349.0000000 285.1452679 285.1868748 
350.0000000 284.9488494 284.9904563 
351.0000000 284.7524308 284.7940377 
352.0000000 284.5560123 284.5976192 
353.0000000 284.3595937 284.4012006 
354.0000000 284.1631752 284.2047821 
355.0000000 283.9667566 284.0083635 
356.0000000 283.7703381 283.8119450 
357.0000000 283.5739195 283.6155264 
358.0000000 283.3775010 283.4191079 
359.0000000 283.1810824 283.2226893 
360.0000000 282.9846639 283.0262708 
361.0000000 282.7882453 282.8298522 
362.0000000 282.5918268 282.6334337 
363.0000000 282.3954082 282.4370151 
364.0000000 282.1989897 282.2405966 
365.0000000 282.0025711 282.0441780 
366.0000000 281.8061526 281.8477595 
367.0000000 281.6097340 281.6513409 
368.0000000 281.4133155 281.4549224 
369.0000000 281.2168969 281.2585038 
370.0000000 281.0204784 281.0620853 
371.0000000 280.8240598 280.8656667 
372.0000000 280.6276413 280.6692482 
373.0000000 280.4312227 280.4728296 
374.0000000 280.2348042 280.2764111 
375.0000000 280.0383856 280.0799925 
376.0000000 279.8419671 279.8835740 
377.0000000 279.6455485 279.6871554 
378.0000000 279.4491300 279.4907369 
379.0000000 279.2527114 279.2943183 
380.0000000 279.0562929 279.0978998 
381.0000000 278.8598743 278.9014812 
382.0000000 278.6634558 278.7050627 
383.0000000 278.4670372 278.5086441 
384.0000000 278.2706187 278.3122256 
385.0000000 278.0742001 278.1158070 
386.0000000 277.8777816 277.9193885 
387.0000000 277.6813630 277.7229699 
388.0000000 277.4849445 277.5265514 
389.0000000 277.2885259 277.3301328 
390.0000000 277.0921074 277.1337143 
391.0000000 276.8956888 276.9372957 
392.0000000 276.6992703 276.7408772 
393.0000000 276.5028517 276.5444586 
394.0000000 276.3064332 276.3480401 
395.0000000 276.1100146 276.1516215 
396.0000000 275.9135961 275.9552029 
397.0000000 275.7171775 275.7587844 
398.0000000 275.5207590 275.5623658 
399.0000000 275.3243404 275.3659473 
400.0000000 275.1279219 275.1695287 
401.0000000 274.9315033 274.9731102 
402.0000000 274.7350848 274.7766916 
403.0000000 274.5386662 274.5802731 
404.0000000 274.3422477 274.3838545 
405.0000000 274.1458291 274.1874360 
406.0000000 273.9494106 273.9910174 
407.0000000 273.7529920 273.7945989 
408.0000000 273.5565735 273.5981803 
409.0000000 273.3601549 273.4017618 
410.0000000 273.1637364 273.2053432 
411.0000000 272.9673178 273.0089247 
412.0000000 272.7708993 272.8125061 
413.0000000 272.5744807 272.6160876 
414.0000000 272.3780622 272.4196690 
415.0000000 272.1816436 272.2232505 
416.0000000 271.9852251 272.0268319 
417.0000000 271.7888065 271.8304134 
418.0000000 271.5923880 271.6339948 
419.0000000 271.3959694 271.4375763 
420.0000000 271.1995509 271.2411577 
421.0000000 271.0031323 271.0447392 
422.0000000 270.8067138 270.8483206 
423.0000000 270.6102952 270.6519021 
424.0000000 270.4138767 270.4554835 
425.0000000 270.2174581 270.2590650 
426.0000000 270.0210396 270.0626464 
427.0000000 269.8246210 269.8662279 
428.0000000 269.6282025 269.6698093 
429.0000000 269.4317839 269.4733908 
430.0000000 269.2353654 269.2769722 
431.0000000 269.0389468 269.0805537 
432.0000000 268.8425283 268.8841351 
433.0000000 268.6461097 268.6877166 
434.0000000 268.4496912 268.4912980 
435.0000000 268.2532726 268.2948795 
436.0000000 268.0568541 268.0984609 
437.0000000 267.8604355 267.9020424 
438.0000000 267.6640170 267.7056238 
439.0000000 267.4675984 267.5092053 
440.0000000 267.2711799 267.3127867 
441.0000000 267.0747613 267.1163682 
442.0000000 266.8783428 266.9199496 
443.0000000 266.6819242 266.7235311 
444.0000000 266.4855057 266.5271125 
445.0000000 266.2890871 266.3306940 
446.0000000 266.0926686 266.1342754 
447.0000000 265.8962500 265.9378569 
448.0000000 265.6998315 265.7414383 
449.0000000 265.5034129 265.5450198 
450.0000000 265.3069944 265.3486012 
451.0000000 265.1105758 265.1521827 
452.0000000 264.9141573 264.9557641 
453.0000000 264.7177387 264.7593456 
454.0000000 264.5213202 264.5629270 
455.0000000 264.3249016 264.3665085 
456.0000000 264.1284831 264.1700899 
457.0000000 263.9320645 263.9736714 
458.0000000 263.7356460 263.7772528 
459.0000000 263.5392274 263.5808343 
460.0000000 263.3428089 263.3844157 
461.0000000 263.1463903 263.1879972 
462.0000000 262.9499718 262.9915786 
463.0000000 262.7535532 262.7951601 
464.0000000 262.5571347 262.5987415 
465.0000000 262.3607161 262.4023230 
466.0000000 262.1642975 262.2059044 
467.0000000 261.9678790 262.0094859 
468.0000000 261.7714604 261.8130673 
469.0000000 261.5750419 261.6166488 
470.0000000 261.3786233 261.4202302 
471.0000000 261.1822048 261.2238117 
472.0000000 260.9857862 261.0273931 
473.0000000 260.7893677 260.8309746 
474.0000000 260.5929491 260.6345560 
475.0000000 260.3965306 260.4381375 
476.0000000 260.2001120 260.2417189 
477.0000000 260.0036935 260.0453004 
478.0000000 259.8072749 259.8488818 
479.0000000 259.6108564 259.6524633 
480.0000000 259.4144378 259.4560447 
481.0000000 259.2180193 259.2596262 
482.0000000 259.0216007 259.0632076 
483.0000000 258.8251822 258.8667891 
484.0000000 258.6287636 258.6703705 
485.0000000 258.4323451 258.4739520 
486.0000000 258.2359265 258.2775334 
487.0000000 258.0395080 258.0811149 
488.0000000 257.8430894 257.8846963 
489.0000000 257.6466709 257.6882778 
490.0000000 257.4502523 257.4918592 
491.0000000 257.2538338 257.2954407 
492.0000000 257.0574152 257.0990221 
493.0000000 256.8609967 256.9026036 
494.0000000 256.6645781 256.7061850 
495.0000000 256.4681596 256.5097665 
496.0000000 256.2717410 256.3133479 
497.0000000 256.0753225 256.1169294 
498.0000000 255.8789039 255.9205108 
499.0000000 255.6824854 255.7240923 
500.0000000 255.4860668 255.5276737 
501.0000000 255.2896483 255.3312552 
502.0000000 255.0932297 255.1348366 
503.0000000 254.8968112 254.9384181 
504.0000000 254.7003926 254.7419995 
505.0000000 254.5039741 254.5455810 
506.0000000 254.3075555 254.3491624 
507.0000000 254.1111370 254.1527439 
508.0000000 253.9147184 253.9563253 
509.0000000 253.7182999 253.7599068 
510.0000000 253.5218813 253.5634882 
511.0000000 253.3254628 253.3670697 
512.0000000 253.1290442 253.1706511 
513.0000000 252.9326257 252.9742326 
514.0000000 252.7362071 252.7778140 
515.0000000 252.5397886 252.5813955 
516.0000000 252.3433700 252.3849769 
517.0000000 252.1469515 252.1885584 
518.0000000 251.9505329 251.9921398 
519.0000000 251.7541144 251.7957213 
520.0000000 251.5576958 251.5993027 
521.0000000 251.3612773 251.4028842 
522.0000000 251.1648587 251.2064656 
523.0000000 250.9684402 251.0100471 
524.0000000 250.7720216 250.8136285 
525.0000000 250.5756031 250.6172100 
526.0000000 250.3791845 250.4207914 
527.0000000 250.1827660 250.2243729 
528.0000000 249.9863474 250.0279543 
529.0000000 249.7899289 249.8315358 
530.0000000 249.5935103 249.6351172 
531.0000000 249.3970918 249.4386987 
532.0000000 249.2006732 249.2422801 
533.0000000 249.0042547 249.0458616 
534.0000000 248.8078361 248.8494430 
535.0000000 248.6114176 248.6530245 
536.0000000 248.4149990 248.4566059 
537.0000000 248.2185805 248.2601874 
538.0000000 248.0221619 248.0637688 
539.0000000 247.8257434 247.8673503 
540.0000000 247.6293248 247.6709317 
541.0000000 247.4329063 247.4745132 
542.0000000 247.2364877 247.2780946 
543.0000000 247.0400692 247.0816761 
544.0000000 246.8436506 246.8852575 
545.0000000 246.6472321 246.6888390 
546.0000000 246.4508135 246.4924204 
547.0000000 246.2543950 246.2960019 
548.0000000 246.0579764 246.0995833 
549.0000000 245.8615579 245.9031647 
550.0000000 245.6651393 245.7067462 
551.0000000 245.4687208 245.5103276 
552.0000000 245.2723022 245.3139091 
553.0000000 245.0758837 245.1174905 
554.0000000 244.8794651 244.9210720 
555.0000000 244.6830466 244.7246534 
556.0000000 244.4866280 244.5282349 
557.0000000 244.2902095 244.3318163 
558.0000000 244.0937909 244.1353978 
559.0000000 243.8973724 243.9389792 
560.0000000 243.7009538 243.7425607 
561.0000000 243.5045353 243.5461421 
562.0000000 243.3081167 243.3497236 
563.0000000 243.1116982 243.1533050 
564.0000000 242.9152796 242.9568865 
565.0000000 242.7188611 242.7604679 
566.0000000 242.5224425 242.5640494 
567.0000000 242.3260240 242.3676308 
568.0000000 242.1296054 242.1712123 
569.0000000 241.9331869 241.9747937 
570.0000000 241.7367683 241.7783752 
571.0000000 241.5403498 241.5819566 
572.0000000 241.3439312 241.3855381 
573.0000000 241.1475127 241.1891195 
574.0000000 240.9510941 240.9927010 
575.0000000 240.7546756 240.7962824 
576.0000000 240.5582570 240.5998639 
577.0000000 240.3618385 240.4034453 
578.0000000 240.1654199 240.2070268 
579.0000000 239.9690014 240.0106082 
580.0000000 239.7725828 239.8141897 
581.0000000 239.5761643 239.6177711 
582.0000000 239.3797457 239.4213526 
583.0000000 239.1833272 239.2249340 
584.0000000 238.9869086 239.0285155 
585.0000000 238.7904901 238.8320969 
586.0000000 238.5940715 238.6356784 
587.0000000 238.3976530 238.4392598 
588.0000000 238.2012344 238.2428413 
589.0000000 238.0048159 238.0464227 
590.0000000 237.8083973 237.8500042 
591.0000000 237.6119788 237.6535856 
592.0000000 237.4155602 237.4571671 
593.0000000 237.2191417 237.2607485 
594.0000000 237.0227231 237.0643300 
595.0000000 236.8263046 236.8679114 
596.0000000 236.6298860 236.6714929 
597.0000000 236.4334675 236.4750743 
598.0000000 236.2370489 236.2786558 
599.0000000 236.0406304 236.0822372 
600.0000000 235.8442118 235.8858187 
601.0000000 235.6477933 235.6894001 
602.0000000 235.4513747 235.4929816 
603.0000000 235.2549562 235.2965630 
604.0000000 235.0585376 235.1001445 
605.0000000 234.8621191 234.9037259 
606.0000000 234.6657005 234.7073074 
607.0000000 234.4692820 234.5108888 
608.0000000 234.2728634 234.3144703 
609.0000000 234.0764449 234.1180517 
610.0000000 233.8800263 233.9216332 
611.0000000 233.6836078 233.7252146 
612.0000000 233.4871892 233.5287961 
613.0000000 233.2907707 233.3323775 
614.0000000 233.0943521 233.1359590 
615.0000000 232.8979336 232.9395404 
616.0000000 232.7015150 232.7431219 
617.0000000 232.5050964 232.5467033 
618.0000000 232.3086779 232.3502848 
619.0000000 232.1122593 232.1538662 
620.0000000 231.9158408 231.9574477 
621.0000000 231.7194222 231.7610291 
622.0000000 231.5230037 231.5646106 
623.0000000 231.3265851 231.3681920 
624.0000000 231.1301666 231.1717735 
625.0000000 230.9337480 230.9753549 
626.0000000 230.7373295 230.7789364 
627.0000000 230.5409109 230.5825178 
628.0000000 230.3444924 230.3860993 
629.0000000 230.1480738 230.1896807 
630.0000000 229.9516553 229.9932622 
631.0000000 229.7552367 229.7968436 
632.0000000 229.5588182 229.6004251 
633.0000000 229.3623996 229.4040065 
634.0000000 229.1659811 229.2075880 
635.0000000 228.9695625 229.0111694 
636.0000000 228.7731440 228.8147509 
637.0000000 228.5767254 228.6183323 
638.0000000 228.3803069 228.4219138 
639.0000000 228.1838883 228.2254952 
640.0000000 227.9874698 228.0290767 
641.0000000 227.7910512 227.8326581 
642.0000000 227.5946327 227.6362396 
643.0000000 227.3982141 227.4398210 
644.0000000 227.2017956 227.2434025 
645.0000000 227.0053770 227.0469839 
646.0000000 226.8089585 226.8505654 
647.0000000 226.6125399 226.6541468 
648.0000000 226.4161214 226.4577283 
649.0000000 226.2197028 226.2613097 
650.0000000 226.0232843 226.0648912 
651.0000000 225.8268657 225.8684726 
652.0000000 225.6304472 225.6720541 
653.0000000 225.4340286 225.4756355 
654.0000000 225.2376101 225.2792170 
655.0000000 225.0411915 225.0827984 
656.0000000 224.8447730 224.8863799 
657.0000000 224.6483544 224.6899613 
658.0000000 224.4519359 224.4935428 
659.0000000 224.2555173 224.2971242 
660.0000000 224.0590988 224.1007057 
661.0000000 223.8626802 223.9042871 
662.0000000 223.6662617 223.7078686 
663.0000000 223.4698431 223.5114500 
664.0000000 223.2734246 223.3150315 
665.0000000 223.0770060 223.1186129 
666.0000000 222.8805875 222.9221944 
667.0000000 222.6841689 222.7257758 
668.0000000 222.4877504 222.5293573 
669.0000000 222.2913318 222.3329387 
670.0000000 222.0949133 222.1365202 
671.0000000 221.8984947 221.9401016 
672.0000000 221.7020762 221.7436831 
673.0000000 221.5056576 221.5472645 
674.0000000 221.3092391 221.3508460 
675.0000000 221.1128205 221.1544274 
676.0000000 220.9164020 220.9580089 
677.0000000 220.7199834 220.7615903 
678.0000000 220.5235649 220.5651718 
679.0000000 220.3271463 220.3687532 
680.0000000 220.1307278 220.1723347 
681.0000000 219.9343092 219.9759161 
682.0000000 219.7378907 219.7794976 
683.0000000 219.5414721 219.5830790 
684.0000000 219.3450536 219.3866605 
685.0000000 219.1486350 219.1902419 
686.0000000 218.9522165 218.9938234 
687.0000000 218.7557979 218.7974048 
688.0000000 218.5593794 218.6009863 
689.0000000 218.3629608 218.4045677 
690.0000000 218.1665423 218.2081492 
691.0000000 217.9701237 218.0117306 
692.0000000 217.7737052 217.8153121 
693.0000000 217.5772866 217.6188935 
694.0000000 217.3808681 217.4224750 
695.0000000 217.1844495 217.2260564 
696.0000000 216.9880310 217.0296379 
697.0000000 216.7916124 216.8332193 
698.0000000 216.5951939 216.6368008 
699.0000000 216.3987753 216.4403822 
700.0000000 216.2023568 216.2439636 
701.0000000 216.0059382 216.0475451 
702.0000000 215.8095197 215.8511265 
703.0000000 215.6131011 215.6547080 
704.0000000 215.4166826 215.4582894 
705.0000000 215.2202640 215.2618709 
706.0000000 215.0238455 215.0654523 
707.0000000 214.8274269 214.8690338 
708.0000000 214.6310084 214.6726152 
709.0000000 214.4345898 214.4761967 
710.0000000 214.2381713 214.2797781 
711.0000000 214.0417527 214.0833596 
712.0000000 213.8453342 213.8869410 
713.0000000 213.6489156 213.6905225 
714.0000000 213.4524971 213.4941039 
715.0000000 213.2560785 213.2976854 
716.0000000 213.0596600 213.1012668 
717.0000000 212.8632414 212.9048483 
718.0000000 212.6668229 212.7084297 
719.0000000 212.4704043 212.5120112 
720.0000000 212.2739858 212.3155926 
721.0000000 212.0775672 212.1191741 
722.0000000 211.8811487 211.9227555 
723.0000000 211.6847301 211.7263370 
724.0000000 211.4883116 211.5299184 
725.0000000 211.2918930 211.3334999 
726.0000000 211.0954745 211.1370813 
727.0000000 210.8990559 210.9406628 
728.0000000 210.7026374 210.7442442 
729.0000000 210.5062188 210.5478257 
730.0000000 210.3098003 210.3514071 
731.0000000 210.1133817 210.1549886 
732.0000000 209.9169632 209.9585700 
733.0000000 209.7205446 209.7621515 
734.0000000 209.5241261 209.5657329 
735.0000000 209.3277075 209.3693144 
736.0000000 209.1312890 209.1728958 
737.0000000 208.9348704 208.9764773 
738.0000000 208.7384519 208.7800587 
739.0000000 208.5420333 208.5836402 
740.0000000 208.3456148 208.3872216 
741.0000000 208.1491962 208.1908031 
742.0000000 207.9527777 207.9943845 
743.0000000 207.7563591 207.7979660 
744.0000000 207.5599406 207.6015474 
745.0000000 207.3635220 207.4051289 
746.0000000 207.1671035 207.2087103 
747.0000000 206.9706849 207.0122918 
748.0000000 206.7742664 206.8158732 
749.0000000 206.5778478 206.6194547 
750.0000000 206.3814293 206.4230361 
751.0000000 206.1850107 206.2266176 
752.0000000 205.9885922 206.0301990 
753.0000000 205.7921736 205.8337805 
754.0000000 205.5957551 205.6373619 
755.0000000 205.3993365 205.4409434 
756.0000000 205.2029180 205.2445248 
757.0000000 205.0064994 205.0481063 
758.0000000 204.8100809 204.8516877 
759.0000000 204.6136623 204.6552692 
760.0000000 204.4172438 204.4588506 
761.0000000 204.2208252 204.2624321 
762.0000000 204.0244067 204.0660135 
763.0000000 203.8279881 203.8695950 
764.0000000 203.6315696 203.6731764 
765.0000000 203.4351510 203.4767579 
766.0000000 203.2387325 203.2803393 
767.0000000 203.0423139 203.0839208 
768.0000000 202.8458954 202.8875022 
769.0000000 202.6494768 202.6910837 
770.0000000 202.4530582 202.4946651 
771.0000000 202.2566397 202.2982466 
772.0000000 202.0602211 202.1018280 
773.0000000 201.8638026 201.9054095 
774.0000000 201.6673840 201.7089909 
775.0000000 201.4709655 201.5125724 
776.0000000 201.2745469 201.3161538 
777.0000000 201.0781284 201.1197353 
778.0000000 200.8817098 200.9233167 
779.0000000 200.6852913 200.7268982 
780.0000000 200.4888727 200.5304796 
781.0000000 200.2924542 200.3340611 
782.0000000 200.0960356 200.1376425 
783.0000000 199.8996171 199.9412240 
784.0000000 199.7031985 199.7448054 
785.0000000 199.5067800 199.5483869 
786.0000000 199.3103614 199.3519683 
787.0000000 199.1139429 199.1555498 
788.0000000 198.9175243 198.9591312 
789.0000000 198.7211058 198.7627127 
790.0000000 198.5246872 198.5662941 
791.0000000 198.3282687 198.3698756 
792.0000000 198.1318501 198.1734570 
793.0000000 197.9354316 197.9770385 
794.0000000 197.7390130 197.7806199 
795.0000000 197.5425945 197.5842014 
796.0000000 197.3461759 197.3877828 
797.0000000 197.1497574 197.1913643 
798.0000000 196.9533388 196.9949457 
799.0000000 196.7569203 196.7985272 
800.0000000 196.5605017 196.6021086 
801.0000000 196.3640832 196.4056901 
802.0000000 196.1676646 196.2092715 
803.0000000 195.9712461 196.0128530 
804.0000000 195.7748275 195.8164344 
805.0000000 195.5784090 195.6200159 
806.0000000 195.3819904 195.4235973 
807.0000000 195.1855719 195.2271788 
808.0000000 194.9891533 195.0307602 
809.0000000 194.7927348 194.8343417 
810.0000000 194.5963162 194.6379231 
811.0000000 194.3998977 194.4415046 
812.0000000 194.2034791 194.2450860 
813.0000000 194.0070606 194.0486675 
814.0000000 193.8106420 193.8522489 
815.0000000 193.6142235 193.6558304 
816.0000000 193.4178049 193.4594118 
817.0000000 193.2213864 193.2629933 
818.0000000 193.0249678 193.0665747 
819.0000000 192.8285493 192.8701562 
820.0000000 192.6321307 192.6737376 
821.0000000 192.4357122 192.4773191 
822.0000000 192.2392936 192.2809005 
823.0000000 192.0428751 192.0844820 
824.0000000 191.8464565 191.8880634 
825.0000000 191.6500380 191.6916449 
826.0000000 191.4536194 191.4952263 
827.0000000 191.2572009 191.2988078 
828.0000000 191.0607823 191.1023892 
829.0000000 190.8643638 190.9059707 
830.0000000 190.6679452 190.7095521 
831.0000000 190.4715267 190.5131336 
832.0000000 190.2751081 190.3167150 
833.0000000 190.0786896 190.1202965 
834.0000000 189.8822710 189.9238779 
835.0000000 189.6858525 189.7274594 
836.0000000 189.4894339 189.5310408 
837.0000000 189.2930154 189.3346223 
838.0000000 189.0965968 189.1382037 
839.0000000 188.9001783 188.9417852 
840.0000000 188.7037597 188.7453666 
841.0000000 188.5073412 188.5489481 
842.0000000 188.3109226 188.3525295 
843.0000000 188.1145041 188.1561110 
844.0000000 187.9180855 187.9596924 
845.0000000 187.7216670 187.7632739 
846.0000000 187.5252484 187.5668553 
847.0000000 187.3288299 187.3704368 
848.0000000 187.1324113 187.1740182 
849.0000000 186.9359928 186.9775997 
850.0000000 186.7395742 186.7811811 
851.0000000 186.5431557 186.5847625 
852.0000000 186.3467371 186.3883440 
853.0000000 186.1503186 186.1919254 
854.0000000 185.9539000 185.9955069 
855.0000000 185.7574815 185.7990883 
856.0000000 185.5610629 185.6026698 
857.0000000 185.3646444 185.4062512 
858.0000000 185.1682258 185.2098327 
859.0000000 184.9718073 185.0134141 
860.0000000 184.7753887 184.8169956 
861.0000000 184.5789702 184.6205770 
862.0000000 184.3825516 184.4241585 
863.0000000 184.1861331 184.2277399 
864.0000000 183.9897145 184.0313214 
865.0000000 183.7932960 183.8349028 
866.0000000 183.5968774 183.6384843 
867.0000000 183.4004589 183.4420657 
868.0000000 183.2040403 183.2456472 
869.0000000 183.0076218 183.0492286 
870.0000000 182.8112032 182.8528101 
871.0000000 182.6147847 182.6563915 
872.0000000 182.4183661 182.4599730 
873.0000000 182.2219476 182.2635544 
874.0000000 182.0255290 182.0671359 
875.0000000 181.8291105 181.8707173 
876.0000000 181.6326919 181.6742988 
877.0000000 181.4362734 181.4778802 
878.0000000 181.2398548 181.2814617 
879.0000000 181.0434363 181.0850431 
880.0000000 180.8470177 180.8886246 
881.0000000 180.6505992 180.6922060 
882.0000000 180.4541806 180.4957875 
883.0000000 180.2577621 180.2993689 
884.0000000 180.0613435 180.1029504 
885.0000000 179.8649250 179.9065318 
886.0000000 179.6685064 179.7101133 
887.0000000 179.4720879 179.5136947 
888.0000000 179.2756693 179.3172762 
889.0000000 179.0792508 179.1208576 
890.0000000 178.8828322 178.9244391 
891.0000000 178.6864137 178.7280205 
892.0000000 178.4899951 178.5316020 
893.0000000 178.2935766 178.3351834 
894.0000000 178.0971580 178.1387649 
895.0000000 177.9007395 177.9423463 
896.0000000 177.7043209 177.7459278 
897.0000000 177.5079024 177.5495092 
898.0000000 177.3114838 177.3530907 
899.0000000 177.1150653 177.1566721 
900.0000000 176.9186467 176.9602536 
901.0000000 176.7222282 176.7638350 
902.0000000 176.5258096 176.5674165 
903.0000000 176.3293911 176.3709979 
904.0000000 176.1329725 176.1745794 
905.0000000 175.9365540 175.9781608 
906.0000000 175.7401354 175.7817423 
907.0000000 175.5437169 175.5853237 
908.0000000 175.3472983 175.3889052 
909.0000000 175.1508798 175.1924866 
910.0000000 174.9544612 174.9960681 
911.0000000 174.7580427 174.7996495 
912.0000000 174.5616241 174.6032310 
913.0000000 174.3652056 174.4068124 
914.0000000 174.1687870 174.2103939 
915.0000000 173.9723685 174.0139753 
916.0000000 173.7759499 173.8175568 
917.0000000 173.5795314 173.6211382 
918.0000000 173.3831128 173.4247197 
919.0000000 173.1866943 173.2283011 
920.0000000 172.9902757 173.0318826 
921.0000000 172.7938571 172.8354640 
922.0000000 172.5974386 172.6390455 
923.0000000 172.4010200 172.4426269 
924.0000000 172.2046015 172.2462084 
925.0000000 172.0081829 172.0497898 
926.0000000 171.8117644 171.8533713 
927.0000000 171.6153458 171.6569527 
928.0000000 171.4189273 171.4605342 
929.0000000 171.2225087 171.2641156 
930.0000000 171.0260902 171.0676971 
931.0000000 170.8296716 170.8712785 
932.0000000 170.6332531 170.6748600 
933.0000000 170.4368345 170.4784414 
934.0000000 170.2404160 170.2820229 
935.0000000 170.0439974 170.0856043 
936.0000000 169.8475789 169.8891858 
937.0000000 169.6511603 169.6927672 
938.0000000 169.4547418 169.4963487 
939.0000000 169.2583232 169.2999301 
940.0000000 169.0619047 169.1035116 
941.0000000 168.8654861 168.9070930 
942.0000000 168.6690676 168.7106745 
943.0000000 168.4726490 168.5142559 
944.0000000 168.2762305 168.3178374 
945.0000000 168.0798119 168.1214188 
946.0000000 167.8833934 167.9250003 
947.0000000 167.6869748 167.7285817 
948.0000000 167.4905563 167.5321632 
949.0000000 167.2941377 167.3357446 
950.0000000 167.0977192 167.1393261 
951.0000000 166.9013006 166.9429075 
952.0000000 166.7048821 166.7464890 
953.0000000 166.5084635 166.5500704 
954.0000000 166.3120450 166.3536519 
955.0000000 166.1156264 166.1572333 
956.0000000 165.9192079 165.9608148 
957.0000000 165.7227893 165.7643962 
958.0000000 165.5263708 165.5679777 
959.0000000 165.3299522 165.3715591 
960.0000000 165.1335337 165.1751406 
961.0000000 164.9371151 164.9787220 
962.0000000 164.7406966 164.7823035 
963.0000000 164.5442780 164.5858849 
964.0000000 164.3478595 164.3894664 
965.0000000 164.1514409 164.1930478 
966.0000000 163.9550224 163.9966293 
967.0000000 163.7586038 163.8002107 
968.0000000 163.5621853 163.6037922 
969.0000000 163.3657667 163.4073736 
970.0000000 163.1693482 163.2109551 
971.0000000 162.9729296 163.0145365 
972.0000000 162.7765111 162.8181180 
973.0000000 162.5800925 162.6216994 
974.0000000 162.3836740 162.4252809 
975.0000000 162.1872554 162.2288623 
976.0000000 161.9908369 162.0324438 
977.0000000 161.7944183 161.8360252 
978.0000000 161.5979998 161.6396067 
979.0000000 161.4015812 161.4431881 
980.0000000 161.2051627 161.2467696 
981.0000000 161.0087441 161.0503510 
982.0000000 160.8123256 160.8539325 
983.0000000 160.6159070 160.6575139 
984.0000000 160.4194885 160.4610954 
985.0000000 160.2230699 160.2646768 
986.0000000 160.0266514 160.0682583 
987.0000000 159.8302328 159.8718397 
988.0000000 159.6338143 159.6754212 
989.0000000 159.4373957 159.4790026 
990.0000000 159.2409772 159.2825841 
991.0000000 159.0445586 159.0861655 
992.0000000 158.8481401 158.8897470 
993.0000000 158.6517215 158.6933284 
994.0000000 158.4553030 158.4969099 
995.0000000 158.2588844 158.3004913 
996.0000000 158.0624659 158.1040728 
997.0000000 157.8660473 157.9076542 
998.0000000 157.6696288 157.7112357 
999.0000000 157.4732102 157.5148171 
1000.0000000 157.2767917 157.3183986 
1001.0000000 157.0803731 157.1219800 
1002.0000000 156.8839546 156.9255615 
1003.0000000 156.6875360 156.7291429 
1004.0000000 156.4911175 156.5327243 
1005.0000000 156.2946989 156.3363058 
1006.0000000 156.0982804 156.1398872 
1007.0000000 155.9018618 155.9434687 
1008.0000000 155.7054433 155.7470501 
1009.0000000 155.5090247 155.5506316 
1010.0000000 155.3126062 155.3542130 
1011.0000000 155.1161876 155.1577945 
1012.0000000 154.9197691 154.9613759 
1013.0000000 154.7233505 154.7649574 
1014.0000000 154.5269320 154.5685388 
1015.0000000 154.3305134 154.3721203 
1016.0000000 154.1340949 154.1757017 
1017.0000000 153.9376763 153.9792832 
1018.0000000 153.7412578 153.7828646 
1019.0000000 153.5448392 153.5864461 
1020.0000000 153.3484207 153.3900275 
1021.0000000 153.1520021 153.1936090 
1022.0000000 152.9555836 152.9971904 
1023.0000000 152.7591650 152.8007719 
1024.0000000 152.5627465 152.6043533 
1025.0000000 152.3663279 152.4079348 
1026.0000000 152.1699094 152.2115162 
1027.0000000 151.9734908 152.0150977 
1028.0000000 151.7770723 151.8186791 
1029.0000000 151.5806537 151.6222606 
1030.0000000 151.3842352 151.4258420 
1031.0000000 151.1878166 151.2294235 
1032.0000000 150.9913981 151.0330049 
1033.0000000 150.7949795 150.8365864 
1034.0000000 150.5985610 150.6401678 
1035.0000000 150.4021424 150.4437493 
1036.0000000 150.2057239 150.2473307 
1037.0000000 150.0093053 150.0509122 
1038.0000000 149.8128868 149.8544936 
1039.0000000 149.6164682 149.6580751 
1040.0000000 149.4200497 149.4616565 
1041.0000000 149.2236311 149.2652380 
1042.0000000 149.0272126 149.0688194 
1043.0000000 148.8307940 148.8724009 
1044.0000000 148.6343755 148.6759823 
1045.0000000 148.4379569 148.4795638 
1046.0000000 148.2415384 148.2831452 
1047.0000000 148.0451198 148.0867267 
1048.0000000 147.8487013 147.8903081 
1049.0000000 147.6522827 147.6938896 
1050.0000000 147.4558642 147.4974710 
1051.0000000 147.2594456 147.3010525 
1052.0000000 147.0630271 147.1046339 
1053.0000000 146.8666085 146.9082154 
1054.0000000 146.6701900 146.7117968 
1055.0000000 146.4737714 146.5153783 
1056.0000000 146.2773529 146.3189597 
1057.0000000 146.0809343 146.1225412 
1058.0000000 145.8845158 145.9261226 
1059.0000000 145.6880972 145.7297041 
1060.0000000 145.4916787 145.5332855 
1061.0000000 145.2952601 145.3368670 
1062.0000000 145.0988416 145.1404484 
1063.0000000 144.9024230 144.9440299 
1064.0000000 144.7060045 144.7476113 
1065.0000000 144.5095859 144.5511928 
1066.0000000 144.3131674 144.3547742 
1067.0000000 144.1167488 144.1583557 
1068.0000000 143.9203303 143.9619371 
1069.0000000 143.7239117 143.7655186 
1070.0000000 143.5274932 143.5691000 
1071.0000000 143.3310746 143.3726815 
1072.0000000 143.1346560 143.1762629 
1073.0000000 142.9382375 142.9798444 
1074.0000000 142.7418189 142.7834258 
1075.0000000 142.5454004 142.5870073 
1076.0000000 142.3489818 142.3905887 
1077.0000000 142.1525633 142.1941702 
1078.0000000 141.9561447 141.9977516 
1079.0000000 141.7597262 141.8013331 
1080.0000000 141.5633076 141.6049145 
1081.0000000 141.3668891 141.4084960 
1082.0000000 141.1704705 141.2120774 
1083.0000000 140.9740520 141.0156589 
1084.0000000 140.7776334 140.8192403 
1085.0000000 140.5812149 140.6228218 
1086.0000000 140.3847963 140.4264032 
1087.0000000 140.1883778 140.2299847 
1088.0000000 139.9919592 140.0335661 
1089.0000000 139.7955407 139.8371476 
1090.0000000 139.5991221 139.6407290 
1091.0000000 139.4027036 139.4443105 
1092.0000000 139.2062850 139.2478919 
1093.0000000 139.0098665 139.0514734 
1094.0000000 138.8134479 138.8550548 
1095.0000000 138.6170294 138.6586363 
1096.0000000 138.4206108 138.4622177 
1097.0000000 138.2241923 138.2657992 
1098.0000000 138.0277737 138.0693806 
1099.0000000 137.8313552 137.8729621 
1100.0000000 137.6349366 137.6765435 
1101.0000000 137.4385181 137.4801250 
1102.0000000 137.2420995 137.2837064 
1103.0000000 137.0456810 137.0872879 
1104.0000000 136.8492624 136.8908693 
1105.0000000 136.6528439 136.6944508 
1106.0000000 136.4564253 136.4980322 
1107.0000000 136.2600068 136.3016137 
1108.0000000 136.0635882 136.1051951 
1109.0000000 135.8671697 135.9087766 
1110.0000000 135.6707511 135.7123580 
1111.0000000 135.4743326 135.5159395 
1112.0000000 135.2779140 135.3195209 
1113.0000000 135.0814955 135.1231024 
1114.0000000 134.8850769 134.9266838 
1115.0000000 134.6886584 134.7302653 
1116.0000000 134.4922398 134.5338467 
1117.0000000 134.2958213 134.3374282 
1118.0000000 134.0994027 134.1410096 
1119.0000000 133.9029842 133.9445911 
1120.0000000 133.7065656 133.7481725 
1121.0000000 133.5101471 133.5517540 
1122.0000000 133.3137285 133.3553354 
1123.0000000 133.1173100 133.1589169 
1124.0000000 132.9208914 132.9624983 
1125.0000000 132.7244729 132.7660798 
1126.0000000 132.5280543 132.5696612 
1127.0000000 132.3316358 132.3732427 
1128.0000000 132.1352172 132.1768241 
1129.0000000 131.9387987 131.9804056 
1130.0000000 131.7423801 131.7839870 
1131.0000000 131.5459616 131.5875685 
1132.0000000 131.3495430 131.3911499 
1133.0000000 131.1531245 131.1947314 
1134.0000000 130.9567059 130.9983128 
1135.0000000 130.7602874 130.8018943 
1136.0000000 130.5638688 130.6054757 
1137.0000000 130.3674503 130.4090572 
1138.0000000 130.1710317 130.2126386 
1139.0000000 129.9746132 130.0162201 
1140.0000000 129.7781946 129.8198015 
1141.0000000 129.5817761 129.6233830 
1142.0000000 129.3853575 129.4269644 
1143.0000000 129.1889390 129.2305459 
1144.0000000 128.9925204 129.0341273 
1145.0000000 128.7961019 128.8377088 
1146.0000000 128.5996833 128.6412902 
1147.0000000 128.4032648 128.4448717 
1148.0000000 128.2068462 128.2484531 
1149.0000000 128.0104277 128.0520346 
1150.0000000 127.8140091 127.8556160 
1151.0000000 127.6175906 127.6591975 
1152.0000000 127.4211720 127.4627789 
1153.0000000 127.2247535 127.2663604 
1154.0000000 127.0283349 127.0699418 
1155.0000000 126.8319164 126.8735232 
1156.0000000 126.6354978 126.6771047 
1157.0000000 126.4390793 126.4806861 
1158.0000000 126.2426607 126.2842676 
1159.0000000 126.0462422 126.0878490 
1160.0000000 125.8498236 125.8914305 
1161.0000000 125.6534051 125.6950119 
1162.0000000 125.4569865 125.4985934 
1163.0000000 125.2605680 125.3021748 
1164.0000000 125.0641494 125.1057563 
1165.0000000 124.8677309 124.9093377 
1166.0000000 124.6713123 124.7129192 
1167.0000000 124.4748938 124.5165006 
1168.0000000 124.2784752 124.3200821 
1169.0000000 124.0820567 124.1236635 
1170.0000000 123.8856381 123.9272450 
1171.0000000 123.6892196 123.7308264 
1172.0000000 123.4928010 123.5344079 
1173.0000000 123.2963825 123.3379893 
1174.0000000 123.0999639 123.1415708 
1175.0000000 122.9035454 122.9451522 
1176.0000000 122.7071268 122.7487337 
1177.0000000 122.5107083 122.5523151 
1178.0000000 122.3142897 122.3558966 
1179.0000000 122.1178712 122.1594780 
1180.0000000 121.9214526 121.9630595 
1181.0000000 121.7250341 121.7666409 
1182.0000000 121.5286155 121.5702224 
1183.0000000 121.3321970 121.3738038 
1184.0000000 121.1357784 121.1773853 
1185.0000000 120.9393599 120.9809667 
1186.0000000 120.7429413 120.7845482 
1187.0000000 120.5465228 120.5881296 
1188.0000000 120.3501042 120.3917111 
1189.0000000 120.1536857 120.1952925 
1190.0000000 119.9572671 119.9988740 
1191.0000000 119.7608486 119.8024554 
1192.0000000 119.5644300 119.6060369 
1193.0000000 119.3680115 119.4096183 
1194.0000000 119.1715929 119.2131998 
1195.0000000 118.9751744 119.0167812 
1196.0000000 118.7787558 118.8203627 
1197.0000000 118.5823373 118.6239441 
1198.0000000 118.3859187 118.4275256 
1199.0000000 118.1895002 118.2311070 
1200.0000000 117.9930816 118.0346885 
1201.0000000 117.7966631 117.8382699 
1202.0000000 117.6002445 117.6418514 
1203.0000000 117.4038260 117.4454328 
1204.0000000 117.2074074 117.2490143 
1205.0000000 117.0109889 117.0525957 
1206.0000000 116.8145703 116.8561772 
1207.0000000 116.6181518 116.6597586 
1208.0000000 116.4217332 116.4633401 
1209.0000000 116.2253147 116.2669215 
1210.0000000 116.0288961 116.0705030 
1211.0000000 115.8324776 115.8740844 
1212.0000000 115.6360590 115.6776659 
1213.0000000 115.4396405 115.4812473 
1214.0000000 115.2432219 115.2848288 
1215.0000000 115.0468034 115.0884102 
1216.0000000 114.8503848 114.8919917 
1217.0000000 114.6539663 114.6955731 
1218.0000000 114.4575477 114.4991546 
1219.0000000 114.2611292 114.3027360 
1220.0000000 114.0647106 114.1063175 
1221.0000000 113.8682921 113.9098989 
1222.0000000 113.6718735 113.7134804 
1223.0000000 113.4754550 113.5170618 
1224.0000000 113.2790364 113.3206433 
1225.0000000 113.0826178 113.1242247 
1226.0000000 112.8861993 112.9278062 
1227.0000000 112.6897807 112.7313876 
1228.0000000 112.4933622 112.5349691 
1229.0000000 112.2969436 112.3385505 
1230.0000000 112.1005251 112.1421320 
1231.0000000 111.9041065 111.9457134 
1232.0000000 111.7076880 111.7492949 
1233.0000000 111.5112694 111.5528763 
1234.0000000 111.3148509 111.3564578 
1235.0000000 111.1184323 111.1600392 
1236.0000000 110.9220138 110.9636207 
1237.0000000 110.7255952 110.7672021 
1238.0000000 110.5291767 110.5707836 
1239.0000000 110.3327581 110.3743650 
1240.0000000 110.1363396 110.1779465 
1241.0000000 109.9399210 109.9815279 
1242.0000000 109.7435025 109.7851094 
1243.0000000 109.5470839 109.5886908 
1244.0000000 109.3506654 109.3922723 
1245.0000000 109.1542468 109.1958537 
1246.0000000 108.9578283 108.9994352 
1247.0000000 108.7614097 108.8030166 
1248.0000000 108.5649912 108.6065981 
1249.0000000 108.3685726 108.4101795 
1250.0000000 108.1721541 108.2137610 
1251.0000000 107.9757355 108.0173424 
1252.0000000 107.7793170 107.8209239 
1253.0000000 107.5828984 107.6245053 
1254.0000000 107.3864799 107.4280868 
1255.0000000 107.1900613 107.2316682 
1256.0000000 106.9936428 107.0352497 
1257.0000000 106.7972242 106.8388311 
1258.0000000 106.6008057 106.6424126 
1259.0000000 106.4043871 106.4459940 
1260.0000000 106.2079686 106.2495755 
1261.0000000 106.0115500 106.0531569 
1262.0000000 105.8151315 105.8567384 
1263.0000000 105.6187129 105.6603198 
1264.0000000 105.4222944 105.4639013 
1265.0000000 105.2258758 105.2674827 
1266.0000000 105.0294573 105.0710642 
1267.0000000 104.8330387 104.8746456 
1268.0000000 104.6366202 104.6782271 
1269.0000000 104.4402016 104.4818085 
1270.0000000 104.2437831 104.2853900 
1271.0000000 104.0473645 104.0889714 
1272.0000000 103.8509460 103.8925529 
1273.0000000 103.6545274 103.6961343 
1274.0000000 103.4581089 103.4997158 
1275.0000000 103.2616903 103.3032972 
1276.0000000 103.0652718 103.1068787 
1277.0000000 102.8688532 102.9104601 
1278.0000000 102.6724347 102.7140416 
1279.0000000 102.4760161 102.5176230 
1280.0000000 102.2795976 102.3212045 
1281.0000000 102.0831790 102.1247859 
1282.0000000 101.8867605 101.9283674 
1283.0000000 101.6903419 101.7319488 
1284.0000000 101.4939234 101.5355303 
1285.0000000 101.2975048 101.3391117 
1286.0000000 101.1010863 101.1426932 
1287.0000000 100.9046677 100.9462746 
1288.0000000 100.7082492 100.7498561 
1289.0000000 100.5118306 100.5534375 
1290.0000000 100.3154121 100.3570190 
1291.0000000 100.1189935 100.1606004 
1292.0000000 99.9225750 99.9641819 
1293.0000000 99.7261564 99.7677633 
1294.0000000 99.5297379 99.5713448 
1295.0000000 99.3333193 99.3749262 
1296.0000000 99.1369008 99.1785077 
1297.0000000 98.9404822 98.9820891 
1298.0000000 98.7440637 98.7856706 
1299.0000000 98.5476451 98.5892520 
1300.0000000 98.3512266 98.3928335 
1301.0000000 98.1548080 98.1964149 
1302.0000000 97.9583895 97.9999964 
1303.0000000 97.7619709 97.8035778 
1304.0000000 97.5655524 97.6071593 
1305.0000000 97.3691338 97.4107407 
1306.0000000 97.1727153 97.2143221 
1307.0000000 96.9762967 97.0179036 
1308.0000000 96.7798782 96.8214850 
1309.0000000 96.5834596 96.6250665 
1310.0000000 96.3870411 96.4286479 
1311.0000000 96.1906225 96.2322294 
1312.0000000 95.9942040 96.0358108 
1313.0000000 95.7977854 95.8393923 
1314.0000000 95.6013669 95.6429737 
1315.0000000 95.4049483 95.4465552 
1316.0000000 95.2085298 95.2501366 
1317.0000000 95.0121112 95.0537181 
1318.0000000 94.8156927 94.8572995 
1319.0000000 94.6192741 94.6608810 
1320.0000000 94.4228556 94.4644624 
1321.0000000 94.2264370 94.2680439 
1322.0000000 94.0300185 94.0716253 
1323.0000000 93.8335999 93.8752068 
1324.0000000 93.6371814 93.6787882 
1325.0000000 93.4407628 93.4823697 
1326.0000000 93.2443443 93.2859511 
1327.0000000 93.0479257 93.0895326 
1328.0000000 92.8515072 92.8931140 
1329.0000000 92.6550886 92.6966955 
1330.0000000 92.4586701 92.5002769 
1331.0000000 92.2622515 92.3038584 
1332.0000000 92.0658330 92.1074398 
1333.0000000 91.8694144 91.9110213 
1334.0000000 91.6729959 91.7146027 
1335.0000000 91.4765773 91.5181842 
1336.0000000 91.2801588 91.3217656 
1337.0000000 91.0837402 91.1253471 
1338.0000000 90.8873217 90.9289285 
1339.0000000 90.6909031 90.7325100 
1340.0000000 90.4944846 90.5360914 
1341.0000000 90.2980660 90.3396729 
1342.0000000 90.1016475 90.1432543 
1343.0000000 89.9052289 89.9468358 
1344.0000000 89.7088104 89.7504172 
1345.0000000 89.5123918 89.5539987 
1346.0000000 89.3159733 89.3575801 
1347.0000000 89.1195547 89.1611616 
1348.0000000 88.9231362 88.9647430 
1349.0000000 88.7267176 88.7683245 
1350.0000000 88.5302991 88.5719059 
1351.0000000 88.3338805 88.3754874 
1352.0000000 88.1374620 88.1790688 
1353.0000000 87.9410434 87.9826503 
1354.0000000 87.7446249 87.7862317 
1355.0000000 87.5482063 87.5898132 
1356.0000000 87.3517878 87.3933946 
1357.0000000 87.1553692 87.1969761 
1358.0000000 86.9589507 87.0005575 
1359.0000000 86.7625321 86.8041390 
1360.0000000 86.5661136 86.6077204 
1361.0000000 86.3696950 86.4113019 
1362.0000000 86.1732765 86.2148833 
1363.0000000 85.9768579 86.0184648 
1364.0000000 85.7804394 85.8220462 
1365.0000000 85.5840208 85.6256277 
1366.0000000 85.3876023 85.4292091 
1367.0000000 85.1911837 85.2327906 
1368.0000000 84.9947652 85.0363720 
1369.0000000 84.7983466 84.8399535 
1370.0000000 84.6019281 84.6435349 
1371.0000000 84.4055095 84.4471164 
1372.0000000 84.2090910 84.2506978 
1373.0000000 84.0126724 84.0542793 
1374.0000000 83.8162539 83.8578607 
1375.0000000 83.6198353 83.6614422 
1376.0000000 83.4234167 83.4650236 
1377.0000000 83.2269982 83.2686051 
1378.0000000 83.0305796 83.0721865 
1379.0000000 82.8341611 82.8757680 
1380.0000000 82.6377425 82.6793494 
1381.0000000 82.4413240 82.4829309 
1382.0000000 82.2449054 82.2865123 
1383.0000000 82.0484869 82.0900938 
1384.0000000 81.8520683 81.8936752 
1385.0000000 81.6556498 81.6972567 
1386.0000000 81.4592312 81.5008381 
1387.0000000 81.2628127 81.3044196 
1388.0000000 81.0663941 81.1080010 
1389.0000000 80.8699756 80.9115825 
1390.0000000 80.6735570 80.7151639 
1391.0000000 80.4771385 80.5187454 
1392.0000000 80.2807199 80.3223268 
1393.0000000 80.0843014 80.1259083 
1394.0000000 79.8878828 79.9294897 
1395.0000000 79.6914643 79.7330712 
1396.0000000 79.4950457 79.5366526 
1397.0000000 79.2986272 79.3402341 
1398.0000000 79.1022086 79.1438155 
1399.0000000 78.9057901 78.9473970 
1400.0000000 78.7093715 78.7509784 
1401.0000000 78.5129530 78.5545599 
1402.0000000 78.3165344 78.3581413 
1403.0000000 78.1201159 78.1617228 
1404.0000000 77.9236973 77.9653042 
1405.0000000 77.7272788 77.7688857 
1406.0000000 77.5308602 77.5724671 
1407.0000000 77.3344417 77.3760486 
1408.0000000 77.1380231 77.1796300 
1409.0000000 76.9416046 76.9832115 
1410.0000000 76.7451860 76.7867929 
1411.0000000 76.5487675 76.5903744 
1412.0000000 76.3523489 76.3939558 
1413.0000000 76.1559304 76.1975373 
1414.0000000 75.9595118 76.0011187 
1415.0000000 75.7630933 75.8047002 
1416.0000000 75.5666747 75.6082816 
1417.0000000 75.3702562 75.4118631 
1418.0000000 75.1738376 75.2154445 
1419.0000000 74.9774191 75.0190260 
1420.0000000 74.7810005 74.8226074 
1421.0000000 74.5845820 74.6261889 
1422.0000000 74.3881634 74.4297703 
1423.0000000 74.1917449 74.2333518 
1424.0000000 73.9953263 74.0369332 
1425.0000000 73.7989078 73.8405147 
1426.0000000 73.6024892 73.6440961 
1427.0000000 73.4060707 73.4476776 
1428.0000000 73.2096521 73.2512590 
1429.0000000 73.0132336 73.0548405 
1430.0000000 72.8168150 72.8584219 
1431.0000000 72.6203965 72.6620034 
1432.0000000 72.4239779 72.4655848 
1433.0000000 72.2275594 72.2691663 
1434.0000000 72.0311408 72.0727477 
1435.0000000 71.8347223 71.8763292 
1436.0000000 71.6383037 71.6799106 
1437.0000000 71.4418852 71.4834921 
1438.0000000 71.2454666 71.2870735 
1439.0000000 71.0490481 71.0906550 
1440.0000000 70.8526295 70.8942364 
1441.0000000 70.6562110 70.6978179 
1442.0000000 70.4597924 70.5013993 
1443.0000000 70.2633739 70.3049808 
1444.0000000 70.0669553 70.1085622 
1445.0000000 69.8705368 69.9121437 
1446.0000000 69.6741182 69.7157251 
1447.0000000 69.4776997 69.5193066 
1448.0000000 69.2812811 69.3228880 
1449.0000000 69.0848626 69.1264695 
1450.0000000 68.8884440 68.9300509 
1451.0000000 68.6920255 68.7336324 
1452.0000000 68.4956069 68.5372138 
1453.0000000 68.2991884 68.3407953 
1454.0000000 68.1027698 68.1443767 
1455.0000000 67.9063513 67.9479582 
1456.0000000 67.7099327 67.7515396 
1457.0000000 67.5135142 67.5551211 
1458.0000000 67.3170956 67.3587025 
1459.0000000 67.1206771 67.1622839 
1460.0000000 66.9242585 66.9658654 
1461.0000000 66.7278400 66.7694468 
1462.0000000 66.5314214 66.5730283 
1463.0000000 66.3350029 66.3766097 
1464.0000000 66.1385843 66.1801912 
1465.0000000 65.9421658 65.9837726 
1466.0000000 65.7457472 65.7873541 
1467.0000000 65.5493287 65.5909355 
1468.0000000 65.3529101 65.3945170 
1469.0000000 65.1564916 65.1980984 
1470.0000000 64.9600730 65.0016799 
1471.0000000 64.7636545 64.8052613 
1472.0000000 64.5672359 64.6088428 
1473.0000000 64.3708174 64.4124242 
1474.0000000 64.1743988 64.2160057 
1475.0000000 63.9779803 64.0195871 
1476.0000000 63.7815617 63.8231686 
1477.0000000 63.5851432 63.6267500 
1478.0000000 63.3887246 63.4303315 
1479.0000000 63.1923061 63.2339129 
1480.0000000 62.9958875 63.0374944 
1481.0000000 62.7994690 62.8410758 
1482.0000000 62.6030504 62.6446573 
1483.0000000 62.4066319 62.4482387 
1484.0000000 62.2102133 62.2518202 
1485.0000000 62.0137948 62.0554016 
1486.0000000 61.8173762 61.8589831 
1487.0000000 61.6209577 61.6625645 
1488.0000000 61.4245391 61.4661460 
1489.0000000 61.2281206 61.2697274 
1490.0000000 61.0317020 61.0733089 
1491.0000000 60.8352835 60.8768903 
1492.0000000 60.6388649 60.6804718 
1493.0000000 60.4424464 60.4840532 
1494.0000000 60.2460278 60.2876347 
1495.0000000 60.0496093 60.0912161 
1496.0000000 59.8531907 59.8947976 
1497.0000000 59.6567722 59.6983790 
1498.0000000 59.4603536 59.5019605 
1499.0000000 59.2639351 59.3055419 
1500.0000000 59.0675165 59.1091234 
1501.0000000 58.8710980 58.9127048 
1502.0000000 58.6746794 58.7162863 
1503.0000000 58.4782609 58.5198677 
1504.0000000 58.2818423 58.3234492 
1505.0000000 58.0854238 58.1270306 
1506.0000000 57.8890052 57.9306121 
1507.0000000 57.6925867 57.7341935 
1508.0000000 57.4961681 57.5377750 
1509.0000000 57.2997496 57.3413564 
1510.0000000 57.1033310 57.1449379 
1511.0000000 56.9069125 56.9485193 
1512.0000000 56.7104939 56.7521008 
1513.0000000 56.5140754 56.5556822 
1514.0000000 56.3176568 56.3592637 
1515.0000000 56.1212383 56.1628451 
1516.0000000 55.9248197 55.9664266 
1517.0000000 55.7284012 55.7700080 
1518.0000000 55.5319826 55.5735895 
1519.0000000 55.3355641 55.3771709 
1520.0000000 55.1391455 55.1807524 
1521.0000000 54.9427270 54.9843338 
1522.0000000 54.7463084 54.7879153 
1523.0000000 54.5498899 54.5914967 
1524.0000000 54.3534713 54.3950782 
1525.0000000 54.1570528 54.1986596 
1526.0000000 53.9606342 54.0022411 
1527.0000000 53.7642156 53.8058225 
1528.0000000 53.5677971 53.6094040 
1529.0000000 53.3713785 53.4129854 
1530.0000000 53.1749600 53.2165669 
1531.0000000 52.9785414 53.0201483 
1532.0000000 52.7821229 52.8237298 
1533.0000000 52.5857043 52.6273112 
1534.0000000 52.3892858 52.4308927 
1535.0000000 52.1928672 52.2344741 
1536.0000000 51.9964487 52.0380556 
1537.0000000 51.8000301 51.8416370 
1538.0000000 51.6036116 51.6452185 
1539.0000000 51.4071930 51.4487999 
1540.0000000 51.2107745 51.2523814 
1541.0000000 51.0143559 51.0559628 
1542.0000000 50.8179374 50.8595443 
1543.0000000 50.6215188 50.6631257 
1544.0000000 50.4251003 50.4667072 
1545.0000000 50.2286817 50.2702886 
1546.0000000 50.0322632 50.0738701 
1547.0000000 49.8358446 49.8774515 
1548.0000000 49.6394261 49.6810330 
1549.0000000 49.4430075 49.4846144 
1550.0000000 49.2465890 49.2881959 
1551.0000000 49.0501704 49.0917773 
1552.0000000 48.8537519 48.8953588 
1553.0000000 48.6573333 48.6989402 
1554.0000000 48.4609148 48.5025217 
1555.0000000 48.2644962 48.3061031 
1556.0000000 48.0680777 48.1096846 
1557.0000000 47.8716591 47.9132660 
1558.0000000 47.6752406 47.7168475 
1559.0000000 47.4788220 47.5204289 
1560.0000000 47.2824035 47.3240104 
1561.0000000 47.0859849 47.1275918 
1562.0000000 46.8895664 46.9311733 
1563.0000000 46.6931478 46.7347547 
1564.0000000 46.4967293 46.5383362 
1565.0000000 46.3003107 46.3419176 
1566.0000000 46.1038922 46.1454991 
1567.0000000 45.9074736 45.9490805 
1568.0000000 45.7110551 45.7526620 
1569.0000000 45.5146365 45.5562434 
1570.0000000 45.3182180 45.3598249 
1571.0000000 45.1217994 45.1634063 
1572.0000000 44.9253809 44.9669878 
1573.0000000 44.7289623 44.7705692 
1574.0000000 44.5325438 44.5741507 
1575.0000000 44.3361252 44.3777321 
1576.0000000 44.1397067 44.1813136 
1577.0000000 43.9432881 43.9848950 
1578.0000000 43.7468696 43.7884765 
1579.0000000 43.5504510 43.5920579 
1580.0000000 43.3540325 43.3956394 
1581.0000000 43.1576139 43.1992208 
1582.0000000 42.9611954 43.0028023 
1583.0000000 42.7647768 42.8063837 
1584.0000000 42.5683583 42.6099652 
1585.0000000 42.3719397 42.4135466 
1586.0000000 42.1755212 42.2171281 
1587.0000000 41.9791026 42.0207095 
1588.0000000 41.7826841 41.8242910 
1589.0000000 41.5862655 41.6278724 
1590.0000000 41.3898470 41.4314539 
1591.0000000 41.1934284 41.2350353 
1592.0000000 40.9970099 41.0386168 
1593.0000000 40.8005913 40.8421982 
1594.0000000 40.6041728 40.6457797 
1595.0000000 40.4077542 40.4493611 
1596.0000000 40.2113357 40.2529426 
1597.0000000 40.0149171 40.0565240 
1598.0000000 39.8184986 39.8601055 
1599.0000000 39.6220800 39.6636869 
1600.0000000 39.4256615 39.4672684 
1601.0000000 39.2292429 39.2708498 
1602.0000000 39.0328244 39.0744313 
1603.0000000 38.8364058 38.8780127 
1604.0000000 38.6399873 38.6815942 
1605.0000000 38.4435687 38.4851756 
1606.0000000 38.2471502 38.2887571 
1607.0000000 38.0507316 38.0923385 
1608.0000000 37.8543131 37.8959200 
1609.0000000 37.6578945 37.6995014 
1610.0000000 37.4614760 37.5030828 
1611.0000000 37.2650574 37.3066643 
1612.0000000 37.0686389 37.1102457 
1613.0000000 36.8722203 36.9138272 
1614.0000000 36.6758018 36.7174086 
1615.0000000 36.4793832 36.5209901 
1616.0000000 36.2829647 36.3245715 
1617.0000000 36.0865461 36.1281530 
1618.0000000 35.8901276 35.9317344 
1619.0000000 35.6937090 35.7353159 
1620.0000000 35.4972905 35.5388973 
1621.0000000 35.3008719 35.3424788 
1622.0000000 35.1044534 35.1460602 
1623.0000000 34.9080348 34.9496417 
1624.0000000 34.7116163 34.7532231 
1625.0000000 34.5151977 34.5568046 
1626.0000000 34.3187792 34.3603860 
1627.0000000 34.1223606 34.1639675 
1628.0000000 33.9259421 33.9675489 
1629.0000000 33.7295235 33.7711304 
1630.0000000 33.5331050 33.5747118 
1631.0000000 33.3366864 33.3782933 
1632.0000000 33.1402679 33.1818747 
1633.0000000 32.9438493 32.9854562 
1634.0000000 32.7474308 32.7890376 
1635.0000000 32.5510122 32.5926191 
1636.0000000 32.3545937 32.3962005 
1637.0000000 32.1581751 32.1997820 
1638.0000000 31.9617566 32.0033634 
1639.0000000 31.7653380 31.8069449 
1640.0000000 31.5689195 31.6105263 
1641.0000000 31.3725009 31.4141078 
1642.0000000 31.1760824 31.2176892 
1643.0000000 30.9796638 31.0212707 
1644.0000000 30.7832453 30.8248521 
1645.0000000 30.5868267 30.6284336 
1646.0000000 30.3904082 30.4320150 
1647.0000000 30.1939896 30.2355965 
1648.0000000 29.9975711 30.0391779 
1649.0000000 29.8011525 29.8427594 
1650.0000000 29.6047340 29.6463408 
1651.0000000 29.4083154 29.4499223 
1652.0000000 29.2118969 29.2535037 
1653.0000000 29.0154783 29.0570852 
1654.0000000 28.8190598 28.8606666 
1655.0000000 28.6226412 28.6642481 
1656.0000000 28.4262227 28.4678295 
1657.0000000 28.2298041 28.2714110 
1658.0000000 28.0333856 28.0749924 
1659.0000000 27.8369670 27.8785739 
1660.0000000 27.6405485 27.6821553 
1661.0000000 27.4441299 27.4857368 
1662.0000000 27.2477114 27.2893182 
1663.0000000 27.0512928 27.0928997 
1664.0000000 26.8548743 26.8964811 
1665.0000000 26.6584557 26.7000626 
1666.0000000 26.4620372 26.5036440 
1667.0000000 26.2656186 26.3072255 
1668.0000000 26.0692001 26.1108069 
1669.0000000 25.8727815 25.9143884 
1670.0000000 25.6763630 25.7179698 
1671.0000000 25.4799444 25.5215513 
1672.0000000 25.2835259 25.3251327 
1673.0000000 25.0871073 25.1287142 
1674.0000000 24.8906888 24.9322956 
1675.0000000 24.6942702 24.7358771 
1676.0000000 24.4978517 24.5394585 
1677.0000000 24.3014331 24.3430400 
1678.0000000 24.1050146 24.1466214 
1679.0000000 23.9085960 23.9502029 
1680.0000000 23.7121774 23.7537843 
1681.0000000 23.5157589 23.5573658 
1682.0000000 23.3193403 23.3609472 
1683.0000000 23.1229218 23.1645287 
1684.0000000 22.9265032 22.9681101 
1685.0000000 22.7300847 22.7716916 
1686.0000000 22.5336661 22.5752730 
1687.0000000 22.3372476 22.3788545 
1688.0000000 22.1408290 22.1824359 
1689.0000000 21.9444105 21.9860174 
1690.0000000 21.7479919 21.7895988 
1691.0000000 21.5515734 21.5931803 
1692.0000000 21.3551548 21.3967617 
1693.0000000 21.1587363 21.2003432 
1694.0000000 20.9623177 21.0039246 
1695.0000000 20.7658992 20.8075061 
1696.0000000 20.5694806 20.6110875 
1697.0000000 20.3730621 20.4146690 
1698.0000000 20.1766435 20.2182504 
1699.0000000 19.9802250 20.0218319 
1700.0000000 19.7838064 19.8254133 
1701.0000000 19.5873879 19.6289948 
1702.0000000 19.3909693 19.4325762 
1703.0000000 19.1945508 19.2361577 
1704.0000000 18.9981322 19.0397391 
1705.0000000 18.8017137 18.8433206 
1706.0000000 18.6052951 18.6469020 
1707.0000000 18.4088766 18.4504835 
1708.0000000 18.2124580 18.2540649 
1709.0000000 18.0160395 18.0576464 
1710.0000000 17.8196209 17.8612278 
1711.0000000 17.6232024 17.6648093 
1712.0000000 17.4267838 17.4683907 
1713.0000000 17.2303653 17.2719722 
1714.0000000 17.0339467 17.0755536 
1715.0000000 16.8375282 16.8791351 
1716.0000000 16.6411096 16.6827165 
1717.0000000 16.4446911 16.4862980 
1718.0000000 16.2482725 16.2898794 
1719.0000000 16.0518540 16.0934609 
1720.0000000 15.8554354 15.8970423 
1721.0000000 15.6590169 15.7006238 
1722.0000000 15.4625983 15.5042052 
1723.0000000 15.2661798 15.3077867 
1724.0000000 15.0697612 15.1113681 
1725.0000000 14.8733427 14.9149496 
1726.0000000 14.6769241 14.7185310 
1727.0000000 14.4805056 14.5221125 
1728.0000000 14.2840870 14.3256939 
1729.0000000 14.0876685 14.1292754 
1730.0000000 13.8912499 13.9328568 
1731.0000000 13.6948314 13.7364383 
1732.0000000 13.4984128 13.5400197 
1733.0000000 13.3019943 13.3436012 
1734.0000000 13.1055757 13.1471826 
1735.0000000 12.9091572 12.9507641 
1736.0000000 12.7127386 12.7543455 
1737.0000000 12.5163201 12.5579270 
1738.0000000 12.3199015 12.3615084 
1739.0000000 12.1234830 12.1650899 
1740.0000000 11.9270644 11.9686713 
1741.0000000 11.7306459 11.7722528 
1742.0000000 11.5342273 11.5758342 
1743.0000000 11.3378088 11.3794157 
1744.0000000 11.1413902 11.1829971 
1745.0000000 10.9449717 10.9865786 
1746.0000000 10.7485531 10.7901600 
1747.0000000 10.5521346 10.5937415 
1748.0000000 10.3557160 10.3973229 
1749.0000000 10.1592975 10.2009044 
1750.0000000 9.9628789 10.0044858 
1751.0000000 9.7664604 9.8080673 
1752.0000000 9.5700418 9.6116487 
1753.0000000 9.3736233 9.4152302 
1754.0000000 9.1772047 9.2188116 
1755.0000000 8.9807862 9.0223931 
1756.0000000 8.7843676 8.8259745 
1757.0000000 8.5879491 8.6295560 
1758.0000000 8.3915305 8.4331374 
1759.0000000 8.1951120 8.2367189 
1760.0000000 7.9986934 8.0403003 
1761.0000000 7.8022749 7.8438817 
1762.0000000 7.6058563 7.6474632 
1763.0000000 7.4094378 7.4510446 
1764.0000000 7.2130192 7.2546261 
1765.0000000 7.0166007 7.0582075 
1766.0000000 6.8201821 6.8617890 
1767.0000000 6.6237636 6.6653704 
1768.0000000 6.4273450 6.4689519 
1769.0000000 6.2309265 6.2725333 
1770.0000000 6.0345079 6.0761148 
1771.0000000 5.8380894 5.8796962 
1772.0000000 5.6416708 5.6832777 
1773.0000000 5.4452523 5.4868591 
1774.0000000 5.2488337 5.2904406 
1775.0000000 5.0524152 5.0940220 
1776.0000000 4.8559966 4.8976035 
1777.0000000 4.6595781 4.7011849 
1778.0000000 4.4631595 4.5047664 
1779.0000000 4.2667410 4.3083478 
1780.0000000 4.0703224 4.1119293 
1781.0000000 3.8739039 3.9155107 
1782.0000000 3.6774853 3.7190922 
1783.0000000 3.4810668 3.5226736 
1784.0000000 3.2846482 3.3262551 
1785.0000000 3.0882297 3.1298365 
1786.0000000 2.8918111 2.9334180 
1787.0000000 2.6953926 2.7369994 
1788.0000000 2.4989740 2.5405809 
1789.0000000 2.3025555 2.3441623 
1790.0000000 2.1061369 2.1477438 
1791.0000000 1.9097184 1.9513252 
1792.0000000 1.7132998 1.7549067 
1793.0000000 1.5168813 1.5584881 
1794.0000000 1.3204627 1.3620696 
1795.0000000 1.1240442 1.1656510 
1796.0000000 0.9276256 0.9692325 
1797.0000000 0.7312071 0.7728139 
1798.0000000 0.5347885 0.5763954 
1799.0000000 0.3383700 0.3799768 
1800.0000000 0.1419514 0.1835583 

