1.0000000 353.5394321 353.4903539 
2.0000000 353.3430135 353.2939353 
3.0000000 353.1465950 353.0975168 
4.0000000 352.9501764 352.9010982 
5.0000000 352.7537579 352.7046797 
6.0000000 352.5573393 352.5082611 
7.0000000 352.3609208 352.3118426 
8.0000000 352.1645022 352.1154240 
9.0000000 351.9680837 351.9190055 
10.0000000 351.7716651 351.7225869 
11.0000000 351.5752466 351.5261684 
12.0000000 351.3788280 351.3297498 
13.0000000 351.1824095 351.1333313 
14.0000000 350.9859909 350.9369127 
15.0000000 350.7895724 350.7404942 
16.0000000 350.5931538 350.5440756 
17.0000000 350.3967353 350.3476571 
18.0000000 350.2003167 350.1512385 
19.0000000 350.0038982 349.9548200 
20.0000000 349.8074796 349.7584014 
21.0000000 349.6110611 349.5619829 
22.0000000 349.4146425 349.3655643 
23.0000000 349.2182240 349.1691458 
24.0000000 349.0218054 348.9727272 
25.0000000 348.8253869 348.7763086 
26.0000000 348.6289683 348.5798901 
27.0000000 348.4325498 348.3834715 
28.0000000 348.2361312 348.1870530 
29.0000000 348.0397127 347.9906344 
30.0000000 347.8432941 347.7942159 
31.0000000 347.6468756 347.5977973 
32.0000000 347.4504570 347.4013788 
33.0000000 347.2540385 347.2049602 
34.0000000 347.0576199 347.0085417 
35.0000000 346.8612014 346.8121231 
36.0000000 346.6647828 346.6157046 
37.0000000 346.4683643 346.4192860 
38.0000000 346.2719457 346.2228675 
39.0000000 346.0755272 346.0264489 
40.0000000 345.8791086 345.8300304 
41.0000000 345.6826901 345.6336118 
42.0000000 345.4862715 345.4371933 
43.0000000 345.2898530 345.2407747 
44.0000000 345.0934344 345.0443562 
45.0000000 344.8970159 344.8479376 
46.0000000 344.7005973 344.6515191 
47.0000000 344.5041788 344.4551005 
48.0000000 344.3077602 344.2586820 
49.0000000 344.1113417 344.0622634 
50.0000000 343.9149231 343.8658449 
51.0000000 343.7185046 343.6694263 
52.0000000 343.5220860 343.4730078 
53.0000000 343.3256675 343.2765892 
54.0000000 343.1292489 343.0801707 
55.0000000 342.9328304 342.8837521 
56.0000000 342.7364118 342.6873336 
57.0000000 342.5399933 342.4909150 
58.0000000 342.3435747 342.2944965 
59.0000000 342.1471562 342.0980779 
60.0000000 341.9507376 341.9016594 
61.0000000 341.7543191 341.7052408 
62.0000000 341.5579005 341.5088223 
63.0000000 341.3614820 341.3124037 
64.0000000 341.1650634 341.1159852 
65.0000000 340.9686449 340.9195666 
66.0000000 340.7722263 340.7231481 
67.0000000 340.5758077 340.5267295 
68.0000000 340.3793892 340.3303110 
69.0000000 340.1829706 340.1338924 
70.0000000 339.9865521 339.9374739 
71.0000000 339.7901335 339.7410553 
72.0000000 339.5937150 339.5446368 
73.0000000 339.3972964 339.3482182 
74.0000000 339.2008779 339.1517997 
75.0000000 339.0044593 338.9553811 
76.0000000 338.8080408 338.7589626 
77.0000000 338.6116222 338.5625440 
78.0000000 338.4152037 338.3661255 
79.0000000 338.2187851 338.1697069 
80.0000000 338.0223666 337.9732884 
81.0000000 337.8259480 337.7768698 
82.0000000 337.6295295 337.5804513 
83.0000000 337.4331109 337.3840327 
84.0000000 337.2366924 337.1876142 
85.0000000 337.0402738 336.9911956 
86.0000000 336.8438553 336.7947771 
87.0000000 336.6474367 336.5983585 
88.0000000 336.4510182 336.4019400 
89.0000000 336.2545996 336.2055214 
90.0000000 336.0581811 336.0091029 
91.0000000 335.8617625 335.8126843 
92.0000000 335.6653440 335.6162658 
93.0000000 335.4689254 335.4198472 
94.0000000 335.2725069 335.2234287 
95.0000000 335.0760883 335.0270101 
96.0000000 334.8796698 334.8305916 
97.0000000 334.6832512 334.6341730 
98.0000000 334.4868327 334.4377545 
99.0000000 334.2904141 334.2413359 
100.0000000 334.0939956 334.0449174 
101.0000000 333.8975770 333.8484988 
102.0000000 333.7011585 333.6520803 
103.0000000 333.5047399 333.4556617 
104.0000000 333.3083214 333.2592432 
105.0000000 333.1119028 333.0628246 
106.0000000 332.9154843 332.8664061 
107.0000000 332.7190657 332.6699875 
108.0000000 332.5226472 332.4735690 
109.0000000 332.3262286 332.2771504 
110.0000000 332.1298101 332.0807319 
111.0000000 331.9333915 331.8843133 
112.0000000 331.7369730 331.6878948 
113.0000000 331.5405544 331.4914762 
114.0000000 331.3441359 331.2950577 
115.0000000 331.1477173 331.0986391 
116.0000000 330.9512988 330.9022206 
117.0000000 330.7548802 330.7058020 
118.0000000 330.5584617 330.5093835 
119.0000000 330.3620431 330.3129649 
120.0000000 330.1656246 330.1165464 
121.0000000 329.9692060 329.9201278 
122.0000000 329.7727875 329.7237093 
123.0000000 329.5763689 329.5272907 
124.0000000 329.3799504 329.3308722 
125.0000000 329.1835318 329.1344536 
126.0000000 328.9871133 328.9380351 
127.0000000 328.7906947 328.7416165 
128.0000000 328.5942762 328.5451980 
129.0000000 328.3978576 328.3487794 
130.0000000 328.2014391 328.1523609 
131.0000000 328.0050205 327.9559423 
132.0000000 327.8086020 327.7595238 
133.0000000 327.6121834 327.5631052 
134.0000000 327.4157649 327.3666867 
135.0000000 327.2193463 327.1702681 
136.0000000 327.0229278 326.9738496 
137.0000000 326.8265092 326.7774310 
138.0000000 326.6300907 326.5810125 
139.0000000 326.4336721 326.3845939 
140.0000000 326.2372536 326.1881754 
141.0000000 326.0408350 325.9917568 
142.0000000 325.8444165 325.7953383 
143.0000000 325.6479979 325.5989197 
144.0000000 325.4515794 325.4025012 
145.0000000 325.2551608 325.2060826 
146.0000000 325.0587423 325.0096641 
147.0000000 324.8623237 324.8132455 
148.0000000 324.6659052 324.6168270 
149.0000000 324.4694866 324.4204084 
150.0000000 324.2730681 324.2239899 
151.0000000 324.0766495 324.0275713 
152.0000000 323.8802310 323.8311528 
153.0000000 323.6838124 323.6347342 
154.0000000 323.4873939 323.4383157 
155.0000000 323.2909753 323.2418971 
156.0000000 323.0945568 323.0454786 
157.0000000 322.8981382 322.8490600 
158.0000000 322.7017197 322.6526415 
159.0000000 322.5053011 322.4562229 
160.0000000 322.3088826 322.2598044 
161.0000000 322.1124640 322.0633858 
162.0000000 321.9160455 321.8669673 
163.0000000 321.7196269 321.6705487 
164.0000000 321.5232084 321.4741302 
165.0000000 321.3267898 321.2777116 
166.0000000 321.1303713 321.0812931 
167.0000000 320.9339527 320.8848745 
168.0000000 320.7375342 320.6884560 
169.0000000 320.5411156 320.4920374 
170.0000000 320.3446971 320.2956189 
171.0000000 320.1482785 320.0992003 
172.0000000 319.9518600 319.9027818 
173.0000000 319.7554414 319.7063632 
174.0000000 319.5590229 319.5099447 
175.0000000 319.3626043 319.3135261 
176.0000000 319.1661858 319.1171075 
177.0000000 318.9697672 318.9206890 
178.0000000 318.7733487 318.7242704 
179.0000000 318.5769301 318.5278519 
180.0000000 318.3805116 318.3314333 
181.0000000 318.1840930 318.1350148 
182.0000000 317.9876745 317.9385962 
183.0000000 317.7912559 317.7421777 
184.0000000 317.5948374 317.5457591 
185.0000000 317.3984188 317.3493406 
186.0000000 317.2020003 317.1529220 
187.0000000 317.0055817 316.9565035 
188.0000000 316.8091632 316.7600849 
189.0000000 316.6127446 316.5636664 
190.0000000 316.4163261 316.3672478 
191.0000000 316.2199075 316.1708293 
192.0000000 316.0234890 315.9744107 
193.0000000 315.8270704 315.7779922 
194.0000000 315.6306519 315.5815736 
195.0000000 315.4342333 315.3851551 
196.0000000 315.2378148 315.1887365 
197.0000000 315.0413962 314.9923180 
198.0000000 314.8449777 314.7958994 
199.0000000 314.6485591 314.5994809 
200.0000000 314.4521406 314.4030623 
201.0000000 314.2557220 314.2066438 
202.0000000 314.0593035 314.0102252 
203.0000000 313.8628849 313.8138067 
204.0000000 313.6664664 313.6173881 
205.0000000 313.4700478 313.4209696 
206.0000000 313.2736293 313.2245510 
207.0000000 313.0772107 313.0281325 
208.0000000 312.8807922 312.8317139 
209.0000000 312.6843736 312.6352954 
210.0000000 312.4879551 312.4388768 
211.0000000 312.2915365 312.2424583 
212.0000000 312.0951180 312.0460397 
213.0000000 311.8986994 311.8496212 
214.0000000 311.7022809 311.6532026 
215.0000000 311.5058623 311.4567841 
216.0000000 311.3094438 311.2603655 
217.0000000 311.1130252 311.0639470 
218.0000000 310.9166067 310.8675284 
219.0000000 310.7201881 310.6711099 
220.0000000 310.5237695 310.4746913 
221.0000000 310.3273510 310.2782728 
222.0000000 310.1309324 310.0818542 
223.0000000 309.9345139 309.8854357 
224.0000000 309.7380953 309.6890171 
225.0000000 309.5416768 309.4925986 
226.0000000 309.3452582 309.2961800 
227.0000000 309.1488397 309.0997615 
228.0000000 308.9524211 308.9033429 
229.0000000 308.7560026 308.7069244 
230.0000000 308.5595840 308.5105058 
231.0000000 308.3631655 308.3140873 
232.0000000 308.1667469 308.1176687 
233.0000000 307.9703284 307.9212502 
234.0000000 307.7739098 307.7248316 
235.0000000 307.5774913 307.5284131 
236.0000000 307.3810727 307.3319945 
237.0000000 307.1846542 307.1355760 
238.0000000 306.9882356 306.9391574 
239.0000000 306.7918171 306.7427389 
240.0000000 306.5953985 306.5463203 
241.0000000 306.3989800 306.3499018 
242.0000000 306.2025614 306.1534832 
243.0000000 306.0061429 305.9570647 
244.0000000 305.8097243 305.7606461 
245.0000000 305.6133058 305.5642276 
246.0000000 305.4168872 305.3678090 
247.0000000 305.2204687 305.1713905 
248.0000000 305.0240501 304.9749719 
249.0000000 304.8276316 304.7785534 
250.0000000 304.6312130 304.5821348 
251.0000000 304.4347945 304.3857163 
252.0000000 304.2383759 304.1892977 
253.0000000 304.0419574 303.9928792 
254.0000000 303.8455388 303.7964606 
255.0000000 303.6491203 303.6000421 
256.0000000 303.4527017 303.4036235 
257.0000000 303.2562832 303.2072050 
258.0000000 303.0598646 303.0107864 
259.0000000 302.8634461 302.8143679 
260.0000000 302.6670275 302.6179493 
261.0000000 302.4706090 302.4215308 
262.0000000 302.2741904 302.2251122 
263.0000000 302.0777719 302.0286937 
264.0000000 301.8813533 301.8322751 
265.0000000 301.6849348 301.6358566 
266.0000000 301.4885162 301.4394380 
267.0000000 301.2920977 301.2430195 
268.0000000 301.0956791 301.0466009 
269.0000000 300.8992606 300.8501824 
270.0000000 300.7028420 300.6537638 
271.0000000 300.5064235 300.4573453 
272.0000000 300.3100049 300.2609267 
273.0000000 300.1135864 300.0645082 
274.0000000 299.9171678 299.8680896 
275.0000000 299.7207493 299.6716711 
276.0000000 299.5243307 299.4752525 
277.0000000 299.3279122 299.2788340 
278.0000000 299.1314936 299.0824154 
279.0000000 298.9350751 298.8859969 
280.0000000 298.7386565 298.6895783 
281.0000000 298.5422380 298.4931598 
282.0000000 298.3458194 298.2967412 
283.0000000 298.1494009 298.1003227 
284.0000000 297.9529823 297.9039041 
285.0000000 297.7565638 297.7074856 
286.0000000 297.5601452 297.5110670 
287.0000000 297.3637267 297.3146485 
288.0000000 297.1673081 297.1182299 
289.0000000 296.9708896 296.9218114 
290.0000000 296.7744710 296.7253928 
291.0000000 296.5780525 296.5289743 
292.0000000 296.3816339 296.3325557 
293.0000000 296.1852154 296.1361372 
294.0000000 295.9887968 295.9397186 
295.0000000 295.7923783 295.7433001 
296.0000000 295.5959597 295.5468815 
297.0000000 295.3995412 295.3504630 
298.0000000 295.2031226 295.1540444 
299.0000000 295.0067041 294.9576259 
300.0000000 294.8102855 294.7612073 
301.0000000 294.6138670 294.5647888 
302.0000000 294.4174484 294.3683702 
303.0000000 294.2210299 294.1719517 
304.0000000 294.0246113 293.9755331 
305.0000000 293.8281928 293.7791146 
306.0000000 293.6317742 293.5826960 
307.0000000 293.4353557 293.3862775 
308.0000000 293.2389371 293.1898589 
309.0000000 293.0425186 292.9934404 
310.0000000 292.8461000 292.7970218 
311.0000000 292.6496815 292.6006033 
312.0000000 292.4532629 292.4041847 
313.0000000 292.2568444 292.2077662 
314.0000000 292.0604258 292.0113476 
315.0000000 291.8640073 291.8149291 
316.0000000 291.6675887 291.6185105 
317.0000000 291.4711702 291.4220920 
318.0000000 291.2747516 291.2256734 
319.0000000 291.0783331 291.0292549 
320.0000000 290.8819145 290.8328363 
321.0000000 290.6854960 290.6364178 
322.0000000 290.4890774 290.4399992 
323.0000000 290.2926589 290.2435807 
324.0000000 290.0962403 290.0471621 
325.0000000 289.8998218 289.8507436 
326.0000000 289.7034032 289.6543250 
327.0000000 289.5069847 289.4579064 
328.0000000 289.3105661 289.2614879 
329.0000000 289.1141476 289.0650693 
330.0000000 288.9177290 288.8686508 
331.0000000 288.7213105 288.6722322 
332.0000000 288.5248919 288.4758137 
333.0000000 288.3284734 288.2793951 
334.0000000 288.1320548 288.0829766 
335.0000000 287.9356363 287.8865580 
336.0000000 287.7392177 287.6901395 
337.0000000 287.5427992 287.4937209 
338.0000000 287.3463806 287.2973024 
339.0000000 287.1499621 287.1008838 
340.0000000 286.9535435 286.9044653 
341.0000000 286.7571250 286.7080467 
342.0000000 286.5607064 286.5116282 
343.0000000 286.3642879 286.3152096 
344.0000000 286.1678693 286.1187911 
345.0000000 285.9714508 285.9223725 
346.0000000 285.7750322 285.7259540 
347.0000000 285.5786137 285.5295354 
348.0000000 285.3821951 285.3331169 
349.0000000 285.1857766 285.1366983 
350.0000000 284.9893580 284.9402798 
351.0000000 284.7929395 284.7438612 
352.0000000 284.5965209 284.5474427 
353.0000000 284.4001024 284.3510241 
354.0000000 284.2036838 284.1546056 
355.0000000 284.0072653 283.9581870 
356.0000000 283.8108467 283.7617685 
357.0000000 283.6144282 283.5653499 
358.0000000 283.4180096 283.3689314 
359.0000000 283.2215911 283.1725128 
360.0000000 283.0251725 282.9760943 
361.0000000 282.8287540 282.7796757 
362.0000000 282.6323354 282.5832572 
363.0000000 282.4359169 282.3868386 
364.0000000 282.2394983 282.1904201 
365.0000000 282.0430798 281.9940015 
366.0000000 281.8466612 281.7975830 
367.0000000 281.6502427 281.6011644 
368.0000000 281.4538241 281.4047459 
369.0000000 281.2574056 281.2083273 
370.0000000 281.0609870 281.0119088 
371.0000000 280.8645684 280.8154902 
372.0000000 280.6681499 280.6190717 
373.0000000 280.4717313 280.4226531 
374.0000000 280.2753128 280.2262346 
375.0000000 280.0788942 280.0298160 
376.0000000 279.8824757 279.8333975 
377.0000000 279.6860571 279.6369789 
378.0000000 279.4896386 279.4405604 
379.0000000 279.2932200 279.2441418 
380.0000000 279.0968015 279.0477233 
381.0000000 278.9003829 278.8513047 
382.0000000 278.7039644 278.6548862 
383.0000000 278.5075458 278.4584676 
384.0000000 278.3111273 278.2620491 
385.0000000 278.1147087 278.0656305 
386.0000000 277.9182902 277.8692120 
387.0000000 277.7218716 277.6727934 
388.0000000 277.5254531 277.4763749 
389.0000000 277.3290345 277.2799563 
390.0000000 277.1326160 277.0835378 
391.0000000 276.9361974 276.8871192 
392.0000000 276.7397789 276.6907007 
393.0000000 276.5433603 276.4942821 
394.0000000 276.3469418 276.2978636 
395.0000000 276.1505232 276.1014450 
396.0000000 275.9541047 275.9050265 
397.0000000 275.7576861 275.7086079 
398.0000000 275.5612676 275.5121894 
399.0000000 275.3648490 275.3157708 
400.0000000 275.1684305 275.1193523 
401.0000000 274.9720119 274.9229337 
402.0000000 274.7755934 274.7265152 
403.0000000 274.5791748 274.5300966 
404.0000000 274.3827563 274.3336781 
405.0000000 274.1863377 274.1372595 
406.0000000 273.9899192 273.9408410 
407.0000000 273.7935006 273.7444224 
408.0000000 273.5970821 273.5480039 
409.0000000 273.4006635 273.3515853 
410.0000000 273.2042450 273.1551668 
411.0000000 273.0078264 272.9587482 
412.0000000 272.8114079 272.7623297 
413.0000000 272.6149893 272.5659111 
414.0000000 272.4185708 272.3694926 
415.0000000 272.2221522 272.1730740 
416.0000000 272.0257337 271.9766555 
417.0000000 271.8293151 271.7802369 
418.0000000 271.6328966 271.5838184 
419.0000000 271.4364780 271.3873998 
420.0000000 271.2400595 271.1909813 
421.0000000 271.0436409 270.9945627 
422.0000000 270.8472224 270.7981442 
423.0000000 270.6508038 270.6017256 
424.0000000 270.4543853 270.4053071 
425.0000000 270.2579667 270.2088885 
426.0000000 270.0615482 270.0124700 
427.0000000 269.8651296 269.8160514 
428.0000000 269.6687111 269.6196329 
429.0000000 269.4722925 269.4232143 
430.0000000 269.2758740 269.2267958 
431.0000000 269.0794554 269.0303772 
432.0000000 268.8830369 268.8339587 
433.0000000 268.6866183 268.6375401 
434.0000000 268.4901998 268.4411216 
435.0000000 268.2937812 268.2447030 
436.0000000 268.0973627 268.0482845 
437.0000000 267.9009441 267.8518659 
438.0000000 267.7045256 267.6554474 
439.0000000 267.5081070 267.4590288 
440.0000000 267.3116885 267.2626103 
441.0000000 267.1152699 267.0661917 
442.0000000 266.9188514 266.8697732 
443.0000000 266.7224328 266.6733546 
444.0000000 266.5260143 266.4769361 
445.0000000 266.3295957 266.2805175 
446.0000000 266.1331772 266.0840990 
447.0000000 265.9367586 265.8876804 
448.0000000 265.7403401 265.6912619 
449.0000000 265.5439215 265.4948433 
450.0000000 265.3475030 265.2984248 
451.0000000 265.1510844 265.1020062 
452.0000000 264.9546659 264.9055877 
453.0000000 264.7582473 264.7091691 
454.0000000 264.5618288 264.5127506 
455.0000000 264.3654102 264.3163320 
456.0000000 264.1689917 264.1199135 
457.0000000 263.9725731 263.9234949 
458.0000000 263.7761546 263.7270764 
459.0000000 263.5797360 263.5306578 
460.0000000 263.3833175 263.3342393 
461.0000000 263.1868989 263.1378207 
462.0000000 262.9904804 262.9414022 
463.0000000 262.7940618 262.7449836 
464.0000000 262.5976433 262.5485651 
465.0000000 262.4012247 262.3521465 
466.0000000 262.2048062 262.1557280 
467.0000000 262.0083876 261.9593094 
468.0000000 261.8119691 261.7628909 
469.0000000 261.6155505 261.5664723 
470.0000000 261.4191320 261.3700538 
471.0000000 261.2227134 261.1736352 
472.0000000 261.0262949 260.9772167 
473.0000000 260.8298763 260.7807981 
474.0000000 260.6334578 260.5843796 
475.0000000 260.4370392 260.3879610 
476.0000000 260.2406207 260.1915425 
477.0000000 260.0442021 259.9951239 
478.0000000 259.8477836 259.7987054 
479.0000000 259.6513650 259.6022868 
480.0000000 259.4549465 259.4058682 
481.0000000 259.2585279 259.2094497 
482.0000000 259.0621094 259.0130311 
483.0000000 258.8656908 258.8166126 
484.0000000 258.6692723 258.6201940 
485.0000000 258.4728537 258.4237755 
486.0000000 258.2764352 258.2273569 
487.0000000 258.0800166 258.0309384 
488.0000000 257.8835981 257.8345198 
489.0000000 257.6871795 257.6381013 
490.0000000 257.4907610 257.4416827 
491.0000000 257.2943424 257.2452642 
492.0000000 257.0979239 257.0488456 
493.0000000 256.9015053 256.8524271 
494.0000000 256.7050868 256.6560085 
495.0000000 256.5086682 256.4595900 
496.0000000 256.3122497 256.2631714 
497.0000000 256.1158311 256.0667529 
498.0000000 255.9194126 255.8703343 
499.0000000 255.7229940 255.6739158 
500.0000000 255.5265755 255.4774972 
501.0000000 255.3301569 255.2810787 
502.0000000 255.1337384 255.0846601 
503.0000000 254.9373198 254.8882416 
504.0000000 254.7409013 254.6918230 
505.0000000 254.5444827 254.4954045 
506.0000000 254.3480642 254.2989859 
507.0000000 254.1516456 254.1025674 
508.0000000 253.9552271 253.9061488 
509.0000000 253.7588085 253.7097303 
510.0000000 253.5623900 253.5133117 
511.0000000 253.3659714 253.3168932 
512.0000000 253.1695529 253.1204746 
513.0000000 252.9731343 252.9240561 
514.0000000 252.7767158 252.7276375 
515.0000000 252.5802972 252.5312190 
516.0000000 252.3838787 252.3348004 
517.0000000 252.1874601 252.1383819 
518.0000000 251.9910416 251.9419633 
519.0000000 251.7946230 251.7455448 
520.0000000 251.5982045 251.5491262 
521.0000000 251.4017859 251.3527077 
522.0000000 251.2053673 251.1562891 
523.0000000 251.0089488 250.9598706 
524.0000000 250.8125302 250.7634520 
525.0000000 250.6161117 250.5670335 
526.0000000 250.4196931 250.3706149 
527.0000000 250.2232746 250.1741964 
528.0000000 250.0268560 249.9777778 
529.0000000 249.8304375 249.7813593 
530.0000000 249.6340189 249.5849407 
531.0000000 249.4376004 249.3885222 
532.0000000 249.2411818 249.1921036 
533.0000000 249.0447633 248.9956851 
534.0000000 248.8483447 248.7992665 
535.0000000 248.6519262 248.6028480 
536.0000000 248.4555076 248.4064294 
537.0000000 248.2590891 248.2100109 
538.0000000 248.0626705 248.0135923 
539.0000000 247.8662520 247.8171738 
540.0000000 247.6698334 247.6207552 
541.0000000 247.4734149 247.4243367 
542.0000000 247.2769963 247.2279181 
543.0000000 247.0805778 247.0314996 
544.0000000 246.8841592 246.8350810 
545.0000000 246.6877407 246.6386625 
546.0000000 246.4913221 246.4422439 
547.0000000 246.2949036 246.2458254 
548.0000000 246.0984850 246.0494068 
549.0000000 245.9020665 245.8529883 
550.0000000 245.7056479 245.6565697 
551.0000000 245.5092294 245.4601512 
552.0000000 245.3128108 245.2637326 
553.0000000 245.1163923 245.0673141 
554.0000000 244.9199737 244.8708955 
555.0000000 244.7235552 244.6744770 
556.0000000 244.5271366 244.4780584 
557.0000000 244.3307181 244.2816399 
558.0000000 244.1342995 244.0852213 
559.0000000 243.9378810 243.8888028 
560.0000000 243.7414624 243.6923842 
561.0000000 243.5450439 243.4959657 
562.0000000 243.3486253 243.2995471 
563.0000000 243.1522068 243.1031286 
564.0000000 242.9557882 242.9067100 
565.0000000 242.7593697 242.7102915 
566.0000000 242.5629511 242.5138729 
567.0000000 242.3665326 242.3174544 
568.0000000 242.1701140 242.1210358 
569.0000000 241.9736955 241.9246173 
570.0000000 241.7772769 241.7281987 
571.0000000 241.5808584 241.5317802 
572.0000000 241.3844398 241.3353616 
573.0000000 241.1880213 241.1389431 
574.0000000 240.9916027 240.9425245 
575.0000000 240.7951842 240.7461060 
576.0000000 240.5987656 240.5496874 
577.0000000 240.4023471 240.3532689 
578.0000000 240.2059285 240.1568503 
579.0000000 240.0095100 239.9604318 
580.0000000 239.8130914 239.7640132 
581.0000000 239.6166729 239.5675947 
582.0000000 239.4202543 239.3711761 
583.0000000 239.2238358 239.1747576 
584.0000000 239.0274172 238.9783390 
585.0000000 238.8309987 238.7819205 
586.0000000 238.6345801 238.5855019 
587.0000000 238.4381616 238.3890834 
588.0000000 238.2417430 238.1926648 
589.0000000 238.0453245 237.9962463 
590.0000000 237.8489059 237.7998277 
591.0000000 237.6524874 237.6034092 
592.0000000 237.4560688 237.4069906 
593.0000000 237.2596503 237.2105721 
594.0000000 237.0632317 237.0141535 
595.0000000 236.8668132 236.8177350 
596.0000000 236.6703946 236.6213164 
597.0000000 236.4739761 236.4248979 
598.0000000 236.2775575 236.2284793 
599.0000000 236.0811390 236.0320608 
600.0000000 235.8847204 235.8356422 
601.0000000 235.6883019 235.6392237 
602.0000000 235.4918833 235.4428051 
603.0000000 235.2954648 235.2463866 
604.0000000 235.0990462 235.0499680 
605.0000000 234.9026277 234.8535495 
606.0000000 234.7062091 234.6571309 
607.0000000 234.5097906 234.4607124 
608.0000000 234.3133720 234.2642938 
609.0000000 234.1169535 234.0678753 
610.0000000 233.9205349 233.8714567 
611.0000000 233.7241164 233.6750382 
612.0000000 233.5276978 233.4786196 
613.0000000 233.3312793 233.2822011 
614.0000000 233.1348607 233.0857825 
615.0000000 232.9384422 232.8893640 
616.0000000 232.7420236 232.6929454 
617.0000000 232.5456051 232.4965269 
618.0000000 232.3491865 232.3001083 
619.0000000 232.1527680 232.1036898 
620.0000000 231.9563494 231.9072712 
621.0000000 231.7599309 231.7108527 
622.0000000 231.5635123 231.5144341 
623.0000000 231.3670938 231.3180156 
624.0000000 231.1706752 231.1215970 
625.0000000 230.9742567 230.9251785 
626.0000000 230.7778381 230.7287599 
627.0000000 230.5814196 230.5323414 
628.0000000 230.3850010 230.3359228 
629.0000000 230.1885825 230.1395043 
630.0000000 229.9921639 229.9430857 
631.0000000 229.7957454 229.7466671 
632.0000000 229.5993268 229.5502486 
633.0000000 229.4029083 229.3538300 
634.0000000 229.2064897 229.1574115 
635.0000000 229.0100712 228.9609929 
636.0000000 228.8136526 228.7645744 
637.0000000 228.6172341 228.5681558 
638.0000000 228.4208155 228.3717373 
639.0000000 228.2243970 228.1753187 
640.0000000 228.0279784 227.9789002 
641.0000000 227.8315599 227.7824816 
642.0000000 227.6351413 227.5860631 
643.0000000 227.4387228 227.3896445 
644.0000000 227.2423042 227.1932260 
645.0000000 227.0458857 226.9968074 
646.0000000 226.8494671 226.8003889 
647.0000000 226.6530486 226.6039703 
648.0000000 226.4566300 226.4075518 
649.0000000 226.2602115 226.2111332 
650.0000000 226.0637929 226.0147147 
651.0000000 225.8673744 225.8182961 
652.0000000 225.6709558 225.6218776 
653.0000000 225.4745373 225.4254590 
654.0000000 225.2781187 225.2290405 
655.0000000 225.0817002 225.0326219 
656.0000000 224.8852816 224.8362034 
657.0000000 224.6888631 224.6397848 
658.0000000 224.4924445 224.4433663 
659.0000000 224.2960260 224.2469477 
660.0000000 224.0996074 224.0505292 
661.0000000 223.9031889 223.8541106 
662.0000000 223.7067703 223.6576921 
663.0000000 223.5103518 223.4612735 
664.0000000 223.3139332 223.2648550 
665.0000000 223.1175147 223.0684364 
666.0000000 222.9210961 222.8720179 
667.0000000 222.7246776 222.6755993 
668.0000000 222.5282590 222.4791808 
669.0000000 222.3318405 222.2827622 
670.0000000 222.1354219 222.0863437 
671.0000000 221.9390034 221.8899251 
672.0000000 221.7425848 221.6935066 
673.0000000 221.5461663 221.4970880 
674.0000000 221.3497477 221.3006695 
675.0000000 221.1533291 221.1042509 
676.0000000 220.9569106 220.9078324 
677.0000000 220.7604920 220.7114138 
678.0000000 220.5640735 220.5149953 
679.0000000 220.3676549 220.3185767 
680.0000000 220.1712364 220.1221582 
681.0000000 219.9748178 219.9257396 
682.0000000 219.7783993 219.7293211 
683.0000000 219.5819807 219.5329025 
684.0000000 219.3855622 219.3364840 
685.0000000 219.1891436 219.1400654 
686.0000000 218.9927251 218.9436469 
687.0000000 218.7963065 218.7472283 
688.0000000 218.5998880 218.5508098 
689.0000000 218.4034694 218.3543912 
690.0000000 218.2070509 218.1579727 
691.0000000 218.0106323 217.9615541 
692.0000000 217.8142138 217.7651356 
693.0000000 217.6177952 217.5687170 
694.0000000 217.4213767 217.3722985 
695.0000000 217.2249581 217.1758799 
696.0000000 217.0285396 216.9794614 
697.0000000 216.8321210 216.7830428 
698.0000000 216.6357025 216.5866243 
699.0000000 216.4392839 216.3902057 
700.0000000 216.2428654 216.1937872 
701.0000000 216.0464468 215.9973686 
702.0000000 215.8500283 215.8009501 
703.0000000 215.6536097 215.6045315 
704.0000000 215.4571912 215.4081130 
705.0000000 215.2607726 215.2116944 
706.0000000 215.0643541 215.0152759 
707.0000000 214.8679355 214.8188573 
708.0000000 214.6715170 214.6224388 
709.0000000 214.4750984 214.4260202 
710.0000000 214.2786799 214.2296017 
711.0000000 214.0822613 214.0331831 
712.0000000 213.8858428 213.8367646 
713.0000000 213.6894242 213.6403460 
714.0000000 213.4930057 213.4439275 
715.0000000 213.2965871 213.2475089 
716.0000000 213.1001686 213.0510904 
717.0000000 212.9037500 212.8546718 
718.0000000 212.7073315 212.6582533 
719.0000000 212.5109129 212.4618347 
720.0000000 212.3144944 212.2654162 
721.0000000 212.1180758 212.0689976 
722.0000000 211.9216573 211.8725791 
723.0000000 211.7252387 211.6761605 
724.0000000 211.5288202 211.4797420 
725.0000000 211.3324016 211.2833234 
726.0000000 211.1359831 211.0869049 
727.0000000 210.9395645 210.8904863 
728.0000000 210.7431460 210.6940678 
729.0000000 210.5467274 210.4976492 
730.0000000 210.3503089 210.3012307 
731.0000000 210.1538903 210.1048121 
732.0000000 209.9574718 209.9083936 
733.0000000 209.7610532 209.7119750 
734.0000000 209.5646347 209.5155565 
735.0000000 209.3682161 209.3191379 
736.0000000 209.1717976 209.1227194 
737.0000000 208.9753790 208.9263008 
738.0000000 208.7789605 208.7298823 
739.0000000 208.5825419 208.5334637 
740.0000000 208.3861234 208.3370452 
741.0000000 208.1897048 208.1406266 
742.0000000 207.9932863 207.9442081 
743.0000000 207.7968677 207.7477895 
744.0000000 207.6004492 207.5513710 
745.0000000 207.4040306 207.3549524 
746.0000000 207.2076121 207.1585339 
747.0000000 207.0111935 206.9621153 
748.0000000 206.8147750 206.7656968 
749.0000000 206.6183564 206.5692782 
750.0000000 206.4219379 206.3728597 
751.0000000 206.2255193 206.1764411 
752.0000000 206.0291008 205.9800226 
753.0000000 205.8326822 205.7836040 
754.0000000 205.6362637 205.5871855 
755.0000000 205.4398451 205.3907669 
756.0000000 205.2434266 205.1943484 
757.0000000 205.0470080 204.9979298 
758.0000000 204.8505895 204.8015113 
759.0000000 204.6541709 204.6050927 
760.0000000 204.4577524 204.4086742 
761.0000000 204.2613338 204.2122556 
762.0000000 204.0649153 204.0158371 
763.0000000 203.8684967 203.8194185 
764.0000000 203.6720782 203.6230000 
765.0000000 203.4756596 203.4265814 
766.0000000 203.2792411 203.2301629 
767.0000000 203.0828225 203.0337443 
768.0000000 202.8864040 202.8373258 
769.0000000 202.6899854 202.6409072 
770.0000000 202.4935669 202.4444887 
771.0000000 202.2971483 202.2480701 
772.0000000 202.1007298 202.0516516 
773.0000000 201.9043112 201.8552330 
774.0000000 201.7078927 201.6588145 
775.0000000 201.5114741 201.4623959 
776.0000000 201.3150556 201.2659774 
777.0000000 201.1186370 201.0695588 
778.0000000 200.9222185 200.8731403 
779.0000000 200.7257999 200.6767217 
780.0000000 200.5293814 200.4803032 
781.0000000 200.3329628 200.2838846 
782.0000000 200.1365443 200.0874660 
783.0000000 199.9401257 199.8910475 
784.0000000 199.7437072 199.6946289 
785.0000000 199.5472886 199.4982104 
786.0000000 199.3508701 199.3017918 
787.0000000 199.1544515 199.1053733 
788.0000000 198.9580330 198.9089547 
789.0000000 198.7616144 198.7125362 
790.0000000 198.5651959 198.5161176 
791.0000000 198.3687773 198.3196991 
792.0000000 198.1723588 198.1232805 
793.0000000 197.9759402 197.9268620 
794.0000000 197.7795217 197.7304434 
795.0000000 197.5831031 197.5340249 
796.0000000 197.3866846 197.3376063 
797.0000000 197.1902660 197.1411878 
798.0000000 196.9938475 196.9447692 
799.0000000 196.7974289 196.7483507 
800.0000000 196.6010104 196.5519321 
801.0000000 196.4045918 196.3555136 
802.0000000 196.2081733 196.1590950 
803.0000000 196.0117547 195.9626765 
804.0000000 195.8153362 195.7662579 
805.0000000 195.6189176 195.5698394 
806.0000000 195.4224991 195.3734208 
807.0000000 195.2260805 195.1770023 
808.0000000 195.0296620 194.9805837 
809.0000000 194.8332434 194.7841652 
810.0000000 194.6368249 194.5877466 
811.0000000 194.4404063 194.3913281 
812.0000000 194.2439878 194.1949095 
813.0000000 194.0475692 193.9984910 
814.0000000 193.8511507 193.8020724 
815.0000000 193.6547321 193.6056539 
816.0000000 193.4583136 193.4092353 
817.0000000 193.2618950 193.2128168 
818.0000000 193.0654765 193.0163982 
819.0000000 192.8690579 192.8199797 
820.0000000 192.6726394 192.6235611 
821.0000000 192.4762208 192.4271426 
822.0000000 192.2798023 192.2307240 
823.0000000 192.0833837 192.0343055 
824.0000000 191.8869652 191.8378869 
825.0000000 191.6905466 191.6414684 
826.0000000 191.4941280 191.4450498 
827.0000000 191.2977095 191.2486313 
828.0000000 191.1012909 191.0522127 
829.0000000 190.9048724 190.8557942 
830.0000000 190.7084538 190.6593756 
831.0000000 190.5120353 190.4629571 
832.0000000 190.3156167 190.2665385 
833.0000000 190.1191982 190.0701200 
834.0000000 189.9227796 189.8737014 
835.0000000 189.7263611 189.6772829 
836.0000000 189.5299425 189.4808643 
837.0000000 189.3335240 189.2844458 
838.0000000 189.1371054 189.0880272 
839.0000000 188.9406869 188.8916087 
840.0000000 188.7442683 188.6951901 
841.0000000 188.5478498 188.4987716 
842.0000000 188.3514312 188.3023530 
843.0000000 188.1550127 188.1059345 
844.0000000 187.9585941 187.9095159 
845.0000000 187.7621756 187.7130974 
846.0000000 187.5657570 187.5166788 
847.0000000 187.3693385 187.3202603 
848.0000000 187.1729199 187.1238417 
849.0000000 186.9765014 186.9274232 
850.0000000 186.7800828 186.7310046 
851.0000000 186.5836643 186.5345861 
852.0000000 186.3872457 186.3381675 
853.0000000 186.1908272 186.1417490 
854.0000000 185.9944086 185.9453304 
855.0000000 185.7979901 185.7489119 
856.0000000 185.6015715 185.5524933 
857.0000000 185.4051530 185.3560748 
858.0000000 185.2087344 185.1596562 
859.0000000 185.0123159 184.9632377 
860.0000000 184.8158973 184.7668191 
861.0000000 184.6194788 184.5704006 
862.0000000 184.4230602 184.3739820 
863.0000000 184.2266417 184.1775635 
864.0000000 184.0302231 183.9811449 
865.0000000 183.8338046 183.7847264 
866.0000000 183.6373860 183.5883078 
867.0000000 183.4409675 183.3918893 
868.0000000 183.2445489 183.1954707 
869.0000000 183.0481304 182.9990522 
870.0000000 182.8517118 182.8026336 
871.0000000 182.6552933 182.6062151 
872.0000000 182.4588747 182.4097965 
873.0000000 182.2624562 182.2133780 
874.0000000 182.0660376 182.0169594 
875.0000000 181.8696191 181.8205409 
876.0000000 181.6732005 181.6241223 
877.0000000 181.4767820 181.4277038 
878.0000000 181.2803634 181.2312852 
879.0000000 181.0839449 181.0348667 
880.0000000 180.8875263 180.8384481 
881.0000000 180.6911078 180.6420296 
882.0000000 180.4946892 180.4456110 
883.0000000 180.2982707 180.2491925 
884.0000000 180.1018521 180.0527739 
885.0000000 179.9054336 179.8563554 
886.0000000 179.7090150 179.6599368 
887.0000000 179.5125965 179.4635183 
888.0000000 179.3161779 179.2670997 
889.0000000 179.1197594 179.0706812 
890.0000000 178.9233408 178.8742626 
891.0000000 178.7269223 178.6778441 
892.0000000 178.5305037 178.4814255 
893.0000000 178.3340852 178.2850070 
894.0000000 178.1376666 178.0885884 
895.0000000 177.9412481 177.8921699 
896.0000000 177.7448295 177.6957513 
897.0000000 177.5484110 177.4993328 
898.0000000 177.3519924 177.3029142 
899.0000000 177.1555739 177.1064957 
900.0000000 176.9591553 176.9100771 
901.0000000 176.7627368 176.7136586 
902.0000000 176.5663182 176.5172400 
903.0000000 176.3698997 176.3208215 
904.0000000 176.1734811 176.1244029 
905.0000000 175.9770626 175.9279844 
906.0000000 175.7806440 175.7315658 
907.0000000 175.5842255 175.5351473 
908.0000000 175.3878069 175.3387287 
909.0000000 175.1913884 175.1423102 
910.0000000 174.9949698 174.9458916 
911.0000000 174.7985513 174.7494731 
912.0000000 174.6021327 174.5530545 
913.0000000 174.4057142 174.3566360 
914.0000000 174.2092956 174.1602174 
915.0000000 174.0128771 173.9637989 
916.0000000 173.8164585 173.7673803 
917.0000000 173.6200400 173.5709618 
918.0000000 173.4236214 173.3745432 
919.0000000 173.2272029 173.1781247 
920.0000000 173.0307843 172.9817061 
921.0000000 172.8343658 172.7852876 
922.0000000 172.6379472 172.5888690 
923.0000000 172.4415287 172.3924505 
924.0000000 172.2451101 172.1960319 
925.0000000 172.0486916 171.9996134 
926.0000000 171.8522730 171.8031948 
927.0000000 171.6558545 171.6067763 
928.0000000 171.4594359 171.4103577 
929.0000000 171.2630174 171.2139392 
930.0000000 171.0665988 171.0175206 
931.0000000 170.8701803 170.8211021 
932.0000000 170.6737617 170.6246835 
933.0000000 170.4773432 170.4282650 
934.0000000 170.2809246 170.2318464 
935.0000000 170.0845061 170.0354278 
936.0000000 169.8880875 169.8390093 
937.0000000 169.6916690 169.6425907 
938.0000000 169.4952504 169.4461722 
939.0000000 169.2988319 169.2497536 
940.0000000 169.1024133 169.0533351 
941.0000000 168.9059948 168.8569165 
942.0000000 168.7095762 168.6604980 
943.0000000 168.5131577 168.4640794 
944.0000000 168.3167391 168.2676609 
945.0000000 168.1203206 168.0712423 
946.0000000 167.9239020 167.8748238 
947.0000000 167.7274835 167.6784052 
948.0000000 167.5310649 167.4819867 
949.0000000 167.3346464 167.2855681 
950.0000000 167.1382278 167.0891496 
951.0000000 166.9418093 166.8927310 
952.0000000 166.7453907 166.6963125 
953.0000000 166.5489722 166.4998939 
954.0000000 166.3525536 166.3034754 
955.0000000 166.1561351 166.1070568 
956.0000000 165.9597165 165.9106383 
957.0000000 165.7632980 165.7142197 
958.0000000 165.5668794 165.5178012 
959.0000000 165.3704609 165.3213826 
960.0000000 165.1740423 165.1249641 
961.0000000 164.9776238 164.9285455 
962.0000000 164.7812052 164.7321270 
963.0000000 164.5847867 164.5357084 
964.0000000 164.3883681 164.3392899 
965.0000000 164.1919496 164.1428713 
966.0000000 163.9955310 163.9464528 
967.0000000 163.7991125 163.7500342 
968.0000000 163.6026939 163.5536157 
969.0000000 163.4062754 163.3571971 
970.0000000 163.2098568 163.1607786 
971.0000000 163.0134383 162.9643600 
972.0000000 162.8170197 162.7679415 
973.0000000 162.6206012 162.5715229 
974.0000000 162.4241826 162.3751044 
975.0000000 162.2277641 162.1786858 
976.0000000 162.0313455 161.9822673 
977.0000000 161.8349269 161.7858487 
978.0000000 161.6385084 161.5894302 
979.0000000 161.4420898 161.3930116 
980.0000000 161.2456713 161.1965931 
981.0000000 161.0492527 161.0001745 
982.0000000 160.8528342 160.8037560 
983.0000000 160.6564156 160.6073374 
984.0000000 160.4599971 160.4109189 
985.0000000 160.2635785 160.2145003 
986.0000000 160.0671600 160.0180818 
987.0000000 159.8707414 159.8216632 
988.0000000 159.6743229 159.6252447 
989.0000000 159.4779043 159.4288261 
990.0000000 159.2814858 159.2324076 
991.0000000 159.0850672 159.0359890 
992.0000000 158.8886487 158.8395705 
993.0000000 158.6922301 158.6431519 
994.0000000 158.4958116 158.4467334 
995.0000000 158.2993930 158.2503148 
996.0000000 158.1029745 158.0538963 
997.0000000 157.9065559 157.8574777 
998.0000000 157.7101374 157.6610592 
999.0000000 157.5137188 157.4646406 
1000.0000000 157.3173003 157.2682221 
1001.0000000 157.1208817 157.0718035 
1002.0000000 156.9244632 156.8753850 
1003.0000000 156.7280446 156.6789664 
1004.0000000 156.5316261 156.4825479 
1005.0000000 156.3352075 156.2861293 
1006.0000000 156.1387890 156.0897108 
1007.0000000 155.9423704 155.8932922 
1008.0000000 155.7459519 155.6968737 
1009.0000000 155.5495333 155.5004551 
1010.0000000 155.3531148 155.3040366 
1011.0000000 155.1566962 155.1076180 
1012.0000000 154.9602777 154.9111995 
1013.0000000 154.7638591 154.7147809 
1014.0000000 154.5674406 154.5183624 
1015.0000000 154.3710220 154.3219438 
1016.0000000 154.1746035 154.1255253 
1017.0000000 153.9781849 153.9291067 
1018.0000000 153.7817664 153.7326882 
1019.0000000 153.5853478 153.5362696 
1020.0000000 153.3889293 153.3398511 
1021.0000000 153.1925107 153.1434325 
1022.0000000 152.9960922 152.9470140 
1023.0000000 152.7996736 152.7505954 
1024.0000000 152.6032551 152.5541769 
1025.0000000 152.4068365 152.3577583 
1026.0000000 152.2104180 152.1613398 
1027.0000000 152.0139994 151.9649212 
1028.0000000 151.8175809 151.7685027 
1029.0000000 151.6211623 151.5720841 
1030.0000000 151.4247438 151.3756656 
1031.0000000 151.2283252 151.1792470 
1032.0000000 151.0319067 150.9828285 
1033.0000000 150.8354881 150.7864099 
1034.0000000 150.6390696 150.5899914 
1035.0000000 150.4426510 150.3935728 
1036.0000000 150.2462325 150.1971543 
1037.0000000 150.0498139 150.0007357 
1038.0000000 149.8533954 149.8043172 
1039.0000000 149.6569768 149.6078986 
1040.0000000 149.4605583 149.4114801 
1041.0000000 149.2641397 149.2150615 
1042.0000000 149.0677212 149.0186430 
1043.0000000 148.8713026 148.8222244 
1044.0000000 148.6748841 148.6258059 
1045.0000000 148.4784655 148.4293873 
1046.0000000 148.2820470 148.2329688 
1047.0000000 148.0856284 148.0365502 
1048.0000000 147.8892099 147.8401317 
1049.0000000 147.6927913 147.6437131 
1050.0000000 147.4963728 147.4472946 
1051.0000000 147.2999542 147.2508760 
1052.0000000 147.1035357 147.0544575 
1053.0000000 146.9071171 146.8580389 
1054.0000000 146.7106986 146.6616204 
1055.0000000 146.5142800 146.4652018 
1056.0000000 146.3178615 146.2687833 
1057.0000000 146.1214429 146.0723647 
1058.0000000 145.9250244 145.8759462 
1059.0000000 145.7286058 145.6795276 
1060.0000000 145.5321873 145.4831091 
1061.0000000 145.3357687 145.2866905 
1062.0000000 145.1393502 145.0902720 
1063.0000000 144.9429316 144.8938534 
1064.0000000 144.7465131 144.6974349 
1065.0000000 144.5500945 144.5010163 
1066.0000000 144.3536760 144.3045978 
1067.0000000 144.1572574 144.1081792 
1068.0000000 143.9608389 143.9117607 
1069.0000000 143.7644203 143.7153421 
1070.0000000 143.5680018 143.5189236 
1071.0000000 143.3715832 143.3225050 
1072.0000000 143.1751647 143.1260865 
1073.0000000 142.9787461 142.9296679 
1074.0000000 142.7823276 142.7332494 
1075.0000000 142.5859090 142.5368308 
1076.0000000 142.3894905 142.3404123 
1077.0000000 142.1930719 142.1439937 
1078.0000000 141.9966534 141.9475752 
1079.0000000 141.8002348 141.7511566 
1080.0000000 141.6038163 141.5547381 
1081.0000000 141.4073977 141.3583195 
1082.0000000 141.2109792 141.1619010 
1083.0000000 141.0145606 140.9654824 
1084.0000000 140.8181421 140.7690639 
1085.0000000 140.6217235 140.5726453 
1086.0000000 140.4253050 140.3762267 
1087.0000000 140.2288864 140.1798082 
1088.0000000 140.0324679 139.9833896 
1089.0000000 139.8360493 139.7869711 
1090.0000000 139.6396308 139.5905525 
1091.0000000 139.4432122 139.3941340 
1092.0000000 139.2467937 139.1977154 
1093.0000000 139.0503751 139.0012969 
1094.0000000 138.8539566 138.8048783 
1095.0000000 138.6575380 138.6084598 
1096.0000000 138.4611195 138.4120412 
1097.0000000 138.2647009 138.2156227 
1098.0000000 138.0682824 138.0192041 
1099.0000000 137.8718638 137.8227856 
1100.0000000 137.6754453 137.6263670 
1101.0000000 137.4790267 137.4299485 
1102.0000000 137.2826082 137.2335299 
1103.0000000 137.0861896 137.0371114 
1104.0000000 136.8897711 136.8406928 
1105.0000000 136.6933525 136.6442743 
1106.0000000 136.4969340 136.4478557 
1107.0000000 136.3005154 136.2514372 
1108.0000000 136.1040969 136.0550186 
1109.0000000 135.9076783 135.8586001 
1110.0000000 135.7112598 135.6621815 
1111.0000000 135.5148412 135.4657630 
1112.0000000 135.3184227 135.2693444 
1113.0000000 135.1220041 135.0729259 
1114.0000000 134.9255856 134.8765073 
1115.0000000 134.7291670 134.6800888 
1116.0000000 134.5327485 134.4836702 
1117.0000000 134.3363299 134.2872517 
1118.0000000 134.1399114 134.0908331 
1119.0000000 133.9434928 133.8944146 
1120.0000000 133.7470743 133.6979960 
1121.0000000 133.5506557 133.5015775 
1122.0000000 133.3542372 133.3051589 
1123.0000000 133.1578186 133.1087404 
1124.0000000 132.9614001 132.9123218 
1125.0000000 132.7649815 132.7159033 
1126.0000000 132.5685630 132.5194847 
1127.0000000 132.3721444 132.3230662 
1128.0000000 132.1757259 132.1266476 
1129.0000000 131.9793073 131.9302291 
1130.0000000 131.7828887 131.7338105 
1131.0000000 131.5864702 131.5373920 
1132.0000000 131.3900516 131.3409734 
1133.0000000 131.1936331 131.1445549 
1134.0000000 130.9972145 130.9481363 
1135.0000000 130.8007960 130.7517178 
1136.0000000 130.6043774 130.5552992 
1137.0000000 130.4079589 130.3588807 
1138.0000000 130.2115403 130.1624621 
1139.0000000 130.0151218 129.9660436 
1140.0000000 129.8187032 129.7696250 
1141.0000000 129.6222847 129.5732065 
1142.0000000 129.4258661 129.3767879 
1143.0000000 129.2294476 129.1803694 
1144.0000000 129.0330290 128.9839508 
1145.0000000 128.8366105 128.7875323 
1146.0000000 128.6401919 128.5911137 
1147.0000000 128.4437734 128.3946952 
1148.0000000 128.2473548 128.1982766 
1149.0000000 128.0509363 128.0018581 
1150.0000000 127.8545177 127.8054395 
1151.0000000 127.6580992 127.6090210 
1152.0000000 127.4616806 127.4126024 
1153.0000000 127.2652621 127.2161839 
1154.0000000 127.0688435 127.0197653 
1155.0000000 126.8724250 126.8233468 
1156.0000000 126.6760064 126.6269282 
1157.0000000 126.4795879 126.4305097 
1158.0000000 126.2831693 126.2340911 
1159.0000000 126.0867508 126.0376726 
1160.0000000 125.8903322 125.8412540 
1161.0000000 125.6939137 125.6448355 
1162.0000000 125.4974951 125.4484169 
1163.0000000 125.3010766 125.2519984 
1164.0000000 125.1046580 125.0555798 
1165.0000000 124.9082395 124.8591613 
1166.0000000 124.7118209 124.6627427 
1167.0000000 124.5154024 124.4663242 
1168.0000000 124.3189838 124.2699056 
1169.0000000 124.1225653 124.0734871 
1170.0000000 123.9261467 123.8770685 
1171.0000000 123.7297282 123.6806500 
1172.0000000 123.5333096 123.4842314 
1173.0000000 123.3368911 123.2878129 
1174.0000000 123.1404725 123.0913943 
1175.0000000 122.9440540 122.8949758 
1176.0000000 122.7476354 122.6985572 
1177.0000000 122.5512169 122.5021387 
1178.0000000 122.3547983 122.3057201 
1179.0000000 122.1583798 122.1093016 
1180.0000000 121.9619612 121.9128830 
1181.0000000 121.7655427 121.7164645 
1182.0000000 121.5691241 121.5200459 
1183.0000000 121.3727056 121.3236274 
1184.0000000 121.1762870 121.1272088 
1185.0000000 120.9798685 120.9307903 
1186.0000000 120.7834499 120.7343717 
1187.0000000 120.5870314 120.5379532 
1188.0000000 120.3906128 120.3415346 
1189.0000000 120.1941943 120.1451161 
1190.0000000 119.9977757 119.9486975 
1191.0000000 119.8013572 119.7522790 
1192.0000000 119.6049386 119.5558604 
1193.0000000 119.4085201 119.3594419 
1194.0000000 119.2121015 119.1630233 
1195.0000000 119.0156830 118.9666048 
1196.0000000 118.8192644 118.7701862 
1197.0000000 118.6228459 118.5737677 
1198.0000000 118.4264273 118.3773491 
1199.0000000 118.2300088 118.1809306 
1200.0000000 118.0335902 117.9845120 
1201.0000000 117.8371717 117.7880935 
1202.0000000 117.6407531 117.5916749 
1203.0000000 117.4443346 117.3952564 
1204.0000000 117.2479160 117.1988378 
1205.0000000 117.0514975 117.0024193 
1206.0000000 116.8550789 116.8060007 
1207.0000000 116.6586604 116.6095822 
1208.0000000 116.4622418 116.4131636 
1209.0000000 116.2658233 116.2167451 
1210.0000000 116.0694047 116.0203265 
1211.0000000 115.8729862 115.8239080 
1212.0000000 115.6765676 115.6274894 
1213.0000000 115.4801491 115.4310709 
1214.0000000 115.2837305 115.2346523 
1215.0000000 115.0873120 115.0382338 
1216.0000000 114.8908934 114.8418152 
1217.0000000 114.6944749 114.6453967 
1218.0000000 114.4980563 114.4489781 
1219.0000000 114.3016378 114.2525596 
1220.0000000 114.1052192 114.0561410 
1221.0000000 113.9088007 113.8597225 
1222.0000000 113.7123821 113.6633039 
1223.0000000 113.5159636 113.4668854 
1224.0000000 113.3195450 113.2704668 
1225.0000000 113.1231265 113.0740483 
1226.0000000 112.9267079 112.8776297 
1227.0000000 112.7302894 112.6812112 
1228.0000000 112.5338708 112.4847926 
1229.0000000 112.3374523 112.2883741 
1230.0000000 112.1410337 112.0919555 
1231.0000000 111.9446152 111.8955370 
1232.0000000 111.7481966 111.6991184 
1233.0000000 111.5517781 111.5026999 
1234.0000000 111.3553595 111.3062813 
1235.0000000 111.1589410 111.1098628 
1236.0000000 110.9625224 110.9134442 
1237.0000000 110.7661039 110.7170256 
1238.0000000 110.5696853 110.5206071 
1239.0000000 110.3732668 110.3241885 
1240.0000000 110.1768482 110.1277700 
1241.0000000 109.9804297 109.9313514 
1242.0000000 109.7840111 109.7349329 
1243.0000000 109.5875926 109.5385143 
1244.0000000 109.3911740 109.3420958 
1245.0000000 109.1947555 109.1456772 
1246.0000000 108.9983369 108.9492587 
1247.0000000 108.8019184 108.7528401 
1248.0000000 108.6054998 108.5564216 
1249.0000000 108.4090813 108.3600030 
1250.0000000 108.2126627 108.1635845 
1251.0000000 108.0162442 107.9671659 
1252.0000000 107.8198256 107.7707474 
1253.0000000 107.6234071 107.5743288 
1254.0000000 107.4269885 107.3779103 
1255.0000000 107.2305700 107.1814917 
1256.0000000 107.0341514 106.9850732 
1257.0000000 106.8377329 106.7886546 
1258.0000000 106.6413143 106.5922361 
1259.0000000 106.4448958 106.3958175 
1260.0000000 106.2484772 106.1993990 
1261.0000000 106.0520587 106.0029804 
1262.0000000 105.8556401 105.8065619 
1263.0000000 105.6592216 105.6101433 
1264.0000000 105.4628030 105.4137248 
1265.0000000 105.2663845 105.2173062 
1266.0000000 105.0699659 105.0208877 
1267.0000000 104.8735474 104.8244691 
1268.0000000 104.6771288 104.6280506 
1269.0000000 104.4807103 104.4316320 
1270.0000000 104.2842917 104.2352135 
1271.0000000 104.0878732 104.0387949 
1272.0000000 103.8914546 103.8423764 
1273.0000000 103.6950361 103.6459578 
1274.0000000 103.4986175 103.4495393 
1275.0000000 103.3021990 103.2531207 
1276.0000000 103.1057804 103.0567022 
1277.0000000 102.9093619 102.8602836 
1278.0000000 102.7129433 102.6638651 
1279.0000000 102.5165248 102.4674465 
1280.0000000 102.3201062 102.2710280 
1281.0000000 102.1236876 102.0746094 
1282.0000000 101.9272691 101.8781909 
1283.0000000 101.7308505 101.6817723 
1284.0000000 101.5344320 101.4853538 
1285.0000000 101.3380134 101.2889352 
1286.0000000 101.1415949 101.0925167 
1287.0000000 100.9451763 100.8960981 
1288.0000000 100.7487578 100.6996796 
1289.0000000 100.5523392 100.5032610 
1290.0000000 100.3559207 100.3068425 
1291.0000000 100.1595021 100.1104239 
1292.0000000 99.9630836 99.9140054 
1293.0000000 99.7666650 99.7175868 
1294.0000000 99.5702465 99.5211683 
1295.0000000 99.3738279 99.3247497 
1296.0000000 99.1774094 99.1283312 
1297.0000000 98.9809908 98.9319126 
1298.0000000 98.7845723 98.7354941 
1299.0000000 98.5881537 98.5390755 
1300.0000000 98.3917352 98.3426570 
1301.0000000 98.1953166 98.1462384 
1302.0000000 97.9988981 97.9498199 
1303.0000000 97.8024795 97.7534013 
1304.0000000 97.6060610 97.5569828 
1305.0000000 97.4096424 97.3605642 
1306.0000000 97.2132239 97.1641457 
1307.0000000 97.0168053 96.9677271 
1308.0000000 96.8203868 96.7713086 
1309.0000000 96.6239682 96.5748900 
1310.0000000 96.4275497 96.3784715 
1311.0000000 96.2311311 96.1820529 
1312.0000000 96.0347126 95.9856344 
1313.0000000 95.8382940 95.7892158 
1314.0000000 95.6418755 95.5927973 
1315.0000000 95.4454569 95.3963787 
1316.0000000 95.2490384 95.1999602 
1317.0000000 95.0526198 95.0035416 
1318.0000000 94.8562013 94.8071231 
1319.0000000 94.6597827 94.6107045 
1320.0000000 94.4633642 94.4142860 
1321.0000000 94.2669456 94.2178674 
1322.0000000 94.0705271 94.0214489 
1323.0000000 93.8741085 93.8250303 
1324.0000000 93.6776900 93.6286118 
1325.0000000 93.4812714 93.4321932 
1326.0000000 93.2848529 93.2357747 
1327.0000000 93.0884343 93.0393561 
1328.0000000 92.8920158 92.8429376 
1329.0000000 92.6955972 92.6465190 
1330.0000000 92.4991787 92.4501005 
1331.0000000 92.3027601 92.2536819 
1332.0000000 92.1063416 92.0572634 
1333.0000000 91.9099230 91.8608448 
1334.0000000 91.7135045 91.6644263 
1335.0000000 91.5170859 91.4680077 
1336.0000000 91.3206674 91.2715892 
1337.0000000 91.1242488 91.0751706 
1338.0000000 90.9278303 90.8787521 
1339.0000000 90.7314117 90.6823335 
1340.0000000 90.5349932 90.4859150 
1341.0000000 90.3385746 90.2894964 
1342.0000000 90.1421561 90.0930779 
1343.0000000 89.9457375 89.8966593 
1344.0000000 89.7493190 89.7002408 
1345.0000000 89.5529004 89.5038222 
1346.0000000 89.3564819 89.3074037 
1347.0000000 89.1600633 89.1109851 
1348.0000000 88.9636448 88.9145666 
1349.0000000 88.7672262 88.7181480 
1350.0000000 88.5708077 88.5217295 
1351.0000000 88.3743891 88.3253109 
1352.0000000 88.1779706 88.1288924 
1353.0000000 87.9815520 87.9324738 
1354.0000000 87.7851335 87.7360553 
1355.0000000 87.5887149 87.5396367 
1356.0000000 87.3922964 87.3432182 
1357.0000000 87.1958778 87.1467996 
1358.0000000 86.9994593 86.9503811 
1359.0000000 86.8030407 86.7539625 
1360.0000000 86.6066222 86.5575440 
1361.0000000 86.4102036 86.3611254 
1362.0000000 86.2137851 86.1647069 
1363.0000000 86.0173665 85.9682883 
1364.0000000 85.8209480 85.7718698 
1365.0000000 85.6245294 85.5754512 
1366.0000000 85.4281109 85.3790327 
1367.0000000 85.2316923 85.1826141 
1368.0000000 85.0352738 84.9861956 
1369.0000000 84.8388552 84.7897770 
1370.0000000 84.6424367 84.5933585 
1371.0000000 84.4460181 84.3969399 
1372.0000000 84.2495996 84.2005214 
1373.0000000 84.0531810 84.0041028 
1374.0000000 83.8567625 83.8076843 
1375.0000000 83.6603439 83.6112657 
1376.0000000 83.4639254 83.4148472 
1377.0000000 83.2675068 83.2184286 
1378.0000000 83.0710883 83.0220101 
1379.0000000 82.8746697 82.8255915 
1380.0000000 82.6782512 82.6291730 
1381.0000000 82.4818326 82.4327544 
1382.0000000 82.2854141 82.2363359 
1383.0000000 82.0889955 82.0399173 
1384.0000000 81.8925770 81.8434988 
1385.0000000 81.6961584 81.6470802 
1386.0000000 81.4997399 81.4506617 
1387.0000000 81.3033213 81.2542431 
1388.0000000 81.1069028 81.0578246 
1389.0000000 80.9104842 80.8614060 
1390.0000000 80.7140657 80.6649874 
1391.0000000 80.5176471 80.4685689 
1392.0000000 80.3212286 80.2721503 
1393.0000000 80.1248100 80.0757318 
1394.0000000 79.9283915 79.8793132 
1395.0000000 79.7319729 79.6828947 
1396.0000000 79.5355544 79.4864761 
1397.0000000 79.3391358 79.2900576 
1398.0000000 79.1427173 79.0936390 
1399.0000000 78.9462987 78.8972205 
1400.0000000 78.7498802 78.7008019 
1401.0000000 78.5534616 78.5043834 
1402.0000000 78.3570431 78.3079648 
1403.0000000 78.1606245 78.1115463 
1404.0000000 77.9642060 77.9151277 
1405.0000000 77.7677874 77.7187092 
1406.0000000 77.5713689 77.5222906 
1407.0000000 77.3749503 77.3258721 
1408.0000000 77.1785318 77.1294535 
1409.0000000 76.9821132 76.9330350 
1410.0000000 76.7856947 76.7366164 
1411.0000000 76.5892761 76.5401979 
1412.0000000 76.3928576 76.3437793 
1413.0000000 76.1964390 76.1473608 
1414.0000000 76.0000205 75.9509422 
1415.0000000 75.8036019 75.7545237 
1416.0000000 75.6071834 75.5581051 
1417.0000000 75.4107648 75.3616866 
1418.0000000 75.2143463 75.1652680 
1419.0000000 75.0179277 74.9688495 
1420.0000000 74.8215092 74.7724309 
1421.0000000 74.6250906 74.5760124 
1422.0000000 74.4286721 74.3795938 
1423.0000000 74.2322535 74.1831753 
1424.0000000 74.0358350 73.9867567 
1425.0000000 73.8394164 73.7903382 
1426.0000000 73.6429979 73.5939196 
1427.0000000 73.4465793 73.3975011 
1428.0000000 73.2501608 73.2010825 
1429.0000000 73.0537422 73.0046640 
1430.0000000 72.8573237 72.8082454 
1431.0000000 72.6609051 72.6118269 
1432.0000000 72.4644865 72.4154083 
1433.0000000 72.2680680 72.2189898 
1434.0000000 72.0716494 72.0225712 
1435.0000000 71.8752309 71.8261527 
1436.0000000 71.6788123 71.6297341 
1437.0000000 71.4823938 71.4333156 
1438.0000000 71.2859752 71.2368970 
1439.0000000 71.0895567 71.0404785 
1440.0000000 70.8931381 70.8440599 
1441.0000000 70.6967196 70.6476414 
1442.0000000 70.5003010 70.4512228 
1443.0000000 70.3038825 70.2548043 
1444.0000000 70.1074639 70.0583857 
1445.0000000 69.9110454 69.8619672 
1446.0000000 69.7146268 69.6655486 
1447.0000000 69.5182083 69.4691301 
1448.0000000 69.3217897 69.2727115 
1449.0000000 69.1253712 69.0762930 
1450.0000000 68.9289526 68.8798744 
1451.0000000 68.7325341 68.6834559 
1452.0000000 68.5361155 68.4870373 
1453.0000000 68.3396970 68.2906188 
1454.0000000 68.1432784 68.0942002 
1455.0000000 67.9468599 67.8977817 
1456.0000000 67.7504413 67.7013631 
1457.0000000 67.5540228 67.5049446 
1458.0000000 67.3576042 67.3085260 
1459.0000000 67.1611857 67.1121075 
1460.0000000 66.9647671 66.9156889 
1461.0000000 66.7683486 66.7192704 
1462.0000000 66.5719300 66.5228518 
1463.0000000 66.3755115 66.3264333 
1464.0000000 66.1790929 66.1300147 
1465.0000000 65.9826744 65.9335962 
1466.0000000 65.7862558 65.7371776 
1467.0000000 65.5898373 65.5407591 
1468.0000000 65.3934187 65.3443405 
1469.0000000 65.1970002 65.1479220 
1470.0000000 65.0005816 64.9515034 
1471.0000000 64.8041631 64.7550849 
1472.0000000 64.6077445 64.5586663 
1473.0000000 64.4113260 64.3622478 
1474.0000000 64.2149074 64.1658292 
1475.0000000 64.0184889 63.9694107 
1476.0000000 63.8220703 63.7729921 
1477.0000000 63.6256518 63.5765736 
1478.0000000 63.4292332 63.3801550 
1479.0000000 63.2328147 63.1837365 
1480.0000000 63.0363961 62.9873179 
1481.0000000 62.8399776 62.7908994 
1482.0000000 62.6435590 62.5944808 
1483.0000000 62.4471405 62.3980623 
1484.0000000 62.2507219 62.2016437 
1485.0000000 62.0543034 62.0052252 
1486.0000000 61.8578848 61.8088066 
1487.0000000 61.6614663 61.6123881 
1488.0000000 61.4650477 61.4159695 
1489.0000000 61.2686292 61.2195510 
1490.0000000 61.0722106 61.0231324 
1491.0000000 60.8757921 60.8267139 
1492.0000000 60.6793735 60.6302953 
1493.0000000 60.4829550 60.4338768 
1494.0000000 60.2865364 60.2374582 
1495.0000000 60.0901179 60.0410397 
1496.0000000 59.8936993 59.8446211 
1497.0000000 59.6972808 59.6482026 
1498.0000000 59.5008622 59.4517840 
1499.0000000 59.3044437 59.2553655 
1500.0000000 59.1080251 59.0589469 
1501.0000000 58.9116066 58.8625284 
1502.0000000 58.7151880 58.6661098 
1503.0000000 58.5187695 58.4696913 
1504.0000000 58.3223509 58.2732727 
1505.0000000 58.1259324 58.0768542 
1506.0000000 57.9295138 57.8804356 
1507.0000000 57.7330953 57.6840171 
1508.0000000 57.5366767 57.4875985 
1509.0000000 57.3402582 57.2911800 
1510.0000000 57.1438396 57.0947614 
1511.0000000 56.9474211 56.8983429 
1512.0000000 56.7510025 56.7019243 
1513.0000000 56.5545840 56.5055058 
1514.0000000 56.3581654 56.3090872 
1515.0000000 56.1617469 56.1126687 
1516.0000000 55.9653283 55.9162501 
1517.0000000 55.7689098 55.7198316 
1518.0000000 55.5724912 55.5234130 
1519.0000000 55.3760727 55.3269945 
1520.0000000 55.1796541 55.1305759 
1521.0000000 54.9832356 54.9341574 
1522.0000000 54.7868170 54.7377388 
1523.0000000 54.5903985 54.5413203 
1524.0000000 54.3939799 54.3449017 
1525.0000000 54.1975614 54.1484832 
1526.0000000 54.0011428 53.9520646 
1527.0000000 53.8047243 53.7556461 
1528.0000000 53.6083057 53.5592275 
1529.0000000 53.4118872 53.3628090 
1530.0000000 53.2154686 53.1663904 
1531.0000000 53.0190501 52.9699719 
1532.0000000 52.8226315 52.7735533 
1533.0000000 52.6262130 52.5771348 
1534.0000000 52.4297944 52.3807162 
1535.0000000 52.2333759 52.1842977 
1536.0000000 52.0369573 51.9878791 
1537.0000000 51.8405388 51.7914606 
1538.0000000 51.6441202 51.5950420 
1539.0000000 51.4477017 51.3986235 
1540.0000000 51.2512831 51.2022049 
1541.0000000 51.0548646 51.0057863 
1542.0000000 50.8584460 50.8093678 
1543.0000000 50.6620275 50.6129492 
1544.0000000 50.4656089 50.4165307 
1545.0000000 50.2691904 50.2201121 
1546.0000000 50.0727718 50.0236936 
1547.0000000 49.8763533 49.8272750 
1548.0000000 49.6799347 49.6308565 
1549.0000000 49.4835162 49.4344379 
1550.0000000 49.2870976 49.2380194 
1551.0000000 49.0906791 49.0416008 
1552.0000000 48.8942605 48.8451823 
1553.0000000 48.6978420 48.6487637 
1554.0000000 48.5014234 48.4523452 
1555.0000000 48.3050049 48.2559266 
1556.0000000 48.1085863 48.0595081 
1557.0000000 47.9121678 47.8630895 
1558.0000000 47.7157492 47.6666710 
1559.0000000 47.5193307 47.4702524 
1560.0000000 47.3229121 47.2738339 
1561.0000000 47.1264936 47.0774153 
1562.0000000 46.9300750 46.8809968 
1563.0000000 46.7336565 46.6845782 
1564.0000000 46.5372379 46.4881597 
1565.0000000 46.3408194 46.2917411 
1566.0000000 46.1444008 46.0953226 
1567.0000000 45.9479823 45.8989040 
1568.0000000 45.7515637 45.7024855 
1569.0000000 45.5551452 45.5060669 
1570.0000000 45.3587266 45.3096484 
1571.0000000 45.1623081 45.1132298 
1572.0000000 44.9658895 44.9168113 
1573.0000000 44.7694710 44.7203927 
1574.0000000 44.5730524 44.5239742 
1575.0000000 44.3766339 44.3275556 
1576.0000000 44.1802153 44.1311371 
1577.0000000 43.9837968 43.9347185 
1578.0000000 43.7873782 43.7383000 
1579.0000000 43.5909597 43.5418814 
1580.0000000 43.3945411 43.3454629 
1581.0000000 43.1981226 43.1490443 
1582.0000000 43.0017040 42.9526258 
1583.0000000 42.8052855 42.7562072 
1584.0000000 42.6088669 42.5597887 
1585.0000000 42.4124483 42.3633701 
1586.0000000 42.2160298 42.1669516 
1587.0000000 42.0196112 41.9705330 
1588.0000000 41.8231927 41.7741145 
1589.0000000 41.6267741 41.5776959 
1590.0000000 41.4303556 41.3812774 
1591.0000000 41.2339370 41.1848588 
1592.0000000 41.0375185 40.9884403 
1593.0000000 40.8410999 40.7920217 
1594.0000000 40.6446814 40.5956032 
1595.0000000 40.4482628 40.3991846 
1596.0000000 40.2518443 40.2027661 
1597.0000000 40.0554257 40.0063475 
1598.0000000 39.8590072 39.8099290 
1599.0000000 39.6625886 39.6135104 
1600.0000000 39.4661701 39.4170919 
1601.0000000 39.2697515 39.2206733 
1602.0000000 39.0733330 39.0242548 
1603.0000000 38.8769144 38.8278362 
1604.0000000 38.6804959 38.6314177 
1605.0000000 38.4840773 38.4349991 
1606.0000000 38.2876588 38.2385806 
1607.0000000 38.0912402 38.0421620 
1608.0000000 37.8948217 37.8457435 
1609.0000000 37.6984031 37.6493249 
1610.0000000 37.5019846 37.4529064 
1611.0000000 37.3055660 37.2564878 
1612.0000000 37.1091475 37.0600693 
1613.0000000 36.9127289 36.8636507 
1614.0000000 36.7163104 36.6672322 
1615.0000000 36.5198918 36.4708136 
1616.0000000 36.3234733 36.2743951 
1617.0000000 36.1270547 36.0779765 
1618.0000000 35.9306362 35.8815580 
1619.0000000 35.7342176 35.6851394 
1620.0000000 35.5377991 35.4887209 
1621.0000000 35.3413805 35.2923023 
1622.0000000 35.1449620 35.0958838 
1623.0000000 34.9485434 34.8994652 
1624.0000000 34.7521249 34.7030467 
1625.0000000 34.5557063 34.5066281 
1626.0000000 34.3592878 34.3102096 
1627.0000000 34.1628692 34.1137910 
1628.0000000 33.9664507 33.9173725 
1629.0000000 33.7700321 33.7209539 
1630.0000000 33.5736136 33.5245354 
1631.0000000 33.3771950 33.3281168 
1632.0000000 33.1807765 33.1316983 
1633.0000000 32.9843579 32.9352797 
1634.0000000 32.7879394 32.7388612 
1635.0000000 32.5915208 32.5424426 
1636.0000000 32.3951023 32.3460241 
1637.0000000 32.1986837 32.1496055 
1638.0000000 32.0022652 31.9531870 
1639.0000000 31.8058466 31.7567684 
1640.0000000 31.6094281 31.5603499 
1641.0000000 31.4130095 31.3639313 
1642.0000000 31.2165910 31.1675128 
1643.0000000 31.0201724 30.9710942 
1644.0000000 30.8237539 30.7746757 
1645.0000000 30.6273353 30.5782571 
1646.0000000 30.4309168 30.3818386 
1647.0000000 30.2344982 30.1854200 
1648.0000000 30.0380797 29.9890015 
1649.0000000 29.8416611 29.7925829 
1650.0000000 29.6452426 29.5961644 
1651.0000000 29.4488240 29.3997458 
1652.0000000 29.2524055 29.2033273 
1653.0000000 29.0559869 29.0069087 
1654.0000000 28.8595684 28.8104902 
1655.0000000 28.6631498 28.6140716 
1656.0000000 28.4667313 28.4176531 
1657.0000000 28.2703127 28.2212345 
1658.0000000 28.0738942 28.0248160 
1659.0000000 27.8774756 27.8283974 
1660.0000000 27.6810571 27.6319789 
1661.0000000 27.4846385 27.4355603 
1662.0000000 27.2882200 27.2391418 
1663.0000000 27.0918014 27.0427232 
1664.0000000 26.8953829 26.8463047 
1665.0000000 26.6989643 26.6498861 
1666.0000000 26.5025458 26.4534676 
1667.0000000 26.3061272 26.2570490 
1668.0000000 26.1097087 26.0606305 
1669.0000000 25.9132901 25.8642119 
1670.0000000 25.7168716 25.6677934 
1671.0000000 25.5204530 25.4713748 
1672.0000000 25.3240345 25.2749563 
1673.0000000 25.1276159 25.0785377 
1674.0000000 24.9311974 24.8821192 
1675.0000000 24.7347788 24.6857006 
1676.0000000 24.5383603 24.4892821 
1677.0000000 24.3419417 24.2928635 
1678.0000000 24.1455232 24.0964450 
1679.0000000 23.9491046 23.9000264 
1680.0000000 23.7526861 23.7036079 
1681.0000000 23.5562675 23.5071893 
1682.0000000 23.3598490 23.3107708 
1683.0000000 23.1634304 23.1143522 
1684.0000000 22.9670119 22.9179337 
1685.0000000 22.7705933 22.7215151 
1686.0000000 22.5741748 22.5250966 
1687.0000000 22.3777562 22.3286780 
1688.0000000 22.1813377 22.1322595 
1689.0000000 21.9849191 21.9358409 
1690.0000000 21.7885006 21.7394224 
1691.0000000 21.5920820 21.5430038 
1692.0000000 21.3956635 21.3465852 
1693.0000000 21.1992449 21.1501667 
1694.0000000 21.0028264 20.9537481 
1695.0000000 20.8064078 20.7573296 
1696.0000000 20.6099893 20.5609110 
1697.0000000 20.4135707 20.3644925 
1698.0000000 20.2171522 20.1680739 
1699.0000000 20.0207336 19.9716554 
1700.0000000 19.8243151 19.7752368 
1701.0000000 19.6278965 19.5788183 
1702.0000000 19.4314780 19.3823997 
1703.0000000 19.2350594 19.1859812 
1704.0000000 19.0386409 18.9895626 
1705.0000000 18.8422223 18.7931441 
1706.0000000 18.6458038 18.5967255 
1707.0000000 18.4493852 18.4003070 
1708.0000000 18.2529667 18.2038884 
1709.0000000 18.0565481 18.0074699 
1710.0000000 17.8601296 17.8110513 
1711.0000000 17.6637110 17.6146328 
1712.0000000 17.4672925 17.4182142 
1713.0000000 17.2708739 17.2217957 
1714.0000000 17.0744554 17.0253771 
1715.0000000 16.8780368 16.8289586 
1716.0000000 16.6816183 16.6325400 
1717.0000000 16.4851997 16.4361215 
1718.0000000 16.2887812 16.2397029 
1719.0000000 16.0923626 16.0432844 
1720.0000000 15.8959441 15.8468658 
1721.0000000 15.6995255 15.6504473 
1722.0000000 15.5031070 15.4540287 
1723.0000000 15.3066884 15.2576102 
1724.0000000 15.1102699 15.0611916 
1725.0000000 14.9138513 14.8647731 
1726.0000000 14.7174328 14.6683545 
1727.0000000 14.5210142 14.4719360 
1728.0000000 14.3245957 14.2755174 
1729.0000000 14.1281771 14.0790989 
1730.0000000 13.9317586 13.8826803 
1731.0000000 13.7353400 13.6862618 
1732.0000000 13.5389215 13.4898432 
1733.0000000 13.3425029 13.2934247 
1734.0000000 13.1460844 13.0970061 
1735.0000000 12.9496658 12.9005876 
1736.0000000 12.7532472 12.7041690 
1737.0000000 12.5568287 12.5077505 
1738.0000000 12.3604101 12.3113319 
1739.0000000 12.1639916 12.1149134 
1740.0000000 11.9675730 11.9184948 
1741.0000000 11.7711545 11.7220763 
1742.0000000 11.5747359 11.5256577 
1743.0000000 11.3783174 11.3292392 
1744.0000000 11.1818988 11.1328206 
1745.0000000 10.9854803 10.9364021 
1746.0000000 10.7890617 10.7399835 
1747.0000000 10.5926432 10.5435650 
1748.0000000 10.3962246 10.3471464 
1749.0000000 10.1998061 10.1507279 
1750.0000000 10.0033875 9.9543093 
1751.0000000 9.8069690 9.7578908 
1752.0000000 9.6105504 9.5614722 
1753.0000000 9.4141319 9.3650537 
1754.0000000 9.2177133 9.1686351 
1755.0000000 9.0212948 8.9722166 
1756.0000000 8.8248762 8.7757980 
1757.0000000 8.6284577 8.5793795 
1758.0000000 8.4320391 8.3829609 
1759.0000000 8.2356206 8.1865424 
1760.0000000 8.0392020 7.9901238 
1761.0000000 7.8427835 7.7937053 
1762.0000000 7.6463649 7.5972867 
1763.0000000 7.4499464 7.4008682 
1764.0000000 7.2535278 7.2044496 
1765.0000000 7.0571093 7.0080311 
1766.0000000 6.8606907 6.8116125 
1767.0000000 6.6642722 6.6151940 
1768.0000000 6.4678536 6.4187754 
1769.0000000 6.2714351 6.2223569 
1770.0000000 6.0750165 6.0259383 
1771.0000000 5.8785980 5.8295198 
1772.0000000 5.6821794 5.6331012 
1773.0000000 5.4857609 5.4366827 
1774.0000000 5.2893423 5.2402641 
1775.0000000 5.0929238 5.0438456 
1776.0000000 4.8965052 4.8474270 
1777.0000000 4.7000867 4.6510085 
1778.0000000 4.5036681 4.4545899 
1779.0000000 4.3072496 4.2581714 
1780.0000000 4.1108310 4.0617528 
1781.0000000 3.9144125 3.8653343 
1782.0000000 3.7179939 3.6689157 
1783.0000000 3.5215754 3.4724972 
1784.0000000 3.3251568 3.2760786 
1785.0000000 3.1287383 3.0796601 
1786.0000000 2.9323197 2.8832415 
1787.0000000 2.7359012 2.6868230 
1788.0000000 2.5394826 2.4904044 
1789.0000000 2.3430641 2.2939859 
1790.0000000 2.1466455 2.0975673 
1791.0000000 1.9502270 1.9011488 
1792.0000000 1.7538084 1.7047302 
1793.0000000 1.5573899 1.5083117 
1794.0000000 1.3609713 1.3118931 
1795.0000000 1.1645528 1.1154746 
1796.0000000 0.9681342 0.9190560 
1797.0000000 0.7717157 0.7226375 
1798.0000000 0.5752971 0.5262189 
1799.0000000 0.3788786 0.3298004 
1800.0000000 0.1824600 0.1333818 

