1.0000000 353.6391614 353.5994568 
2.0000000 353.4427429 353.4030382 
3.0000000 353.2463243 353.2066197 
4.0000000 353.0499058 353.0102011 
5.0000000 352.8534872 352.8137826 
6.0000000 352.6570687 352.6173640 
7.0000000 352.4606501 352.4209455 
8.0000000 352.2642316 352.2245269 
9.0000000 352.0678130 352.0281084 
10.0000000 351.8713945 351.8316898 
11.0000000 351.6749759 351.6352713 
12.0000000 351.4785574 351.4388527 
13.0000000 351.2821388 351.2424342 
14.0000000 351.0857203 351.0460156 
15.0000000 350.8893017 350.8495971 
16.0000000 350.6928832 350.6531785 
17.0000000 350.4964646 350.4567600 
18.0000000 350.3000461 350.2603414 
19.0000000 350.1036275 350.0639229 
20.0000000 349.9072090 349.8675043 
21.0000000 349.7107904 349.6710858 
22.0000000 349.5143719 349.4746672 
23.0000000 349.3179533 349.2782487 
24.0000000 349.1215348 349.0818301 
25.0000000 348.9251162 348.8854116 
26.0000000 348.7286977 348.6889930 
27.0000000 348.5322791 348.4925745 
28.0000000 348.3358606 348.2961559 
29.0000000 348.1394420 348.0997374 
30.0000000 347.9430235 347.9033188 
31.0000000 347.7466049 347.7069003 
32.0000000 347.5501864 347.5104817 
33.0000000 347.3537678 347.3140632 
34.0000000 347.1573493 347.1176446 
35.0000000 346.9609307 346.9212261 
36.0000000 346.7645122 346.7248075 
37.0000000 346.5680936 346.5283890 
38.0000000 346.3716751 346.3319704 
39.0000000 346.1752565 346.1355519 
40.0000000 345.9788380 345.9391333 
41.0000000 345.7824194 345.7427148 
42.0000000 345.5860009 345.5462962 
43.0000000 345.3895823 345.3498777 
44.0000000 345.1931638 345.1534591 
45.0000000 344.9967452 344.9570406 
46.0000000 344.8003267 344.7606220 
47.0000000 344.6039081 344.5642035 
48.0000000 344.4074896 344.3677849 
49.0000000 344.2110710 344.1713664 
50.0000000 344.0146525 343.9749478 
51.0000000 343.8182339 343.7785292 
52.0000000 343.6218154 343.5821107 
53.0000000 343.4253968 343.3856921 
54.0000000 343.2289783 343.1892736 
55.0000000 343.0325597 342.9928550 
56.0000000 342.8361412 342.7964365 
57.0000000 342.6397226 342.6000179 
58.0000000 342.4433041 342.4035994 
59.0000000 342.2468855 342.2071808 
60.0000000 342.0504670 342.0107623 
61.0000000 341.8540484 341.8143437 
62.0000000 341.6576299 341.6179252 
63.0000000 341.4612113 341.4215066 
64.0000000 341.2647928 341.2250881 
65.0000000 341.0683742 341.0286695 
66.0000000 340.8719556 340.8322510 
67.0000000 340.6755371 340.6358324 
68.0000000 340.4791185 340.4394139 
69.0000000 340.2827000 340.2429953 
70.0000000 340.0862814 340.0465768 
71.0000000 339.8898629 339.8501582 
72.0000000 339.6934443 339.6537397 
73.0000000 339.4970258 339.4573211 
74.0000000 339.3006072 339.2609026 
75.0000000 339.1041887 339.0644840 
76.0000000 338.9077701 338.8680655 
77.0000000 338.7113516 338.6716469 
78.0000000 338.5149330 338.4752284 
79.0000000 338.3185145 338.2788098 
80.0000000 338.1220959 338.0823913 
81.0000000 337.9256774 337.8859727 
82.0000000 337.7292588 337.6895542 
83.0000000 337.5328403 337.4931356 
84.0000000 337.3364217 337.2967171 
85.0000000 337.1400032 337.1002985 
86.0000000 336.9435846 336.9038800 
87.0000000 336.7471661 336.7074614 
88.0000000 336.5507475 336.5110429 
89.0000000 336.3543290 336.3146243 
90.0000000 336.1579104 336.1182058 
91.0000000 335.9614919 335.9217872 
92.0000000 335.7650733 335.7253687 
93.0000000 335.5686548 335.5289501 
94.0000000 335.3722362 335.3325316 
95.0000000 335.1758177 335.1361130 
96.0000000 334.9793991 334.9396945 
97.0000000 334.7829806 334.7432759 
98.0000000 334.5865620 334.5468574 
99.0000000 334.3901435 334.3504388 
100.0000000 334.1937249 334.1540203 
101.0000000 333.9973064 333.9576017 
102.0000000 333.8008878 333.7611832 
103.0000000 333.6044693 333.5647646 
104.0000000 333.4080507 333.3683461 
105.0000000 333.2116322 333.1719275 
106.0000000 333.0152136 332.9755090 
107.0000000 332.8187951 332.7790904 
108.0000000 332.6223765 332.5826719 
109.0000000 332.4259580 332.3862533 
110.0000000 332.2295394 332.1898348 
111.0000000 332.0331209 331.9934162 
112.0000000 331.8367023 331.7969977 
113.0000000 331.6402838 331.6005791 
114.0000000 331.4438652 331.4041606 
115.0000000 331.2474467 331.2077420 
116.0000000 331.0510281 331.0113235 
117.0000000 330.8546096 330.8149049 
118.0000000 330.6581910 330.6184864 
119.0000000 330.4617725 330.4220678 
120.0000000 330.2653539 330.2256493 
121.0000000 330.0689354 330.0292307 
122.0000000 329.8725168 329.8328122 
123.0000000 329.6760983 329.6363936 
124.0000000 329.4796797 329.4399751 
125.0000000 329.2832612 329.2435565 
126.0000000 329.0868426 329.0471380 
127.0000000 328.8904241 328.8507194 
128.0000000 328.6940055 328.6543009 
129.0000000 328.4975870 328.4578823 
130.0000000 328.3011684 328.2614638 
131.0000000 328.1047499 328.0650452 
132.0000000 327.9083313 327.8686267 
133.0000000 327.7119128 327.6722081 
134.0000000 327.5154942 327.4757896 
135.0000000 327.3190757 327.2793710 
136.0000000 327.1226571 327.0829525 
137.0000000 326.9262386 326.8865339 
138.0000000 326.7298200 326.6901154 
139.0000000 326.5334015 326.4936968 
140.0000000 326.3369829 326.2972783 
141.0000000 326.1405644 326.1008597 
142.0000000 325.9441458 325.9044412 
143.0000000 325.7477273 325.7080226 
144.0000000 325.5513087 325.5116041 
145.0000000 325.3548902 325.3151855 
146.0000000 325.1584716 325.1187670 
147.0000000 324.9620531 324.9223484 
148.0000000 324.7656345 324.7259299 
149.0000000 324.5692160 324.5295113 
150.0000000 324.3727974 324.3330928 
151.0000000 324.1763789 324.1366742 
152.0000000 323.9799603 323.9402557 
153.0000000 323.7835418 323.7438371 
154.0000000 323.5871232 323.5474186 
155.0000000 323.3907047 323.3510000 
156.0000000 323.1942861 323.1545815 
157.0000000 322.9978676 322.9581629 
158.0000000 322.8014490 322.7617444 
159.0000000 322.6050305 322.5653258 
160.0000000 322.4086119 322.3689073 
161.0000000 322.2121934 322.1724887 
162.0000000 322.0157748 321.9760702 
163.0000000 321.8193563 321.7796516 
164.0000000 321.6229377 321.5832331 
165.0000000 321.4265192 321.3868145 
166.0000000 321.2301006 321.1903960 
167.0000000 321.0336821 320.9939774 
168.0000000 320.8372635 320.7975589 
169.0000000 320.6408450 320.6011403 
170.0000000 320.4444264 320.4047218 
171.0000000 320.2480079 320.2083032 
172.0000000 320.0515893 320.0118847 
173.0000000 319.8551708 319.8154661 
174.0000000 319.6587522 319.6190476 
175.0000000 319.4623337 319.4226290 
176.0000000 319.2659151 319.2262105 
177.0000000 319.0694966 319.0297919 
178.0000000 318.8730780 318.8333734 
179.0000000 318.6766595 318.6369548 
180.0000000 318.4802409 318.4405363 
181.0000000 318.2838224 318.2441177 
182.0000000 318.0874038 318.0476992 
183.0000000 317.8909853 317.8512806 
184.0000000 317.6945667 317.6548621 
185.0000000 317.4981482 317.4584435 
186.0000000 317.3017296 317.2620250 
187.0000000 317.1053111 317.0656064 
188.0000000 316.9088925 316.8691879 
189.0000000 316.7124740 316.6727693 
190.0000000 316.5160554 316.4763508 
191.0000000 316.3196369 316.2799322 
192.0000000 316.1232183 316.0835137 
193.0000000 315.9267998 315.8870951 
194.0000000 315.7303812 315.6906766 
195.0000000 315.5339627 315.4942580 
196.0000000 315.3375441 315.2978395 
197.0000000 315.1411256 315.1014209 
198.0000000 314.9447070 314.9050024 
199.0000000 314.7482885 314.7085838 
200.0000000 314.5518699 314.5121653 
201.0000000 314.3554514 314.3157467 
202.0000000 314.1590328 314.1193281 
203.0000000 313.9626143 313.9229096 
204.0000000 313.7661957 313.7264910 
205.0000000 313.5697772 313.5300725 
206.0000000 313.3733586 313.3336539 
207.0000000 313.1769401 313.1372354 
208.0000000 312.9805215 312.9408168 
209.0000000 312.7841030 312.7443983 
210.0000000 312.5876844 312.5479797 
211.0000000 312.3912659 312.3515612 
212.0000000 312.1948473 312.1551426 
213.0000000 311.9984288 311.9587241 
214.0000000 311.8020102 311.7623055 
215.0000000 311.6055917 311.5658870 
216.0000000 311.4091731 311.3694684 
217.0000000 311.2127545 311.1730499 
218.0000000 311.0163360 310.9766313 
219.0000000 310.8199174 310.7802128 
220.0000000 310.6234989 310.5837942 
221.0000000 310.4270803 310.3873757 
222.0000000 310.2306618 310.1909571 
223.0000000 310.0342432 309.9945386 
224.0000000 309.8378247 309.7981200 
225.0000000 309.6414061 309.6017015 
226.0000000 309.4449876 309.4052829 
227.0000000 309.2485690 309.2088644 
228.0000000 309.0521505 309.0124458 
229.0000000 308.8557319 308.8160273 
230.0000000 308.6593134 308.6196087 
231.0000000 308.4628948 308.4231902 
232.0000000 308.2664763 308.2267716 
233.0000000 308.0700577 308.0303531 
234.0000000 307.8736392 307.8339345 
235.0000000 307.6772206 307.6375160 
236.0000000 307.4808021 307.4410974 
237.0000000 307.2843835 307.2446789 
238.0000000 307.0879650 307.0482603 
239.0000000 306.8915464 306.8518418 
240.0000000 306.6951279 306.6554232 
241.0000000 306.4987093 306.4590047 
242.0000000 306.3022908 306.2625861 
243.0000000 306.1058722 306.0661676 
244.0000000 305.9094537 305.8697490 
245.0000000 305.7130351 305.6733305 
246.0000000 305.5166166 305.4769119 
247.0000000 305.3201980 305.2804934 
248.0000000 305.1237795 305.0840748 
249.0000000 304.9273609 304.8876563 
250.0000000 304.7309424 304.6912377 
251.0000000 304.5345238 304.4948192 
252.0000000 304.3381053 304.2984006 
253.0000000 304.1416867 304.1019821 
254.0000000 303.9452682 303.9055635 
255.0000000 303.7488496 303.7091450 
256.0000000 303.5524311 303.5127264 
257.0000000 303.3560125 303.3163079 
258.0000000 303.1595940 303.1198893 
259.0000000 302.9631754 302.9234708 
260.0000000 302.7667569 302.7270522 
261.0000000 302.5703383 302.5306337 
262.0000000 302.3739198 302.3342151 
263.0000000 302.1775012 302.1377966 
264.0000000 301.9810827 301.9413780 
265.0000000 301.7846641 301.7449595 
266.0000000 301.5882456 301.5485409 
267.0000000 301.3918270 301.3521224 
268.0000000 301.1954085 301.1557038 
269.0000000 300.9989899 300.9592853 
270.0000000 300.8025714 300.7628667 
271.0000000 300.6061528 300.5664482 
272.0000000 300.4097343 300.3700296 
273.0000000 300.2133157 300.1736111 
274.0000000 300.0168972 299.9771925 
275.0000000 299.8204786 299.7807740 
276.0000000 299.6240601 299.5843554 
277.0000000 299.4276415 299.3879369 
278.0000000 299.2312230 299.1915183 
279.0000000 299.0348044 298.9950998 
280.0000000 298.8383859 298.7986812 
281.0000000 298.6419673 298.6022627 
282.0000000 298.4455488 298.4058441 
283.0000000 298.2491302 298.2094256 
284.0000000 298.0527117 298.0130070 
285.0000000 297.8562931 297.8165885 
286.0000000 297.6598746 297.6201699 
287.0000000 297.4634560 297.4237514 
288.0000000 297.2670375 297.2273328 
289.0000000 297.0706189 297.0309143 
290.0000000 296.8742004 296.8344957 
291.0000000 296.6777818 296.6380772 
292.0000000 296.4813633 296.4416586 
293.0000000 296.2849447 296.2452401 
294.0000000 296.0885262 296.0488215 
295.0000000 295.8921076 295.8524030 
296.0000000 295.6956891 295.6559844 
297.0000000 295.4992705 295.4595659 
298.0000000 295.3028520 295.2631473 
299.0000000 295.1064334 295.0667288 
300.0000000 294.9100149 294.8703102 
301.0000000 294.7135963 294.6738917 
302.0000000 294.5171778 294.4774731 
303.0000000 294.3207592 294.2810546 
304.0000000 294.1243407 294.0846360 
305.0000000 293.9279221 293.8882175 
306.0000000 293.7315036 293.6917989 
307.0000000 293.5350850 293.4953804 
308.0000000 293.3386665 293.2989618 
309.0000000 293.1422479 293.1025433 
310.0000000 292.9458294 292.9061247 
311.0000000 292.7494108 292.7097062 
312.0000000 292.5529923 292.5132876 
313.0000000 292.3565737 292.3168691 
314.0000000 292.1601552 292.1204505 
315.0000000 291.9637366 291.9240320 
316.0000000 291.7673181 291.7276134 
317.0000000 291.5708995 291.5311949 
318.0000000 291.3744810 291.3347763 
319.0000000 291.1780624 291.1383578 
320.0000000 290.9816439 290.9419392 
321.0000000 290.7852253 290.7455207 
322.0000000 290.5888068 290.5491021 
323.0000000 290.3923882 290.3526836 
324.0000000 290.1959697 290.1562650 
325.0000000 289.9995511 289.9598465 
326.0000000 289.8031326 289.7634279 
327.0000000 289.6067140 289.5670094 
328.0000000 289.4102955 289.3705908 
329.0000000 289.2138769 289.1741723 
330.0000000 289.0174584 288.9777537 
331.0000000 288.8210398 288.7813352 
332.0000000 288.6246213 288.5849166 
333.0000000 288.4282027 288.3884981 
334.0000000 288.2317842 288.1920795 
335.0000000 288.0353656 287.9956610 
336.0000000 287.8389471 287.7992424 
337.0000000 287.6425285 287.6028239 
338.0000000 287.4461100 287.4064053 
339.0000000 287.2496914 287.2099868 
340.0000000 287.0532729 287.0135682 
341.0000000 286.8568543 286.8171497 
342.0000000 286.6604358 286.6207311 
343.0000000 286.4640172 286.4243126 
344.0000000 286.2675987 286.2278940 
345.0000000 286.0711801 286.0314755 
346.0000000 285.8747616 285.8350569 
347.0000000 285.6783430 285.6386384 
348.0000000 285.4819245 285.4422198 
349.0000000 285.2855059 285.2458013 
350.0000000 285.0890874 285.0493827 
351.0000000 284.8926688 284.8529642 
352.0000000 284.6962503 284.6565456 
353.0000000 284.4998317 284.4601270 
354.0000000 284.3034132 284.2637085 
355.0000000 284.1069946 284.0672899 
356.0000000 283.9105761 283.8708714 
357.0000000 283.7141575 283.6744528 
358.0000000 283.5177390 283.4780343 
359.0000000 283.3213204 283.2816157 
360.0000000 283.1249019 283.0851972 
361.0000000 282.9284833 282.8887786 
362.0000000 282.7320648 282.6923601 
363.0000000 282.5356462 282.4959415 
364.0000000 282.3392277 282.2995230 
365.0000000 282.1428091 282.1031044 
366.0000000 281.9463906 281.9066859 
367.0000000 281.7499720 281.7102673 
368.0000000 281.5535535 281.5138488 
369.0000000 281.3571349 281.3174302 
370.0000000 281.1607163 281.1210117 
371.0000000 280.9642978 280.9245931 
372.0000000 280.7678792 280.7281746 
373.0000000 280.5714607 280.5317560 
374.0000000 280.3750421 280.3353375 
375.0000000 280.1786236 280.1389189 
376.0000000 279.9822050 279.9425004 
377.0000000 279.7857865 279.7460818 
378.0000000 279.5893679 279.5496633 
379.0000000 279.3929494 279.3532447 
380.0000000 279.1965308 279.1568262 
381.0000000 279.0001123 278.9604076 
382.0000000 278.8036937 278.7639891 
383.0000000 278.6072752 278.5675705 
384.0000000 278.4108566 278.3711520 
385.0000000 278.2144381 278.1747334 
386.0000000 278.0180195 277.9783149 
387.0000000 277.8216010 277.7818963 
388.0000000 277.6251824 277.5854778 
389.0000000 277.4287639 277.3890592 
390.0000000 277.2323453 277.1926407 
391.0000000 277.0359268 276.9962221 
392.0000000 276.8395082 276.7998036 
393.0000000 276.6430897 276.6033850 
394.0000000 276.4466711 276.4069665 
395.0000000 276.2502526 276.2105479 
396.0000000 276.0538340 276.0141294 
397.0000000 275.8574155 275.8177108 
398.0000000 275.6609969 275.6212923 
399.0000000 275.4645784 275.4248737 
400.0000000 275.2681598 275.2284552 
401.0000000 275.0717413 275.0320366 
402.0000000 274.8753227 274.8356181 
403.0000000 274.6789042 274.6391995 
404.0000000 274.4824856 274.4427810 
405.0000000 274.2860671 274.2463624 
406.0000000 274.0896485 274.0499439 
407.0000000 273.8932300 273.8535253 
408.0000000 273.6968114 273.6571068 
409.0000000 273.5003929 273.4606882 
410.0000000 273.3039743 273.2642697 
411.0000000 273.1075558 273.0678511 
412.0000000 272.9111372 272.8714326 
413.0000000 272.7147187 272.6750140 
414.0000000 272.5183001 272.4785955 
415.0000000 272.3218816 272.2821769 
416.0000000 272.1254630 272.0857584 
417.0000000 271.9290445 271.8893398 
418.0000000 271.7326259 271.6929213 
419.0000000 271.5362074 271.4965027 
420.0000000 271.3397888 271.3000842 
421.0000000 271.1433703 271.1036656 
422.0000000 270.9469517 270.9072471 
423.0000000 270.7505332 270.7108285 
424.0000000 270.5541146 270.5144100 
425.0000000 270.3576961 270.3179914 
426.0000000 270.1612775 270.1215729 
427.0000000 269.9648590 269.9251543 
428.0000000 269.7684404 269.7287358 
429.0000000 269.5720219 269.5323172 
430.0000000 269.3756033 269.3358987 
431.0000000 269.1791848 269.1394801 
432.0000000 268.9827662 268.9430616 
433.0000000 268.7863477 268.7466430 
434.0000000 268.5899291 268.5502245 
435.0000000 268.3935106 268.3538059 
436.0000000 268.1970920 268.1573874 
437.0000000 268.0006735 267.9609688 
438.0000000 267.8042549 267.7645503 
439.0000000 267.6078364 267.5681317 
440.0000000 267.4114178 267.3717132 
441.0000000 267.2149993 267.1752946 
442.0000000 267.0185807 266.9788761 
443.0000000 266.8221622 266.7824575 
444.0000000 266.6257436 266.5860390 
445.0000000 266.4293251 266.3896204 
446.0000000 266.2329065 266.1932019 
447.0000000 266.0364880 265.9967833 
448.0000000 265.8400694 265.8003648 
449.0000000 265.6436509 265.6039462 
450.0000000 265.4472323 265.4075277 
451.0000000 265.2508138 265.2111091 
452.0000000 265.0543952 265.0146906 
453.0000000 264.8579767 264.8182720 
454.0000000 264.6615581 264.6218535 
455.0000000 264.4651396 264.4254349 
456.0000000 264.2687210 264.2290164 
457.0000000 264.0723025 264.0325978 
458.0000000 263.8758839 263.8361793 
459.0000000 263.6794654 263.6397607 
460.0000000 263.4830468 263.4433422 
461.0000000 263.2866283 263.2469236 
462.0000000 263.0902097 263.0505051 
463.0000000 262.8937912 262.8540865 
464.0000000 262.6973726 262.6576680 
465.0000000 262.5009541 262.4612494 
466.0000000 262.3045355 262.2648309 
467.0000000 262.1081170 262.0684123 
468.0000000 261.9116984 261.8719938 
469.0000000 261.7152799 261.6755752 
470.0000000 261.5188613 261.4791567 
471.0000000 261.3224428 261.2827381 
472.0000000 261.1260242 261.0863196 
473.0000000 260.9296057 260.8899010 
474.0000000 260.7331871 260.6934825 
475.0000000 260.5367686 260.4970639 
476.0000000 260.3403500 260.3006454 
477.0000000 260.1439315 260.1042268 
478.0000000 259.9475129 259.9078083 
479.0000000 259.7510944 259.7113897 
480.0000000 259.5546758 259.5149712 
481.0000000 259.3582573 259.3185526 
482.0000000 259.1618387 259.1221341 
483.0000000 258.9654202 258.9257155 
484.0000000 258.7690016 258.7292970 
485.0000000 258.5725831 258.5328784 
486.0000000 258.3761645 258.3364599 
487.0000000 258.1797460 258.1400413 
488.0000000 257.9833274 257.9436228 
489.0000000 257.7869089 257.7472042 
490.0000000 257.5904903 257.5507857 
491.0000000 257.3940718 257.3543671 
492.0000000 257.1976532 257.1579486 
493.0000000 257.0012347 256.9615300 
494.0000000 256.8048161 256.7651115 
495.0000000 256.6083976 256.5686929 
496.0000000 256.4119790 256.3722744 
497.0000000 256.2155605 256.1758558 
498.0000000 256.0191419 255.9794373 
499.0000000 255.8227234 255.7830187 
500.0000000 255.6263048 255.5866002 
501.0000000 255.4298863 255.3901816 
502.0000000 255.2334677 255.1937631 
503.0000000 255.0370492 254.9973445 
504.0000000 254.8406306 254.8009260 
505.0000000 254.6442121 254.6045074 
506.0000000 254.4477935 254.4080888 
507.0000000 254.2513750 254.2116703 
508.0000000 254.0549564 254.0152517 
509.0000000 253.8585379 253.8188332 
510.0000000 253.6621193 253.6224146 
511.0000000 253.4657008 253.4259961 
512.0000000 253.2692822 253.2295775 
513.0000000 253.0728637 253.0331590 
514.0000000 252.8764451 252.8367404 
515.0000000 252.6800266 252.6403219 
516.0000000 252.4836080 252.4439033 
517.0000000 252.2871895 252.2474848 
518.0000000 252.0907709 252.0510662 
519.0000000 251.8943524 251.8546477 
520.0000000 251.6979338 251.6582291 
521.0000000 251.5015152 251.4618106 
522.0000000 251.3050967 251.2653920 
523.0000000 251.1086781 251.0689735 
524.0000000 250.9122596 250.8725549 
525.0000000 250.7158410 250.6761364 
526.0000000 250.5194225 250.4797178 
527.0000000 250.3230039 250.2832993 
528.0000000 250.1265854 250.0868807 
529.0000000 249.9301668 249.8904622 
530.0000000 249.7337483 249.6940436 
531.0000000 249.5373297 249.4976251 
532.0000000 249.3409112 249.3012065 
533.0000000 249.1444926 249.1047880 
534.0000000 248.9480741 248.9083694 
535.0000000 248.7516555 248.7119509 
536.0000000 248.5552370 248.5155323 
537.0000000 248.3588184 248.3191138 
538.0000000 248.1623999 248.1226952 
539.0000000 247.9659813 247.9262767 
540.0000000 247.7695628 247.7298581 
541.0000000 247.5731442 247.5334396 
542.0000000 247.3767257 247.3370210 
543.0000000 247.1803071 247.1406025 
544.0000000 246.9838886 246.9441839 
545.0000000 246.7874700 246.7477654 
546.0000000 246.5910515 246.5513468 
547.0000000 246.3946329 246.3549283 
548.0000000 246.1982144 246.1585097 
549.0000000 246.0017958 245.9620912 
550.0000000 245.8053773 245.7656726 
551.0000000 245.6089587 245.5692541 
552.0000000 245.4125402 245.3728355 
553.0000000 245.2161216 245.1764170 
554.0000000 245.0197031 244.9799984 
555.0000000 244.8232845 244.7835799 
556.0000000 244.6268660 244.5871613 
557.0000000 244.4304474 244.3907428 
558.0000000 244.2340289 244.1943242 
559.0000000 244.0376103 243.9979057 
560.0000000 243.8411918 243.8014871 
561.0000000 243.6447732 243.6050686 
562.0000000 243.4483547 243.4086500 
563.0000000 243.2519361 243.2122315 
564.0000000 243.0555176 243.0158129 
565.0000000 242.8590990 242.8193944 
566.0000000 242.6626805 242.6229758 
567.0000000 242.4662619 242.4265573 
568.0000000 242.2698434 242.2301387 
569.0000000 242.0734248 242.0337202 
570.0000000 241.8770063 241.8373016 
571.0000000 241.6805877 241.6408831 
572.0000000 241.4841692 241.4444645 
573.0000000 241.2877506 241.2480460 
574.0000000 241.0913321 241.0516274 
575.0000000 240.8949135 240.8552089 
576.0000000 240.6984950 240.6587903 
577.0000000 240.5020764 240.4623718 
578.0000000 240.3056579 240.2659532 
579.0000000 240.1092393 240.0695347 
580.0000000 239.9128208 239.8731161 
581.0000000 239.7164022 239.6766976 
582.0000000 239.5199837 239.4802790 
583.0000000 239.3235651 239.2838605 
584.0000000 239.1271466 239.0874419 
585.0000000 238.9307280 238.8910234 
586.0000000 238.7343095 238.6946048 
587.0000000 238.5378909 238.4981863 
588.0000000 238.3414724 238.3017677 
589.0000000 238.1450538 238.1053492 
590.0000000 237.9486353 237.9089306 
591.0000000 237.7522167 237.7125121 
592.0000000 237.5557982 237.5160935 
593.0000000 237.3593796 237.3196750 
594.0000000 237.1629611 237.1232564 
595.0000000 236.9665425 236.9268379 
596.0000000 236.7701240 236.7304193 
597.0000000 236.5737054 236.5340008 
598.0000000 236.3772869 236.3375822 
599.0000000 236.1808683 236.1411637 
600.0000000 235.9844498 235.9447451 
601.0000000 235.7880312 235.7483266 
602.0000000 235.5916127 235.5519080 
603.0000000 235.3951941 235.3554895 
604.0000000 235.1987756 235.1590709 
605.0000000 235.0023570 234.9626524 
606.0000000 234.8059385 234.7662338 
607.0000000 234.6095199 234.5698153 
608.0000000 234.4131014 234.3733967 
609.0000000 234.2166828 234.1769782 
610.0000000 234.0202643 233.9805596 
611.0000000 233.8238457 233.7841411 
612.0000000 233.6274272 233.5877225 
613.0000000 233.4310086 233.3913040 
614.0000000 233.2345901 233.1948854 
615.0000000 233.0381715 232.9984669 
616.0000000 232.8417530 232.8020483 
617.0000000 232.6453344 232.6056298 
618.0000000 232.4489159 232.4092112 
619.0000000 232.2524973 232.2127927 
620.0000000 232.0560788 232.0163741 
621.0000000 231.8596602 231.8199556 
622.0000000 231.6632417 231.6235370 
623.0000000 231.4668231 231.4271185 
624.0000000 231.2704046 231.2306999 
625.0000000 231.0739860 231.0342814 
626.0000000 230.8775675 230.8378628 
627.0000000 230.6811489 230.6414443 
628.0000000 230.4847304 230.4450257 
629.0000000 230.2883118 230.2486072 
630.0000000 230.0918933 230.0521886 
631.0000000 229.8954747 229.8557701 
632.0000000 229.6990562 229.6593515 
633.0000000 229.5026376 229.4629330 
634.0000000 229.3062191 229.2665144 
635.0000000 229.1098005 229.0700959 
636.0000000 228.9133820 228.8736773 
637.0000000 228.7169634 228.6772588 
638.0000000 228.5205449 228.4808402 
639.0000000 228.3241263 228.2844217 
640.0000000 228.1277078 228.0880031 
641.0000000 227.9312892 227.8915846 
642.0000000 227.7348707 227.6951660 
643.0000000 227.5384521 227.4987475 
644.0000000 227.3420336 227.3023289 
645.0000000 227.1456150 227.1059104 
646.0000000 226.9491965 226.9094918 
647.0000000 226.7527779 226.7130733 
648.0000000 226.5563594 226.5166547 
649.0000000 226.3599408 226.3202362 
650.0000000 226.1635223 226.1238176 
651.0000000 225.9671037 225.9273991 
652.0000000 225.7706852 225.7309805 
653.0000000 225.5742666 225.5345620 
654.0000000 225.3778481 225.3381434 
655.0000000 225.1814295 225.1417249 
656.0000000 224.9850110 224.9453063 
657.0000000 224.7885924 224.7488877 
658.0000000 224.5921739 224.5524692 
659.0000000 224.3957553 224.3560506 
660.0000000 224.1993368 224.1596321 
661.0000000 224.0029182 223.9632135 
662.0000000 223.8064997 223.7667950 
663.0000000 223.6100811 223.5703764 
664.0000000 223.4136626 223.3739579 
665.0000000 223.2172440 223.1775393 
666.0000000 223.0208255 222.9811208 
667.0000000 222.8244069 222.7847022 
668.0000000 222.6279884 222.5882837 
669.0000000 222.4315698 222.3918651 
670.0000000 222.2351513 222.1954466 
671.0000000 222.0387327 221.9990280 
672.0000000 221.8423142 221.8026095 
673.0000000 221.6458956 221.6061909 
674.0000000 221.4494770 221.4097724 
675.0000000 221.2530585 221.2133538 
676.0000000 221.0566399 221.0169353 
677.0000000 220.8602214 220.8205167 
678.0000000 220.6638028 220.6240982 
679.0000000 220.4673843 220.4276796 
680.0000000 220.2709657 220.2312611 
681.0000000 220.0745472 220.0348425 
682.0000000 219.8781286 219.8384240 
683.0000000 219.6817101 219.6420054 
684.0000000 219.4852915 219.4455869 
685.0000000 219.2888730 219.2491683 
686.0000000 219.0924544 219.0527498 
687.0000000 218.8960359 218.8563312 
688.0000000 218.6996173 218.6599127 
689.0000000 218.5031988 218.4634941 
690.0000000 218.3067802 218.2670756 
691.0000000 218.1103617 218.0706570 
692.0000000 217.9139431 217.8742385 
693.0000000 217.7175246 217.6778199 
694.0000000 217.5211060 217.4814014 
695.0000000 217.3246875 217.2849828 
696.0000000 217.1282689 217.0885643 
697.0000000 216.9318504 216.8921457 
698.0000000 216.7354318 216.6957272 
699.0000000 216.5390133 216.4993086 
700.0000000 216.3425947 216.3028901 
701.0000000 216.1461762 216.1064715 
702.0000000 215.9497576 215.9100530 
703.0000000 215.7533391 215.7136344 
704.0000000 215.5569205 215.5172159 
705.0000000 215.3605020 215.3207973 
706.0000000 215.1640834 215.1243788 
707.0000000 214.9676649 214.9279602 
708.0000000 214.7712463 214.7315417 
709.0000000 214.5748278 214.5351231 
710.0000000 214.3784092 214.3387046 
711.0000000 214.1819907 214.1422860 
712.0000000 213.9855721 213.9458675 
713.0000000 213.7891536 213.7494489 
714.0000000 213.5927350 213.5530304 
715.0000000 213.3963165 213.3566118 
716.0000000 213.1998979 213.1601933 
717.0000000 213.0034794 212.9637747 
718.0000000 212.8070608 212.7673562 
719.0000000 212.6106423 212.5709376 
720.0000000 212.4142237 212.3745191 
721.0000000 212.2178052 212.1781005 
722.0000000 212.0213866 211.9816820 
723.0000000 211.8249681 211.7852634 
724.0000000 211.6285495 211.5888449 
725.0000000 211.4321310 211.3924263 
726.0000000 211.2357124 211.1960078 
727.0000000 211.0392939 210.9995892 
728.0000000 210.8428753 210.8031707 
729.0000000 210.6464568 210.6067521 
730.0000000 210.4500382 210.4103336 
731.0000000 210.2536197 210.2139150 
732.0000000 210.0572011 210.0174965 
733.0000000 209.8607826 209.8210779 
734.0000000 209.6643640 209.6246594 
735.0000000 209.4679455 209.4282408 
736.0000000 209.2715269 209.2318223 
737.0000000 209.0751084 209.0354037 
738.0000000 208.8786898 208.8389852 
739.0000000 208.6822713 208.6425666 
740.0000000 208.4858527 208.4461481 
741.0000000 208.2894342 208.2497295 
742.0000000 208.0930156 208.0533110 
743.0000000 207.8965971 207.8568924 
744.0000000 207.7001785 207.6604739 
745.0000000 207.5037600 207.4640553 
746.0000000 207.3073414 207.2676368 
747.0000000 207.1109229 207.0712182 
748.0000000 206.9145043 206.8747997 
749.0000000 206.7180858 206.6783811 
750.0000000 206.5216672 206.4819626 
751.0000000 206.3252487 206.2855440 
752.0000000 206.1288301 206.0891255 
753.0000000 205.9324116 205.8927069 
754.0000000 205.7359930 205.6962884 
755.0000000 205.5395745 205.4998698 
756.0000000 205.3431559 205.3034513 
757.0000000 205.1467374 205.1070327 
758.0000000 204.9503188 204.9106142 
759.0000000 204.7539003 204.7141956 
760.0000000 204.5574817 204.5177771 
761.0000000 204.3610632 204.3213585 
762.0000000 204.1646446 204.1249400 
763.0000000 203.9682261 203.9285214 
764.0000000 203.7718075 203.7321029 
765.0000000 203.5753890 203.5356843 
766.0000000 203.3789704 203.3392658 
767.0000000 203.1825519 203.1428472 
768.0000000 202.9861333 202.9464287 
769.0000000 202.7897148 202.7500101 
770.0000000 202.5932962 202.5535916 
771.0000000 202.3968777 202.3571730 
772.0000000 202.2004591 202.1607545 
773.0000000 202.0040406 201.9643359 
774.0000000 201.8076220 201.7679174 
775.0000000 201.6112035 201.5714988 
776.0000000 201.4147849 201.3750803 
777.0000000 201.2183664 201.1786617 
778.0000000 201.0219478 200.9822432 
779.0000000 200.8255293 200.7858246 
780.0000000 200.6291107 200.5894061 
781.0000000 200.4326922 200.3929875 
782.0000000 200.2362736 200.1965690 
783.0000000 200.0398551 200.0001504 
784.0000000 199.8434365 199.8037319 
785.0000000 199.6470180 199.6073133 
786.0000000 199.4505994 199.4108948 
787.0000000 199.2541809 199.2144762 
788.0000000 199.0577623 199.0180577 
789.0000000 198.8613438 198.8216391 
790.0000000 198.6649252 198.6252206 
791.0000000 198.4685067 198.4288020 
792.0000000 198.2720881 198.2323835 
793.0000000 198.0756696 198.0359649 
794.0000000 197.8792510 197.8395464 
795.0000000 197.6828325 197.6431278 
796.0000000 197.4864139 197.4467093 
797.0000000 197.2899954 197.2502907 
798.0000000 197.0935768 197.0538722 
799.0000000 196.8971583 196.8574536 
800.0000000 196.7007397 196.6610351 
801.0000000 196.5043212 196.4646165 
802.0000000 196.3079026 196.2681980 
803.0000000 196.1114841 196.0717794 
804.0000000 195.9150655 195.8753609 
805.0000000 195.7186470 195.6789423 
806.0000000 195.5222284 195.4825238 
807.0000000 195.3258099 195.2861052 
808.0000000 195.1293913 195.0896866 
809.0000000 194.9329728 194.8932681 
810.0000000 194.7365542 194.6968495 
811.0000000 194.5401357 194.5004310 
812.0000000 194.3437171 194.3040124 
813.0000000 194.1472986 194.1075939 
814.0000000 193.9508800 193.9111753 
815.0000000 193.7544615 193.7147568 
816.0000000 193.5580429 193.5183382 
817.0000000 193.3616244 193.3219197 
818.0000000 193.1652058 193.1255011 
819.0000000 192.9687873 192.9290826 
820.0000000 192.7723687 192.7326640 
821.0000000 192.5759502 192.5362455 
822.0000000 192.3795316 192.3398269 
823.0000000 192.1831131 192.1434084 
824.0000000 191.9866945 191.9469898 
825.0000000 191.7902759 191.7505713 
826.0000000 191.5938574 191.5541527 
827.0000000 191.3974388 191.3577342 
828.0000000 191.2010203 191.1613156 
829.0000000 191.0046017 190.9648971 
830.0000000 190.8081832 190.7684785 
831.0000000 190.6117646 190.5720600 
832.0000000 190.4153461 190.3756414 
833.0000000 190.2189275 190.1792229 
834.0000000 190.0225090 189.9828043 
835.0000000 189.8260904 189.7863858 
836.0000000 189.6296719 189.5899672 
837.0000000 189.4332533 189.3935487 
838.0000000 189.2368348 189.1971301 
839.0000000 189.0404162 189.0007116 
840.0000000 188.8439977 188.8042930 
841.0000000 188.6475791 188.6078745 
842.0000000 188.4511606 188.4114559 
843.0000000 188.2547420 188.2150374 
844.0000000 188.0583235 188.0186188 
845.0000000 187.8619049 187.8222003 
846.0000000 187.6654864 187.6257817 
847.0000000 187.4690678 187.4293632 
848.0000000 187.2726493 187.2329446 
849.0000000 187.0762307 187.0365261 
850.0000000 186.8798122 186.8401075 
851.0000000 186.6833936 186.6436890 
852.0000000 186.4869751 186.4472704 
853.0000000 186.2905565 186.2508519 
854.0000000 186.0941380 186.0544333 
855.0000000 185.8977194 185.8580148 
856.0000000 185.7013009 185.6615962 
857.0000000 185.5048823 185.4651777 
858.0000000 185.3084638 185.2687591 
859.0000000 185.1120452 185.0723406 
860.0000000 184.9156267 184.8759220 
861.0000000 184.7192081 184.6795035 
862.0000000 184.5227896 184.4830849 
863.0000000 184.3263710 184.2866664 
864.0000000 184.1299525 184.0902478 
865.0000000 183.9335339 183.8938293 
866.0000000 183.7371154 183.6974107 
867.0000000 183.5406968 183.5009922 
868.0000000 183.3442783 183.3045736 
869.0000000 183.1478597 183.1081551 
870.0000000 182.9514412 182.9117365 
871.0000000 182.7550226 182.7153180 
872.0000000 182.5586041 182.5188994 
873.0000000 182.3621855 182.3224809 
874.0000000 182.1657670 182.1260623 
875.0000000 181.9693484 181.9296438 
876.0000000 181.7729299 181.7332252 
877.0000000 181.5765113 181.5368067 
878.0000000 181.3800928 181.3403881 
879.0000000 181.1836742 181.1439696 
880.0000000 180.9872557 180.9475510 
881.0000000 180.7908371 180.7511325 
882.0000000 180.5944186 180.5547139 
883.0000000 180.3980000 180.3582954 
884.0000000 180.2015815 180.1618768 
885.0000000 180.0051629 179.9654583 
886.0000000 179.8087444 179.7690397 
887.0000000 179.6123258 179.5726212 
888.0000000 179.4159073 179.3762026 
889.0000000 179.2194887 179.1797841 
890.0000000 179.0230702 178.9833655 
891.0000000 178.8266516 178.7869470 
892.0000000 178.6302331 178.5905284 
893.0000000 178.4338145 178.3941099 
894.0000000 178.2373960 178.1976913 
895.0000000 178.0409774 178.0012728 
896.0000000 177.8445589 177.8048542 
897.0000000 177.6481403 177.6084357 
898.0000000 177.4517218 177.4120171 
899.0000000 177.2553032 177.2155986 
900.0000000 177.0588847 177.0191800 
901.0000000 176.8624661 176.8227615 
902.0000000 176.6660476 176.6263429 
903.0000000 176.4696290 176.4299244 
904.0000000 176.2732105 176.2335058 
905.0000000 176.0767919 176.0370873 
906.0000000 175.8803734 175.8406687 
907.0000000 175.6839548 175.6442502 
908.0000000 175.4875363 175.4478316 
909.0000000 175.2911177 175.2514131 
910.0000000 175.0946992 175.0549945 
911.0000000 174.8982806 174.8585760 
912.0000000 174.7018621 174.6621574 
913.0000000 174.5054435 174.4657389 
914.0000000 174.3090250 174.2693203 
915.0000000 174.1126064 174.0729018 
916.0000000 173.9161879 173.8764832 
917.0000000 173.7197693 173.6800647 
918.0000000 173.5233508 173.4836461 
919.0000000 173.3269322 173.2872276 
920.0000000 173.1305137 173.0908090 
921.0000000 172.9340951 172.8943905 
922.0000000 172.7376766 172.6979719 
923.0000000 172.5412580 172.5015534 
924.0000000 172.3448395 172.3051348 
925.0000000 172.1484209 172.1087163 
926.0000000 171.9520024 171.9122977 
927.0000000 171.7555838 171.7158792 
928.0000000 171.5591653 171.5194606 
929.0000000 171.3627467 171.3230421 
930.0000000 171.1663282 171.1266235 
931.0000000 170.9699096 170.9302050 
932.0000000 170.7734911 170.7337864 
933.0000000 170.5770725 170.5373679 
934.0000000 170.3806540 170.3409493 
935.0000000 170.1842354 170.1445308 
936.0000000 169.9878169 169.9481122 
937.0000000 169.7913983 169.7516937 
938.0000000 169.5949798 169.5552751 
939.0000000 169.3985612 169.3588566 
940.0000000 169.2021427 169.1624380 
941.0000000 169.0057241 168.9660195 
942.0000000 168.8093056 168.7696009 
943.0000000 168.6128870 168.5731824 
944.0000000 168.4164685 168.3767638 
945.0000000 168.2200499 168.1803453 
946.0000000 168.0236314 167.9839267 
947.0000000 167.8272128 167.7875082 
948.0000000 167.6307943 167.5910896 
949.0000000 167.4343757 167.3946711 
950.0000000 167.2379572 167.1982525 
951.0000000 167.0415386 167.0018340 
952.0000000 166.8451201 166.8054154 
953.0000000 166.6487015 166.6089969 
954.0000000 166.4522830 166.4125783 
955.0000000 166.2558644 166.2161598 
956.0000000 166.0594459 166.0197412 
957.0000000 165.8630273 165.8233227 
958.0000000 165.6666088 165.6269041 
959.0000000 165.4701902 165.4304856 
960.0000000 165.2737717 165.2340670 
961.0000000 165.0773531 165.0376484 
962.0000000 164.8809346 164.8412299 
963.0000000 164.6845160 164.6448113 
964.0000000 164.4880975 164.4483928 
965.0000000 164.2916789 164.2519742 
966.0000000 164.0952604 164.0555557 
967.0000000 163.8988418 163.8591371 
968.0000000 163.7024233 163.6627186 
969.0000000 163.5060047 163.4663000 
970.0000000 163.3095862 163.2698815 
971.0000000 163.1131676 163.0734629 
972.0000000 162.9167491 162.8770444 
973.0000000 162.7203305 162.6806258 
974.0000000 162.5239120 162.4842073 
975.0000000 162.3274934 162.2877887 
976.0000000 162.1310748 162.0913702 
977.0000000 161.9346563 161.8949516 
978.0000000 161.7382377 161.6985331 
979.0000000 161.5418192 161.5021145 
980.0000000 161.3454006 161.3056960 
981.0000000 161.1489821 161.1092774 
982.0000000 160.9525635 160.9128589 
983.0000000 160.7561450 160.7164403 
984.0000000 160.5597264 160.5200218 
985.0000000 160.3633079 160.3236032 
986.0000000 160.1668893 160.1271847 
987.0000000 159.9704708 159.9307661 
988.0000000 159.7740522 159.7343476 
989.0000000 159.5776337 159.5379290 
990.0000000 159.3812151 159.3415105 
991.0000000 159.1847966 159.1450919 
992.0000000 158.9883780 158.9486734 
993.0000000 158.7919595 158.7522548 
994.0000000 158.5955409 158.5558363 
995.0000000 158.3991224 158.3594177 
996.0000000 158.2027038 158.1629992 
997.0000000 158.0062853 157.9665806 
998.0000000 157.8098667 157.7701621 
999.0000000 157.6134482 157.5737435 
1000.0000000 157.4170296 157.3773250 
1001.0000000 157.2206111 157.1809064 
1002.0000000 157.0241925 156.9844879 
1003.0000000 156.8277740 156.7880693 
1004.0000000 156.6313554 156.5916508 
1005.0000000 156.4349369 156.3952322 
1006.0000000 156.2385183 156.1988137 
1007.0000000 156.0420998 156.0023951 
1008.0000000 155.8456812 155.8059766 
1009.0000000 155.6492627 155.6095580 
1010.0000000 155.4528441 155.4131395 
1011.0000000 155.2564256 155.2167209 
1012.0000000 155.0600070 155.0203024 
1013.0000000 154.8635885 154.8238838 
1014.0000000 154.6671699 154.6274653 
1015.0000000 154.4707514 154.4310467 
1016.0000000 154.2743328 154.2346282 
1017.0000000 154.0779143 154.0382096 
1018.0000000 153.8814957 153.8417911 
1019.0000000 153.6850772 153.6453725 
1020.0000000 153.4886586 153.4489540 
1021.0000000 153.2922401 153.2525354 
1022.0000000 153.0958215 153.0561169 
1023.0000000 152.8994030 152.8596983 
1024.0000000 152.7029844 152.6632798 
1025.0000000 152.5065659 152.4668612 
1026.0000000 152.3101473 152.2704427 
1027.0000000 152.1137288 152.0740241 
1028.0000000 151.9173102 151.8776056 
1029.0000000 151.7208917 151.6811870 
1030.0000000 151.5244731 151.4847685 
1031.0000000 151.3280546 151.2883499 
1032.0000000 151.1316360 151.0919314 
1033.0000000 150.9352175 150.8955128 
1034.0000000 150.7387989 150.6990943 
1035.0000000 150.5423804 150.5026757 
1036.0000000 150.3459618 150.3062572 
1037.0000000 150.1495433 150.1098386 
1038.0000000 149.9531247 149.9134201 
1039.0000000 149.7567062 149.7170015 
1040.0000000 149.5602876 149.5205830 
1041.0000000 149.3638691 149.3241644 
1042.0000000 149.1674505 149.1277459 
1043.0000000 148.9710320 148.9313273 
1044.0000000 148.7746134 148.7349088 
1045.0000000 148.5781949 148.5384902 
1046.0000000 148.3817763 148.3420717 
1047.0000000 148.1853578 148.1456531 
1048.0000000 147.9889392 147.9492346 
1049.0000000 147.7925207 147.7528160 
1050.0000000 147.5961021 147.5563975 
1051.0000000 147.3996836 147.3599789 
1052.0000000 147.2032650 147.1635604 
1053.0000000 147.0068465 146.9671418 
1054.0000000 146.8104279 146.7707233 
1055.0000000 146.6140094 146.5743047 
1056.0000000 146.4175908 146.3778862 
1057.0000000 146.2211723 146.1814676 
1058.0000000 146.0247537 145.9850491 
1059.0000000 145.8283352 145.7886305 
1060.0000000 145.6319166 145.5922120 
1061.0000000 145.4354981 145.3957934 
1062.0000000 145.2390795 145.1993749 
1063.0000000 145.0426610 145.0029563 
1064.0000000 144.8462424 144.8065378 
1065.0000000 144.6498239 144.6101192 
1066.0000000 144.4534053 144.4137007 
1067.0000000 144.2569868 144.2172821 
1068.0000000 144.0605682 144.0208636 
1069.0000000 143.8641497 143.8244450 
1070.0000000 143.6677311 143.6280265 
1071.0000000 143.4713126 143.4316079 
1072.0000000 143.2748940 143.2351894 
1073.0000000 143.0784755 143.0387708 
1074.0000000 142.8820569 142.8423523 
1075.0000000 142.6856384 142.6459337 
1076.0000000 142.4892198 142.4495152 
1077.0000000 142.2928013 142.2530966 
1078.0000000 142.0963827 142.0566781 
1079.0000000 141.8999642 141.8602595 
1080.0000000 141.7035456 141.6638410 
1081.0000000 141.5071271 141.4674224 
1082.0000000 141.3107085 141.2710039 
1083.0000000 141.1142900 141.0745853 
1084.0000000 140.9178714 140.8781668 
1085.0000000 140.7214529 140.6817482 
1086.0000000 140.5250343 140.4853297 
1087.0000000 140.3286158 140.2889111 
1088.0000000 140.1321972 140.0924926 
1089.0000000 139.9357787 139.8960740 
1090.0000000 139.7393601 139.6996555 
1091.0000000 139.5429416 139.5032369 
1092.0000000 139.3465230 139.3068184 
1093.0000000 139.1501045 139.1103998 
1094.0000000 138.9536859 138.9139813 
1095.0000000 138.7572674 138.7175627 
1096.0000000 138.5608488 138.5211442 
1097.0000000 138.3644303 138.3247256 
1098.0000000 138.1680117 138.1283071 
1099.0000000 137.9715932 137.9318885 
1100.0000000 137.7751746 137.7354700 
1101.0000000 137.5787561 137.5390514 
1102.0000000 137.3823375 137.3426329 
1103.0000000 137.1859190 137.1462143 
1104.0000000 136.9895004 136.9497958 
1105.0000000 136.7930819 136.7533772 
1106.0000000 136.5966633 136.5569587 
1107.0000000 136.4002448 136.3605401 
1108.0000000 136.2038262 136.1641216 
1109.0000000 136.0074077 135.9677030 
1110.0000000 135.8109891 135.7712845 
1111.0000000 135.6145706 135.5748659 
1112.0000000 135.4181520 135.3784473 
1113.0000000 135.2217335 135.1820288 
1114.0000000 135.0253149 134.9856102 
1115.0000000 134.8288964 134.7891917 
1116.0000000 134.6324778 134.5927731 
1117.0000000 134.4360593 134.3963546 
1118.0000000 134.2396407 134.1999360 
1119.0000000 134.0432222 134.0035175 
1120.0000000 133.8468036 133.8070989 
1121.0000000 133.6503851 133.6106804 
1122.0000000 133.4539665 133.4142618 
1123.0000000 133.2575480 133.2178433 
1124.0000000 133.0611294 133.0214247 
1125.0000000 132.8647109 132.8250062 
1126.0000000 132.6682923 132.6285876 
1127.0000000 132.4718738 132.4321691 
1128.0000000 132.2754552 132.2357505 
1129.0000000 132.0790366 132.0393320 
1130.0000000 131.8826181 131.8429134 
1131.0000000 131.6861995 131.6464949 
1132.0000000 131.4897810 131.4500763 
1133.0000000 131.2933624 131.2536578 
1134.0000000 131.0969439 131.0572392 
1135.0000000 130.9005253 130.8608207 
1136.0000000 130.7041068 130.6644021 
1137.0000000 130.5076882 130.4679836 
1138.0000000 130.3112697 130.2715650 
1139.0000000 130.1148511 130.0751465 
1140.0000000 129.9184326 129.8787279 
1141.0000000 129.7220140 129.6823094 
1142.0000000 129.5255955 129.4858908 
1143.0000000 129.3291769 129.2894723 
1144.0000000 129.1327584 129.0930537 
1145.0000000 128.9363398 128.8966352 
1146.0000000 128.7399213 128.7002166 
1147.0000000 128.5435027 128.5037981 
1148.0000000 128.3470842 128.3073795 
1149.0000000 128.1506656 128.1109610 
1150.0000000 127.9542471 127.9145424 
1151.0000000 127.7578285 127.7181239 
1152.0000000 127.5614100 127.5217053 
1153.0000000 127.3649914 127.3252868 
1154.0000000 127.1685729 127.1288682 
1155.0000000 126.9721543 126.9324497 
1156.0000000 126.7757358 126.7360311 
1157.0000000 126.5793172 126.5396126 
1158.0000000 126.3828987 126.3431940 
1159.0000000 126.1864801 126.1467755 
1160.0000000 125.9900616 125.9503569 
1161.0000000 125.7936430 125.7539384 
1162.0000000 125.5972245 125.5575198 
1163.0000000 125.4008059 125.3611013 
1164.0000000 125.2043874 125.1646827 
1165.0000000 125.0079688 124.9682642 
1166.0000000 124.8115503 124.7718456 
1167.0000000 124.6151317 124.5754271 
1168.0000000 124.4187132 124.3790085 
1169.0000000 124.2222946 124.1825900 
1170.0000000 124.0258761 123.9861714 
1171.0000000 123.8294575 123.7897529 
1172.0000000 123.6330390 123.5933343 
1173.0000000 123.4366204 123.3969158 
1174.0000000 123.2402019 123.2004972 
1175.0000000 123.0437833 123.0040787 
1176.0000000 122.8473648 122.8076601 
1177.0000000 122.6509462 122.6112416 
1178.0000000 122.4545277 122.4148230 
1179.0000000 122.2581091 122.2184045 
1180.0000000 122.0616906 122.0219859 
1181.0000000 121.8652720 121.8255674 
1182.0000000 121.6688535 121.6291488 
1183.0000000 121.4724349 121.4327303 
1184.0000000 121.2760164 121.2363117 
1185.0000000 121.0795978 121.0398932 
1186.0000000 120.8831793 120.8434746 
1187.0000000 120.6867607 120.6470561 
1188.0000000 120.4903422 120.4506375 
1189.0000000 120.2939236 120.2542190 
1190.0000000 120.0975051 120.0578004 
1191.0000000 119.9010865 119.8613819 
1192.0000000 119.7046680 119.6649633 
1193.0000000 119.5082494 119.4685448 
1194.0000000 119.3118309 119.2721262 
1195.0000000 119.1154123 119.0757077 
1196.0000000 118.9189938 118.8792891 
1197.0000000 118.7225752 118.6828706 
1198.0000000 118.5261567 118.4864520 
1199.0000000 118.3297381 118.2900335 
1200.0000000 118.1333196 118.0936149 
1201.0000000 117.9369010 117.8971964 
1202.0000000 117.7404825 117.7007778 
1203.0000000 117.5440639 117.5043593 
1204.0000000 117.3476454 117.3079407 
1205.0000000 117.1512268 117.1115222 
1206.0000000 116.9548083 116.9151036 
1207.0000000 116.7583897 116.7186851 
1208.0000000 116.5619712 116.5222665 
1209.0000000 116.3655526 116.3258480 
1210.0000000 116.1691341 116.1294294 
1211.0000000 115.9727155 115.9330109 
1212.0000000 115.7762970 115.7365923 
1213.0000000 115.5798784 115.5401738 
1214.0000000 115.3834599 115.3437552 
1215.0000000 115.1870413 115.1473367 
1216.0000000 114.9906228 114.9509181 
1217.0000000 114.7942042 114.7544996 
1218.0000000 114.5977857 114.5580810 
1219.0000000 114.4013671 114.3616625 
1220.0000000 114.2049486 114.1652439 
1221.0000000 114.0085300 113.9688254 
1222.0000000 113.8121115 113.7724068 
1223.0000000 113.6156929 113.5759883 
1224.0000000 113.4192744 113.3795697 
1225.0000000 113.2228558 113.1831512 
1226.0000000 113.0264373 112.9867326 
1227.0000000 112.8300187 112.7903141 
1228.0000000 112.6336002 112.5938955 
1229.0000000 112.4371816 112.3974770 
1230.0000000 112.2407631 112.2010584 
1231.0000000 112.0443445 112.0046399 
1232.0000000 111.8479260 111.8082213 
1233.0000000 111.6515074 111.6118028 
1234.0000000 111.4550889 111.4153842 
1235.0000000 111.2586703 111.2189657 
1236.0000000 111.0622518 111.0225471 
1237.0000000 110.8658332 110.8261286 
1238.0000000 110.6694147 110.6297100 
1239.0000000 110.4729961 110.4332915 
1240.0000000 110.2765776 110.2368729 
1241.0000000 110.0801590 110.0404544 
1242.0000000 109.8837405 109.8440358 
1243.0000000 109.6873219 109.6476173 
1244.0000000 109.4909034 109.4511987 
1245.0000000 109.2944848 109.2547802 
1246.0000000 109.0980663 109.0583616 
1247.0000000 108.9016477 108.8619431 
1248.0000000 108.7052292 108.6655245 
1249.0000000 108.5088106 108.4691060 
1250.0000000 108.3123921 108.2726874 
1251.0000000 108.1159735 108.0762689 
1252.0000000 107.9195550 107.8798503 
1253.0000000 107.7231364 107.6834318 
1254.0000000 107.5267179 107.4870132 
1255.0000000 107.3302993 107.2905947 
1256.0000000 107.1338808 107.0941761 
1257.0000000 106.9374622 106.8977576 
1258.0000000 106.7410437 106.7013390 
1259.0000000 106.5446251 106.5049205 
1260.0000000 106.3482066 106.3085019 
1261.0000000 106.1517880 106.1120834 
1262.0000000 105.9553695 105.9156648 
1263.0000000 105.7589509 105.7192462 
1264.0000000 105.5625324 105.5228277 
1265.0000000 105.3661138 105.3264091 
1266.0000000 105.1696953 105.1299906 
1267.0000000 104.9732767 104.9335720 
1268.0000000 104.7768582 104.7371535 
1269.0000000 104.5804396 104.5407349 
1270.0000000 104.3840211 104.3443164 
1271.0000000 104.1876025 104.1478978 
1272.0000000 103.9911840 103.9514793 
1273.0000000 103.7947654 103.7550607 
1274.0000000 103.5983469 103.5586422 
1275.0000000 103.4019283 103.3622236 
1276.0000000 103.2055098 103.1658051 
1277.0000000 103.0090912 102.9693865 
1278.0000000 102.8126727 102.7729680 
1279.0000000 102.6162541 102.5765494 
1280.0000000 102.4198355 102.3801309 
1281.0000000 102.2234170 102.1837123 
1282.0000000 102.0269984 101.9872938 
1283.0000000 101.8305799 101.7908752 
1284.0000000 101.6341613 101.5944567 
1285.0000000 101.4377428 101.3980381 
1286.0000000 101.2413242 101.2016196 
1287.0000000 101.0449057 101.0052010 
1288.0000000 100.8484871 100.8087825 
1289.0000000 100.6520686 100.6123639 
1290.0000000 100.4556500 100.4159454 
1291.0000000 100.2592315 100.2195268 
1292.0000000 100.0628129 100.0231083 
1293.0000000 99.8663944 99.8266897 
1294.0000000 99.6699758 99.6302712 
1295.0000000 99.4735573 99.4338526 
1296.0000000 99.2771387 99.2374341 
1297.0000000 99.0807202 99.0410155 
1298.0000000 98.8843016 98.8445970 
1299.0000000 98.6878831 98.6481784 
1300.0000000 98.4914645 98.4517599 
1301.0000000 98.2950460 98.2553413 
1302.0000000 98.0986274 98.0589228 
1303.0000000 97.9022089 97.8625042 
1304.0000000 97.7057903 97.6660857 
1305.0000000 97.5093718 97.4696671 
1306.0000000 97.3129532 97.2732486 
1307.0000000 97.1165347 97.0768300 
1308.0000000 96.9201161 96.8804115 
1309.0000000 96.7236976 96.6839929 
1310.0000000 96.5272790 96.4875744 
1311.0000000 96.3308605 96.2911558 
1312.0000000 96.1344419 96.0947373 
1313.0000000 95.9380234 95.8983187 
1314.0000000 95.7416048 95.7019002 
1315.0000000 95.5451863 95.5054816 
1316.0000000 95.3487677 95.3090631 
1317.0000000 95.1523492 95.1126445 
1318.0000000 94.9559306 94.9162260 
1319.0000000 94.7595121 94.7198074 
1320.0000000 94.5630935 94.5233889 
1321.0000000 94.3666750 94.3269703 
1322.0000000 94.1702564 94.1305518 
1323.0000000 93.9738379 93.9341332 
1324.0000000 93.7774193 93.7377147 
1325.0000000 93.5810008 93.5412961 
1326.0000000 93.3845822 93.3448776 
1327.0000000 93.1881637 93.1484590 
1328.0000000 92.9917451 92.9520405 
1329.0000000 92.7953266 92.7556219 
1330.0000000 92.5989080 92.5592034 
1331.0000000 92.4024895 92.3627848 
1332.0000000 92.2060709 92.1663663 
1333.0000000 92.0096524 91.9699477 
1334.0000000 91.8132338 91.7735292 
1335.0000000 91.6168153 91.5771106 
1336.0000000 91.4203967 91.3806921 
1337.0000000 91.2239782 91.1842735 
1338.0000000 91.0275596 90.9878550 
1339.0000000 90.8311411 90.7914364 
1340.0000000 90.6347225 90.5950179 
1341.0000000 90.4383040 90.3985993 
1342.0000000 90.2418854 90.2021808 
1343.0000000 90.0454669 90.0057622 
1344.0000000 89.8490483 89.8093437 
1345.0000000 89.6526298 89.6129251 
1346.0000000 89.4562112 89.4165066 
1347.0000000 89.2597927 89.2200880 
1348.0000000 89.0633741 89.0236695 
1349.0000000 88.8669556 88.8272509 
1350.0000000 88.6705370 88.6308324 
1351.0000000 88.4741185 88.4344138 
1352.0000000 88.2776999 88.2379953 
1353.0000000 88.0812814 88.0415767 
1354.0000000 87.8848628 87.8451582 
1355.0000000 87.6884443 87.6487396 
1356.0000000 87.4920257 87.4523211 
1357.0000000 87.2956072 87.2559025 
1358.0000000 87.0991886 87.0594840 
1359.0000000 86.9027701 86.8630654 
1360.0000000 86.7063515 86.6666469 
1361.0000000 86.5099330 86.4702283 
1362.0000000 86.3135144 86.2738098 
1363.0000000 86.1170959 86.0773912 
1364.0000000 85.9206773 85.8809727 
1365.0000000 85.7242588 85.6845541 
1366.0000000 85.5278402 85.4881356 
1367.0000000 85.3314217 85.2917170 
1368.0000000 85.1350031 85.0952985 
1369.0000000 84.9385846 84.8988799 
1370.0000000 84.7421660 84.7024614 
1371.0000000 84.5457475 84.5060428 
1372.0000000 84.3493289 84.3096243 
1373.0000000 84.1529104 84.1132057 
1374.0000000 83.9564918 83.9167872 
1375.0000000 83.7600733 83.7203686 
1376.0000000 83.5636547 83.5239501 
1377.0000000 83.3672362 83.3275315 
1378.0000000 83.1708176 83.1311130 
1379.0000000 82.9743991 82.9346944 
1380.0000000 82.7779805 82.7382759 
1381.0000000 82.5815620 82.5418573 
1382.0000000 82.3851434 82.3454388 
1383.0000000 82.1887249 82.1490202 
1384.0000000 81.9923063 81.9526017 
1385.0000000 81.7958878 81.7561831 
1386.0000000 81.5994692 81.5597646 
1387.0000000 81.4030507 81.3633460 
1388.0000000 81.2066321 81.1669275 
1389.0000000 81.0102136 80.9705089 
1390.0000000 80.8137950 80.7740904 
1391.0000000 80.6173765 80.5776718 
1392.0000000 80.4209579 80.3812533 
1393.0000000 80.2245394 80.1848347 
1394.0000000 80.0281208 79.9884162 
1395.0000000 79.8317023 79.7919976 
1396.0000000 79.6352837 79.5955791 
1397.0000000 79.4388652 79.3991605 
1398.0000000 79.2424466 79.2027420 
1399.0000000 79.0460281 79.0063234 
1400.0000000 78.8496095 78.8099049 
1401.0000000 78.6531910 78.6134863 
1402.0000000 78.4567724 78.4170678 
1403.0000000 78.2603539 78.2206492 
1404.0000000 78.0639353 78.0242307 
1405.0000000 77.8675168 77.8278121 
1406.0000000 77.6710982 77.6313936 
1407.0000000 77.4746797 77.4349750 
1408.0000000 77.2782611 77.2385565 
1409.0000000 77.0818426 77.0421379 
1410.0000000 76.8854240 76.8457194 
1411.0000000 76.6890055 76.6493008 
1412.0000000 76.4925869 76.4528823 
1413.0000000 76.2961684 76.2564637 
1414.0000000 76.0997498 76.0600452 
1415.0000000 75.9033313 75.8636266 
1416.0000000 75.7069127 75.6672080 
1417.0000000 75.5104942 75.4707895 
1418.0000000 75.3140756 75.2743709 
1419.0000000 75.1176571 75.0779524 
1420.0000000 74.9212385 74.8815338 
1421.0000000 74.7248200 74.6851153 
1422.0000000 74.5284014 74.4886967 
1423.0000000 74.3319829 74.2922782 
1424.0000000 74.1355643 74.0958596 
1425.0000000 73.9391458 73.8994411 
1426.0000000 73.7427272 73.7030225 
1427.0000000 73.5463087 73.5066040 
1428.0000000 73.3498901 73.3101854 
1429.0000000 73.1534716 73.1137669 
1430.0000000 72.9570530 72.9173483 
1431.0000000 72.7606344 72.7209298 
1432.0000000 72.5642159 72.5245112 
1433.0000000 72.3677973 72.3280927 
1434.0000000 72.1713788 72.1316741 
1435.0000000 71.9749602 71.9352556 
1436.0000000 71.7785417 71.7388370 
1437.0000000 71.5821231 71.5424185 
1438.0000000 71.3857046 71.3459999 
1439.0000000 71.1892860 71.1495814 
1440.0000000 70.9928675 70.9531628 
1441.0000000 70.7964489 70.7567443 
1442.0000000 70.6000304 70.5603257 
1443.0000000 70.4036118 70.3639072 
1444.0000000 70.2071933 70.1674886 
1445.0000000 70.0107747 69.9710701 
1446.0000000 69.8143562 69.7746515 
1447.0000000 69.6179376 69.5782330 
1448.0000000 69.4215191 69.3818144 
1449.0000000 69.2251005 69.1853959 
1450.0000000 69.0286820 68.9889773 
1451.0000000 68.8322634 68.7925588 
1452.0000000 68.6358449 68.5961402 
1453.0000000 68.4394263 68.3997217 
1454.0000000 68.2430078 68.2033031 
1455.0000000 68.0465892 68.0068846 
1456.0000000 67.8501707 67.8104660 
1457.0000000 67.6537521 67.6140475 
1458.0000000 67.4573336 67.4176289 
1459.0000000 67.2609150 67.2212104 
1460.0000000 67.0644965 67.0247918 
1461.0000000 66.8680779 66.8283733 
1462.0000000 66.6716594 66.6319547 
1463.0000000 66.4752408 66.4355362 
1464.0000000 66.2788223 66.2391176 
1465.0000000 66.0824037 66.0426991 
1466.0000000 65.8859852 65.8462805 
1467.0000000 65.6895666 65.6498620 
1468.0000000 65.4931481 65.4534434 
1469.0000000 65.2967295 65.2570249 
1470.0000000 65.1003110 65.0606063 
1471.0000000 64.9038924 64.8641878 
1472.0000000 64.7074739 64.6677692 
1473.0000000 64.5110553 64.4713507 
1474.0000000 64.3146368 64.2749321 
1475.0000000 64.1182182 64.0785136 
1476.0000000 63.9217997 63.8820950 
1477.0000000 63.7253811 63.6856765 
1478.0000000 63.5289626 63.4892579 
1479.0000000 63.3325440 63.2928394 
1480.0000000 63.1361255 63.0964208 
1481.0000000 62.9397069 62.9000023 
1482.0000000 62.7432884 62.7035837 
1483.0000000 62.5468698 62.5071652 
1484.0000000 62.3504513 62.3107466 
1485.0000000 62.1540327 62.1143281 
1486.0000000 61.9576142 61.9179095 
1487.0000000 61.7611956 61.7214910 
1488.0000000 61.5647771 61.5250724 
1489.0000000 61.3683585 61.3286539 
1490.0000000 61.1719400 61.1322353 
1491.0000000 60.9755214 60.9358168 
1492.0000000 60.7791029 60.7393982 
1493.0000000 60.5826843 60.5429797 
1494.0000000 60.3862658 60.3465611 
1495.0000000 60.1898472 60.1501426 
1496.0000000 59.9934287 59.9537240 
1497.0000000 59.7970101 59.7573055 
1498.0000000 59.6005916 59.5608869 
1499.0000000 59.4041730 59.3644684 
1500.0000000 59.2077545 59.1680498 
1501.0000000 59.0113359 58.9716313 
1502.0000000 58.8149174 58.7752127 
1503.0000000 58.6184988 58.5787942 
1504.0000000 58.4220803 58.3823756 
1505.0000000 58.2256617 58.1859571 
1506.0000000 58.0292432 57.9895385 
1507.0000000 57.8328246 57.7931200 
1508.0000000 57.6364061 57.5967014 
1509.0000000 57.4399875 57.4002829 
1510.0000000 57.2435690 57.2038643 
1511.0000000 57.0471504 57.0074458 
1512.0000000 56.8507319 56.8110272 
1513.0000000 56.6543133 56.6146087 
1514.0000000 56.4578948 56.4181901 
1515.0000000 56.2614762 56.2217716 
1516.0000000 56.0650577 56.0253530 
1517.0000000 55.8686391 55.8289345 
1518.0000000 55.6722206 55.6325159 
1519.0000000 55.4758020 55.4360974 
1520.0000000 55.2793835 55.2396788 
1521.0000000 55.0829649 55.0432603 
1522.0000000 54.8865464 54.8468417 
1523.0000000 54.6901278 54.6504232 
1524.0000000 54.4937093 54.4540046 
1525.0000000 54.2972907 54.2575861 
1526.0000000 54.1008722 54.0611675 
1527.0000000 53.9044536 53.8647490 
1528.0000000 53.7080351 53.6683304 
1529.0000000 53.5116165 53.4719119 
1530.0000000 53.3151980 53.2754933 
1531.0000000 53.1187794 53.0790748 
1532.0000000 52.9223609 52.8826562 
1533.0000000 52.7259423 52.6862377 
1534.0000000 52.5295238 52.4898191 
1535.0000000 52.3331052 52.2934006 
1536.0000000 52.1366867 52.0969820 
1537.0000000 51.9402681 51.9005635 
1538.0000000 51.7438496 51.7041449 
1539.0000000 51.5474310 51.5077264 
1540.0000000 51.3510125 51.3113078 
1541.0000000 51.1545939 51.1148893 
1542.0000000 50.9581754 50.9184707 
1543.0000000 50.7617568 50.7220522 
1544.0000000 50.5653383 50.5256336 
1545.0000000 50.3689197 50.3292151 
1546.0000000 50.1725012 50.1327965 
1547.0000000 49.9760826 49.9363780 
1548.0000000 49.7796641 49.7399594 
1549.0000000 49.5832455 49.5435409 
1550.0000000 49.3868270 49.3471223 
1551.0000000 49.1904084 49.1507038 
1552.0000000 48.9939899 48.9542852 
1553.0000000 48.7975713 48.7578667 
1554.0000000 48.6011528 48.5614481 
1555.0000000 48.4047342 48.3650296 
1556.0000000 48.2083157 48.1686110 
1557.0000000 48.0118971 47.9721925 
1558.0000000 47.8154786 47.7757739 
1559.0000000 47.6190600 47.5793554 
1560.0000000 47.4226415 47.3829368 
1561.0000000 47.2262229 47.1865183 
1562.0000000 47.0298044 46.9900997 
1563.0000000 46.8333858 46.7936812 
1564.0000000 46.6369673 46.5972626 
1565.0000000 46.4405487 46.4008441 
1566.0000000 46.2441302 46.2044255 
1567.0000000 46.0477116 46.0080069 
1568.0000000 45.8512931 45.8115884 
1569.0000000 45.6548745 45.6151698 
1570.0000000 45.4584560 45.4187513 
1571.0000000 45.2620374 45.2223327 
1572.0000000 45.0656189 45.0259142 
1573.0000000 44.8692003 44.8294956 
1574.0000000 44.6727818 44.6330771 
1575.0000000 44.4763632 44.4366585 
1576.0000000 44.2799447 44.2402400 
1577.0000000 44.0835261 44.0438214 
1578.0000000 43.8871076 43.8474029 
1579.0000000 43.6906890 43.6509843 
1580.0000000 43.4942705 43.4545658 
1581.0000000 43.2978519 43.2581472 
1582.0000000 43.1014334 43.0617287 
1583.0000000 42.9050148 42.8653101 
1584.0000000 42.7085962 42.6688916 
1585.0000000 42.5121777 42.4724730 
1586.0000000 42.3157591 42.2760545 
1587.0000000 42.1193406 42.0796359 
1588.0000000 41.9229220 41.8832174 
1589.0000000 41.7265035 41.6867988 
1590.0000000 41.5300849 41.4903803 
1591.0000000 41.3336664 41.2939617 
1592.0000000 41.1372478 41.0975432 
1593.0000000 40.9408293 40.9011246 
1594.0000000 40.7444107 40.7047061 
1595.0000000 40.5479922 40.5082875 
1596.0000000 40.3515736 40.3118690 
1597.0000000 40.1551551 40.1154504 
1598.0000000 39.9587365 39.9190319 
1599.0000000 39.7623180 39.7226133 
1600.0000000 39.5658994 39.5261948 
1601.0000000 39.3694809 39.3297762 
1602.0000000 39.1730623 39.1333577 
1603.0000000 38.9766438 38.9369391 
1604.0000000 38.7802252 38.7405206 
1605.0000000 38.5838067 38.5441020 
1606.0000000 38.3873881 38.3476835 
1607.0000000 38.1909696 38.1512649 
1608.0000000 37.9945510 37.9548464 
1609.0000000 37.7981325 37.7584278 
1610.0000000 37.6017139 37.5620093 
1611.0000000 37.4052954 37.3655907 
1612.0000000 37.2088768 37.1691722 
1613.0000000 37.0124583 36.9727536 
1614.0000000 36.8160397 36.7763351 
1615.0000000 36.6196212 36.5799165 
1616.0000000 36.4232026 36.3834980 
1617.0000000 36.2267841 36.1870794 
1618.0000000 36.0303655 35.9906609 
1619.0000000 35.8339470 35.7942423 
1620.0000000 35.6375284 35.5978238 
1621.0000000 35.4411099 35.4014052 
1622.0000000 35.2446913 35.2049867 
1623.0000000 35.0482728 35.0085681 
1624.0000000 34.8518542 34.8121496 
1625.0000000 34.6554357 34.6157310 
1626.0000000 34.4590171 34.4193125 
1627.0000000 34.2625986 34.2228939 
1628.0000000 34.0661800 34.0264754 
1629.0000000 33.8697615 33.8300568 
1630.0000000 33.6733429 33.6336383 
1631.0000000 33.4769244 33.4372197 
1632.0000000 33.2805058 33.2408012 
1633.0000000 33.0840873 33.0443826 
1634.0000000 32.8876687 32.8479641 
1635.0000000 32.6912502 32.6515455 
1636.0000000 32.4948316 32.4551270 
1637.0000000 32.2984131 32.2587084 
1638.0000000 32.1019945 32.0622899 
1639.0000000 31.9055760 31.8658713 
1640.0000000 31.7091574 31.6694528 
1641.0000000 31.5127389 31.4730342 
1642.0000000 31.3163203 31.2766157 
1643.0000000 31.1199018 31.0801971 
1644.0000000 30.9234832 30.8837786 
1645.0000000 30.7270647 30.6873600 
1646.0000000 30.5306461 30.4909415 
1647.0000000 30.3342276 30.2945229 
1648.0000000 30.1378090 30.0981044 
1649.0000000 29.9413905 29.9016858 
1650.0000000 29.7449719 29.7052673 
1651.0000000 29.5485534 29.5088487 
1652.0000000 29.3521348 29.3124302 
1653.0000000 29.1557163 29.1160116 
1654.0000000 28.9592977 28.9195931 
1655.0000000 28.7628792 28.7231745 
1656.0000000 28.5664606 28.5267560 
1657.0000000 28.3700421 28.3303374 
1658.0000000 28.1736235 28.1339189 
1659.0000000 27.9772050 27.9375003 
1660.0000000 27.7807864 27.7410818 
1661.0000000 27.5843679 27.5446632 
1662.0000000 27.3879493 27.3482447 
1663.0000000 27.1915308 27.1518261 
1664.0000000 26.9951122 26.9554076 
1665.0000000 26.7986937 26.7589890 
1666.0000000 26.6022751 26.5625705 
1667.0000000 26.4058566 26.3661519 
1668.0000000 26.2094380 26.1697334 
1669.0000000 26.0130195 25.9733148 
1670.0000000 25.8166009 25.7768963 
1671.0000000 25.6201824 25.5804777 
1672.0000000 25.4237638 25.3840592 
1673.0000000 25.2273453 25.1876406 
1674.0000000 25.0309267 24.9912221 
1675.0000000 24.8345082 24.7948035 
1676.0000000 24.6380896 24.5983850 
1677.0000000 24.4416711 24.4019664 
1678.0000000 24.2452525 24.2055479 
1679.0000000 24.0488340 24.0091293 
1680.0000000 23.8524154 23.8127108 
1681.0000000 23.6559969 23.6162922 
1682.0000000 23.4595783 23.4198737 
1683.0000000 23.2631598 23.2234551 
1684.0000000 23.0667412 23.0270366 
1685.0000000 22.8703227 22.8306180 
1686.0000000 22.6739041 22.6341995 
1687.0000000 22.4774856 22.4377809 
1688.0000000 22.2810670 22.2413624 
1689.0000000 22.0846485 22.0449438 
1690.0000000 21.8882299 21.8485253 
1691.0000000 21.6918114 21.6521067 
1692.0000000 21.4953928 21.4556882 
1693.0000000 21.2989743 21.2592696 
1694.0000000 21.1025557 21.0628511 
1695.0000000 20.9061372 20.8664325 
1696.0000000 20.7097186 20.6700140 
1697.0000000 20.5133001 20.4735954 
1698.0000000 20.3168815 20.2771769 
1699.0000000 20.1204630 20.0807583 
1700.0000000 19.9240444 19.8843398 
1701.0000000 19.7276259 19.6879212 
1702.0000000 19.5312073 19.4915027 
1703.0000000 19.3347888 19.2950841 
1704.0000000 19.1383702 19.0986656 
1705.0000000 18.9419517 18.9022470 
1706.0000000 18.7455331 18.7058285 
1707.0000000 18.5491146 18.5094099 
1708.0000000 18.3526960 18.3129914 
1709.0000000 18.1562775 18.1165728 
1710.0000000 17.9598589 17.9201543 
1711.0000000 17.7634404 17.7237357 
1712.0000000 17.5670218 17.5273172 
1713.0000000 17.3706033 17.3308986 
1714.0000000 17.1741847 17.1344801 
1715.0000000 16.9777662 16.9380615 
1716.0000000 16.7813476 16.7416430 
1717.0000000 16.5849291 16.5452244 
1718.0000000 16.3885105 16.3488058 
1719.0000000 16.1920920 16.1523873 
1720.0000000 15.9956734 15.9559687 
1721.0000000 15.7992549 15.7595502 
1722.0000000 15.6028363 15.5631316 
1723.0000000 15.4064178 15.3667131 
1724.0000000 15.2099992 15.1702945 
1725.0000000 15.0135807 14.9738760 
1726.0000000 14.8171621 14.7774574 
1727.0000000 14.6207436 14.5810389 
1728.0000000 14.4243250 14.3846203 
1729.0000000 14.2279065 14.1882018 
1730.0000000 14.0314879 13.9917832 
1731.0000000 13.8350694 13.7953647 
1732.0000000 13.6386508 13.5989461 
1733.0000000 13.4422323 13.4025276 
1734.0000000 13.2458137 13.2061090 
1735.0000000 13.0493951 13.0096905 
1736.0000000 12.8529766 12.8132719 
1737.0000000 12.6565580 12.6168534 
1738.0000000 12.4601395 12.4204348 
1739.0000000 12.2637209 12.2240163 
1740.0000000 12.0673024 12.0275977 
1741.0000000 11.8708838 11.8311792 
1742.0000000 11.6744653 11.6347606 
1743.0000000 11.4780467 11.4383421 
1744.0000000 11.2816282 11.2419235 
1745.0000000 11.0852096 11.0455050 
1746.0000000 10.8887911 10.8490864 
1747.0000000 10.6923725 10.6526679 
1748.0000000 10.4959540 10.4562493 
1749.0000000 10.2995354 10.2598308 
1750.0000000 10.1031169 10.0634122 
1751.0000000 9.9066983 9.8669937 
1752.0000000 9.7102798 9.6705751 
1753.0000000 9.5138612 9.4741566 
1754.0000000 9.3174427 9.2777380 
1755.0000000 9.1210241 9.0813195 
1756.0000000 8.9246056 8.8849009 
1757.0000000 8.7281870 8.6884824 
1758.0000000 8.5317685 8.4920638 
1759.0000000 8.3353499 8.2956453 
1760.0000000 8.1389314 8.0992267 
1761.0000000 7.9425128 7.9028082 
1762.0000000 7.7460943 7.7063896 
1763.0000000 7.5496757 7.5099711 
1764.0000000 7.3532572 7.3135525 
1765.0000000 7.1568386 7.1171340 
1766.0000000 6.9604201 6.9207154 
1767.0000000 6.7640015 6.7242969 
1768.0000000 6.5675830 6.5278783 
1769.0000000 6.3711644 6.3314598 
1770.0000000 6.1747459 6.1350412 
1771.0000000 5.9783273 5.9386227 
1772.0000000 5.7819088 5.7422041 
1773.0000000 5.5854902 5.5457856 
1774.0000000 5.3890717 5.3493670 
1775.0000000 5.1926531 5.1529485 
1776.0000000 4.9962346 4.9565299 
1777.0000000 4.7998160 4.7601114 
1778.0000000 4.6033975 4.5636928 
1779.0000000 4.4069789 4.3672743 
1780.0000000 4.2105604 4.1708557 
1781.0000000 4.0141418 3.9744372 
1782.0000000 3.8177233 3.7780186 
1783.0000000 3.6213047 3.5816001 
1784.0000000 3.4248862 3.3851815 
1785.0000000 3.2284676 3.1887630 
1786.0000000 3.0320491 2.9923444 
1787.0000000 2.8356305 2.7959259 
1788.0000000 2.6392120 2.5995073 
1789.0000000 2.4427934 2.4030888 
1790.0000000 2.2463749 2.2066702 
1791.0000000 2.0499563 2.0102517 
1792.0000000 1.8535378 1.8138331 
1793.0000000 1.6571192 1.6174146 
1794.0000000 1.4607007 1.4209960 
1795.0000000 1.2642821 1.2245775 
1796.0000000 1.0678636 1.0281589 
1797.0000000 0.8714450 0.8317404 
1798.0000000 0.6750265 0.6353218 
1799.0000000 0.4786079 0.4389033 
1800.0000000 0.2821894 0.2424847 

