1.0000000 353.5511124 353.5690956 
2.0000000 353.3546938 353.3726771 
3.0000000 353.1582753 353.1762585 
4.0000000 352.9618567 352.9798400 
5.0000000 352.7654382 352.7834214 
6.0000000 352.5690196 352.5870029 
7.0000000 352.3726011 352.3905843 
8.0000000 352.1761825 352.1941658 
9.0000000 351.9797640 351.9977472 
10.0000000 351.7833454 351.8013287 
11.0000000 351.5869269 351.6049101 
12.0000000 351.3905083 351.4084916 
13.0000000 351.1940898 351.2120730 
14.0000000 350.9976712 351.0156545 
15.0000000 350.8012527 350.8192359 
16.0000000 350.6048341 350.6228174 
17.0000000 350.4084156 350.4263988 
18.0000000 350.2119970 350.2299802 
19.0000000 350.0155785 350.0335617 
20.0000000 349.8191599 349.8371431 
21.0000000 349.6227414 349.6407246 
22.0000000 349.4263228 349.4443060 
23.0000000 349.2299043 349.2478875 
24.0000000 349.0334857 349.0514689 
25.0000000 348.8370672 348.8550504 
26.0000000 348.6406486 348.6586318 
27.0000000 348.4442301 348.4622133 
28.0000000 348.2478115 348.2657947 
29.0000000 348.0513930 348.0693762 
30.0000000 347.8549744 347.8729576 
31.0000000 347.6585559 347.6765391 
32.0000000 347.4621373 347.4801205 
33.0000000 347.2657188 347.2837020 
34.0000000 347.0693002 347.0872834 
35.0000000 346.8728817 346.8908649 
36.0000000 346.6764631 346.6944463 
37.0000000 346.4800446 346.4980278 
38.0000000 346.2836260 346.3016092 
39.0000000 346.0872075 346.1051907 
40.0000000 345.8907889 345.9087721 
41.0000000 345.6943704 345.7123536 
42.0000000 345.4979518 345.5159350 
43.0000000 345.3015333 345.3195165 
44.0000000 345.1051147 345.1230979 
45.0000000 344.9086962 344.9266794 
46.0000000 344.7122776 344.7302608 
47.0000000 344.5158591 344.5338423 
48.0000000 344.3194405 344.3374237 
49.0000000 344.1230220 344.1410052 
50.0000000 343.9266034 343.9445866 
51.0000000 343.7301849 343.7481681 
52.0000000 343.5337663 343.5517495 
53.0000000 343.3373478 343.3553310 
54.0000000 343.1409292 343.1589124 
55.0000000 342.9445107 342.9624939 
56.0000000 342.7480921 342.7660753 
57.0000000 342.5516736 342.5696568 
58.0000000 342.3552550 342.3732382 
59.0000000 342.1588365 342.1768197 
60.0000000 341.9624179 341.9804011 
61.0000000 341.7659994 341.7839826 
62.0000000 341.5695808 341.5875640 
63.0000000 341.3731623 341.3911455 
64.0000000 341.1767437 341.1947269 
65.0000000 340.9803252 340.9983084 
66.0000000 340.7839066 340.8018898 
67.0000000 340.5874881 340.6054713 
68.0000000 340.3910695 340.4090527 
69.0000000 340.1946510 340.2126342 
70.0000000 339.9982324 340.0162156 
71.0000000 339.8018139 339.8197971 
72.0000000 339.6053953 339.6233785 
73.0000000 339.4089768 339.4269600 
74.0000000 339.2125582 339.2305414 
75.0000000 339.0161397 339.0341229 
76.0000000 338.8197211 338.8377043 
77.0000000 338.6233026 338.6412858 
78.0000000 338.4268840 338.4448672 
79.0000000 338.2304655 338.2484487 
80.0000000 338.0340469 338.0520301 
81.0000000 337.8376284 337.8556116 
82.0000000 337.6412098 337.6591930 
83.0000000 337.4447913 337.4627745 
84.0000000 337.2483727 337.2663559 
85.0000000 337.0519542 337.0699374 
86.0000000 336.8555356 336.8735188 
87.0000000 336.6591171 336.6771003 
88.0000000 336.4626985 336.4806817 
89.0000000 336.2662800 336.2842632 
90.0000000 336.0698614 336.0878446 
91.0000000 335.8734429 335.8914261 
92.0000000 335.6770243 335.6950075 
93.0000000 335.4806058 335.4985890 
94.0000000 335.2841872 335.3021704 
95.0000000 335.0877687 335.1057519 
96.0000000 334.8913501 334.9093333 
97.0000000 334.6949316 334.7129148 
98.0000000 334.4985130 334.5164962 
99.0000000 334.3020945 334.3200777 
100.0000000 334.1056759 334.1236591 
101.0000000 333.9092574 333.9272406 
102.0000000 333.7128388 333.7308220 
103.0000000 333.5164203 333.5344035 
104.0000000 333.3200017 333.3379849 
105.0000000 333.1235832 333.1415664 
106.0000000 332.9271646 332.9451478 
107.0000000 332.7307461 332.7487293 
108.0000000 332.5343275 332.5523107 
109.0000000 332.3379090 332.3558922 
110.0000000 332.1414904 332.1594736 
111.0000000 331.9450719 331.9630551 
112.0000000 331.7486533 331.7666365 
113.0000000 331.5522348 331.5702180 
114.0000000 331.3558162 331.3737994 
115.0000000 331.1593977 331.1773809 
116.0000000 330.9629791 330.9809623 
117.0000000 330.7665605 330.7845438 
118.0000000 330.5701420 330.5881252 
119.0000000 330.3737234 330.3917067 
120.0000000 330.1773049 330.1952881 
121.0000000 329.9808863 329.9988696 
122.0000000 329.7844678 329.8024510 
123.0000000 329.5880492 329.6060325 
124.0000000 329.3916307 329.4096139 
125.0000000 329.1952121 329.2131954 
126.0000000 328.9987936 329.0167768 
127.0000000 328.8023750 328.8203583 
128.0000000 328.6059565 328.6239397 
129.0000000 328.4095379 328.4275212 
130.0000000 328.2131194 328.2311026 
131.0000000 328.0167008 328.0346841 
132.0000000 327.8202823 327.8382655 
133.0000000 327.6238637 327.6418470 
134.0000000 327.4274452 327.4454284 
135.0000000 327.2310266 327.2490099 
136.0000000 327.0346081 327.0525913 
137.0000000 326.8381895 326.8561728 
138.0000000 326.6417710 326.6597542 
139.0000000 326.4453524 326.4633357 
140.0000000 326.2489339 326.2669171 
141.0000000 326.0525153 326.0704986 
142.0000000 325.8560968 325.8740800 
143.0000000 325.6596782 325.6776615 
144.0000000 325.4632597 325.4812429 
145.0000000 325.2668411 325.2848244 
146.0000000 325.0704226 325.0884058 
147.0000000 324.8740040 324.8919873 
148.0000000 324.6775855 324.6955687 
149.0000000 324.4811669 324.4991502 
150.0000000 324.2847484 324.3027316 
151.0000000 324.0883298 324.1063131 
152.0000000 323.8919113 323.9098945 
153.0000000 323.6954927 323.7134760 
154.0000000 323.4990742 323.5170574 
155.0000000 323.3026556 323.3206389 
156.0000000 323.1062371 323.1242203 
157.0000000 322.9098185 322.9278018 
158.0000000 322.7134000 322.7313832 
159.0000000 322.5169814 322.5349647 
160.0000000 322.3205629 322.3385461 
161.0000000 322.1241443 322.1421276 
162.0000000 321.9277258 321.9457090 
163.0000000 321.7313072 321.7492905 
164.0000000 321.5348887 321.5528719 
165.0000000 321.3384701 321.3564534 
166.0000000 321.1420516 321.1600348 
167.0000000 320.9456330 320.9636163 
168.0000000 320.7492145 320.7671977 
169.0000000 320.5527959 320.5707792 
170.0000000 320.3563774 320.3743606 
171.0000000 320.1599588 320.1779420 
172.0000000 319.9635403 319.9815235 
173.0000000 319.7671217 319.7851049 
174.0000000 319.5707032 319.5886864 
175.0000000 319.3742846 319.3922678 
176.0000000 319.1778661 319.1958493 
177.0000000 318.9814475 318.9994307 
178.0000000 318.7850290 318.8030122 
179.0000000 318.5886104 318.6065936 
180.0000000 318.3921919 318.4101751 
181.0000000 318.1957733 318.2137565 
182.0000000 317.9993548 318.0173380 
183.0000000 317.8029362 317.8209194 
184.0000000 317.6065177 317.6245009 
185.0000000 317.4100991 317.4280823 
186.0000000 317.2136806 317.2316638 
187.0000000 317.0172620 317.0352452 
188.0000000 316.8208435 316.8388267 
189.0000000 316.6244249 316.6424081 
190.0000000 316.4280064 316.4459896 
191.0000000 316.2315878 316.2495710 
192.0000000 316.0351693 316.0531525 
193.0000000 315.8387507 315.8567339 
194.0000000 315.6423322 315.6603154 
195.0000000 315.4459136 315.4638968 
196.0000000 315.2494951 315.2674783 
197.0000000 315.0530765 315.0710597 
198.0000000 314.8566580 314.8746412 
199.0000000 314.6602394 314.6782226 
200.0000000 314.4638209 314.4818041 
201.0000000 314.2674023 314.2853855 
202.0000000 314.0709838 314.0889670 
203.0000000 313.8745652 313.8925484 
204.0000000 313.6781467 313.6961299 
205.0000000 313.4817281 313.4997113 
206.0000000 313.2853096 313.3032928 
207.0000000 313.0888910 313.1068742 
208.0000000 312.8924725 312.9104557 
209.0000000 312.6960539 312.7140371 
210.0000000 312.4996354 312.5176186 
211.0000000 312.3032168 312.3212000 
212.0000000 312.1067983 312.1247815 
213.0000000 311.9103797 311.9283629 
214.0000000 311.7139612 311.7319444 
215.0000000 311.5175426 311.5355258 
216.0000000 311.3211241 311.3391073 
217.0000000 311.1247055 311.1426887 
218.0000000 310.9282870 310.9462702 
219.0000000 310.7318684 310.7498516 
220.0000000 310.5354499 310.5534331 
221.0000000 310.3390313 310.3570145 
222.0000000 310.1426128 310.1605960 
223.0000000 309.9461942 309.9641774 
224.0000000 309.7497757 309.7677589 
225.0000000 309.5533571 309.5713403 
226.0000000 309.3569386 309.3749218 
227.0000000 309.1605200 309.1785032 
228.0000000 308.9641015 308.9820847 
229.0000000 308.7676829 308.7856661 
230.0000000 308.5712644 308.5892476 
231.0000000 308.3748458 308.3928290 
232.0000000 308.1784273 308.1964105 
233.0000000 307.9820087 307.9999919 
234.0000000 307.7855902 307.8035734 
235.0000000 307.5891716 307.6071548 
236.0000000 307.3927531 307.4107363 
237.0000000 307.1963345 307.2143177 
238.0000000 306.9999160 307.0178992 
239.0000000 306.8034974 306.8214806 
240.0000000 306.6070789 306.6250621 
241.0000000 306.4106603 306.4286435 
242.0000000 306.2142418 306.2322250 
243.0000000 306.0178232 306.0358064 
244.0000000 305.8214047 305.8393879 
245.0000000 305.6249861 305.6429693 
246.0000000 305.4285676 305.4465508 
247.0000000 305.2321490 305.2501322 
248.0000000 305.0357305 305.0537137 
249.0000000 304.8393119 304.8572951 
250.0000000 304.6428934 304.6608766 
251.0000000 304.4464748 304.4644580 
252.0000000 304.2500563 304.2680395 
253.0000000 304.0536377 304.0716209 
254.0000000 303.8572192 303.8752024 
255.0000000 303.6608006 303.6787838 
256.0000000 303.4643821 303.4823653 
257.0000000 303.2679635 303.2859467 
258.0000000 303.0715450 303.0895282 
259.0000000 302.8751264 302.8931096 
260.0000000 302.6787079 302.6966911 
261.0000000 302.4822893 302.5002725 
262.0000000 302.2858708 302.3038540 
263.0000000 302.0894522 302.1074354 
264.0000000 301.8930337 301.9110169 
265.0000000 301.6966151 301.7145983 
266.0000000 301.5001966 301.5181798 
267.0000000 301.3037780 301.3217612 
268.0000000 301.1073595 301.1253427 
269.0000000 300.9109409 300.9289241 
270.0000000 300.7145223 300.7325056 
271.0000000 300.5181038 300.5360870 
272.0000000 300.3216852 300.3396685 
273.0000000 300.1252667 300.1432499 
274.0000000 299.9288481 299.9468314 
275.0000000 299.7324296 299.7504128 
276.0000000 299.5360110 299.5539943 
277.0000000 299.3395925 299.3575757 
278.0000000 299.1431739 299.1611572 
279.0000000 298.9467554 298.9647386 
280.0000000 298.7503368 298.7683201 
281.0000000 298.5539183 298.5719015 
282.0000000 298.3574997 298.3754830 
283.0000000 298.1610812 298.1790644 
284.0000000 297.9646626 297.9826459 
285.0000000 297.7682441 297.7862273 
286.0000000 297.5718255 297.5898088 
287.0000000 297.3754070 297.3933902 
288.0000000 297.1789884 297.1969717 
289.0000000 296.9825699 297.0005531 
290.0000000 296.7861513 296.8041346 
291.0000000 296.5897328 296.6077160 
292.0000000 296.3933142 296.4112975 
293.0000000 296.1968957 296.2148789 
294.0000000 296.0004771 296.0184604 
295.0000000 295.8040586 295.8220418 
296.0000000 295.6076400 295.6256233 
297.0000000 295.4112215 295.4292047 
298.0000000 295.2148029 295.2327862 
299.0000000 295.0183844 295.0363676 
300.0000000 294.8219658 294.8399491 
301.0000000 294.6255473 294.6435305 
302.0000000 294.4291287 294.4471120 
303.0000000 294.2327102 294.2506934 
304.0000000 294.0362916 294.0542749 
305.0000000 293.8398731 293.8578563 
306.0000000 293.6434545 293.6614378 
307.0000000 293.4470360 293.4650192 
308.0000000 293.2506174 293.2686007 
309.0000000 293.0541989 293.0721821 
310.0000000 292.8577803 292.8757636 
311.0000000 292.6613618 292.6793450 
312.0000000 292.4649432 292.4829265 
313.0000000 292.2685247 292.2865079 
314.0000000 292.0721061 292.0900894 
315.0000000 291.8756876 291.8936708 
316.0000000 291.6792690 291.6972523 
317.0000000 291.4828505 291.5008337 
318.0000000 291.2864319 291.3044152 
319.0000000 291.0900134 291.1079966 
320.0000000 290.8935948 290.9115781 
321.0000000 290.6971763 290.7151595 
322.0000000 290.5007577 290.5187409 
323.0000000 290.3043392 290.3223224 
324.0000000 290.1079206 290.1259038 
325.0000000 289.9115021 289.9294853 
326.0000000 289.7150835 289.7330667 
327.0000000 289.5186650 289.5366482 
328.0000000 289.3222464 289.3402296 
329.0000000 289.1258279 289.1438111 
330.0000000 288.9294093 288.9473925 
331.0000000 288.7329908 288.7509740 
332.0000000 288.5365722 288.5545554 
333.0000000 288.3401537 288.3581369 
334.0000000 288.1437351 288.1617183 
335.0000000 287.9473166 287.9652998 
336.0000000 287.7508980 287.7688812 
337.0000000 287.5544795 287.5724627 
338.0000000 287.3580609 287.3760441 
339.0000000 287.1616424 287.1796256 
340.0000000 286.9652238 286.9832070 
341.0000000 286.7688053 286.7867885 
342.0000000 286.5723867 286.5903699 
343.0000000 286.3759682 286.3939514 
344.0000000 286.1795496 286.1975328 
345.0000000 285.9831311 286.0011143 
346.0000000 285.7867125 285.8046957 
347.0000000 285.5902940 285.6082772 
348.0000000 285.3938754 285.4118586 
349.0000000 285.1974569 285.2154401 
350.0000000 285.0010383 285.0190215 
351.0000000 284.8046198 284.8226030 
352.0000000 284.6082012 284.6261844 
353.0000000 284.4117827 284.4297659 
354.0000000 284.2153641 284.2333473 
355.0000000 284.0189456 284.0369288 
356.0000000 283.8225270 283.8405102 
357.0000000 283.6261085 283.6440917 
358.0000000 283.4296899 283.4476731 
359.0000000 283.2332714 283.2512546 
360.0000000 283.0368528 283.0548360 
361.0000000 282.8404343 282.8584175 
362.0000000 282.6440157 282.6619989 
363.0000000 282.4475972 282.4655804 
364.0000000 282.2511786 282.2691618 
365.0000000 282.0547601 282.0727433 
366.0000000 281.8583415 281.8763247 
367.0000000 281.6619230 281.6799062 
368.0000000 281.4655044 281.4834876 
369.0000000 281.2690859 281.2870691 
370.0000000 281.0726673 281.0906505 
371.0000000 280.8762488 280.8942320 
372.0000000 280.6798302 280.6978134 
373.0000000 280.4834117 280.5013949 
374.0000000 280.2869931 280.3049763 
375.0000000 280.0905746 280.1085578 
376.0000000 279.8941560 279.9121392 
377.0000000 279.6977375 279.7157207 
378.0000000 279.5013189 279.5193021 
379.0000000 279.3049004 279.3228836 
380.0000000 279.1084818 279.1264650 
381.0000000 278.9120633 278.9300465 
382.0000000 278.7156447 278.7336279 
383.0000000 278.5192262 278.5372094 
384.0000000 278.3228076 278.3407908 
385.0000000 278.1263891 278.1443723 
386.0000000 277.9299705 277.9479537 
387.0000000 277.7335520 277.7515352 
388.0000000 277.5371334 277.5551166 
389.0000000 277.3407149 277.3586981 
390.0000000 277.1442963 277.1622795 
391.0000000 276.9478778 276.9658610 
392.0000000 276.7514592 276.7694424 
393.0000000 276.5550407 276.5730239 
394.0000000 276.3586221 276.3766053 
395.0000000 276.1622036 276.1801868 
396.0000000 275.9657850 275.9837682 
397.0000000 275.7693665 275.7873497 
398.0000000 275.5729479 275.5909311 
399.0000000 275.3765294 275.3945126 
400.0000000 275.1801108 275.1980940 
401.0000000 274.9836923 275.0016755 
402.0000000 274.7872737 274.8052569 
403.0000000 274.5908552 274.6088384 
404.0000000 274.3944366 274.4124198 
405.0000000 274.1980181 274.2160013 
406.0000000 274.0015995 274.0195827 
407.0000000 273.8051810 273.8231642 
408.0000000 273.6087624 273.6267456 
409.0000000 273.4123439 273.4303271 
410.0000000 273.2159253 273.2339085 
411.0000000 273.0195068 273.0374900 
412.0000000 272.8230882 272.8410714 
413.0000000 272.6266697 272.6446529 
414.0000000 272.4302511 272.4482343 
415.0000000 272.2338326 272.2518158 
416.0000000 272.0374140 272.0553972 
417.0000000 271.8409955 271.8589787 
418.0000000 271.6445769 271.6625601 
419.0000000 271.4481584 271.4661416 
420.0000000 271.2517398 271.2697230 
421.0000000 271.0553212 271.0733045 
422.0000000 270.8589027 270.8768859 
423.0000000 270.6624841 270.6804674 
424.0000000 270.4660656 270.4840488 
425.0000000 270.2696470 270.2876303 
426.0000000 270.0732285 270.0912117 
427.0000000 269.8768099 269.8947932 
428.0000000 269.6803914 269.6983746 
429.0000000 269.4839728 269.5019561 
430.0000000 269.2875543 269.3055375 
431.0000000 269.0911357 269.1091190 
432.0000000 268.8947172 268.9127004 
433.0000000 268.6982986 268.7162819 
434.0000000 268.5018801 268.5198633 
435.0000000 268.3054615 268.3234448 
436.0000000 268.1090430 268.1270262 
437.0000000 267.9126244 267.9306077 
438.0000000 267.7162059 267.7341891 
439.0000000 267.5197873 267.5377706 
440.0000000 267.3233688 267.3413520 
441.0000000 267.1269502 267.1449335 
442.0000000 266.9305317 266.9485149 
443.0000000 266.7341131 266.7520964 
444.0000000 266.5376946 266.5556778 
445.0000000 266.3412760 266.3592593 
446.0000000 266.1448575 266.1628407 
447.0000000 265.9484389 265.9664222 
448.0000000 265.7520204 265.7700036 
449.0000000 265.5556018 265.5735851 
450.0000000 265.3591833 265.3771665 
451.0000000 265.1627647 265.1807480 
452.0000000 264.9663462 264.9843294 
453.0000000 264.7699276 264.7879109 
454.0000000 264.5735091 264.5914923 
455.0000000 264.3770905 264.3950738 
456.0000000 264.1806720 264.1986552 
457.0000000 263.9842534 264.0022367 
458.0000000 263.7878349 263.8058181 
459.0000000 263.5914163 263.6093996 
460.0000000 263.3949978 263.4129810 
461.0000000 263.1985792 263.2165625 
462.0000000 263.0021607 263.0201439 
463.0000000 262.8057421 262.8237254 
464.0000000 262.6093236 262.6273068 
465.0000000 262.4129050 262.4308883 
466.0000000 262.2164865 262.2344697 
467.0000000 262.0200679 262.0380512 
468.0000000 261.8236494 261.8416326 
469.0000000 261.6272308 261.6452141 
470.0000000 261.4308123 261.4487955 
471.0000000 261.2343937 261.2523770 
472.0000000 261.0379752 261.0559584 
473.0000000 260.8415566 260.8595398 
474.0000000 260.6451381 260.6631213 
475.0000000 260.4487195 260.4667027 
476.0000000 260.2523010 260.2702842 
477.0000000 260.0558824 260.0738656 
478.0000000 259.8594639 259.8774471 
479.0000000 259.6630453 259.6810285 
480.0000000 259.4666268 259.4846100 
481.0000000 259.2702082 259.2881914 
482.0000000 259.0737897 259.0917729 
483.0000000 258.8773711 258.8953543 
484.0000000 258.6809526 258.6989358 
485.0000000 258.4845340 258.5025172 
486.0000000 258.2881155 258.3060987 
487.0000000 258.0916969 258.1096801 
488.0000000 257.8952784 257.9132616 
489.0000000 257.6988598 257.7168430 
490.0000000 257.5024413 257.5204245 
491.0000000 257.3060227 257.3240059 
492.0000000 257.1096042 257.1275874 
493.0000000 256.9131856 256.9311688 
494.0000000 256.7167671 256.7347503 
495.0000000 256.5203485 256.5383317 
496.0000000 256.3239300 256.3419132 
497.0000000 256.1275114 256.1454946 
498.0000000 255.9310929 255.9490761 
499.0000000 255.7346743 255.7526575 
500.0000000 255.5382558 255.5562390 
501.0000000 255.3418372 255.3598204 
502.0000000 255.1454187 255.1634019 
503.0000000 254.9490001 254.9669833 
504.0000000 254.7525816 254.7705648 
505.0000000 254.5561630 254.5741462 
506.0000000 254.3597445 254.3777277 
507.0000000 254.1633259 254.1813091 
508.0000000 253.9669074 253.9848906 
509.0000000 253.7704888 253.7884720 
510.0000000 253.5740703 253.5920535 
511.0000000 253.3776517 253.3956349 
512.0000000 253.1812332 253.1992164 
513.0000000 252.9848146 253.0027978 
514.0000000 252.7883961 252.8063793 
515.0000000 252.5919775 252.6099607 
516.0000000 252.3955590 252.4135422 
517.0000000 252.1991404 252.2171236 
518.0000000 252.0027219 252.0207051 
519.0000000 251.8063033 251.8242865 
520.0000000 251.6098848 251.6278680 
521.0000000 251.4134662 251.4314494 
522.0000000 251.2170477 251.2350309 
523.0000000 251.0206291 251.0386123 
524.0000000 250.8242106 250.8421938 
525.0000000 250.6277920 250.6457752 
526.0000000 250.4313735 250.4493567 
527.0000000 250.2349549 250.2529381 
528.0000000 250.0385364 250.0565196 
529.0000000 249.8421178 249.8601010 
530.0000000 249.6456993 249.6636825 
531.0000000 249.4492807 249.4672639 
532.0000000 249.2528622 249.2708454 
533.0000000 249.0564436 249.0744268 
534.0000000 248.8600251 248.8780083 
535.0000000 248.6636065 248.6815897 
536.0000000 248.4671880 248.4851712 
537.0000000 248.2707694 248.2887526 
538.0000000 248.0743509 248.0923341 
539.0000000 247.8779323 247.8959155 
540.0000000 247.6815138 247.6994970 
541.0000000 247.4850952 247.5030784 
542.0000000 247.2886767 247.3066599 
543.0000000 247.0922581 247.1102413 
544.0000000 246.8958396 246.9138228 
545.0000000 246.6994210 246.7174042 
546.0000000 246.5030025 246.5209857 
547.0000000 246.3065839 246.3245671 
548.0000000 246.1101654 246.1281486 
549.0000000 245.9137468 245.9317300 
550.0000000 245.7173283 245.7353115 
551.0000000 245.5209097 245.5388929 
552.0000000 245.3244912 245.3424744 
553.0000000 245.1280726 245.1460558 
554.0000000 244.9316541 244.9496373 
555.0000000 244.7352355 244.7532187 
556.0000000 244.5388170 244.5568002 
557.0000000 244.3423984 244.3603816 
558.0000000 244.1459799 244.1639631 
559.0000000 243.9495613 243.9675445 
560.0000000 243.7531428 243.7711260 
561.0000000 243.5567242 243.5747074 
562.0000000 243.3603057 243.3782889 
563.0000000 243.1638871 243.1818703 
564.0000000 242.9674686 242.9854518 
565.0000000 242.7710500 242.7890332 
566.0000000 242.5746315 242.5926147 
567.0000000 242.3782129 242.3961961 
568.0000000 242.1817944 242.1997776 
569.0000000 241.9853758 242.0033590 
570.0000000 241.7889573 241.8069405 
571.0000000 241.5925387 241.6105219 
572.0000000 241.3961201 241.4141034 
573.0000000 241.1997016 241.2176848 
574.0000000 241.0032830 241.0212663 
575.0000000 240.8068645 240.8248477 
576.0000000 240.6104459 240.6284292 
577.0000000 240.4140274 240.4320106 
578.0000000 240.2176088 240.2355921 
579.0000000 240.0211903 240.0391735 
580.0000000 239.8247717 239.8427550 
581.0000000 239.6283532 239.6463364 
582.0000000 239.4319346 239.4499179 
583.0000000 239.2355161 239.2534993 
584.0000000 239.0390975 239.0570808 
585.0000000 238.8426790 238.8606622 
586.0000000 238.6462604 238.6642437 
587.0000000 238.4498419 238.4678251 
588.0000000 238.2534233 238.2714066 
589.0000000 238.0570048 238.0749880 
590.0000000 237.8605862 237.8785695 
591.0000000 237.6641677 237.6821509 
592.0000000 237.4677491 237.4857324 
593.0000000 237.2713306 237.2893138 
594.0000000 237.0749120 237.0928953 
595.0000000 236.8784935 236.8964767 
596.0000000 236.6820749 236.7000582 
597.0000000 236.4856564 236.5036396 
598.0000000 236.2892378 236.3072211 
599.0000000 236.0928193 236.1108025 
600.0000000 235.8964007 235.9143840 
601.0000000 235.6999822 235.7179654 
602.0000000 235.5035636 235.5215469 
603.0000000 235.3071451 235.3251283 
604.0000000 235.1107265 235.1287098 
605.0000000 234.9143080 234.9322912 
606.0000000 234.7178894 234.7358727 
607.0000000 234.5214709 234.5394541 
608.0000000 234.3250523 234.3430356 
609.0000000 234.1286338 234.1466170 
610.0000000 233.9322152 233.9501985 
611.0000000 233.7357967 233.7537799 
612.0000000 233.5393781 233.5573614 
613.0000000 233.3429596 233.3609428 
614.0000000 233.1465410 233.1645243 
615.0000000 232.9501225 232.9681057 
616.0000000 232.7537039 232.7716872 
617.0000000 232.5572854 232.5752686 
618.0000000 232.3608668 232.3788501 
619.0000000 232.1644483 232.1824315 
620.0000000 231.9680297 231.9860130 
621.0000000 231.7716112 231.7895944 
622.0000000 231.5751926 231.5931759 
623.0000000 231.3787741 231.3967573 
624.0000000 231.1823555 231.2003388 
625.0000000 230.9859370 231.0039202 
626.0000000 230.7895184 230.8075016 
627.0000000 230.5930999 230.6110831 
628.0000000 230.3966813 230.4146645 
629.0000000 230.2002628 230.2182460 
630.0000000 230.0038442 230.0218274 
631.0000000 229.8074257 229.8254089 
632.0000000 229.6110071 229.6289903 
633.0000000 229.4145886 229.4325718 
634.0000000 229.2181700 229.2361532 
635.0000000 229.0217515 229.0397347 
636.0000000 228.8253329 228.8433161 
637.0000000 228.6289144 228.6468976 
638.0000000 228.4324958 228.4504790 
639.0000000 228.2360773 228.2540605 
640.0000000 228.0396587 228.0576419 
641.0000000 227.8432402 227.8612234 
642.0000000 227.6468216 227.6648048 
643.0000000 227.4504031 227.4683863 
644.0000000 227.2539845 227.2719677 
645.0000000 227.0575660 227.0755492 
646.0000000 226.8611474 226.8791306 
647.0000000 226.6647289 226.6827121 
648.0000000 226.4683103 226.4862935 
649.0000000 226.2718918 226.2898750 
650.0000000 226.0754732 226.0934564 
651.0000000 225.8790547 225.8970379 
652.0000000 225.6826361 225.7006193 
653.0000000 225.4862176 225.5042008 
654.0000000 225.2897990 225.3077822 
655.0000000 225.0933805 225.1113637 
656.0000000 224.8969619 224.9149451 
657.0000000 224.7005434 224.7185266 
658.0000000 224.5041248 224.5221080 
659.0000000 224.3077063 224.3256895 
660.0000000 224.1112877 224.1292709 
661.0000000 223.9148692 223.9328524 
662.0000000 223.7184506 223.7364338 
663.0000000 223.5220321 223.5400153 
664.0000000 223.3256135 223.3435967 
665.0000000 223.1291950 223.1471782 
666.0000000 222.9327764 222.9507596 
667.0000000 222.7363579 222.7543411 
668.0000000 222.5399393 222.5579225 
669.0000000 222.3435208 222.3615040 
670.0000000 222.1471022 222.1650854 
671.0000000 221.9506837 221.9686669 
672.0000000 221.7542651 221.7722483 
673.0000000 221.5578466 221.5758298 
674.0000000 221.3614280 221.3794112 
675.0000000 221.1650095 221.1829927 
676.0000000 220.9685909 220.9865741 
677.0000000 220.7721724 220.7901556 
678.0000000 220.5757538 220.5937370 
679.0000000 220.3793353 220.3973185 
680.0000000 220.1829167 220.2008999 
681.0000000 219.9864982 220.0044814 
682.0000000 219.7900796 219.8080628 
683.0000000 219.5936611 219.6116443 
684.0000000 219.3972425 219.4152257 
685.0000000 219.2008240 219.2188072 
686.0000000 219.0044054 219.0223886 
687.0000000 218.8079869 218.8259701 
688.0000000 218.6115683 218.6295515 
689.0000000 218.4151498 218.4331330 
690.0000000 218.2187312 218.2367144 
691.0000000 218.0223127 218.0402959 
692.0000000 217.8258941 217.8438773 
693.0000000 217.6294756 217.6474588 
694.0000000 217.4330570 217.4510402 
695.0000000 217.2366385 217.2546217 
696.0000000 217.0402199 217.0582031 
697.0000000 216.8438014 216.8617846 
698.0000000 216.6473828 216.6653660 
699.0000000 216.4509643 216.4689475 
700.0000000 216.2545457 216.2725289 
701.0000000 216.0581272 216.0761104 
702.0000000 215.8617086 215.8796918 
703.0000000 215.6652901 215.6832733 
704.0000000 215.4688715 215.4868547 
705.0000000 215.2724530 215.2904362 
706.0000000 215.0760344 215.0940176 
707.0000000 214.8796159 214.8975991 
708.0000000 214.6831973 214.7011805 
709.0000000 214.4867788 214.5047620 
710.0000000 214.2903602 214.3083434 
711.0000000 214.0939417 214.1119249 
712.0000000 213.8975231 213.9155063 
713.0000000 213.7011046 213.7190878 
714.0000000 213.5046860 213.5226692 
715.0000000 213.3082675 213.3262507 
716.0000000 213.1118489 213.1298321 
717.0000000 212.9154304 212.9334136 
718.0000000 212.7190118 212.7369950 
719.0000000 212.5225933 212.5405765 
720.0000000 212.3261747 212.3441579 
721.0000000 212.1297562 212.1477394 
722.0000000 211.9333376 211.9513208 
723.0000000 211.7369191 211.7549023 
724.0000000 211.5405005 211.5584837 
725.0000000 211.3440819 211.3620652 
726.0000000 211.1476634 211.1656466 
727.0000000 210.9512448 210.9692281 
728.0000000 210.7548263 210.7728095 
729.0000000 210.5584077 210.5763910 
730.0000000 210.3619892 210.3799724 
731.0000000 210.1655706 210.1835539 
732.0000000 209.9691521 209.9871353 
733.0000000 209.7727335 209.7907168 
734.0000000 209.5763150 209.5942982 
735.0000000 209.3798964 209.3978797 
736.0000000 209.1834779 209.2014611 
737.0000000 208.9870593 209.0050426 
738.0000000 208.7906408 208.8086240 
739.0000000 208.5942222 208.6122055 
740.0000000 208.3978037 208.4157869 
741.0000000 208.2013851 208.2193684 
742.0000000 208.0049666 208.0229498 
743.0000000 207.8085480 207.8265313 
744.0000000 207.6121295 207.6301127 
745.0000000 207.4157109 207.4336942 
746.0000000 207.2192924 207.2372756 
747.0000000 207.0228738 207.0408571 
748.0000000 206.8264553 206.8444385 
749.0000000 206.6300367 206.6480200 
750.0000000 206.4336182 206.4516014 
751.0000000 206.2371996 206.2551829 
752.0000000 206.0407811 206.0587643 
753.0000000 205.8443625 205.8623458 
754.0000000 205.6479440 205.6659272 
755.0000000 205.4515254 205.4695087 
756.0000000 205.2551069 205.2730901 
757.0000000 205.0586883 205.0766716 
758.0000000 204.8622698 204.8802530 
759.0000000 204.6658512 204.6838345 
760.0000000 204.4694327 204.4874159 
761.0000000 204.2730141 204.2909974 
762.0000000 204.0765956 204.0945788 
763.0000000 203.8801770 203.8981603 
764.0000000 203.6837585 203.7017417 
765.0000000 203.4873399 203.5053232 
766.0000000 203.2909214 203.3089046 
767.0000000 203.0945028 203.1124861 
768.0000000 202.8980843 202.9160675 
769.0000000 202.7016657 202.7196490 
770.0000000 202.5052472 202.5232304 
771.0000000 202.3088286 202.3268119 
772.0000000 202.1124101 202.1303933 
773.0000000 201.9159915 201.9339748 
774.0000000 201.7195730 201.7375562 
775.0000000 201.5231544 201.5411377 
776.0000000 201.3267359 201.3447191 
777.0000000 201.1303173 201.1483005 
778.0000000 200.9338988 200.9518820 
779.0000000 200.7374802 200.7554634 
780.0000000 200.5410617 200.5590449 
781.0000000 200.3446431 200.3626263 
782.0000000 200.1482246 200.1662078 
783.0000000 199.9518060 199.9697892 
784.0000000 199.7553875 199.7733707 
785.0000000 199.5589689 199.5769521 
786.0000000 199.3625504 199.3805336 
787.0000000 199.1661318 199.1841150 
788.0000000 198.9697133 198.9876965 
789.0000000 198.7732947 198.7912779 
790.0000000 198.5768762 198.5948594 
791.0000000 198.3804576 198.3984408 
792.0000000 198.1840391 198.2020223 
793.0000000 197.9876205 198.0056037 
794.0000000 197.7912020 197.8091852 
795.0000000 197.5947834 197.6127666 
796.0000000 197.3983649 197.4163481 
797.0000000 197.2019463 197.2199295 
798.0000000 197.0055278 197.0235110 
799.0000000 196.8091092 196.8270924 
800.0000000 196.6126907 196.6306739 
801.0000000 196.4162721 196.4342553 
802.0000000 196.2198536 196.2378368 
803.0000000 196.0234350 196.0414182 
804.0000000 195.8270165 195.8449997 
805.0000000 195.6305979 195.6485811 
806.0000000 195.4341794 195.4521626 
807.0000000 195.2377608 195.2557440 
808.0000000 195.0413423 195.0593255 
809.0000000 194.8449237 194.8629069 
810.0000000 194.6485052 194.6664884 
811.0000000 194.4520866 194.4700698 
812.0000000 194.2556681 194.2736513 
813.0000000 194.0592495 194.0772327 
814.0000000 193.8628310 193.8808142 
815.0000000 193.6664124 193.6843956 
816.0000000 193.4699939 193.4879771 
817.0000000 193.2735753 193.2915585 
818.0000000 193.0771568 193.0951400 
819.0000000 192.8807382 192.8987214 
820.0000000 192.6843197 192.7023029 
821.0000000 192.4879011 192.5058843 
822.0000000 192.2914826 192.3094658 
823.0000000 192.0950640 192.1130472 
824.0000000 191.8986455 191.9166287 
825.0000000 191.7022269 191.7202101 
826.0000000 191.5058084 191.5237916 
827.0000000 191.3093898 191.3273730 
828.0000000 191.1129713 191.1309545 
829.0000000 190.9165527 190.9345359 
830.0000000 190.7201342 190.7381174 
831.0000000 190.5237156 190.5416988 
832.0000000 190.3272971 190.3452803 
833.0000000 190.1308785 190.1488617 
834.0000000 189.9344600 189.9524432 
835.0000000 189.7380414 189.7560246 
836.0000000 189.5416229 189.5596061 
837.0000000 189.3452043 189.3631875 
838.0000000 189.1487858 189.1667690 
839.0000000 188.9523672 188.9703504 
840.0000000 188.7559487 188.7739319 
841.0000000 188.5595301 188.5775133 
842.0000000 188.3631116 188.3810948 
843.0000000 188.1666930 188.1846762 
844.0000000 187.9702745 187.9882577 
845.0000000 187.7738559 187.7918391 
846.0000000 187.5774374 187.5954206 
847.0000000 187.3810188 187.3990020 
848.0000000 187.1846003 187.2025835 
849.0000000 186.9881817 187.0061649 
850.0000000 186.7917632 186.8097464 
851.0000000 186.5953446 186.6133278 
852.0000000 186.3989261 186.4169093 
853.0000000 186.2025075 186.2204907 
854.0000000 186.0060890 186.0240722 
855.0000000 185.8096704 185.8276536 
856.0000000 185.6132519 185.6312351 
857.0000000 185.4168333 185.4348165 
858.0000000 185.2204148 185.2383980 
859.0000000 185.0239962 185.0419794 
860.0000000 184.8275777 184.8455609 
861.0000000 184.6311591 184.6491423 
862.0000000 184.4347406 184.4527238 
863.0000000 184.2383220 184.2563052 
864.0000000 184.0419035 184.0598867 
865.0000000 183.8454849 183.8634681 
866.0000000 183.6490664 183.6670496 
867.0000000 183.4526478 183.4706310 
868.0000000 183.2562293 183.2742125 
869.0000000 183.0598107 183.0777939 
870.0000000 182.8633922 182.8813754 
871.0000000 182.6669736 182.6849568 
872.0000000 182.4705551 182.4885383 
873.0000000 182.2741365 182.2921197 
874.0000000 182.0777180 182.0957012 
875.0000000 181.8812994 181.8992826 
876.0000000 181.6848808 181.7028641 
877.0000000 181.4884623 181.5064455 
878.0000000 181.2920437 181.3100270 
879.0000000 181.0956252 181.1136084 
880.0000000 180.8992066 180.9171899 
881.0000000 180.7027881 180.7207713 
882.0000000 180.5063695 180.5243528 
883.0000000 180.3099510 180.3279342 
884.0000000 180.1135324 180.1315157 
885.0000000 179.9171139 179.9350971 
886.0000000 179.7206953 179.7386786 
887.0000000 179.5242768 179.5422600 
888.0000000 179.3278582 179.3458415 
889.0000000 179.1314397 179.1494229 
890.0000000 178.9350211 178.9530044 
891.0000000 178.7386026 178.7565858 
892.0000000 178.5421840 178.5601673 
893.0000000 178.3457655 178.3637487 
894.0000000 178.1493469 178.1673302 
895.0000000 177.9529284 177.9709116 
896.0000000 177.7565098 177.7744931 
897.0000000 177.5600913 177.5780745 
898.0000000 177.3636727 177.3816560 
899.0000000 177.1672542 177.1852374 
900.0000000 176.9708356 176.9888189 
901.0000000 176.7744171 176.7924003 
902.0000000 176.5779985 176.5959818 
903.0000000 176.3815800 176.3995632 
904.0000000 176.1851614 176.2031447 
905.0000000 175.9887429 176.0067261 
906.0000000 175.7923243 175.8103076 
907.0000000 175.5959058 175.6138890 
908.0000000 175.3994872 175.4174705 
909.0000000 175.2030687 175.2210519 
910.0000000 175.0066501 175.0246334 
911.0000000 174.8102316 174.8282148 
912.0000000 174.6138130 174.6317963 
913.0000000 174.4173945 174.4353777 
914.0000000 174.2209759 174.2389592 
915.0000000 174.0245574 174.0425406 
916.0000000 173.8281388 173.8461221 
917.0000000 173.6317203 173.6497035 
918.0000000 173.4353017 173.4532850 
919.0000000 173.2388832 173.2568664 
920.0000000 173.0424646 173.0604479 
921.0000000 172.8460461 172.8640293 
922.0000000 172.6496275 172.6676108 
923.0000000 172.4532090 172.4711922 
924.0000000 172.2567904 172.2747737 
925.0000000 172.0603719 172.0783551 
926.0000000 171.8639533 171.8819366 
927.0000000 171.6675348 171.6855180 
928.0000000 171.4711162 171.4890994 
929.0000000 171.2746977 171.2926809 
930.0000000 171.0782791 171.0962623 
931.0000000 170.8818606 170.8998438 
932.0000000 170.6854420 170.7034252 
933.0000000 170.4890235 170.5070067 
934.0000000 170.2926049 170.3105881 
935.0000000 170.0961864 170.1141696 
936.0000000 169.8997678 169.9177510 
937.0000000 169.7033493 169.7213325 
938.0000000 169.5069307 169.5249139 
939.0000000 169.3105122 169.3284954 
940.0000000 169.1140936 169.1320768 
941.0000000 168.9176751 168.9356583 
942.0000000 168.7212565 168.7392397 
943.0000000 168.5248380 168.5428212 
944.0000000 168.3284194 168.3464026 
945.0000000 168.1320009 168.1499841 
946.0000000 167.9355823 167.9535655 
947.0000000 167.7391638 167.7571470 
948.0000000 167.5427452 167.5607284 
949.0000000 167.3463267 167.3643099 
950.0000000 167.1499081 167.1678913 
951.0000000 166.9534896 166.9714728 
952.0000000 166.7570710 166.7750542 
953.0000000 166.5606525 166.5786357 
954.0000000 166.3642339 166.3822171 
955.0000000 166.1678154 166.1857986 
956.0000000 165.9713968 165.9893800 
957.0000000 165.7749783 165.7929615 
958.0000000 165.5785597 165.5965429 
959.0000000 165.3821412 165.4001244 
960.0000000 165.1857226 165.2037058 
961.0000000 164.9893041 165.0072873 
962.0000000 164.7928855 164.8108687 
963.0000000 164.5964670 164.6144502 
964.0000000 164.4000484 164.4180316 
965.0000000 164.2036299 164.2216131 
966.0000000 164.0072113 164.0251945 
967.0000000 163.8107928 163.8287760 
968.0000000 163.6143742 163.6323574 
969.0000000 163.4179557 163.4359389 
970.0000000 163.2215371 163.2395203 
971.0000000 163.0251186 163.0431018 
972.0000000 162.8287000 162.8466832 
973.0000000 162.6322815 162.6502647 
974.0000000 162.4358629 162.4538461 
975.0000000 162.2394444 162.2574276 
976.0000000 162.0430258 162.0610090 
977.0000000 161.8466073 161.8645905 
978.0000000 161.6501887 161.6681719 
979.0000000 161.4537702 161.4717534 
980.0000000 161.2573516 161.2753348 
981.0000000 161.0609331 161.0789163 
982.0000000 160.8645145 160.8824977 
983.0000000 160.6680960 160.6860792 
984.0000000 160.4716774 160.4896606 
985.0000000 160.2752589 160.2932421 
986.0000000 160.0788403 160.0968235 
987.0000000 159.8824218 159.9004050 
988.0000000 159.6860032 159.7039864 
989.0000000 159.4895847 159.5075679 
990.0000000 159.2931661 159.3111493 
991.0000000 159.0967476 159.1147308 
992.0000000 158.9003290 158.9183122 
993.0000000 158.7039105 158.7218937 
994.0000000 158.5074919 158.5254751 
995.0000000 158.3110734 158.3290566 
996.0000000 158.1146548 158.1326380 
997.0000000 157.9182363 157.9362195 
998.0000000 157.7218177 157.7398009 
999.0000000 157.5253992 157.5433824 
1000.0000000 157.3289806 157.3469638 
1001.0000000 157.1325621 157.1505453 
1002.0000000 156.9361435 156.9541267 
1003.0000000 156.7397250 156.7577082 
1004.0000000 156.5433064 156.5612896 
1005.0000000 156.3468879 156.3648711 
1006.0000000 156.1504693 156.1684525 
1007.0000000 155.9540508 155.9720340 
1008.0000000 155.7576322 155.7756154 
1009.0000000 155.5612137 155.5791969 
1010.0000000 155.3647951 155.3827783 
1011.0000000 155.1683766 155.1863598 
1012.0000000 154.9719580 154.9899412 
1013.0000000 154.7755395 154.7935227 
1014.0000000 154.5791209 154.5971041 
1015.0000000 154.3827024 154.4006856 
1016.0000000 154.1862838 154.2042670 
1017.0000000 153.9898653 154.0078485 
1018.0000000 153.7934467 153.8114299 
1019.0000000 153.5970282 153.6150114 
1020.0000000 153.4006096 153.4185928 
1021.0000000 153.2041911 153.2221743 
1022.0000000 153.0077725 153.0257557 
1023.0000000 152.8113540 152.8293372 
1024.0000000 152.6149354 152.6329186 
1025.0000000 152.4185169 152.4365001 
1026.0000000 152.2220983 152.2400815 
1027.0000000 152.0256797 152.0436630 
1028.0000000 151.8292612 151.8472444 
1029.0000000 151.6328426 151.6508259 
1030.0000000 151.4364241 151.4544073 
1031.0000000 151.2400055 151.2579888 
1032.0000000 151.0435870 151.0615702 
1033.0000000 150.8471684 150.8651517 
1034.0000000 150.6507499 150.6687331 
1035.0000000 150.4543313 150.4723146 
1036.0000000 150.2579128 150.2758960 
1037.0000000 150.0614942 150.0794775 
1038.0000000 149.8650757 149.8830589 
1039.0000000 149.6686571 149.6866404 
1040.0000000 149.4722386 149.4902218 
1041.0000000 149.2758200 149.2938033 
1042.0000000 149.0794015 149.0973847 
1043.0000000 148.8829829 148.9009662 
1044.0000000 148.6865644 148.7045476 
1045.0000000 148.4901458 148.5081291 
1046.0000000 148.2937273 148.3117105 
1047.0000000 148.0973087 148.1152920 
1048.0000000 147.9008902 147.9188734 
1049.0000000 147.7044716 147.7224549 
1050.0000000 147.5080531 147.5260363 
1051.0000000 147.3116345 147.3296178 
1052.0000000 147.1152160 147.1331992 
1053.0000000 146.9187974 146.9367807 
1054.0000000 146.7223789 146.7403621 
1055.0000000 146.5259603 146.5439436 
1056.0000000 146.3295418 146.3475250 
1057.0000000 146.1331232 146.1511065 
1058.0000000 145.9367047 145.9546879 
1059.0000000 145.7402861 145.7582694 
1060.0000000 145.5438676 145.5618508 
1061.0000000 145.3474490 145.3654323 
1062.0000000 145.1510305 145.1690137 
1063.0000000 144.9546119 144.9725952 
1064.0000000 144.7581934 144.7761766 
1065.0000000 144.5617748 144.5797581 
1066.0000000 144.3653563 144.3833395 
1067.0000000 144.1689377 144.1869210 
1068.0000000 143.9725192 143.9905024 
1069.0000000 143.7761006 143.7940839 
1070.0000000 143.5796821 143.5976653 
1071.0000000 143.3832635 143.4012468 
1072.0000000 143.1868450 143.2048282 
1073.0000000 142.9904264 143.0084097 
1074.0000000 142.7940079 142.8119911 
1075.0000000 142.5975893 142.6155726 
1076.0000000 142.4011708 142.4191540 
1077.0000000 142.2047522 142.2227355 
1078.0000000 142.0083337 142.0263169 
1079.0000000 141.8119151 141.8298984 
1080.0000000 141.6154966 141.6334798 
1081.0000000 141.4190780 141.4370612 
1082.0000000 141.2226595 141.2406427 
1083.0000000 141.0262409 141.0442241 
1084.0000000 140.8298224 140.8478056 
1085.0000000 140.6334038 140.6513870 
1086.0000000 140.4369853 140.4549685 
1087.0000000 140.2405667 140.2585499 
1088.0000000 140.0441482 140.0621314 
1089.0000000 139.8477296 139.8657128 
1090.0000000 139.6513111 139.6692943 
1091.0000000 139.4548925 139.4728757 
1092.0000000 139.2584740 139.2764572 
1093.0000000 139.0620554 139.0800386 
1094.0000000 138.8656369 138.8836201 
1095.0000000 138.6692183 138.6872015 
1096.0000000 138.4727998 138.4907830 
1097.0000000 138.2763812 138.2943644 
1098.0000000 138.0799627 138.0979459 
1099.0000000 137.8835441 137.9015273 
1100.0000000 137.6871256 137.7051088 
1101.0000000 137.4907070 137.5086902 
1102.0000000 137.2942885 137.3122717 
1103.0000000 137.0978699 137.1158531 
1104.0000000 136.9014514 136.9194346 
1105.0000000 136.7050328 136.7230160 
1106.0000000 136.5086143 136.5265975 
1107.0000000 136.3121957 136.3301789 
1108.0000000 136.1157772 136.1337604 
1109.0000000 135.9193586 135.9373418 
1110.0000000 135.7229401 135.7409233 
1111.0000000 135.5265215 135.5445047 
1112.0000000 135.3301030 135.3480862 
1113.0000000 135.1336844 135.1516676 
1114.0000000 134.9372659 134.9552491 
1115.0000000 134.7408473 134.7588305 
1116.0000000 134.5444288 134.5624120 
1117.0000000 134.3480102 134.3659934 
1118.0000000 134.1515917 134.1695749 
1119.0000000 133.9551731 133.9731563 
1120.0000000 133.7587546 133.7767378 
1121.0000000 133.5623360 133.5803192 
1122.0000000 133.3659175 133.3839007 
1123.0000000 133.1694989 133.1874821 
1124.0000000 132.9730804 132.9910636 
1125.0000000 132.7766618 132.7946450 
1126.0000000 132.5802433 132.5982265 
1127.0000000 132.3838247 132.4018079 
1128.0000000 132.1874062 132.2053894 
1129.0000000 131.9909876 132.0089708 
1130.0000000 131.7945691 131.8125523 
1131.0000000 131.5981505 131.6161337 
1132.0000000 131.4017320 131.4197152 
1133.0000000 131.2053134 131.2232966 
1134.0000000 131.0088949 131.0268781 
1135.0000000 130.8124763 130.8304595 
1136.0000000 130.6160578 130.6340410 
1137.0000000 130.4196392 130.4376224 
1138.0000000 130.2232207 130.2412039 
1139.0000000 130.0268021 130.0447853 
1140.0000000 129.8303836 129.8483668 
1141.0000000 129.6339650 129.6519482 
1142.0000000 129.4375465 129.4555297 
1143.0000000 129.2411279 129.2591111 
1144.0000000 129.0447094 129.0626926 
1145.0000000 128.8482908 128.8662740 
1146.0000000 128.6518723 128.6698555 
1147.0000000 128.4554537 128.4734369 
1148.0000000 128.2590352 128.2770184 
1149.0000000 128.0626166 128.0805998 
1150.0000000 127.8661981 127.8841813 
1151.0000000 127.6697795 127.6877627 
1152.0000000 127.4733610 127.4913442 
1153.0000000 127.2769424 127.2949256 
1154.0000000 127.0805239 127.0985071 
1155.0000000 126.8841053 126.9020885 
1156.0000000 126.6876868 126.7056700 
1157.0000000 126.4912682 126.5092514 
1158.0000000 126.2948497 126.3128329 
1159.0000000 126.0984311 126.1164143 
1160.0000000 125.9020126 125.9199958 
1161.0000000 125.7055940 125.7235772 
1162.0000000 125.5091755 125.5271587 
1163.0000000 125.3127569 125.3307401 
1164.0000000 125.1163384 125.1343216 
1165.0000000 124.9199198 124.9379030 
1166.0000000 124.7235013 124.7414845 
1167.0000000 124.5270827 124.5450659 
1168.0000000 124.3306642 124.3486474 
1169.0000000 124.1342456 124.1522288 
1170.0000000 123.9378271 123.9558103 
1171.0000000 123.7414085 123.7593917 
1172.0000000 123.5449900 123.5629732 
1173.0000000 123.3485714 123.3665546 
1174.0000000 123.1521529 123.1701361 
1175.0000000 122.9557343 122.9737175 
1176.0000000 122.7593158 122.7772990 
1177.0000000 122.5628972 122.5808804 
1178.0000000 122.3664787 122.3844619 
1179.0000000 122.1700601 122.1880433 
1180.0000000 121.9736415 121.9916248 
1181.0000000 121.7772230 121.7952062 
1182.0000000 121.5808044 121.5987877 
1183.0000000 121.3843859 121.4023691 
1184.0000000 121.1879673 121.2059506 
1185.0000000 120.9915488 121.0095320 
1186.0000000 120.7951302 120.8131135 
1187.0000000 120.5987117 120.6166949 
1188.0000000 120.4022931 120.4202764 
1189.0000000 120.2058746 120.2238578 
1190.0000000 120.0094560 120.0274393 
1191.0000000 119.8130375 119.8310207 
1192.0000000 119.6166189 119.6346022 
1193.0000000 119.4202004 119.4381836 
1194.0000000 119.2237818 119.2417651 
1195.0000000 119.0273633 119.0453465 
1196.0000000 118.8309447 118.8489280 
1197.0000000 118.6345262 118.6525094 
1198.0000000 118.4381076 118.4560909 
1199.0000000 118.2416891 118.2596723 
1200.0000000 118.0452705 118.0632538 
1201.0000000 117.8488520 117.8668352 
1202.0000000 117.6524334 117.6704167 
1203.0000000 117.4560149 117.4739981 
1204.0000000 117.2595963 117.2775796 
1205.0000000 117.0631778 117.0811610 
1206.0000000 116.8667592 116.8847425 
1207.0000000 116.6703407 116.6883239 
1208.0000000 116.4739221 116.4919054 
1209.0000000 116.2775036 116.2954868 
1210.0000000 116.0810850 116.0990683 
1211.0000000 115.8846665 115.9026497 
1212.0000000 115.6882479 115.7062312 
1213.0000000 115.4918294 115.5098126 
1214.0000000 115.2954108 115.3133941 
1215.0000000 115.0989923 115.1169755 
1216.0000000 114.9025737 114.9205570 
1217.0000000 114.7061552 114.7241384 
1218.0000000 114.5097366 114.5277199 
1219.0000000 114.3133181 114.3313013 
1220.0000000 114.1168995 114.1348828 
1221.0000000 113.9204810 113.9384642 
1222.0000000 113.7240624 113.7420457 
1223.0000000 113.5276439 113.5456271 
1224.0000000 113.3312253 113.3492086 
1225.0000000 113.1348068 113.1527900 
1226.0000000 112.9383882 112.9563715 
1227.0000000 112.7419697 112.7599529 
1228.0000000 112.5455511 112.5635344 
1229.0000000 112.3491326 112.3671158 
1230.0000000 112.1527140 112.1706973 
1231.0000000 111.9562955 111.9742787 
1232.0000000 111.7598769 111.7778601 
1233.0000000 111.5634584 111.5814416 
1234.0000000 111.3670398 111.3850230 
1235.0000000 111.1706213 111.1886045 
1236.0000000 110.9742027 110.9921859 
1237.0000000 110.7777842 110.7957674 
1238.0000000 110.5813656 110.5993488 
1239.0000000 110.3849471 110.4029303 
1240.0000000 110.1885285 110.2065117 
1241.0000000 109.9921100 110.0100932 
1242.0000000 109.7956914 109.8136746 
1243.0000000 109.5992729 109.6172561 
1244.0000000 109.4028543 109.4208375 
1245.0000000 109.2064358 109.2244190 
1246.0000000 109.0100172 109.0280004 
1247.0000000 108.8135987 108.8315819 
1248.0000000 108.6171801 108.6351633 
1249.0000000 108.4207616 108.4387448 
1250.0000000 108.2243430 108.2423262 
1251.0000000 108.0279245 108.0459077 
1252.0000000 107.8315059 107.8494891 
1253.0000000 107.6350874 107.6530706 
1254.0000000 107.4386688 107.4566520 
1255.0000000 107.2422503 107.2602335 
1256.0000000 107.0458317 107.0638149 
1257.0000000 106.8494132 106.8673964 
1258.0000000 106.6529946 106.6709778 
1259.0000000 106.4565761 106.4745593 
1260.0000000 106.2601575 106.2781407 
1261.0000000 106.0637390 106.0817222 
1262.0000000 105.8673204 105.8853036 
1263.0000000 105.6709019 105.6888851 
1264.0000000 105.4744833 105.4924665 
1265.0000000 105.2780648 105.2960480 
1266.0000000 105.0816462 105.0996294 
1267.0000000 104.8852277 104.9032109 
1268.0000000 104.6888091 104.7067923 
1269.0000000 104.4923906 104.5103738 
1270.0000000 104.2959720 104.3139552 
1271.0000000 104.0995535 104.1175367 
1272.0000000 103.9031349 103.9211181 
1273.0000000 103.7067164 103.7246996 
1274.0000000 103.5102978 103.5282810 
1275.0000000 103.3138793 103.3318625 
1276.0000000 103.1174607 103.1354439 
1277.0000000 102.9210422 102.9390254 
1278.0000000 102.7246236 102.7426068 
1279.0000000 102.5282051 102.5461883 
1280.0000000 102.3317865 102.3497697 
1281.0000000 102.1353680 102.1533512 
1282.0000000 101.9389494 101.9569326 
1283.0000000 101.7425309 101.7605141 
1284.0000000 101.5461123 101.5640955 
1285.0000000 101.3496938 101.3676770 
1286.0000000 101.1532752 101.1712584 
1287.0000000 100.9568567 100.9748399 
1288.0000000 100.7604381 100.7784213 
1289.0000000 100.5640196 100.5820028 
1290.0000000 100.3676010 100.3855842 
1291.0000000 100.1711825 100.1891657 
1292.0000000 99.9747639 99.9927471 
1293.0000000 99.7783454 99.7963286 
1294.0000000 99.5819268 99.5999100 
1295.0000000 99.3855083 99.4034915 
1296.0000000 99.1890897 99.2070729 
1297.0000000 98.9926712 99.0106544 
1298.0000000 98.7962526 98.8142358 
1299.0000000 98.5998341 98.6178173 
1300.0000000 98.4034155 98.4213987 
1301.0000000 98.2069970 98.2249802 
1302.0000000 98.0105784 98.0285616 
1303.0000000 97.8141599 97.8321431 
1304.0000000 97.6177413 97.6357245 
1305.0000000 97.4213228 97.4393060 
1306.0000000 97.2249042 97.2428874 
1307.0000000 97.0284857 97.0464689 
1308.0000000 96.8320671 96.8500503 
1309.0000000 96.6356486 96.6536318 
1310.0000000 96.4392300 96.4572132 
1311.0000000 96.2428115 96.2607947 
1312.0000000 96.0463929 96.0643761 
1313.0000000 95.8499744 95.8679576 
1314.0000000 95.6535558 95.6715390 
1315.0000000 95.4571373 95.4751205 
1316.0000000 95.2607187 95.2787019 
1317.0000000 95.0643002 95.0822834 
1318.0000000 94.8678816 94.8858648 
1319.0000000 94.6714631 94.6894463 
1320.0000000 94.4750445 94.4930277 
1321.0000000 94.2786260 94.2966092 
1322.0000000 94.0822074 94.1001906 
1323.0000000 93.8857889 93.9037721 
1324.0000000 93.6893703 93.7073535 
1325.0000000 93.4929518 93.5109350 
1326.0000000 93.2965332 93.3145164 
1327.0000000 93.1001147 93.1180979 
1328.0000000 92.9036961 92.9216793 
1329.0000000 92.7072776 92.7252608 
1330.0000000 92.5108590 92.5288422 
1331.0000000 92.3144404 92.3324237 
1332.0000000 92.1180219 92.1360051 
1333.0000000 91.9216033 91.9395866 
1334.0000000 91.7251848 91.7431680 
1335.0000000 91.5287662 91.5467495 
1336.0000000 91.3323477 91.3503309 
1337.0000000 91.1359291 91.1539124 
1338.0000000 90.9395106 90.9574938 
1339.0000000 90.7430920 90.7610753 
1340.0000000 90.5466735 90.5646567 
1341.0000000 90.3502549 90.3682382 
1342.0000000 90.1538364 90.1718196 
1343.0000000 89.9574178 89.9754011 
1344.0000000 89.7609993 89.7789825 
1345.0000000 89.5645807 89.5825640 
1346.0000000 89.3681622 89.3861454 
1347.0000000 89.1717436 89.1897269 
1348.0000000 88.9753251 88.9933083 
1349.0000000 88.7789065 88.7968898 
1350.0000000 88.5824880 88.6004712 
1351.0000000 88.3860694 88.4040527 
1352.0000000 88.1896509 88.2076341 
1353.0000000 87.9932323 88.0112156 
1354.0000000 87.7968138 87.8147970 
1355.0000000 87.6003952 87.6183785 
1356.0000000 87.4039767 87.4219599 
1357.0000000 87.2075581 87.2255414 
1358.0000000 87.0111396 87.0291228 
1359.0000000 86.8147210 86.8327043 
1360.0000000 86.6183025 86.6362857 
1361.0000000 86.4218839 86.4398672 
1362.0000000 86.2254654 86.2434486 
1363.0000000 86.0290468 86.0470301 
1364.0000000 85.8326283 85.8506115 
1365.0000000 85.6362097 85.6541930 
1366.0000000 85.4397912 85.4577744 
1367.0000000 85.2433726 85.2613559 
1368.0000000 85.0469541 85.0649373 
1369.0000000 84.8505355 84.8685188 
1370.0000000 84.6541170 84.6721002 
1371.0000000 84.4576984 84.4756817 
1372.0000000 84.2612799 84.2792631 
1373.0000000 84.0648613 84.0828446 
1374.0000000 83.8684428 83.8864260 
1375.0000000 83.6720242 83.6900075 
1376.0000000 83.4756057 83.4935889 
1377.0000000 83.2791871 83.2971704 
1378.0000000 83.0827686 83.1007518 
1379.0000000 82.8863500 82.9043333 
1380.0000000 82.6899315 82.7079147 
1381.0000000 82.4935129 82.5114962 
1382.0000000 82.2970944 82.3150776 
1383.0000000 82.1006758 82.1186590 
1384.0000000 81.9042573 81.9222405 
1385.0000000 81.7078387 81.7258219 
1386.0000000 81.5114202 81.5294034 
1387.0000000 81.3150016 81.3329848 
1388.0000000 81.1185831 81.1365663 
1389.0000000 80.9221645 80.9401477 
1390.0000000 80.7257460 80.7437292 
1391.0000000 80.5293274 80.5473106 
1392.0000000 80.3329089 80.3508921 
1393.0000000 80.1364903 80.1544735 
1394.0000000 79.9400718 79.9580550 
1395.0000000 79.7436532 79.7616364 
1396.0000000 79.5472347 79.5652179 
1397.0000000 79.3508161 79.3687993 
1398.0000000 79.1543976 79.1723808 
1399.0000000 78.9579790 78.9759622 
1400.0000000 78.7615605 78.7795437 
1401.0000000 78.5651419 78.5831251 
1402.0000000 78.3687234 78.3867066 
1403.0000000 78.1723048 78.1902880 
1404.0000000 77.9758863 77.9938695 
1405.0000000 77.7794677 77.7974509 
1406.0000000 77.5830492 77.6010324 
1407.0000000 77.3866306 77.4046138 
1408.0000000 77.1902121 77.2081953 
1409.0000000 76.9937935 77.0117767 
1410.0000000 76.7973750 76.8153582 
1411.0000000 76.6009564 76.6189396 
1412.0000000 76.4045379 76.4225211 
1413.0000000 76.2081193 76.2261025 
1414.0000000 76.0117008 76.0296840 
1415.0000000 75.8152822 75.8332654 
1416.0000000 75.6188637 75.6368469 
1417.0000000 75.4224451 75.4404283 
1418.0000000 75.2260266 75.2440098 
1419.0000000 75.0296080 75.0475912 
1420.0000000 74.8331895 74.8511727 
1421.0000000 74.6367709 74.6547541 
1422.0000000 74.4403524 74.4583356 
1423.0000000 74.2439338 74.2619170 
1424.0000000 74.0475153 74.0654985 
1425.0000000 73.8510967 73.8690799 
1426.0000000 73.6546782 73.6726614 
1427.0000000 73.4582596 73.4762428 
1428.0000000 73.2618411 73.2798243 
1429.0000000 73.0654225 73.0834057 
1430.0000000 72.8690040 72.8869872 
1431.0000000 72.6725854 72.6905686 
1432.0000000 72.4761669 72.4941501 
1433.0000000 72.2797483 72.2977315 
1434.0000000 72.0833298 72.1013130 
1435.0000000 71.8869112 71.9048944 
1436.0000000 71.6904927 71.7084759 
1437.0000000 71.4940741 71.5120573 
1438.0000000 71.2976556 71.3156388 
1439.0000000 71.1012370 71.1192202 
1440.0000000 70.9048185 70.9228017 
1441.0000000 70.7083999 70.7263831 
1442.0000000 70.5119814 70.5299646 
1443.0000000 70.3155628 70.3335460 
1444.0000000 70.1191443 70.1371275 
1445.0000000 69.9227257 69.9407089 
1446.0000000 69.7263072 69.7442904 
1447.0000000 69.5298886 69.5478718 
1448.0000000 69.3334701 69.3514533 
1449.0000000 69.1370515 69.1550347 
1450.0000000 68.9406330 68.9586162 
1451.0000000 68.7442144 68.7621976 
1452.0000000 68.5477959 68.5657791 
1453.0000000 68.3513773 68.3693605 
1454.0000000 68.1549588 68.1729420 
1455.0000000 67.9585402 67.9765234 
1456.0000000 67.7621217 67.7801049 
1457.0000000 67.5657031 67.5836863 
1458.0000000 67.3692846 67.3872678 
1459.0000000 67.1728660 67.1908492 
1460.0000000 66.9764475 66.9944307 
1461.0000000 66.7800289 66.7980121 
1462.0000000 66.5836104 66.6015936 
1463.0000000 66.3871918 66.4051750 
1464.0000000 66.1907733 66.2087565 
1465.0000000 65.9943547 66.0123379 
1466.0000000 65.7979362 65.8159194 
1467.0000000 65.6015176 65.6195008 
1468.0000000 65.4050991 65.4230823 
1469.0000000 65.2086805 65.2266637 
1470.0000000 65.0122620 65.0302452 
1471.0000000 64.8158434 64.8338266 
1472.0000000 64.6194249 64.6374081 
1473.0000000 64.4230063 64.4409895 
1474.0000000 64.2265878 64.2445710 
1475.0000000 64.0301692 64.0481524 
1476.0000000 63.8337507 63.8517339 
1477.0000000 63.6373321 63.6553153 
1478.0000000 63.4409136 63.4588968 
1479.0000000 63.2444950 63.2624782 
1480.0000000 63.0480765 63.0660597 
1481.0000000 62.8516579 62.8696411 
1482.0000000 62.6552393 62.6732226 
1483.0000000 62.4588208 62.4768040 
1484.0000000 62.2624022 62.2803855 
1485.0000000 62.0659837 62.0839669 
1486.0000000 61.8695651 61.8875484 
1487.0000000 61.6731466 61.6911298 
1488.0000000 61.4767280 61.4947113 
1489.0000000 61.2803095 61.2982927 
1490.0000000 61.0838909 61.1018742 
1491.0000000 60.8874724 60.9054556 
1492.0000000 60.6910538 60.7090371 
1493.0000000 60.4946353 60.5126185 
1494.0000000 60.2982167 60.3162000 
1495.0000000 60.1017982 60.1197814 
1496.0000000 59.9053796 59.9233629 
1497.0000000 59.7089611 59.7269443 
1498.0000000 59.5125425 59.5305258 
1499.0000000 59.3161240 59.3341072 
1500.0000000 59.1197054 59.1376887 
1501.0000000 58.9232869 58.9412701 
1502.0000000 58.7268683 58.7448516 
1503.0000000 58.5304498 58.5484330 
1504.0000000 58.3340312 58.3520145 
1505.0000000 58.1376127 58.1555959 
1506.0000000 57.9411941 57.9591774 
1507.0000000 57.7447756 57.7627588 
1508.0000000 57.5483570 57.5663403 
1509.0000000 57.3519385 57.3699217 
1510.0000000 57.1555199 57.1735032 
1511.0000000 56.9591014 56.9770846 
1512.0000000 56.7626828 56.7806661 
1513.0000000 56.5662643 56.5842475 
1514.0000000 56.3698457 56.3878290 
1515.0000000 56.1734272 56.1914104 
1516.0000000 55.9770086 55.9949919 
1517.0000000 55.7805901 55.7985733 
1518.0000000 55.5841715 55.6021548 
1519.0000000 55.3877530 55.4057362 
1520.0000000 55.1913344 55.2093177 
1521.0000000 54.9949159 55.0128991 
1522.0000000 54.7984973 54.8164806 
1523.0000000 54.6020788 54.6200620 
1524.0000000 54.4056602 54.4236435 
1525.0000000 54.2092417 54.2272249 
1526.0000000 54.0128231 54.0308064 
1527.0000000 53.8164046 53.8343878 
1528.0000000 53.6199860 53.6379693 
1529.0000000 53.4235675 53.4415507 
1530.0000000 53.2271489 53.2451322 
1531.0000000 53.0307304 53.0487136 
1532.0000000 52.8343118 52.8522951 
1533.0000000 52.6378933 52.6558765 
1534.0000000 52.4414747 52.4594580 
1535.0000000 52.2450562 52.2630394 
1536.0000000 52.0486376 52.0666208 
1537.0000000 51.8522191 51.8702023 
1538.0000000 51.6558005 51.6737837 
1539.0000000 51.4593820 51.4773652 
1540.0000000 51.2629634 51.2809466 
1541.0000000 51.0665449 51.0845281 
1542.0000000 50.8701263 50.8881095 
1543.0000000 50.6737078 50.6916910 
1544.0000000 50.4772892 50.4952724 
1545.0000000 50.2808707 50.2988539 
1546.0000000 50.0844521 50.1024353 
1547.0000000 49.8880336 49.9060168 
1548.0000000 49.6916150 49.7095982 
1549.0000000 49.4951965 49.5131797 
1550.0000000 49.2987779 49.3167611 
1551.0000000 49.1023594 49.1203426 
1552.0000000 48.9059408 48.9239240 
1553.0000000 48.7095223 48.7275055 
1554.0000000 48.5131037 48.5310869 
1555.0000000 48.3166852 48.3346684 
1556.0000000 48.1202666 48.1382498 
1557.0000000 47.9238481 47.9418313 
1558.0000000 47.7274295 47.7454127 
1559.0000000 47.5310110 47.5489942 
1560.0000000 47.3345924 47.3525756 
1561.0000000 47.1381739 47.1561571 
1562.0000000 46.9417553 46.9597385 
1563.0000000 46.7453368 46.7633200 
1564.0000000 46.5489182 46.5669014 
1565.0000000 46.3524997 46.3704829 
1566.0000000 46.1560811 46.1740643 
1567.0000000 45.9596626 45.9776458 
1568.0000000 45.7632440 45.7812272 
1569.0000000 45.5668255 45.5848087 
1570.0000000 45.3704069 45.3883901 
1571.0000000 45.1739884 45.1919716 
1572.0000000 44.9775698 44.9955530 
1573.0000000 44.7811513 44.7991345 
1574.0000000 44.5847327 44.6027159 
1575.0000000 44.3883142 44.4062974 
1576.0000000 44.1918956 44.2098788 
1577.0000000 43.9954771 44.0134603 
1578.0000000 43.7990585 43.8170417 
1579.0000000 43.6026400 43.6206232 
1580.0000000 43.4062214 43.4242046 
1581.0000000 43.2098029 43.2277861 
1582.0000000 43.0133843 43.0313675 
1583.0000000 42.8169658 42.8349490 
1584.0000000 42.6205472 42.6385304 
1585.0000000 42.4241287 42.4421119 
1586.0000000 42.2277101 42.2456933 
1587.0000000 42.0312916 42.0492748 
1588.0000000 41.8348730 41.8528562 
1589.0000000 41.6384545 41.6564377 
1590.0000000 41.4420359 41.4600191 
1591.0000000 41.2456174 41.2636006 
1592.0000000 41.0491988 41.0671820 
1593.0000000 40.8527803 40.8707635 
1594.0000000 40.6563617 40.6743449 
1595.0000000 40.4599432 40.4779264 
1596.0000000 40.2635246 40.2815078 
1597.0000000 40.0671061 40.0850893 
1598.0000000 39.8706875 39.8886707 
1599.0000000 39.6742690 39.6922522 
1600.0000000 39.4778504 39.4958336 
1601.0000000 39.2814319 39.2994151 
1602.0000000 39.0850133 39.1029965 
1603.0000000 38.8885948 38.9065780 
1604.0000000 38.6921762 38.7101594 
1605.0000000 38.4957577 38.5137409 
1606.0000000 38.2993391 38.3173223 
1607.0000000 38.1029206 38.1209038 
1608.0000000 37.9065020 37.9244852 
1609.0000000 37.7100835 37.7280667 
1610.0000000 37.5136649 37.5316481 
1611.0000000 37.3172464 37.3352296 
1612.0000000 37.1208278 37.1388110 
1613.0000000 36.9244093 36.9423925 
1614.0000000 36.7279907 36.7459739 
1615.0000000 36.5315722 36.5495554 
1616.0000000 36.3351536 36.3531368 
1617.0000000 36.1387351 36.1567183 
1618.0000000 35.9423165 35.9602997 
1619.0000000 35.7458980 35.7638812 
1620.0000000 35.5494794 35.5674626 
1621.0000000 35.3530609 35.3710441 
1622.0000000 35.1566423 35.1746255 
1623.0000000 34.9602238 34.9782070 
1624.0000000 34.7638052 34.7817884 
1625.0000000 34.5673867 34.5853699 
1626.0000000 34.3709681 34.3889513 
1627.0000000 34.1745496 34.1925328 
1628.0000000 33.9781310 33.9961142 
1629.0000000 33.7817125 33.7996957 
1630.0000000 33.5852939 33.6032771 
1631.0000000 33.3888754 33.4068586 
1632.0000000 33.1924568 33.2104400 
1633.0000000 32.9960383 33.0140215 
1634.0000000 32.7996197 32.8176029 
1635.0000000 32.6032011 32.6211844 
1636.0000000 32.4067826 32.4247658 
1637.0000000 32.2103640 32.2283473 
1638.0000000 32.0139455 32.0319287 
1639.0000000 31.8175269 31.8355102 
1640.0000000 31.6211084 31.6390916 
1641.0000000 31.4246898 31.4426731 
1642.0000000 31.2282713 31.2462545 
1643.0000000 31.0318527 31.0498360 
1644.0000000 30.8354342 30.8534174 
1645.0000000 30.6390156 30.6569989 
1646.0000000 30.4425971 30.4605803 
1647.0000000 30.2461785 30.2641618 
1648.0000000 30.0497600 30.0677432 
1649.0000000 29.8533414 29.8713247 
1650.0000000 29.6569229 29.6749061 
1651.0000000 29.4605043 29.4784876 
1652.0000000 29.2640858 29.2820690 
1653.0000000 29.0676672 29.0856505 
1654.0000000 28.8712487 28.8892319 
1655.0000000 28.6748301 28.6928134 
1656.0000000 28.4784116 28.4963948 
1657.0000000 28.2819930 28.2999763 
1658.0000000 28.0855745 28.1035577 
1659.0000000 27.8891559 27.9071392 
1660.0000000 27.6927374 27.7107206 
1661.0000000 27.4963188 27.5143021 
1662.0000000 27.2999003 27.3178835 
1663.0000000 27.1034817 27.1214650 
1664.0000000 26.9070632 26.9250464 
1665.0000000 26.7106446 26.7286279 
1666.0000000 26.5142261 26.5322093 
1667.0000000 26.3178075 26.3357908 
1668.0000000 26.1213890 26.1393722 
1669.0000000 25.9249704 25.9429537 
1670.0000000 25.7285519 25.7465351 
1671.0000000 25.5321333 25.5501166 
1672.0000000 25.3357148 25.3536980 
1673.0000000 25.1392962 25.1572795 
1674.0000000 24.9428777 24.9608609 
1675.0000000 24.7464591 24.7644424 
1676.0000000 24.5500406 24.5680238 
1677.0000000 24.3536220 24.3716053 
1678.0000000 24.1572035 24.1751867 
1679.0000000 23.9607849 23.9787682 
1680.0000000 23.7643664 23.7823496 
1681.0000000 23.5679478 23.5859311 
1682.0000000 23.3715293 23.3895125 
1683.0000000 23.1751107 23.1930940 
1684.0000000 22.9786922 22.9966754 
1685.0000000 22.7822736 22.8002569 
1686.0000000 22.5858551 22.6038383 
1687.0000000 22.3894365 22.4074197 
1688.0000000 22.1930180 22.2110012 
1689.0000000 21.9965994 22.0145826 
1690.0000000 21.8001809 21.8181641 
1691.0000000 21.6037623 21.6217455 
1692.0000000 21.4073438 21.4253270 
1693.0000000 21.2109252 21.2289084 
1694.0000000 21.0145067 21.0324899 
1695.0000000 20.8180881 20.8360713 
1696.0000000 20.6216696 20.6396528 
1697.0000000 20.4252510 20.4432342 
1698.0000000 20.2288325 20.2468157 
1699.0000000 20.0324139 20.0503971 
1700.0000000 19.8359954 19.8539786 
1701.0000000 19.6395768 19.6575600 
1702.0000000 19.4431583 19.4611415 
1703.0000000 19.2467397 19.2647229 
1704.0000000 19.0503212 19.0683044 
1705.0000000 18.8539026 18.8718858 
1706.0000000 18.6574841 18.6754673 
1707.0000000 18.4610655 18.4790487 
1708.0000000 18.2646470 18.2826302 
1709.0000000 18.0682284 18.0862116 
1710.0000000 17.8718099 17.8897931 
1711.0000000 17.6753913 17.6933745 
1712.0000000 17.4789728 17.4969560 
1713.0000000 17.2825542 17.3005374 
1714.0000000 17.0861357 17.1041189 
1715.0000000 16.8897171 16.9077003 
1716.0000000 16.6932986 16.7112818 
1717.0000000 16.4968800 16.5148632 
1718.0000000 16.3004615 16.3184447 
1719.0000000 16.1040429 16.1220261 
1720.0000000 15.9076244 15.9256076 
1721.0000000 15.7112058 15.7291890 
1722.0000000 15.5147873 15.5327705 
1723.0000000 15.3183687 15.3363519 
1724.0000000 15.1219502 15.1399334 
1725.0000000 14.9255316 14.9435148 
1726.0000000 14.7291131 14.7470963 
1727.0000000 14.5326945 14.5506777 
1728.0000000 14.3362760 14.3542592 
1729.0000000 14.1398574 14.1578406 
1730.0000000 13.9434389 13.9614221 
1731.0000000 13.7470203 13.7650035 
1732.0000000 13.5506018 13.5685850 
1733.0000000 13.3541832 13.3721664 
1734.0000000 13.1577647 13.1757479 
1735.0000000 12.9613461 12.9793293 
1736.0000000 12.7649276 12.7829108 
1737.0000000 12.5685090 12.5864922 
1738.0000000 12.3720905 12.3900737 
1739.0000000 12.1756719 12.1936551 
1740.0000000 11.9792534 11.9972366 
1741.0000000 11.7828348 11.8008180 
1742.0000000 11.5864163 11.6043995 
1743.0000000 11.3899977 11.4079809 
1744.0000000 11.1935792 11.2115624 
1745.0000000 10.9971606 11.0151438 
1746.0000000 10.8007421 10.8187253 
1747.0000000 10.6043235 10.6223067 
1748.0000000 10.4079050 10.4258882 
1749.0000000 10.2114864 10.2294696 
1750.0000000 10.0150679 10.0330511 
1751.0000000 9.8186493 9.8366325 
1752.0000000 9.6222308 9.6402140 
1753.0000000 9.4258122 9.4437954 
1754.0000000 9.2293937 9.2473769 
1755.0000000 9.0329751 9.0509583 
1756.0000000 8.8365566 8.8545398 
1757.0000000 8.6401380 8.6581212 
1758.0000000 8.4437195 8.4617027 
1759.0000000 8.2473009 8.2652841 
1760.0000000 8.0508824 8.0688656 
1761.0000000 7.8544638 7.8724470 
1762.0000000 7.6580453 7.6760285 
1763.0000000 7.4616267 7.4796099 
1764.0000000 7.2652082 7.2831914 
1765.0000000 7.0687896 7.0867728 
1766.0000000 6.8723711 6.8903543 
1767.0000000 6.6759525 6.6939357 
1768.0000000 6.4795340 6.4975172 
1769.0000000 6.2831154 6.3010986 
1770.0000000 6.0866969 6.1046801 
1771.0000000 5.8902783 5.9082615 
1772.0000000 5.6938598 5.7118430 
1773.0000000 5.4974412 5.5154244 
1774.0000000 5.3010227 5.3190059 
1775.0000000 5.1046041 5.1225873 
1776.0000000 4.9081856 4.9261688 
1777.0000000 4.7117670 4.7297502 
1778.0000000 4.5153485 4.5333317 
1779.0000000 4.3189299 4.3369131 
1780.0000000 4.1225114 4.1404946 
1781.0000000 3.9260928 3.9440760 
1782.0000000 3.7296743 3.7476575 
1783.0000000 3.5332557 3.5512389 
1784.0000000 3.3368372 3.3548204 
1785.0000000 3.1404186 3.1584018 
1786.0000000 2.9440000 2.9619833 
1787.0000000 2.7475815 2.7655647 
1788.0000000 2.5511629 2.5691462 
1789.0000000 2.3547444 2.3727276 
1790.0000000 2.1583258 2.1763091 
1791.0000000 1.9619073 1.9798905 
1792.0000000 1.7654887 1.7834720 
1793.0000000 1.5690702 1.5870534 
1794.0000000 1.3726516 1.3906349 
1795.0000000 1.1762331 1.1942163 
1796.0000000 0.9798145 0.9977978 
1797.0000000 0.7833960 0.8013792 
1798.0000000 0.5869774 0.6049607 
1799.0000000 0.3905589 0.4085421 
1800.0000000 0.1941403 0.2121236 

