1.0000000 353.6460083 353.5627517 
2.0000000 353.4495898 353.3663332 
3.0000000 353.2531712 353.1699146 
4.0000000 353.0567527 352.9734961 
5.0000000 352.8603341 352.7770775 
6.0000000 352.6639155 352.5806590 
7.0000000 352.4674970 352.3842404 
8.0000000 352.2710784 352.1878219 
9.0000000 352.0746599 351.9914033 
10.0000000 351.8782413 351.7949848 
11.0000000 351.6818228 351.5985662 
12.0000000 351.4854042 351.4021477 
13.0000000 351.2889857 351.2057291 
14.0000000 351.0925671 351.0093106 
15.0000000 350.8961486 350.8128920 
16.0000000 350.6997300 350.6164735 
17.0000000 350.5033115 350.4200549 
18.0000000 350.3068929 350.2236364 
19.0000000 350.1104744 350.0272178 
20.0000000 349.9140558 349.8307993 
21.0000000 349.7176373 349.6343807 
22.0000000 349.5212187 349.4379622 
23.0000000 349.3248002 349.2415436 
24.0000000 349.1283816 349.0451251 
25.0000000 348.9319631 348.8487065 
26.0000000 348.7355445 348.6522880 
27.0000000 348.5391260 348.4558694 
28.0000000 348.3427074 348.2594509 
29.0000000 348.1462889 348.0630323 
30.0000000 347.9498703 347.8666138 
31.0000000 347.7534518 347.6701952 
32.0000000 347.5570332 347.4737767 
33.0000000 347.3606147 347.2773581 
34.0000000 347.1641961 347.0809396 
35.0000000 346.9677776 346.8845210 
36.0000000 346.7713590 346.6881025 
37.0000000 346.5749405 346.4916839 
38.0000000 346.3785219 346.2952654 
39.0000000 346.1821034 346.0988468 
40.0000000 345.9856848 345.9024283 
41.0000000 345.7892663 345.7060097 
42.0000000 345.5928477 345.5095912 
43.0000000 345.3964292 345.3131726 
44.0000000 345.2000106 345.1167541 
45.0000000 345.0035921 344.9203355 
46.0000000 344.8071735 344.7239170 
47.0000000 344.6107550 344.5274984 
48.0000000 344.4143364 344.3310799 
49.0000000 344.2179179 344.1346613 
50.0000000 344.0214993 343.9382428 
51.0000000 343.8250808 343.7418242 
52.0000000 343.6286622 343.5454057 
53.0000000 343.4322437 343.3489871 
54.0000000 343.2358251 343.1525686 
55.0000000 343.0394066 342.9561500 
56.0000000 342.8429880 342.7597315 
57.0000000 342.6465695 342.5633129 
58.0000000 342.4501509 342.3668944 
59.0000000 342.2537324 342.1704758 
60.0000000 342.0573138 341.9740573 
61.0000000 341.8608953 341.7776387 
62.0000000 341.6644767 341.5812202 
63.0000000 341.4680582 341.3848016 
64.0000000 341.2716396 341.1883831 
65.0000000 341.0752211 340.9919645 
66.0000000 340.8788025 340.7955460 
67.0000000 340.6823840 340.5991274 
68.0000000 340.4859654 340.4027089 
69.0000000 340.2895469 340.2062903 
70.0000000 340.0931283 340.0098718 
71.0000000 339.8967098 339.8134532 
72.0000000 339.7002912 339.6170347 
73.0000000 339.5038727 339.4206161 
74.0000000 339.3074541 339.2241976 
75.0000000 339.1110356 339.0277790 
76.0000000 338.9146170 338.8313605 
77.0000000 338.7181985 338.6349419 
78.0000000 338.5217799 338.4385234 
79.0000000 338.3253614 338.2421048 
80.0000000 338.1289428 338.0456863 
81.0000000 337.9325243 337.8492677 
82.0000000 337.7361057 337.6528492 
83.0000000 337.5396872 337.4564306 
84.0000000 337.3432686 337.2600121 
85.0000000 337.1468501 337.0635935 
86.0000000 336.9504315 336.8671750 
87.0000000 336.7540130 336.6707564 
88.0000000 336.5575944 336.4743379 
89.0000000 336.3611759 336.2779193 
90.0000000 336.1647573 336.0815008 
91.0000000 335.9683388 335.8850822 
92.0000000 335.7719202 335.6886637 
93.0000000 335.5755017 335.4922451 
94.0000000 335.3790831 335.2958266 
95.0000000 335.1826646 335.0994080 
96.0000000 334.9862460 334.9029895 
97.0000000 334.7898275 334.7065709 
98.0000000 334.5934089 334.5101524 
99.0000000 334.3969904 334.3137338 
100.0000000 334.2005718 334.1173153 
101.0000000 334.0041533 333.9208967 
102.0000000 333.8077347 333.7244782 
103.0000000 333.6113162 333.5280596 
104.0000000 333.4148976 333.3316411 
105.0000000 333.2184791 333.1352225 
106.0000000 333.0220605 332.9388040 
107.0000000 332.8256420 332.7423854 
108.0000000 332.6292234 332.5459669 
109.0000000 332.4328049 332.3495483 
110.0000000 332.2363863 332.1531298 
111.0000000 332.0399678 331.9567112 
112.0000000 331.8435492 331.7602927 
113.0000000 331.6471307 331.5638741 
114.0000000 331.4507121 331.3674555 
115.0000000 331.2542936 331.1710370 
116.0000000 331.0578750 330.9746184 
117.0000000 330.8614565 330.7781999 
118.0000000 330.6650379 330.5817813 
119.0000000 330.4686194 330.3853628 
120.0000000 330.2722008 330.1889442 
121.0000000 330.0757823 329.9925257 
122.0000000 329.8793637 329.7961071 
123.0000000 329.6829452 329.5996886 
124.0000000 329.4865266 329.4032700 
125.0000000 329.2901081 329.2068515 
126.0000000 329.0936895 329.0104329 
127.0000000 328.8972710 328.8140144 
128.0000000 328.7008524 328.6175958 
129.0000000 328.5044339 328.4211773 
130.0000000 328.3080153 328.2247587 
131.0000000 328.1115968 328.0283402 
132.0000000 327.9151782 327.8319216 
133.0000000 327.7187597 327.6355031 
134.0000000 327.5223411 327.4390845 
135.0000000 327.3259226 327.2426660 
136.0000000 327.1295040 327.0462474 
137.0000000 326.9330855 326.8498289 
138.0000000 326.7366669 326.6534103 
139.0000000 326.5402484 326.4569918 
140.0000000 326.3438298 326.2605732 
141.0000000 326.1474113 326.0641547 
142.0000000 325.9509927 325.8677361 
143.0000000 325.7545742 325.6713176 
144.0000000 325.5581556 325.4748990 
145.0000000 325.3617371 325.2784805 
146.0000000 325.1653185 325.0820619 
147.0000000 324.9689000 324.8856434 
148.0000000 324.7724814 324.6892248 
149.0000000 324.5760629 324.4928063 
150.0000000 324.3796443 324.2963877 
151.0000000 324.1832258 324.0999692 
152.0000000 323.9868072 323.9035506 
153.0000000 323.7903887 323.7071321 
154.0000000 323.5939701 323.5107135 
155.0000000 323.3975516 323.3142950 
156.0000000 323.2011330 323.1178764 
157.0000000 323.0047144 322.9214579 
158.0000000 322.8082959 322.7250393 
159.0000000 322.6118773 322.5286208 
160.0000000 322.4154588 322.3322022 
161.0000000 322.2190402 322.1357837 
162.0000000 322.0226217 321.9393651 
163.0000000 321.8262031 321.7429466 
164.0000000 321.6297846 321.5465280 
165.0000000 321.4333660 321.3501095 
166.0000000 321.2369475 321.1536909 
167.0000000 321.0405289 320.9572724 
168.0000000 320.8441104 320.7608538 
169.0000000 320.6476918 320.5644353 
170.0000000 320.4512733 320.3680167 
171.0000000 320.2548547 320.1715982 
172.0000000 320.0584362 319.9751796 
173.0000000 319.8620176 319.7787611 
174.0000000 319.6655991 319.5823425 
175.0000000 319.4691805 319.3859240 
176.0000000 319.2727620 319.1895054 
177.0000000 319.0763434 318.9930869 
178.0000000 318.8799249 318.7966683 
179.0000000 318.6835063 318.6002498 
180.0000000 318.4870878 318.4038312 
181.0000000 318.2906692 318.2074127 
182.0000000 318.0942507 318.0109941 
183.0000000 317.8978321 317.8145756 
184.0000000 317.7014136 317.6181570 
185.0000000 317.5049950 317.4217385 
186.0000000 317.3085765 317.2253199 
187.0000000 317.1121579 317.0289014 
188.0000000 316.9157394 316.8324828 
189.0000000 316.7193208 316.6360643 
190.0000000 316.5229023 316.4396457 
191.0000000 316.3264837 316.2432272 
192.0000000 316.1300652 316.0468086 
193.0000000 315.9336466 315.8503901 
194.0000000 315.7372281 315.6539715 
195.0000000 315.5408095 315.4575530 
196.0000000 315.3443910 315.2611344 
197.0000000 315.1479724 315.0647159 
198.0000000 314.9515539 314.8682973 
199.0000000 314.7551353 314.6718788 
200.0000000 314.5587168 314.4754602 
201.0000000 314.3622982 314.2790417 
202.0000000 314.1658797 314.0826231 
203.0000000 313.9694611 313.8862046 
204.0000000 313.7730426 313.6897860 
205.0000000 313.5766240 313.4933675 
206.0000000 313.3802055 313.2969489 
207.0000000 313.1837869 313.1005304 
208.0000000 312.9873684 312.9041118 
209.0000000 312.7909498 312.7076933 
210.0000000 312.5945313 312.5112747 
211.0000000 312.3981127 312.3148562 
212.0000000 312.2016942 312.1184376 
213.0000000 312.0052756 311.9220191 
214.0000000 311.8088571 311.7256005 
215.0000000 311.6124385 311.5291820 
216.0000000 311.4160200 311.3327634 
217.0000000 311.2196014 311.1363449 
218.0000000 311.0231829 310.9399263 
219.0000000 310.8267643 310.7435078 
220.0000000 310.6303458 310.5470892 
221.0000000 310.4339272 310.3506707 
222.0000000 310.2375087 310.1542521 
223.0000000 310.0410901 309.9578336 
224.0000000 309.8446716 309.7614150 
225.0000000 309.6482530 309.5649965 
226.0000000 309.4518345 309.3685779 
227.0000000 309.2554159 309.1721594 
228.0000000 309.0589974 308.9757408 
229.0000000 308.8625788 308.7793223 
230.0000000 308.6661603 308.5829037 
231.0000000 308.4697417 308.3864852 
232.0000000 308.2733232 308.1900666 
233.0000000 308.0769046 307.9936481 
234.0000000 307.8804861 307.7972295 
235.0000000 307.6840675 307.6008110 
236.0000000 307.4876490 307.4043924 
237.0000000 307.2912304 307.2079739 
238.0000000 307.0948119 307.0115553 
239.0000000 306.8983933 306.8151368 
240.0000000 306.7019748 306.6187182 
241.0000000 306.5055562 306.4222997 
242.0000000 306.3091377 306.2258811 
243.0000000 306.1127191 306.0294626 
244.0000000 305.9163006 305.8330440 
245.0000000 305.7198820 305.6366255 
246.0000000 305.5234635 305.4402069 
247.0000000 305.3270449 305.2437884 
248.0000000 305.1306264 305.0473698 
249.0000000 304.9342078 304.8509513 
250.0000000 304.7377893 304.6545327 
251.0000000 304.5413707 304.4581142 
252.0000000 304.3449522 304.2616956 
253.0000000 304.1485336 304.0652771 
254.0000000 303.9521151 303.8688585 
255.0000000 303.7556965 303.6724400 
256.0000000 303.5592780 303.4760214 
257.0000000 303.3628594 303.2796029 
258.0000000 303.1664409 303.0831843 
259.0000000 302.9700223 302.8867658 
260.0000000 302.7736038 302.6903472 
261.0000000 302.5771852 302.4939287 
262.0000000 302.3807667 302.2975101 
263.0000000 302.1843481 302.1010916 
264.0000000 301.9879296 301.9046730 
265.0000000 301.7915110 301.7082545 
266.0000000 301.5950925 301.5118359 
267.0000000 301.3986739 301.3154173 
268.0000000 301.2022554 301.1189988 
269.0000000 301.0058368 300.9225802 
270.0000000 300.8094183 300.7261617 
271.0000000 300.6129997 300.5297431 
272.0000000 300.4165812 300.3333246 
273.0000000 300.2201626 300.1369060 
274.0000000 300.0237441 299.9404875 
275.0000000 299.8273255 299.7440689 
276.0000000 299.6309070 299.5476504 
277.0000000 299.4344884 299.3512318 
278.0000000 299.2380699 299.1548133 
279.0000000 299.0416513 298.9583947 
280.0000000 298.8452328 298.7619762 
281.0000000 298.6488142 298.5655576 
282.0000000 298.4523957 298.3691391 
283.0000000 298.2559771 298.1727205 
284.0000000 298.0595586 297.9763020 
285.0000000 297.8631400 297.7798834 
286.0000000 297.6667215 297.5834649 
287.0000000 297.4703029 297.3870463 
288.0000000 297.2738844 297.1906278 
289.0000000 297.0774658 296.9942092 
290.0000000 296.8810473 296.7977907 
291.0000000 296.6846287 296.6013721 
292.0000000 296.4882102 296.4049536 
293.0000000 296.2917916 296.2085350 
294.0000000 296.0953731 296.0121165 
295.0000000 295.8989545 295.8156979 
296.0000000 295.7025360 295.6192794 
297.0000000 295.5061174 295.4228608 
298.0000000 295.3096989 295.2264423 
299.0000000 295.1132803 295.0300237 
300.0000000 294.9168618 294.8336052 
301.0000000 294.7204432 294.6371866 
302.0000000 294.5240247 294.4407681 
303.0000000 294.3276061 294.2443495 
304.0000000 294.1311876 294.0479310 
305.0000000 293.9347690 293.8515124 
306.0000000 293.7383505 293.6550939 
307.0000000 293.5419319 293.4586753 
308.0000000 293.3455133 293.2622568 
309.0000000 293.1490948 293.0658382 
310.0000000 292.9526762 292.8694197 
311.0000000 292.7562577 292.6730011 
312.0000000 292.5598391 292.4765826 
313.0000000 292.3634206 292.2801640 
314.0000000 292.1670020 292.0837455 
315.0000000 291.9705835 291.8873269 
316.0000000 291.7741649 291.6909084 
317.0000000 291.5777464 291.4944898 
318.0000000 291.3813278 291.2980713 
319.0000000 291.1849093 291.1016527 
320.0000000 290.9884907 290.9052342 
321.0000000 290.7920722 290.7088156 
322.0000000 290.5956536 290.5123971 
323.0000000 290.3992351 290.3159785 
324.0000000 290.2028165 290.1195600 
325.0000000 290.0063980 289.9231414 
326.0000000 289.8099794 289.7267229 
327.0000000 289.6135609 289.5303043 
328.0000000 289.4171423 289.3338858 
329.0000000 289.2207238 289.1374672 
330.0000000 289.0243052 288.9410487 
331.0000000 288.8278867 288.7446301 
332.0000000 288.6314681 288.5482116 
333.0000000 288.4350496 288.3517930 
334.0000000 288.2386310 288.1553745 
335.0000000 288.0422125 287.9589559 
336.0000000 287.8457939 287.7625374 
337.0000000 287.6493754 287.5661188 
338.0000000 287.4529568 287.3697003 
339.0000000 287.2565383 287.1732817 
340.0000000 287.0601197 286.9768632 
341.0000000 286.8637012 286.7804446 
342.0000000 286.6672826 286.5840261 
343.0000000 286.4708641 286.3876075 
344.0000000 286.2744455 286.1911890 
345.0000000 286.0780270 285.9947704 
346.0000000 285.8816084 285.7983519 
347.0000000 285.6851899 285.6019333 
348.0000000 285.4887713 285.4055148 
349.0000000 285.2923528 285.2090962 
350.0000000 285.0959342 285.0126777 
351.0000000 284.8995157 284.8162591 
352.0000000 284.7030971 284.6198406 
353.0000000 284.5066786 284.4234220 
354.0000000 284.3102600 284.2270035 
355.0000000 284.1138415 284.0305849 
356.0000000 283.9174229 283.8341664 
357.0000000 283.7210044 283.6377478 
358.0000000 283.5245858 283.4413293 
359.0000000 283.3281673 283.2449107 
360.0000000 283.1317487 283.0484922 
361.0000000 282.9353302 282.8520736 
362.0000000 282.7389116 282.6556551 
363.0000000 282.5424931 282.4592365 
364.0000000 282.3460745 282.2628180 
365.0000000 282.1496560 282.0663994 
366.0000000 281.9532374 281.8699809 
367.0000000 281.7568189 281.6735623 
368.0000000 281.5604003 281.4771438 
369.0000000 281.3639818 281.2807252 
370.0000000 281.1675632 281.0843067 
371.0000000 280.9711447 280.8878881 
372.0000000 280.7747261 280.6914696 
373.0000000 280.5783076 280.4950510 
374.0000000 280.3818890 280.2986325 
375.0000000 280.1854705 280.1022139 
376.0000000 279.9890519 279.9057954 
377.0000000 279.7926334 279.7093768 
378.0000000 279.5962148 279.5129583 
379.0000000 279.3997963 279.3165397 
380.0000000 279.2033777 279.1201212 
381.0000000 279.0069592 278.9237026 
382.0000000 278.8105406 278.7272841 
383.0000000 278.6141221 278.5308655 
384.0000000 278.4177035 278.3344470 
385.0000000 278.2212850 278.1380284 
386.0000000 278.0248664 277.9416099 
387.0000000 277.8284479 277.7451913 
388.0000000 277.6320293 277.5487728 
389.0000000 277.4356108 277.3523542 
390.0000000 277.2391922 277.1559357 
391.0000000 277.0427737 276.9595171 
392.0000000 276.8463551 276.7630986 
393.0000000 276.6499366 276.5666800 
394.0000000 276.4535180 276.3702615 
395.0000000 276.2570995 276.1738429 
396.0000000 276.0606809 275.9774244 
397.0000000 275.8642624 275.7810058 
398.0000000 275.6678438 275.5845873 
399.0000000 275.4714253 275.3881687 
400.0000000 275.2750067 275.1917502 
401.0000000 275.0785882 274.9953316 
402.0000000 274.8821696 274.7989131 
403.0000000 274.6857511 274.6024945 
404.0000000 274.4893325 274.4060760 
405.0000000 274.2929140 274.2096574 
406.0000000 274.0964954 274.0132389 
407.0000000 273.9000769 273.8168203 
408.0000000 273.7036583 273.6204018 
409.0000000 273.5072398 273.4239832 
410.0000000 273.3108212 273.2275647 
411.0000000 273.1144027 273.0311461 
412.0000000 272.9179841 272.8347276 
413.0000000 272.7215656 272.6383090 
414.0000000 272.5251470 272.4418905 
415.0000000 272.3287285 272.2454719 
416.0000000 272.1323099 272.0490534 
417.0000000 271.9358914 271.8526348 
418.0000000 271.7394728 271.6562162 
419.0000000 271.5430543 271.4597977 
420.0000000 271.3466357 271.2633791 
421.0000000 271.1502172 271.0669606 
422.0000000 270.9537986 270.8705420 
423.0000000 270.7573801 270.6741235 
424.0000000 270.5609615 270.4777049 
425.0000000 270.3645430 270.2812864 
426.0000000 270.1681244 270.0848678 
427.0000000 269.9717059 269.8884493 
428.0000000 269.7752873 269.6920307 
429.0000000 269.5788688 269.4956122 
430.0000000 269.3824502 269.2991936 
431.0000000 269.1860317 269.1027751 
432.0000000 268.9896131 268.9063565 
433.0000000 268.7931946 268.7099380 
434.0000000 268.5967760 268.5135194 
435.0000000 268.4003575 268.3171009 
436.0000000 268.2039389 268.1206823 
437.0000000 268.0075204 267.9242638 
438.0000000 267.8111018 267.7278452 
439.0000000 267.6146833 267.5314267 
440.0000000 267.4182647 267.3350081 
441.0000000 267.2218462 267.1385896 
442.0000000 267.0254276 266.9421710 
443.0000000 266.8290091 266.7457525 
444.0000000 266.6325905 266.5493339 
445.0000000 266.4361720 266.3529154 
446.0000000 266.2397534 266.1564968 
447.0000000 266.0433349 265.9600783 
448.0000000 265.8469163 265.7636597 
449.0000000 265.6504978 265.5672412 
450.0000000 265.4540792 265.3708226 
451.0000000 265.2576607 265.1744041 
452.0000000 265.0612421 264.9779855 
453.0000000 264.8648236 264.7815670 
454.0000000 264.6684050 264.5851484 
455.0000000 264.4719865 264.3887299 
456.0000000 264.2755679 264.1923113 
457.0000000 264.0791494 263.9958928 
458.0000000 263.8827308 263.7994742 
459.0000000 263.6863123 263.6030557 
460.0000000 263.4898937 263.4066371 
461.0000000 263.2934751 263.2102186 
462.0000000 263.0970566 263.0138000 
463.0000000 262.9006380 262.8173815 
464.0000000 262.7042195 262.6209629 
465.0000000 262.5078009 262.4245444 
466.0000000 262.3113824 262.2281258 
467.0000000 262.1149638 262.0317073 
468.0000000 261.9185453 261.8352887 
469.0000000 261.7221267 261.6388702 
470.0000000 261.5257082 261.4424516 
471.0000000 261.3292896 261.2460331 
472.0000000 261.1328711 261.0496145 
473.0000000 260.9364525 260.8531960 
474.0000000 260.7400340 260.6567774 
475.0000000 260.5436154 260.4603589 
476.0000000 260.3471969 260.2639403 
477.0000000 260.1507783 260.0675218 
478.0000000 259.9543598 259.8711032 
479.0000000 259.7579412 259.6746847 
480.0000000 259.5615227 259.4782661 
481.0000000 259.3651041 259.2818476 
482.0000000 259.1686856 259.0854290 
483.0000000 258.9722670 258.8890105 
484.0000000 258.7758485 258.6925919 
485.0000000 258.5794299 258.4961734 
486.0000000 258.3830114 258.2997548 
487.0000000 258.1865928 258.1033363 
488.0000000 257.9901743 257.9069177 
489.0000000 257.7937557 257.7104992 
490.0000000 257.5973372 257.5140806 
491.0000000 257.4009186 257.3176621 
492.0000000 257.2045001 257.1212435 
493.0000000 257.0080815 256.9248250 
494.0000000 256.8116630 256.7284064 
495.0000000 256.6152444 256.5319879 
496.0000000 256.4188259 256.3355693 
497.0000000 256.2224073 256.1391508 
498.0000000 256.0259888 255.9427322 
499.0000000 255.8295702 255.7463137 
500.0000000 255.6331517 255.5498951 
501.0000000 255.4367331 255.3534766 
502.0000000 255.2403146 255.1570580 
503.0000000 255.0438960 254.9606395 
504.0000000 254.8474775 254.7642209 
505.0000000 254.6510589 254.5678024 
506.0000000 254.4546404 254.3713838 
507.0000000 254.2582218 254.1749653 
508.0000000 254.0618033 253.9785467 
509.0000000 253.8653847 253.7821282 
510.0000000 253.6689662 253.5857096 
511.0000000 253.4725476 253.3892911 
512.0000000 253.2761291 253.1928725 
513.0000000 253.0797105 252.9964540 
514.0000000 252.8832920 252.8000354 
515.0000000 252.6868734 252.6036169 
516.0000000 252.4904549 252.4071983 
517.0000000 252.2940363 252.2107798 
518.0000000 252.0976178 252.0143612 
519.0000000 251.9011992 251.8179427 
520.0000000 251.7047807 251.6215241 
521.0000000 251.5083621 251.4251056 
522.0000000 251.3119436 251.2286870 
523.0000000 251.1155250 251.0322685 
524.0000000 250.9191065 250.8358499 
525.0000000 250.7226879 250.6394314 
526.0000000 250.5262694 250.4430128 
527.0000000 250.3298508 250.2465943 
528.0000000 250.1334323 250.0501757 
529.0000000 249.9370137 249.8537572 
530.0000000 249.7405952 249.6573386 
531.0000000 249.5441766 249.4609201 
532.0000000 249.3477581 249.2645015 
533.0000000 249.1513395 249.0680830 
534.0000000 248.9549210 248.8716644 
535.0000000 248.7585024 248.6752459 
536.0000000 248.5620839 248.4788273 
537.0000000 248.3656653 248.2824088 
538.0000000 248.1692468 248.0859902 
539.0000000 247.9728282 247.8895717 
540.0000000 247.7764097 247.6931531 
541.0000000 247.5799911 247.4967346 
542.0000000 247.3835726 247.3003160 
543.0000000 247.1871540 247.1038975 
544.0000000 246.9907355 246.9074789 
545.0000000 246.7943169 246.7110604 
546.0000000 246.5978984 246.5146418 
547.0000000 246.4014798 246.3182233 
548.0000000 246.2050613 246.1218047 
549.0000000 246.0086427 245.9253862 
550.0000000 245.8122242 245.7289676 
551.0000000 245.6158056 245.5325491 
552.0000000 245.4193871 245.3361305 
553.0000000 245.2229685 245.1397120 
554.0000000 245.0265500 244.9432934 
555.0000000 244.8301314 244.7468749 
556.0000000 244.6337129 244.5504563 
557.0000000 244.4372943 244.3540378 
558.0000000 244.2408758 244.1576192 
559.0000000 244.0444572 243.9612007 
560.0000000 243.8480387 243.7647821 
561.0000000 243.6516201 243.5683636 
562.0000000 243.4552016 243.3719450 
563.0000000 243.2587830 243.1755265 
564.0000000 243.0623645 242.9791079 
565.0000000 242.8659459 242.7826894 
566.0000000 242.6695274 242.5862708 
567.0000000 242.4731088 242.3898523 
568.0000000 242.2766903 242.1934337 
569.0000000 242.0802717 241.9970151 
570.0000000 241.8838532 241.8005966 
571.0000000 241.6874346 241.6041780 
572.0000000 241.4910161 241.4077595 
573.0000000 241.2945975 241.2113409 
574.0000000 241.0981790 241.0149224 
575.0000000 240.9017604 240.8185038 
576.0000000 240.7053419 240.6220853 
577.0000000 240.5089233 240.4256667 
578.0000000 240.3125048 240.2292482 
579.0000000 240.1160862 240.0328296 
580.0000000 239.9196677 239.8364111 
581.0000000 239.7232491 239.6399925 
582.0000000 239.5268306 239.4435740 
583.0000000 239.3304120 239.2471554 
584.0000000 239.1339935 239.0507369 
585.0000000 238.9375749 238.8543183 
586.0000000 238.7411564 238.6578998 
587.0000000 238.5447378 238.4614812 
588.0000000 238.3483193 238.2650627 
589.0000000 238.1519007 238.0686441 
590.0000000 237.9554822 237.8722256 
591.0000000 237.7590636 237.6758070 
592.0000000 237.5626451 237.4793885 
593.0000000 237.3662265 237.2829699 
594.0000000 237.1698080 237.0865514 
595.0000000 236.9733894 236.8901328 
596.0000000 236.7769709 236.6937143 
597.0000000 236.5805523 236.4972957 
598.0000000 236.3841338 236.3008772 
599.0000000 236.1877152 236.1044586 
600.0000000 235.9912967 235.9080401 
601.0000000 235.7948781 235.7116215 
602.0000000 235.5984596 235.5152030 
603.0000000 235.4020410 235.3187844 
604.0000000 235.2056225 235.1223659 
605.0000000 235.0092039 234.9259473 
606.0000000 234.8127854 234.7295288 
607.0000000 234.6163668 234.5331102 
608.0000000 234.4199483 234.3366917 
609.0000000 234.2235297 234.1402731 
610.0000000 234.0271112 233.9438546 
611.0000000 233.8306926 233.7474360 
612.0000000 233.6342740 233.5510175 
613.0000000 233.4378555 233.3545989 
614.0000000 233.2414369 233.1581804 
615.0000000 233.0450184 232.9617618 
616.0000000 232.8485998 232.7653433 
617.0000000 232.6521813 232.5689247 
618.0000000 232.4557627 232.3725062 
619.0000000 232.2593442 232.1760876 
620.0000000 232.0629256 231.9796691 
621.0000000 231.8665071 231.7832505 
622.0000000 231.6700885 231.5868320 
623.0000000 231.4736700 231.3904134 
624.0000000 231.2772514 231.1939949 
625.0000000 231.0808329 230.9975763 
626.0000000 230.8844143 230.8011578 
627.0000000 230.6879958 230.6047392 
628.0000000 230.4915772 230.4083207 
629.0000000 230.2951587 230.2119021 
630.0000000 230.0987401 230.0154836 
631.0000000 229.9023216 229.8190650 
632.0000000 229.7059030 229.6226465 
633.0000000 229.5094845 229.4262279 
634.0000000 229.3130659 229.2298094 
635.0000000 229.1166474 229.0333908 
636.0000000 228.9202288 228.8369723 
637.0000000 228.7238103 228.6405537 
638.0000000 228.5273917 228.4441352 
639.0000000 228.3309732 228.2477166 
640.0000000 228.1345546 228.0512981 
641.0000000 227.9381361 227.8548795 
642.0000000 227.7417175 227.6584610 
643.0000000 227.5452990 227.4620424 
644.0000000 227.3488804 227.2656239 
645.0000000 227.1524619 227.0692053 
646.0000000 226.9560433 226.8727868 
647.0000000 226.7596248 226.6763682 
648.0000000 226.5632062 226.4799497 
649.0000000 226.3667877 226.2835311 
650.0000000 226.1703691 226.0871126 
651.0000000 225.9739506 225.8906940 
652.0000000 225.7775320 225.6942755 
653.0000000 225.5811135 225.4978569 
654.0000000 225.3846949 225.3014384 
655.0000000 225.1882764 225.1050198 
656.0000000 224.9918578 224.9086013 
657.0000000 224.7954393 224.7121827 
658.0000000 224.5990207 224.5157642 
659.0000000 224.4026022 224.3193456 
660.0000000 224.2061836 224.1229271 
661.0000000 224.0097651 223.9265085 
662.0000000 223.8133465 223.7300900 
663.0000000 223.6169280 223.5336714 
664.0000000 223.4205094 223.3372529 
665.0000000 223.2240909 223.1408343 
666.0000000 223.0276723 222.9444158 
667.0000000 222.8312538 222.7479972 
668.0000000 222.6348352 222.5515787 
669.0000000 222.4384167 222.3551601 
670.0000000 222.2419981 222.1587416 
671.0000000 222.0455796 221.9623230 
672.0000000 221.8491610 221.7659045 
673.0000000 221.6527425 221.5694859 
674.0000000 221.4563239 221.3730674 
675.0000000 221.2599054 221.1766488 
676.0000000 221.0634868 220.9802303 
677.0000000 220.8670683 220.7838117 
678.0000000 220.6706497 220.5873932 
679.0000000 220.4742312 220.3909746 
680.0000000 220.2778126 220.1945561 
681.0000000 220.0813941 219.9981375 
682.0000000 219.8849755 219.8017190 
683.0000000 219.6885570 219.6053004 
684.0000000 219.4921384 219.4088819 
685.0000000 219.2957199 219.2124633 
686.0000000 219.0993013 219.0160448 
687.0000000 218.9028828 218.8196262 
688.0000000 218.7064642 218.6232077 
689.0000000 218.5100457 218.4267891 
690.0000000 218.3136271 218.2303706 
691.0000000 218.1172086 218.0339520 
692.0000000 217.9207900 217.8375335 
693.0000000 217.7243715 217.6411149 
694.0000000 217.5279529 217.4446964 
695.0000000 217.3315344 217.2482778 
696.0000000 217.1351158 217.0518593 
697.0000000 216.9386973 216.8554407 
698.0000000 216.7422787 216.6590222 
699.0000000 216.5458602 216.4626036 
700.0000000 216.3494416 216.2661851 
701.0000000 216.1530231 216.0697665 
702.0000000 215.9566045 215.8733480 
703.0000000 215.7601860 215.6769294 
704.0000000 215.5637674 215.4805109 
705.0000000 215.3673489 215.2840923 
706.0000000 215.1709303 215.0876738 
707.0000000 214.9745118 214.8912552 
708.0000000 214.7780932 214.6948367 
709.0000000 214.5816747 214.4984181 
710.0000000 214.3852561 214.3019996 
711.0000000 214.1888376 214.1055810 
712.0000000 213.9924190 213.9091625 
713.0000000 213.7960005 213.7127439 
714.0000000 213.5995819 213.5163254 
715.0000000 213.4031634 213.3199068 
716.0000000 213.2067448 213.1234883 
717.0000000 213.0103263 212.9270697 
718.0000000 212.8139077 212.7306512 
719.0000000 212.6174892 212.5342326 
720.0000000 212.4210706 212.3378141 
721.0000000 212.2246521 212.1413955 
722.0000000 212.0282335 211.9449769 
723.0000000 211.8318150 211.7485584 
724.0000000 211.6353964 211.5521398 
725.0000000 211.4389779 211.3557213 
726.0000000 211.2425593 211.1593027 
727.0000000 211.0461408 210.9628842 
728.0000000 210.8497222 210.7664656 
729.0000000 210.6533037 210.5700471 
730.0000000 210.4568851 210.3736285 
731.0000000 210.2604666 210.1772100 
732.0000000 210.0640480 209.9807914 
733.0000000 209.8676295 209.7843729 
734.0000000 209.6712109 209.5879543 
735.0000000 209.4747924 209.3915358 
736.0000000 209.2783738 209.1951172 
737.0000000 209.0819553 208.9986987 
738.0000000 208.8855367 208.8022801 
739.0000000 208.6891182 208.6058616 
740.0000000 208.4926996 208.4094430 
741.0000000 208.2962811 208.2130245 
742.0000000 208.0998625 208.0166059 
743.0000000 207.9034440 207.8201874 
744.0000000 207.7070254 207.6237688 
745.0000000 207.5106069 207.4273503 
746.0000000 207.3141883 207.2309317 
747.0000000 207.1177698 207.0345132 
748.0000000 206.9213512 206.8380946 
749.0000000 206.7249327 206.6416761 
750.0000000 206.5285141 206.4452575 
751.0000000 206.3320956 206.2488390 
752.0000000 206.1356770 206.0524204 
753.0000000 205.9392585 205.8560019 
754.0000000 205.7428399 205.6595833 
755.0000000 205.5464214 205.4631648 
756.0000000 205.3500028 205.2667462 
757.0000000 205.1535843 205.0703277 
758.0000000 204.9571657 204.8739091 
759.0000000 204.7607472 204.6774906 
760.0000000 204.5643286 204.4810720 
761.0000000 204.3679101 204.2846535 
762.0000000 204.1714915 204.0882349 
763.0000000 203.9750729 203.8918164 
764.0000000 203.7786544 203.6953978 
765.0000000 203.5822358 203.4989793 
766.0000000 203.3858173 203.3025607 
767.0000000 203.1893987 203.1061422 
768.0000000 202.9929802 202.9097236 
769.0000000 202.7965616 202.7133051 
770.0000000 202.6001431 202.5168865 
771.0000000 202.4037245 202.3204680 
772.0000000 202.2073060 202.1240494 
773.0000000 202.0108874 201.9276309 
774.0000000 201.8144689 201.7312123 
775.0000000 201.6180503 201.5347938 
776.0000000 201.4216318 201.3383752 
777.0000000 201.2252132 201.1419567 
778.0000000 201.0287947 200.9455381 
779.0000000 200.8323761 200.7491196 
780.0000000 200.6359576 200.5527010 
781.0000000 200.4395390 200.3562825 
782.0000000 200.2431205 200.1598639 
783.0000000 200.0467019 199.9634454 
784.0000000 199.8502834 199.7670268 
785.0000000 199.6538648 199.5706083 
786.0000000 199.4574463 199.3741897 
787.0000000 199.2610277 199.1777712 
788.0000000 199.0646092 198.9813526 
789.0000000 198.8681906 198.7849341 
790.0000000 198.6717721 198.5885155 
791.0000000 198.4753535 198.3920970 
792.0000000 198.2789350 198.1956784 
793.0000000 198.0825164 197.9992599 
794.0000000 197.8860979 197.8028413 
795.0000000 197.6896793 197.6064228 
796.0000000 197.4932608 197.4100042 
797.0000000 197.2968422 197.2135857 
798.0000000 197.1004237 197.0171671 
799.0000000 196.9040051 196.8207486 
800.0000000 196.7075866 196.6243300 
801.0000000 196.5111680 196.4279115 
802.0000000 196.3147495 196.2314929 
803.0000000 196.1183309 196.0350744 
804.0000000 195.9219124 195.8386558 
805.0000000 195.7254938 195.6422373 
806.0000000 195.5290753 195.4458187 
807.0000000 195.3326567 195.2494002 
808.0000000 195.1362382 195.0529816 
809.0000000 194.9398196 194.8565631 
810.0000000 194.7434011 194.6601445 
811.0000000 194.5469825 194.4637260 
812.0000000 194.3505640 194.2673074 
813.0000000 194.1541454 194.0708889 
814.0000000 193.9577269 193.8744703 
815.0000000 193.7613083 193.6780518 
816.0000000 193.5648898 193.4816332 
817.0000000 193.3684712 193.2852147 
818.0000000 193.1720527 193.0887961 
819.0000000 192.9756341 192.8923776 
820.0000000 192.7792156 192.6959590 
821.0000000 192.5827970 192.4995405 
822.0000000 192.3863785 192.3031219 
823.0000000 192.1899599 192.1067034 
824.0000000 191.9935414 191.9102848 
825.0000000 191.7971228 191.7138663 
826.0000000 191.6007043 191.5174477 
827.0000000 191.4042857 191.3210292 
828.0000000 191.2078672 191.1246106 
829.0000000 191.0114486 190.9281921 
830.0000000 190.8150301 190.7317735 
831.0000000 190.6186115 190.5353550 
832.0000000 190.4221930 190.3389364 
833.0000000 190.2257744 190.1425179 
834.0000000 190.0293559 189.9460993 
835.0000000 189.8329373 189.7496808 
836.0000000 189.6365188 189.5532622 
837.0000000 189.4401002 189.3568437 
838.0000000 189.2436817 189.1604251 
839.0000000 189.0472631 188.9640066 
840.0000000 188.8508446 188.7675880 
841.0000000 188.6544260 188.5711695 
842.0000000 188.4580075 188.3747509 
843.0000000 188.2615889 188.1783324 
844.0000000 188.0651704 187.9819138 
845.0000000 187.8687518 187.7854953 
846.0000000 187.6723333 187.5890767 
847.0000000 187.4759147 187.3926582 
848.0000000 187.2794962 187.1962396 
849.0000000 187.0830776 186.9998211 
850.0000000 186.8866591 186.8034025 
851.0000000 186.6902405 186.6069840 
852.0000000 186.4938220 186.4105654 
853.0000000 186.2974034 186.2141469 
854.0000000 186.1009849 186.0177283 
855.0000000 185.9045663 185.8213098 
856.0000000 185.7081478 185.6248912 
857.0000000 185.5117292 185.4284727 
858.0000000 185.3153107 185.2320541 
859.0000000 185.1188921 185.0356356 
860.0000000 184.9224736 184.8392170 
861.0000000 184.7260550 184.6427985 
862.0000000 184.5296365 184.4463799 
863.0000000 184.3332179 184.2499614 
864.0000000 184.1367994 184.0535428 
865.0000000 183.9403808 183.8571243 
866.0000000 183.7439623 183.6607057 
867.0000000 183.5475437 183.4642872 
868.0000000 183.3511252 183.2678686 
869.0000000 183.1547066 183.0714501 
870.0000000 182.9582881 182.8750315 
871.0000000 182.7618695 182.6786130 
872.0000000 182.5654510 182.4821944 
873.0000000 182.3690324 182.2857758 
874.0000000 182.1726139 182.0893573 
875.0000000 181.9761953 181.8929387 
876.0000000 181.7797768 181.6965202 
877.0000000 181.5833582 181.5001016 
878.0000000 181.3869397 181.3036831 
879.0000000 181.1905211 181.1072645 
880.0000000 180.9941026 180.9108460 
881.0000000 180.7976840 180.7144274 
882.0000000 180.6012655 180.5180089 
883.0000000 180.4048469 180.3215903 
884.0000000 180.2084284 180.1251718 
885.0000000 180.0120098 179.9287532 
886.0000000 179.8155913 179.7323347 
887.0000000 179.6191727 179.5359161 
888.0000000 179.4227542 179.3394976 
889.0000000 179.2263356 179.1430790 
890.0000000 179.0299171 178.9466605 
891.0000000 178.8334985 178.7502419 
892.0000000 178.6370800 178.5538234 
893.0000000 178.4406614 178.3574048 
894.0000000 178.2442429 178.1609863 
895.0000000 178.0478243 177.9645677 
896.0000000 177.8514058 177.7681492 
897.0000000 177.6549872 177.5717306 
898.0000000 177.4585687 177.3753121 
899.0000000 177.2621501 177.1788935 
900.0000000 177.0657316 176.9824750 
901.0000000 176.8693130 176.7860564 
902.0000000 176.6728945 176.5896379 
903.0000000 176.4764759 176.3932193 
904.0000000 176.2800574 176.1968008 
905.0000000 176.0836388 176.0003822 
906.0000000 175.8872203 175.8039637 
907.0000000 175.6908017 175.6075451 
908.0000000 175.4943832 175.4111266 
909.0000000 175.2979646 175.2147080 
910.0000000 175.1015461 175.0182895 
911.0000000 174.9051275 174.8218709 
912.0000000 174.7087090 174.6254524 
913.0000000 174.5122904 174.4290338 
914.0000000 174.3158719 174.2326153 
915.0000000 174.1194533 174.0361967 
916.0000000 173.9230347 173.8397782 
917.0000000 173.7266162 173.6433596 
918.0000000 173.5301976 173.4469411 
919.0000000 173.3337791 173.2505225 
920.0000000 173.1373605 173.0541040 
921.0000000 172.9409420 172.8576854 
922.0000000 172.7445234 172.6612669 
923.0000000 172.5481049 172.4648483 
924.0000000 172.3516863 172.2684298 
925.0000000 172.1552678 172.0720112 
926.0000000 171.9588492 171.8755927 
927.0000000 171.7624307 171.6791741 
928.0000000 171.5660121 171.4827556 
929.0000000 171.3695936 171.2863370 
930.0000000 171.1731750 171.0899185 
931.0000000 170.9767565 170.8934999 
932.0000000 170.7803379 170.6970814 
933.0000000 170.5839194 170.5006628 
934.0000000 170.3875008 170.3042443 
935.0000000 170.1910823 170.1078257 
936.0000000 169.9946637 169.9114072 
937.0000000 169.7982452 169.7149886 
938.0000000 169.6018266 169.5185701 
939.0000000 169.4054081 169.3221515 
940.0000000 169.2089895 169.1257330 
941.0000000 169.0125710 168.9293144 
942.0000000 168.8161524 168.7328959 
943.0000000 168.6197339 168.5364773 
944.0000000 168.4233153 168.3400588 
945.0000000 168.2268968 168.1436402 
946.0000000 168.0304782 167.9472217 
947.0000000 167.8340597 167.7508031 
948.0000000 167.6376411 167.5543846 
949.0000000 167.4412226 167.3579660 
950.0000000 167.2448040 167.1615475 
951.0000000 167.0483855 166.9651289 
952.0000000 166.8519669 166.7687104 
953.0000000 166.6555484 166.5722918 
954.0000000 166.4591298 166.3758733 
955.0000000 166.2627113 166.1794547 
956.0000000 166.0662927 165.9830362 
957.0000000 165.8698742 165.7866176 
958.0000000 165.6734556 165.5901991 
959.0000000 165.4770371 165.3937805 
960.0000000 165.2806185 165.1973620 
961.0000000 165.0842000 165.0009434 
962.0000000 164.8877814 164.8045249 
963.0000000 164.6913629 164.6081063 
964.0000000 164.4949443 164.4116878 
965.0000000 164.2985258 164.2152692 
966.0000000 164.1021072 164.0188507 
967.0000000 163.9056887 163.8224321 
968.0000000 163.7092701 163.6260136 
969.0000000 163.5128516 163.4295950 
970.0000000 163.3164330 163.2331765 
971.0000000 163.1200145 163.0367579 
972.0000000 162.9235959 162.8403394 
973.0000000 162.7271774 162.6439208 
974.0000000 162.5307588 162.4475023 
975.0000000 162.3343403 162.2510837 
976.0000000 162.1379217 162.0546652 
977.0000000 161.9415032 161.8582466 
978.0000000 161.7450846 161.6618281 
979.0000000 161.5486661 161.4654095 
980.0000000 161.3522475 161.2689910 
981.0000000 161.1558290 161.0725724 
982.0000000 160.9594104 160.8761539 
983.0000000 160.7629919 160.6797353 
984.0000000 160.5665733 160.4833168 
985.0000000 160.3701548 160.2868982 
986.0000000 160.1737362 160.0904797 
987.0000000 159.9773177 159.8940611 
988.0000000 159.7808991 159.6976426 
989.0000000 159.5844806 159.5012240 
990.0000000 159.3880620 159.3048055 
991.0000000 159.1916435 159.1083869 
992.0000000 158.9952249 158.9119684 
993.0000000 158.7988064 158.7155498 
994.0000000 158.6023878 158.5191313 
995.0000000 158.4059693 158.3227127 
996.0000000 158.2095507 158.1262942 
997.0000000 158.0131322 157.9298756 
998.0000000 157.8167136 157.7334571 
999.0000000 157.6202951 157.5370385 
1000.0000000 157.4238765 157.3406200 
1001.0000000 157.2274580 157.1442014 
1002.0000000 157.0310394 156.9477829 
1003.0000000 156.8346209 156.7513643 
1004.0000000 156.6382023 156.5549458 
1005.0000000 156.4417838 156.3585272 
1006.0000000 156.2453652 156.1621087 
1007.0000000 156.0489467 155.9656901 
1008.0000000 155.8525281 155.7692716 
1009.0000000 155.6561096 155.5728530 
1010.0000000 155.4596910 155.3764345 
1011.0000000 155.2632725 155.1800159 
1012.0000000 155.0668539 154.9835974 
1013.0000000 154.8704354 154.7871788 
1014.0000000 154.6740168 154.5907603 
1015.0000000 154.4775983 154.3943417 
1016.0000000 154.2811797 154.1979232 
1017.0000000 154.0847612 154.0015046 
1018.0000000 153.8883426 153.8050861 
1019.0000000 153.6919241 153.6086675 
1020.0000000 153.4955055 153.4122490 
1021.0000000 153.2990870 153.2158304 
1022.0000000 153.1026684 153.0194119 
1023.0000000 152.9062499 152.8229933 
1024.0000000 152.7098313 152.6265747 
1025.0000000 152.5134128 152.4301562 
1026.0000000 152.3169942 152.2337376 
1027.0000000 152.1205757 152.0373191 
1028.0000000 151.9241571 151.8409005 
1029.0000000 151.7277386 151.6444820 
1030.0000000 151.5313200 151.4480634 
1031.0000000 151.3349015 151.2516449 
1032.0000000 151.1384829 151.0552263 
1033.0000000 150.9420644 150.8588078 
1034.0000000 150.7456458 150.6623892 
1035.0000000 150.5492273 150.4659707 
1036.0000000 150.3528087 150.2695521 
1037.0000000 150.1563902 150.0731336 
1038.0000000 149.9599716 149.8767150 
1039.0000000 149.7635531 149.6802965 
1040.0000000 149.5671345 149.4838779 
1041.0000000 149.3707160 149.2874594 
1042.0000000 149.1742974 149.0910408 
1043.0000000 148.9778789 148.8946223 
1044.0000000 148.7814603 148.6982037 
1045.0000000 148.5850418 148.5017852 
1046.0000000 148.3886232 148.3053666 
1047.0000000 148.1922047 148.1089481 
1048.0000000 147.9957861 147.9125295 
1049.0000000 147.7993676 147.7161110 
1050.0000000 147.6029490 147.5196924 
1051.0000000 147.4065305 147.3232739 
1052.0000000 147.2101119 147.1268553 
1053.0000000 147.0136934 146.9304368 
1054.0000000 146.8172748 146.7340182 
1055.0000000 146.6208563 146.5375997 
1056.0000000 146.4244377 146.3411811 
1057.0000000 146.2280192 146.1447626 
1058.0000000 146.0316006 145.9483440 
1059.0000000 145.8351821 145.7519255 
1060.0000000 145.6387635 145.5555069 
1061.0000000 145.4423450 145.3590884 
1062.0000000 145.2459264 145.1626698 
1063.0000000 145.0495079 144.9662513 
1064.0000000 144.8530893 144.7698327 
1065.0000000 144.6566708 144.5734142 
1066.0000000 144.4602522 144.3769956 
1067.0000000 144.2638336 144.1805771 
1068.0000000 144.0674151 143.9841585 
1069.0000000 143.8709965 143.7877400 
1070.0000000 143.6745780 143.5913214 
1071.0000000 143.4781594 143.3949029 
1072.0000000 143.2817409 143.1984843 
1073.0000000 143.0853223 143.0020658 
1074.0000000 142.8889038 142.8056472 
1075.0000000 142.6924852 142.6092287 
1076.0000000 142.4960667 142.4128101 
1077.0000000 142.2996481 142.2163916 
1078.0000000 142.1032296 142.0199730 
1079.0000000 141.9068110 141.8235545 
1080.0000000 141.7103925 141.6271359 
1081.0000000 141.5139739 141.4307174 
1082.0000000 141.3175554 141.2342988 
1083.0000000 141.1211368 141.0378803 
1084.0000000 140.9247183 140.8414617 
1085.0000000 140.7282997 140.6450432 
1086.0000000 140.5318812 140.4486246 
1087.0000000 140.3354626 140.2522061 
1088.0000000 140.1390441 140.0557875 
1089.0000000 139.9426255 139.8593690 
1090.0000000 139.7462070 139.6629504 
1091.0000000 139.5497884 139.4665319 
1092.0000000 139.3533699 139.2701133 
1093.0000000 139.1569513 139.0736948 
1094.0000000 138.9605328 138.8772762 
1095.0000000 138.7641142 138.6808577 
1096.0000000 138.5676957 138.4844391 
1097.0000000 138.3712771 138.2880206 
1098.0000000 138.1748586 138.0916020 
1099.0000000 137.9784400 137.8951835 
1100.0000000 137.7820215 137.6987649 
1101.0000000 137.5856029 137.5023464 
1102.0000000 137.3891844 137.3059278 
1103.0000000 137.1927658 137.1095093 
1104.0000000 136.9963473 136.9130907 
1105.0000000 136.7999287 136.7166722 
1106.0000000 136.6035102 136.5202536 
1107.0000000 136.4070916 136.3238351 
1108.0000000 136.2106731 136.1274165 
1109.0000000 136.0142545 135.9309980 
1110.0000000 135.8178360 135.7345794 
1111.0000000 135.6214174 135.5381609 
1112.0000000 135.4249989 135.3417423 
1113.0000000 135.2285803 135.1453238 
1114.0000000 135.0321618 134.9489052 
1115.0000000 134.8357432 134.7524867 
1116.0000000 134.6393247 134.5560681 
1117.0000000 134.4429061 134.3596496 
1118.0000000 134.2464876 134.1632310 
1119.0000000 134.0500690 133.9668125 
1120.0000000 133.8536505 133.7703939 
1121.0000000 133.6572319 133.5739754 
1122.0000000 133.4608134 133.3775568 
1123.0000000 133.2643948 133.1811383 
1124.0000000 133.0679763 132.9847197 
1125.0000000 132.8715577 132.7883012 
1126.0000000 132.6751392 132.5918826 
1127.0000000 132.4787206 132.3954641 
1128.0000000 132.2823021 132.1990455 
1129.0000000 132.0858835 132.0026270 
1130.0000000 131.8894650 131.8062084 
1131.0000000 131.6930464 131.6097899 
1132.0000000 131.4966279 131.4133713 
1133.0000000 131.3002093 131.2169528 
1134.0000000 131.1037908 131.0205342 
1135.0000000 130.9073722 130.8241157 
1136.0000000 130.7109537 130.6276971 
1137.0000000 130.5145351 130.4312786 
1138.0000000 130.3181166 130.2348600 
1139.0000000 130.1216980 130.0384415 
1140.0000000 129.9252795 129.8420229 
1141.0000000 129.7288609 129.6456044 
1142.0000000 129.5324424 129.4491858 
1143.0000000 129.3360238 129.2527673 
1144.0000000 129.1396053 129.0563487 
1145.0000000 128.9431867 128.8599302 
1146.0000000 128.7467682 128.6635116 
1147.0000000 128.5503496 128.4670931 
1148.0000000 128.3539311 128.2706745 
1149.0000000 128.1575125 128.0742560 
1150.0000000 127.9610940 127.8778374 
1151.0000000 127.7646754 127.6814189 
1152.0000000 127.5682569 127.4850003 
1153.0000000 127.3718383 127.2885818 
1154.0000000 127.1754198 127.0921632 
1155.0000000 126.9790012 126.8957447 
1156.0000000 126.7825827 126.6993261 
1157.0000000 126.5861641 126.5029076 
1158.0000000 126.3897456 126.3064890 
1159.0000000 126.1933270 126.1100705 
1160.0000000 125.9969085 125.9136519 
1161.0000000 125.8004899 125.7172334 
1162.0000000 125.6040714 125.5208148 
1163.0000000 125.4076528 125.3243963 
1164.0000000 125.2112343 125.1279777 
1165.0000000 125.0148157 124.9315592 
1166.0000000 124.8183972 124.7351406 
1167.0000000 124.6219786 124.5387221 
1168.0000000 124.4255601 124.3423035 
1169.0000000 124.2291415 124.1458850 
1170.0000000 124.0327230 123.9494664 
1171.0000000 123.8363044 123.7530479 
1172.0000000 123.6398859 123.5566293 
1173.0000000 123.4434673 123.3602108 
1174.0000000 123.2470488 123.1637922 
1175.0000000 123.0506302 122.9673737 
1176.0000000 122.8542117 122.7709551 
1177.0000000 122.6577931 122.5745365 
1178.0000000 122.4613746 122.3781180 
1179.0000000 122.2649560 122.1816994 
1180.0000000 122.0685375 121.9852809 
1181.0000000 121.8721189 121.7888623 
1182.0000000 121.6757004 121.5924438 
1183.0000000 121.4792818 121.3960252 
1184.0000000 121.2828633 121.1996067 
1185.0000000 121.0864447 121.0031881 
1186.0000000 120.8900262 120.8067696 
1187.0000000 120.6936076 120.6103510 
1188.0000000 120.4971891 120.4139325 
1189.0000000 120.3007705 120.2175139 
1190.0000000 120.1043520 120.0210954 
1191.0000000 119.9079334 119.8246768 
1192.0000000 119.7115149 119.6282583 
1193.0000000 119.5150963 119.4318397 
1194.0000000 119.3186778 119.2354212 
1195.0000000 119.1222592 119.0390026 
1196.0000000 118.9258407 118.8425841 
1197.0000000 118.7294221 118.6461655 
1198.0000000 118.5330036 118.4497470 
1199.0000000 118.3365850 118.2533284 
1200.0000000 118.1401665 118.0569099 
1201.0000000 117.9437479 117.8604913 
1202.0000000 117.7473294 117.6640728 
1203.0000000 117.5509108 117.4676542 
1204.0000000 117.3544923 117.2712357 
1205.0000000 117.1580737 117.0748171 
1206.0000000 116.9616552 116.8783986 
1207.0000000 116.7652366 116.6819800 
1208.0000000 116.5688181 116.4855615 
1209.0000000 116.3723995 116.2891429 
1210.0000000 116.1759810 116.0927244 
1211.0000000 115.9795624 115.8963058 
1212.0000000 115.7831439 115.6998873 
1213.0000000 115.5867253 115.5034687 
1214.0000000 115.3903068 115.3070502 
1215.0000000 115.1938882 115.1106316 
1216.0000000 114.9974697 114.9142131 
1217.0000000 114.8010511 114.7177945 
1218.0000000 114.6046325 114.5213760 
1219.0000000 114.4082140 114.3249574 
1220.0000000 114.2117954 114.1285389 
1221.0000000 114.0153769 113.9321203 
1222.0000000 113.8189583 113.7357018 
1223.0000000 113.6225398 113.5392832 
1224.0000000 113.4261212 113.3428647 
1225.0000000 113.2297027 113.1464461 
1226.0000000 113.0332841 112.9500276 
1227.0000000 112.8368656 112.7536090 
1228.0000000 112.6404470 112.5571905 
1229.0000000 112.4440285 112.3607719 
1230.0000000 112.2476099 112.1643534 
1231.0000000 112.0511914 111.9679348 
1232.0000000 111.8547728 111.7715163 
1233.0000000 111.6583543 111.5750977 
1234.0000000 111.4619357 111.3786792 
1235.0000000 111.2655172 111.1822606 
1236.0000000 111.0690986 110.9858421 
1237.0000000 110.8726801 110.7894235 
1238.0000000 110.6762615 110.5930050 
1239.0000000 110.4798430 110.3965864 
1240.0000000 110.2834244 110.2001679 
1241.0000000 110.0870059 110.0037493 
1242.0000000 109.8905873 109.8073308 
1243.0000000 109.6941688 109.6109122 
1244.0000000 109.4977502 109.4144937 
1245.0000000 109.3013317 109.2180751 
1246.0000000 109.1049131 109.0216566 
1247.0000000 108.9084946 108.8252380 
1248.0000000 108.7120760 108.6288195 
1249.0000000 108.5156575 108.4324009 
1250.0000000 108.3192389 108.2359824 
1251.0000000 108.1228204 108.0395638 
1252.0000000 107.9264018 107.8431453 
1253.0000000 107.7299833 107.6467267 
1254.0000000 107.5335647 107.4503082 
1255.0000000 107.3371462 107.2538896 
1256.0000000 107.1407276 107.0574711 
1257.0000000 106.9443091 106.8610525 
1258.0000000 106.7478905 106.6646340 
1259.0000000 106.5514720 106.4682154 
1260.0000000 106.3550534 106.2717969 
1261.0000000 106.1586349 106.0753783 
1262.0000000 105.9622163 105.8789598 
1263.0000000 105.7657978 105.6825412 
1264.0000000 105.5693792 105.4861227 
1265.0000000 105.3729607 105.2897041 
1266.0000000 105.1765421 105.0932856 
1267.0000000 104.9801236 104.8968670 
1268.0000000 104.7837050 104.7004485 
1269.0000000 104.5872865 104.5040299 
1270.0000000 104.3908679 104.3076114 
1271.0000000 104.1944494 104.1111928 
1272.0000000 103.9980308 103.9147743 
1273.0000000 103.8016123 103.7183557 
1274.0000000 103.6051937 103.5219372 
1275.0000000 103.4087752 103.3255186 
1276.0000000 103.2123566 103.1291001 
1277.0000000 103.0159381 102.9326815 
1278.0000000 102.8195195 102.7362630 
1279.0000000 102.6231010 102.5398444 
1280.0000000 102.4266824 102.3434259 
1281.0000000 102.2302639 102.1470073 
1282.0000000 102.0338453 101.9505888 
1283.0000000 101.8374268 101.7541702 
1284.0000000 101.6410082 101.5577517 
1285.0000000 101.4445897 101.3613331 
1286.0000000 101.2481711 101.1649146 
1287.0000000 101.0517526 100.9684960 
1288.0000000 100.8553340 100.7720775 
1289.0000000 100.6589155 100.5756589 
1290.0000000 100.4624969 100.3792404 
1291.0000000 100.2660784 100.1828218 
1292.0000000 100.0696598 99.9864033 
1293.0000000 99.8732413 99.7899847 
1294.0000000 99.6768227 99.5935662 
1295.0000000 99.4804042 99.3971476 
1296.0000000 99.2839856 99.2007291 
1297.0000000 99.0875671 99.0043105 
1298.0000000 98.8911485 98.8078920 
1299.0000000 98.6947300 98.6114734 
1300.0000000 98.4983114 98.4150549 
1301.0000000 98.3018929 98.2186363 
1302.0000000 98.1054743 98.0222178 
1303.0000000 97.9090558 97.8257992 
1304.0000000 97.7126372 97.6293807 
1305.0000000 97.5162187 97.4329621 
1306.0000000 97.3198001 97.2365436 
1307.0000000 97.1233816 97.0401250 
1308.0000000 96.9269630 96.8437065 
1309.0000000 96.7305445 96.6472879 
1310.0000000 96.5341259 96.4508694 
1311.0000000 96.3377074 96.2544508 
1312.0000000 96.1412888 96.0580323 
1313.0000000 95.9448703 95.8616137 
1314.0000000 95.7484517 95.6651952 
1315.0000000 95.5520332 95.4687766 
1316.0000000 95.3556146 95.2723581 
1317.0000000 95.1591961 95.0759395 
1318.0000000 94.9627775 94.8795210 
1319.0000000 94.7663590 94.6831024 
1320.0000000 94.5699404 94.4866839 
1321.0000000 94.3735219 94.2902653 
1322.0000000 94.1771033 94.0938468 
1323.0000000 93.9806848 93.8974282 
1324.0000000 93.7842662 93.7010097 
1325.0000000 93.5878477 93.5045911 
1326.0000000 93.3914291 93.3081726 
1327.0000000 93.1950106 93.1117540 
1328.0000000 92.9985920 92.9153354 
1329.0000000 92.8021735 92.7189169 
1330.0000000 92.6057549 92.5224983 
1331.0000000 92.4093364 92.3260798 
1332.0000000 92.2129178 92.1296612 
1333.0000000 92.0164993 91.9332427 
1334.0000000 91.8200807 91.7368241 
1335.0000000 91.6236622 91.5404056 
1336.0000000 91.4272436 91.3439870 
1337.0000000 91.2308251 91.1475685 
1338.0000000 91.0344065 90.9511499 
1339.0000000 90.8379880 90.7547314 
1340.0000000 90.6415694 90.5583128 
1341.0000000 90.4451509 90.3618943 
1342.0000000 90.2487323 90.1654757 
1343.0000000 90.0523138 89.9690572 
1344.0000000 89.8558952 89.7726386 
1345.0000000 89.6594767 89.5762201 
1346.0000000 89.4630581 89.3798015 
1347.0000000 89.2666396 89.1833830 
1348.0000000 89.0702210 88.9869644 
1349.0000000 88.8738025 88.7905459 
1350.0000000 88.6773839 88.5941273 
1351.0000000 88.4809654 88.3977088 
1352.0000000 88.2845468 88.2012902 
1353.0000000 88.0881283 88.0048717 
1354.0000000 87.8917097 87.8084531 
1355.0000000 87.6952912 87.6120346 
1356.0000000 87.4988726 87.4156160 
1357.0000000 87.3024541 87.2191975 
1358.0000000 87.1060355 87.0227789 
1359.0000000 86.9096170 86.8263604 
1360.0000000 86.7131984 86.6299418 
1361.0000000 86.5167799 86.4335233 
1362.0000000 86.3203613 86.2371047 
1363.0000000 86.1239428 86.0406862 
1364.0000000 85.9275242 85.8442676 
1365.0000000 85.7311057 85.6478491 
1366.0000000 85.5346871 85.4514305 
1367.0000000 85.3382686 85.2550120 
1368.0000000 85.1418500 85.0585934 
1369.0000000 84.9454315 84.8621749 
1370.0000000 84.7490129 84.6657563 
1371.0000000 84.5525943 84.4693378 
1372.0000000 84.3561758 84.2729192 
1373.0000000 84.1597572 84.0765007 
1374.0000000 83.9633387 83.8800821 
1375.0000000 83.7669201 83.6836636 
1376.0000000 83.5705016 83.4872450 
1377.0000000 83.3740830 83.2908265 
1378.0000000 83.1776645 83.0944079 
1379.0000000 82.9812459 82.8979894 
1380.0000000 82.7848274 82.7015708 
1381.0000000 82.5884088 82.5051523 
1382.0000000 82.3919903 82.3087337 
1383.0000000 82.1955717 82.1123152 
1384.0000000 81.9991532 81.9158966 
1385.0000000 81.8027346 81.7194781 
1386.0000000 81.6063161 81.5230595 
1387.0000000 81.4098975 81.3266410 
1388.0000000 81.2134790 81.1302224 
1389.0000000 81.0170604 80.9338039 
1390.0000000 80.8206419 80.7373853 
1391.0000000 80.6242233 80.5409668 
1392.0000000 80.4278048 80.3445482 
1393.0000000 80.2313862 80.1481297 
1394.0000000 80.0349677 79.9517111 
1395.0000000 79.8385491 79.7552926 
1396.0000000 79.6421306 79.5588740 
1397.0000000 79.4457120 79.3624555 
1398.0000000 79.2492935 79.1660369 
1399.0000000 79.0528749 78.9696184 
1400.0000000 78.8564564 78.7731998 
1401.0000000 78.6600378 78.5767813 
1402.0000000 78.4636193 78.3803627 
1403.0000000 78.2672007 78.1839442 
1404.0000000 78.0707822 77.9875256 
1405.0000000 77.8743636 77.7911071 
1406.0000000 77.6779451 77.5946885 
1407.0000000 77.4815265 77.3982700 
1408.0000000 77.2851080 77.2018514 
1409.0000000 77.0886894 77.0054329 
1410.0000000 76.8922709 76.8090143 
1411.0000000 76.6958523 76.6125958 
1412.0000000 76.4994338 76.4161772 
1413.0000000 76.3030152 76.2197587 
1414.0000000 76.1065967 76.0233401 
1415.0000000 75.9101781 75.8269216 
1416.0000000 75.7137596 75.6305030 
1417.0000000 75.5173410 75.4340845 
1418.0000000 75.3209225 75.2376659 
1419.0000000 75.1245039 75.0412474 
1420.0000000 74.9280854 74.8448288 
1421.0000000 74.7316668 74.6484103 
1422.0000000 74.5352483 74.4519917 
1423.0000000 74.3388297 74.2555732 
1424.0000000 74.1424112 74.0591546 
1425.0000000 73.9459926 73.8627361 
1426.0000000 73.7495741 73.6663175 
1427.0000000 73.5531555 73.4698990 
1428.0000000 73.3567370 73.2734804 
1429.0000000 73.1603184 73.0770619 
1430.0000000 72.9638999 72.8806433 
1431.0000000 72.7674813 72.6842248 
1432.0000000 72.5710628 72.4878062 
1433.0000000 72.3746442 72.2913877 
1434.0000000 72.1782257 72.0949691 
1435.0000000 71.9818071 71.8985506 
1436.0000000 71.7853886 71.7021320 
1437.0000000 71.5889700 71.5057135 
1438.0000000 71.3925515 71.3092949 
1439.0000000 71.1961329 71.1128764 
1440.0000000 70.9997144 70.9164578 
1441.0000000 70.8032958 70.7200393 
1442.0000000 70.6068773 70.5236207 
1443.0000000 70.4104587 70.3272022 
1444.0000000 70.2140402 70.1307836 
1445.0000000 70.0176216 69.9343651 
1446.0000000 69.8212031 69.7379465 
1447.0000000 69.6247845 69.5415280 
1448.0000000 69.4283660 69.3451094 
1449.0000000 69.2319474 69.1486909 
1450.0000000 69.0355289 68.9522723 
1451.0000000 68.8391103 68.7558538 
1452.0000000 68.6426918 68.5594352 
1453.0000000 68.4462732 68.3630167 
1454.0000000 68.2498547 68.1665981 
1455.0000000 68.0534361 67.9701796 
1456.0000000 67.8570176 67.7737610 
1457.0000000 67.6605990 67.5773425 
1458.0000000 67.4641805 67.3809239 
1459.0000000 67.2677619 67.1845054 
1460.0000000 67.0713434 66.9880868 
1461.0000000 66.8749248 66.7916683 
1462.0000000 66.6785063 66.5952497 
1463.0000000 66.4820877 66.3988312 
1464.0000000 66.2856692 66.2024126 
1465.0000000 66.0892506 66.0059941 
1466.0000000 65.8928321 65.8095755 
1467.0000000 65.6964135 65.6131570 
1468.0000000 65.4999950 65.4167384 
1469.0000000 65.3035764 65.2203199 
1470.0000000 65.1071579 65.0239013 
1471.0000000 64.9107393 64.8274828 
1472.0000000 64.7143208 64.6310642 
1473.0000000 64.5179022 64.4346457 
1474.0000000 64.3214837 64.2382271 
1475.0000000 64.1250651 64.0418086 
1476.0000000 63.9286466 63.8453900 
1477.0000000 63.7322280 63.6489715 
1478.0000000 63.5358095 63.4525529 
1479.0000000 63.3393909 63.2561343 
1480.0000000 63.1429724 63.0597158 
1481.0000000 62.9465538 62.8632972 
1482.0000000 62.7501353 62.6668787 
1483.0000000 62.5537167 62.4704601 
1484.0000000 62.3572982 62.2740416 
1485.0000000 62.1608796 62.0776230 
1486.0000000 61.9644611 61.8812045 
1487.0000000 61.7680425 61.6847859 
1488.0000000 61.5716240 61.4883674 
1489.0000000 61.3752054 61.2919488 
1490.0000000 61.1787869 61.0955303 
1491.0000000 60.9823683 60.8991117 
1492.0000000 60.7859498 60.7026932 
1493.0000000 60.5895312 60.5062746 
1494.0000000 60.3931127 60.3098561 
1495.0000000 60.1966941 60.1134375 
1496.0000000 60.0002756 59.9170190 
1497.0000000 59.8038570 59.7206004 
1498.0000000 59.6074385 59.5241819 
1499.0000000 59.4110199 59.3277633 
1500.0000000 59.2146014 59.1313448 
1501.0000000 59.0181828 58.9349262 
1502.0000000 58.8217643 58.7385077 
1503.0000000 58.6253457 58.5420891 
1504.0000000 58.4289272 58.3456706 
1505.0000000 58.2325086 58.1492520 
1506.0000000 58.0360901 57.9528335 
1507.0000000 57.8396715 57.7564149 
1508.0000000 57.6432530 57.5599964 
1509.0000000 57.4468344 57.3635778 
1510.0000000 57.2504159 57.1671593 
1511.0000000 57.0539973 56.9707407 
1512.0000000 56.8575788 56.7743222 
1513.0000000 56.6611602 56.5779036 
1514.0000000 56.4647417 56.3814851 
1515.0000000 56.2683231 56.1850665 
1516.0000000 56.0719046 55.9886480 
1517.0000000 55.8754860 55.7922294 
1518.0000000 55.6790675 55.5958109 
1519.0000000 55.4826489 55.3993923 
1520.0000000 55.2862304 55.2029738 
1521.0000000 55.0898118 55.0065552 
1522.0000000 54.8933932 54.8101367 
1523.0000000 54.6969747 54.6137181 
1524.0000000 54.5005561 54.4172996 
1525.0000000 54.3041376 54.2208810 
1526.0000000 54.1077190 54.0244625 
1527.0000000 53.9113005 53.8280439 
1528.0000000 53.7148819 53.6316254 
1529.0000000 53.5184634 53.4352068 
1530.0000000 53.3220448 53.2387883 
1531.0000000 53.1256263 53.0423697 
1532.0000000 52.9292077 52.8459512 
1533.0000000 52.7327892 52.6495326 
1534.0000000 52.5363706 52.4531141 
1535.0000000 52.3399521 52.2566955 
1536.0000000 52.1435335 52.0602770 
1537.0000000 51.9471150 51.8638584 
1538.0000000 51.7506964 51.6674399 
1539.0000000 51.5542779 51.4710213 
1540.0000000 51.3578593 51.2746028 
1541.0000000 51.1614408 51.0781842 
1542.0000000 50.9650222 50.8817657 
1543.0000000 50.7686037 50.6853471 
1544.0000000 50.5721851 50.4889286 
1545.0000000 50.3757666 50.2925100 
1546.0000000 50.1793480 50.0960915 
1547.0000000 49.9829295 49.8996729 
1548.0000000 49.7865109 49.7032544 
1549.0000000 49.5900924 49.5068358 
1550.0000000 49.3936738 49.3104173 
1551.0000000 49.1972553 49.1139987 
1552.0000000 49.0008367 48.9175802 
1553.0000000 48.8044182 48.7211616 
1554.0000000 48.6079996 48.5247431 
1555.0000000 48.4115811 48.3283245 
1556.0000000 48.2151625 48.1319060 
1557.0000000 48.0187440 47.9354874 
1558.0000000 47.8223254 47.7390689 
1559.0000000 47.6259069 47.5426503 
1560.0000000 47.4294883 47.3462318 
1561.0000000 47.2330698 47.1498132 
1562.0000000 47.0366512 46.9533947 
1563.0000000 46.8402327 46.7569761 
1564.0000000 46.6438141 46.5605576 
1565.0000000 46.4473956 46.3641390 
1566.0000000 46.2509770 46.1677205 
1567.0000000 46.0545585 45.9713019 
1568.0000000 45.8581399 45.7748834 
1569.0000000 45.6617214 45.5784648 
1570.0000000 45.4653028 45.3820463 
1571.0000000 45.2688843 45.1856277 
1572.0000000 45.0724657 44.9892092 
1573.0000000 44.8760472 44.7927906 
1574.0000000 44.6796286 44.5963721 
1575.0000000 44.4832101 44.3999535 
1576.0000000 44.2867915 44.2035350 
1577.0000000 44.0903730 44.0071164 
1578.0000000 43.8939544 43.8106979 
1579.0000000 43.6975359 43.6142793 
1580.0000000 43.5011173 43.4178608 
1581.0000000 43.3046988 43.2214422 
1582.0000000 43.1082802 43.0250237 
1583.0000000 42.9118617 42.8286051 
1584.0000000 42.7154431 42.6321866 
1585.0000000 42.5190246 42.4357680 
1586.0000000 42.3226060 42.2393495 
1587.0000000 42.1261875 42.0429309 
1588.0000000 41.9297689 41.8465124 
1589.0000000 41.7333504 41.6500938 
1590.0000000 41.5369318 41.4536753 
1591.0000000 41.3405133 41.2572567 
1592.0000000 41.1440947 41.0608382 
1593.0000000 40.9476762 40.8644196 
1594.0000000 40.7512576 40.6680011 
1595.0000000 40.5548391 40.4715825 
1596.0000000 40.3584205 40.2751640 
1597.0000000 40.1620020 40.0787454 
1598.0000000 39.9655834 39.8823269 
1599.0000000 39.7691649 39.6859083 
1600.0000000 39.5727463 39.4894898 
1601.0000000 39.3763278 39.2930712 
1602.0000000 39.1799092 39.0966527 
1603.0000000 38.9834907 38.9002341 
1604.0000000 38.7870721 38.7038156 
1605.0000000 38.5906536 38.5073970 
1606.0000000 38.3942350 38.3109785 
1607.0000000 38.1978165 38.1145599 
1608.0000000 38.0013979 37.9181414 
1609.0000000 37.8049794 37.7217228 
1610.0000000 37.6085608 37.5253043 
1611.0000000 37.4121423 37.3288857 
1612.0000000 37.2157237 37.1324672 
1613.0000000 37.0193052 36.9360486 
1614.0000000 36.8228866 36.7396301 
1615.0000000 36.6264681 36.5432115 
1616.0000000 36.4300495 36.3467930 
1617.0000000 36.2336310 36.1503744 
1618.0000000 36.0372124 35.9539559 
1619.0000000 35.8407939 35.7575373 
1620.0000000 35.6443753 35.5611188 
1621.0000000 35.4479568 35.3647002 
1622.0000000 35.2515382 35.1682817 
1623.0000000 35.0551197 34.9718631 
1624.0000000 34.8587011 34.7754446 
1625.0000000 34.6622826 34.5790260 
1626.0000000 34.4658640 34.3826075 
1627.0000000 34.2694455 34.1861889 
1628.0000000 34.0730269 33.9897704 
1629.0000000 33.8766084 33.7933518 
1630.0000000 33.6801898 33.5969333 
1631.0000000 33.4837713 33.4005147 
1632.0000000 33.2873527 33.2040961 
1633.0000000 33.0909342 33.0076776 
1634.0000000 32.8945156 32.8112590 
1635.0000000 32.6980971 32.6148405 
1636.0000000 32.5016785 32.4184219 
1637.0000000 32.3052600 32.2220034 
1638.0000000 32.1088414 32.0255848 
1639.0000000 31.9124229 31.8291663 
1640.0000000 31.7160043 31.6327477 
1641.0000000 31.5195858 31.4363292 
1642.0000000 31.3231672 31.2399106 
1643.0000000 31.1267487 31.0434921 
1644.0000000 30.9303301 30.8470735 
1645.0000000 30.7339116 30.6506550 
1646.0000000 30.5374930 30.4542364 
1647.0000000 30.3410745 30.2578179 
1648.0000000 30.1446559 30.0613993 
1649.0000000 29.9482374 29.8649808 
1650.0000000 29.7518188 29.6685622 
1651.0000000 29.5554003 29.4721437 
1652.0000000 29.3589817 29.2757251 
1653.0000000 29.1625632 29.0793066 
1654.0000000 28.9661446 28.8828880 
1655.0000000 28.7697261 28.6864695 
1656.0000000 28.5733075 28.4900509 
1657.0000000 28.3768890 28.2936324 
1658.0000000 28.1804704 28.0972138 
1659.0000000 27.9840519 27.9007953 
1660.0000000 27.7876333 27.7043767 
1661.0000000 27.5912148 27.5079582 
1662.0000000 27.3947962 27.3115396 
1663.0000000 27.1983777 27.1151211 
1664.0000000 27.0019591 26.9187025 
1665.0000000 26.8055406 26.7222840 
1666.0000000 26.6091220 26.5258654 
1667.0000000 26.4127035 26.3294469 
1668.0000000 26.2162849 26.1330283 
1669.0000000 26.0198664 25.9366098 
1670.0000000 25.8234478 25.7401912 
1671.0000000 25.6270293 25.5437727 
1672.0000000 25.4306107 25.3473541 
1673.0000000 25.2341922 25.1509356 
1674.0000000 25.0377736 24.9545170 
1675.0000000 24.8413550 24.7580985 
1676.0000000 24.6449365 24.5616799 
1677.0000000 24.4485179 24.3652614 
1678.0000000 24.2520994 24.1688428 
1679.0000000 24.0556808 23.9724243 
1680.0000000 23.8592623 23.7760057 
1681.0000000 23.6628437 23.5795872 
1682.0000000 23.4664252 23.3831686 
1683.0000000 23.2700066 23.1867501 
1684.0000000 23.0735881 22.9903315 
1685.0000000 22.8771695 22.7939130 
1686.0000000 22.6807510 22.5974944 
1687.0000000 22.4843324 22.4010759 
1688.0000000 22.2879139 22.2046573 
1689.0000000 22.0914953 22.0082388 
1690.0000000 21.8950768 21.8118202 
1691.0000000 21.6986582 21.6154017 
1692.0000000 21.5022397 21.4189831 
1693.0000000 21.3058211 21.2225646 
1694.0000000 21.1094026 21.0261460 
1695.0000000 20.9129840 20.8297275 
1696.0000000 20.7165655 20.6333089 
1697.0000000 20.5201469 20.4368904 
1698.0000000 20.3237284 20.2404718 
1699.0000000 20.1273098 20.0440533 
1700.0000000 19.9308913 19.8476347 
1701.0000000 19.7344727 19.6512162 
1702.0000000 19.5380542 19.4547976 
1703.0000000 19.3416356 19.2583791 
1704.0000000 19.1452171 19.0619605 
1705.0000000 18.9487985 18.8655420 
1706.0000000 18.7523800 18.6691234 
1707.0000000 18.5559614 18.4727049 
1708.0000000 18.3595429 18.2762863 
1709.0000000 18.1631243 18.0798678 
1710.0000000 17.9667058 17.8834492 
1711.0000000 17.7702872 17.6870307 
1712.0000000 17.5738687 17.4906121 
1713.0000000 17.3774501 17.2941936 
1714.0000000 17.1810316 17.0977750 
1715.0000000 16.9846130 16.9013565 
1716.0000000 16.7881945 16.7049379 
1717.0000000 16.5917759 16.5085194 
1718.0000000 16.3953574 16.3121008 
1719.0000000 16.1989388 16.1156823 
1720.0000000 16.0025203 15.9192637 
1721.0000000 15.8061017 15.7228452 
1722.0000000 15.6096832 15.5264266 
1723.0000000 15.4132646 15.3300081 
1724.0000000 15.2168461 15.1335895 
1725.0000000 15.0204275 14.9371710 
1726.0000000 14.8240090 14.7407524 
1727.0000000 14.6275904 14.5443339 
1728.0000000 14.4311719 14.3479153 
1729.0000000 14.2347533 14.1514968 
1730.0000000 14.0383348 13.9550782 
1731.0000000 13.8419162 13.7586597 
1732.0000000 13.6454977 13.5622411 
1733.0000000 13.4490791 13.3658226 
1734.0000000 13.2526606 13.1694040 
1735.0000000 13.0562420 12.9729855 
1736.0000000 12.8598235 12.7765669 
1737.0000000 12.6634049 12.5801484 
1738.0000000 12.4669864 12.3837298 
1739.0000000 12.2705678 12.1873113 
1740.0000000 12.0741493 11.9908927 
1741.0000000 11.8777307 11.7944742 
1742.0000000 11.6813122 11.5980556 
1743.0000000 11.4848936 11.4016371 
1744.0000000 11.2884751 11.2052185 
1745.0000000 11.0920565 11.0088000 
1746.0000000 10.8956380 10.8123814 
1747.0000000 10.6992194 10.6159629 
1748.0000000 10.5028009 10.4195443 
1749.0000000 10.3063823 10.2231258 
1750.0000000 10.1099638 10.0267072 
1751.0000000 9.9135452 9.8302887 
1752.0000000 9.7171267 9.6338701 
1753.0000000 9.5207081 9.4374516 
1754.0000000 9.3242896 9.2410330 
1755.0000000 9.1278710 9.0446145 
1756.0000000 8.9314525 8.8481959 
1757.0000000 8.7350339 8.6517774 
1758.0000000 8.5386154 8.4553588 
1759.0000000 8.3421968 8.2589403 
1760.0000000 8.1457783 8.0625217 
1761.0000000 7.9493597 7.8661032 
1762.0000000 7.7529412 7.6696846 
1763.0000000 7.5565226 7.4732661 
1764.0000000 7.3601041 7.2768475 
1765.0000000 7.1636855 7.0804290 
1766.0000000 6.9672670 6.8840104 
1767.0000000 6.7708484 6.6875919 
1768.0000000 6.5744299 6.4911733 
1769.0000000 6.3780113 6.2947548 
1770.0000000 6.1815928 6.0983362 
1771.0000000 5.9851742 5.9019177 
1772.0000000 5.7887557 5.7054991 
1773.0000000 5.5923371 5.5090806 
1774.0000000 5.3959186 5.3126620 
1775.0000000 5.1995000 5.1162435 
1776.0000000 5.0030815 4.9198249 
1777.0000000 4.8066629 4.7234064 
1778.0000000 4.6102444 4.5269878 
1779.0000000 4.4138258 4.3305693 
1780.0000000 4.2174073 4.1341507 
1781.0000000 4.0209887 3.9377322 
1782.0000000 3.8245702 3.7413136 
1783.0000000 3.6281516 3.5448950 
1784.0000000 3.4317331 3.3484765 
1785.0000000 3.2353145 3.1520579 
1786.0000000 3.0388960 2.9556394 
1787.0000000 2.8424774 2.7592208 
1788.0000000 2.6460589 2.5628023 
1789.0000000 2.4496403 2.3663837 
1790.0000000 2.2532218 2.1699652 
1791.0000000 2.0568032 1.9735466 
1792.0000000 1.8603847 1.7771281 
1793.0000000 1.6639661 1.5807095 
1794.0000000 1.4675476 1.3842910 
1795.0000000 1.2711290 1.1878724 
1796.0000000 1.0747105 0.9914539 
1797.0000000 0.8782919 0.7950353 
1798.0000000 0.6818734 0.5986168 
1799.0000000 0.4854548 0.4021982 
1800.0000000 0.2890363 0.2057797 

