1.0000000 353.5829398 353.5435753 
2.0000000 353.3865212 353.3471568 
3.0000000 353.1901027 353.1507382 
4.0000000 352.9936841 352.9543197 
5.0000000 352.7972656 352.7579011 
6.0000000 352.6008470 352.5614826 
7.0000000 352.4044285 352.3650640 
8.0000000 352.2080099 352.1686455 
9.0000000 352.0115914 351.9722269 
10.0000000 351.8151728 351.7758084 
11.0000000 351.6187543 351.5793898 
12.0000000 351.4223357 351.3829713 
13.0000000 351.2259172 351.1865527 
14.0000000 351.0294986 350.9901342 
15.0000000 350.8330801 350.7937156 
16.0000000 350.6366615 350.5972971 
17.0000000 350.4402430 350.4008785 
18.0000000 350.2438244 350.2044600 
19.0000000 350.0474059 350.0080414 
20.0000000 349.8509873 349.8116229 
21.0000000 349.6545688 349.6152043 
22.0000000 349.4581502 349.4187858 
23.0000000 349.2617317 349.2223672 
24.0000000 349.0653131 349.0259487 
25.0000000 348.8688946 348.8295301 
26.0000000 348.6724760 348.6331116 
27.0000000 348.4760575 348.4366930 
28.0000000 348.2796389 348.2402745 
29.0000000 348.0832204 348.0438559 
30.0000000 347.8868018 347.8474374 
31.0000000 347.6903833 347.6510188 
32.0000000 347.4939647 347.4546003 
33.0000000 347.2975462 347.2581817 
34.0000000 347.1011276 347.0617632 
35.0000000 346.9047091 346.8653446 
36.0000000 346.7082905 346.6689261 
37.0000000 346.5118720 346.4725075 
38.0000000 346.3154534 346.2760890 
39.0000000 346.1190349 346.0796704 
40.0000000 345.9226163 345.8832519 
41.0000000 345.7261978 345.6868333 
42.0000000 345.5297792 345.4904148 
43.0000000 345.3333607 345.2939962 
44.0000000 345.1369421 345.0975777 
45.0000000 344.9405236 344.9011591 
46.0000000 344.7441050 344.7047406 
47.0000000 344.5476865 344.5083220 
48.0000000 344.3512679 344.3119035 
49.0000000 344.1548494 344.1154849 
50.0000000 343.9584308 343.9190664 
51.0000000 343.7620123 343.7226478 
52.0000000 343.5655937 343.5262293 
53.0000000 343.3691752 343.3298107 
54.0000000 343.1727566 343.1333922 
55.0000000 342.9763381 342.9369736 
56.0000000 342.7799195 342.7405551 
57.0000000 342.5835010 342.5441365 
58.0000000 342.3870824 342.3477180 
59.0000000 342.1906639 342.1512994 
60.0000000 341.9942453 341.9548809 
61.0000000 341.7978268 341.7584623 
62.0000000 341.6014082 341.5620438 
63.0000000 341.4049897 341.3656252 
64.0000000 341.2085711 341.1692067 
65.0000000 341.0121526 340.9727881 
66.0000000 340.8157340 340.7763696 
67.0000000 340.6193155 340.5799510 
68.0000000 340.4228969 340.3835325 
69.0000000 340.2264784 340.1871139 
70.0000000 340.0300598 339.9906954 
71.0000000 339.8336413 339.7942768 
72.0000000 339.6372227 339.5978583 
73.0000000 339.4408042 339.4014397 
74.0000000 339.2443856 339.2050212 
75.0000000 339.0479671 339.0086026 
76.0000000 338.8515485 338.8121841 
77.0000000 338.6551300 338.6157655 
78.0000000 338.4587114 338.4193470 
79.0000000 338.2622929 338.2229284 
80.0000000 338.0658743 338.0265099 
81.0000000 337.8694558 337.8300913 
82.0000000 337.6730372 337.6336728 
83.0000000 337.4766187 337.4372542 
84.0000000 337.2802001 337.2408357 
85.0000000 337.0837816 337.0444171 
86.0000000 336.8873630 336.8479986 
87.0000000 336.6909445 336.6515800 
88.0000000 336.4945259 336.4551615 
89.0000000 336.2981074 336.2587429 
90.0000000 336.1016888 336.0623244 
91.0000000 335.9052703 335.8659058 
92.0000000 335.7088517 335.6694873 
93.0000000 335.5124332 335.4730687 
94.0000000 335.3160146 335.2766502 
95.0000000 335.1195961 335.0802316 
96.0000000 334.9231775 334.8838131 
97.0000000 334.7267590 334.6873945 
98.0000000 334.5303404 334.4909760 
99.0000000 334.3339219 334.2945574 
100.0000000 334.1375033 334.0981389 
101.0000000 333.9410848 333.9017203 
102.0000000 333.7446662 333.7053018 
103.0000000 333.5482477 333.5088832 
104.0000000 333.3518291 333.3124647 
105.0000000 333.1554106 333.1160461 
106.0000000 332.9589920 332.9196275 
107.0000000 332.7625735 332.7232090 
108.0000000 332.5661549 332.5267904 
109.0000000 332.3697364 332.3303719 
110.0000000 332.1733178 332.1339533 
111.0000000 331.9768992 331.9375348 
112.0000000 331.7804807 331.7411162 
113.0000000 331.5840621 331.5446977 
114.0000000 331.3876436 331.3482791 
115.0000000 331.1912250 331.1518606 
116.0000000 330.9948065 330.9554420 
117.0000000 330.7983879 330.7590235 
118.0000000 330.6019694 330.5626049 
119.0000000 330.4055508 330.3661864 
120.0000000 330.2091323 330.1697678 
121.0000000 330.0127137 329.9733493 
122.0000000 329.8162952 329.7769307 
123.0000000 329.6198766 329.5805122 
124.0000000 329.4234581 329.3840936 
125.0000000 329.2270395 329.1876751 
126.0000000 329.0306210 328.9912565 
127.0000000 328.8342024 328.7948380 
128.0000000 328.6377839 328.5984194 
129.0000000 328.4413653 328.4020009 
130.0000000 328.2449468 328.2055823 
131.0000000 328.0485282 328.0091638 
132.0000000 327.8521097 327.8127452 
133.0000000 327.6556911 327.6163267 
134.0000000 327.4592726 327.4199081 
135.0000000 327.2628540 327.2234896 
136.0000000 327.0664355 327.0270710 
137.0000000 326.8700169 326.8306525 
138.0000000 326.6735984 326.6342339 
139.0000000 326.4771798 326.4378154 
140.0000000 326.2807613 326.2413968 
141.0000000 326.0843427 326.0449783 
142.0000000 325.8879242 325.8485597 
143.0000000 325.6915056 325.6521412 
144.0000000 325.4950871 325.4557226 
145.0000000 325.2986685 325.2593041 
146.0000000 325.1022500 325.0628855 
147.0000000 324.9058314 324.8664670 
148.0000000 324.7094129 324.6700484 
149.0000000 324.5129943 324.4736299 
150.0000000 324.3165758 324.2772113 
151.0000000 324.1201572 324.0807928 
152.0000000 323.9237387 323.8843742 
153.0000000 323.7273201 323.6879557 
154.0000000 323.5309016 323.4915371 
155.0000000 323.3344830 323.2951186 
156.0000000 323.1380645 323.0987000 
157.0000000 322.9416459 322.9022815 
158.0000000 322.7452274 322.7058629 
159.0000000 322.5488088 322.5094444 
160.0000000 322.3523903 322.3130258 
161.0000000 322.1559717 322.1166073 
162.0000000 321.9595532 321.9201887 
163.0000000 321.7631346 321.7237702 
164.0000000 321.5667161 321.5273516 
165.0000000 321.3702975 321.3309331 
166.0000000 321.1738790 321.1345145 
167.0000000 320.9774604 320.9380960 
168.0000000 320.7810419 320.7416774 
169.0000000 320.5846233 320.5452589 
170.0000000 320.3882048 320.3488403 
171.0000000 320.1917862 320.1524218 
172.0000000 319.9953677 319.9560032 
173.0000000 319.7989491 319.7595847 
174.0000000 319.6025306 319.5631661 
175.0000000 319.4061120 319.3667476 
176.0000000 319.2096935 319.1703290 
177.0000000 319.0132749 318.9739105 
178.0000000 318.8168564 318.7774919 
179.0000000 318.6204378 318.5810734 
180.0000000 318.4240193 318.3846548 
181.0000000 318.2276007 318.1882363 
182.0000000 318.0311822 317.9918177 
183.0000000 317.8347636 317.7953992 
184.0000000 317.6383451 317.5989806 
185.0000000 317.4419265 317.4025621 
186.0000000 317.2455080 317.2061435 
187.0000000 317.0490894 317.0097250 
188.0000000 316.8526709 316.8133064 
189.0000000 316.6562523 316.6168879 
190.0000000 316.4598338 316.4204693 
191.0000000 316.2634152 316.2240508 
192.0000000 316.0669967 316.0276322 
193.0000000 315.8705781 315.8312137 
194.0000000 315.6741596 315.6347951 
195.0000000 315.4777410 315.4383766 
196.0000000 315.2813225 315.2419580 
197.0000000 315.0849039 315.0455395 
198.0000000 314.8884854 314.8491209 
199.0000000 314.6920668 314.6527024 
200.0000000 314.4956483 314.4562838 
201.0000000 314.2992297 314.2598653 
202.0000000 314.1028112 314.0634467 
203.0000000 313.9063926 313.8670282 
204.0000000 313.7099741 313.6706096 
205.0000000 313.5135555 313.4741911 
206.0000000 313.3171370 313.2777725 
207.0000000 313.1207184 313.0813540 
208.0000000 312.9242999 312.8849354 
209.0000000 312.7278813 312.6885169 
210.0000000 312.5314628 312.4920983 
211.0000000 312.3350442 312.2956798 
212.0000000 312.1386257 312.0992612 
213.0000000 311.9422071 311.9028427 
214.0000000 311.7457886 311.7064241 
215.0000000 311.5493700 311.5100056 
216.0000000 311.3529515 311.3135870 
217.0000000 311.1565329 311.1171685 
218.0000000 310.9601144 310.9207499 
219.0000000 310.7636958 310.7243314 
220.0000000 310.5672773 310.5279128 
221.0000000 310.3708587 310.3314943 
222.0000000 310.1744402 310.1350757 
223.0000000 309.9780216 309.9386572 
224.0000000 309.7816031 309.7422386 
225.0000000 309.5851845 309.5458201 
226.0000000 309.3887660 309.3494015 
227.0000000 309.1923474 309.1529830 
228.0000000 308.9959289 308.9565644 
229.0000000 308.7995103 308.7601459 
230.0000000 308.6030918 308.5637273 
231.0000000 308.4066732 308.3673088 
232.0000000 308.2102547 308.1708902 
233.0000000 308.0138361 307.9744717 
234.0000000 307.8174176 307.7780531 
235.0000000 307.6209990 307.5816346 
236.0000000 307.4245805 307.3852160 
237.0000000 307.2281619 307.1887975 
238.0000000 307.0317434 306.9923789 
239.0000000 306.8353248 306.7959604 
240.0000000 306.6389063 306.5995418 
241.0000000 306.4424877 306.4031233 
242.0000000 306.2460692 306.2067047 
243.0000000 306.0496506 306.0102862 
244.0000000 305.8532321 305.8138676 
245.0000000 305.6568135 305.6174491 
246.0000000 305.4603950 305.4210305 
247.0000000 305.2639764 305.2246120 
248.0000000 305.0675579 305.0281934 
249.0000000 304.8711393 304.8317749 
250.0000000 304.6747208 304.6353563 
251.0000000 304.4783022 304.4389378 
252.0000000 304.2818837 304.2425192 
253.0000000 304.0854651 304.0461007 
254.0000000 303.8890466 303.8496821 
255.0000000 303.6926280 303.6532636 
256.0000000 303.4962095 303.4568450 
257.0000000 303.2997909 303.2604265 
258.0000000 303.1033724 303.0640079 
259.0000000 302.9069538 302.8675893 
260.0000000 302.7105353 302.6711708 
261.0000000 302.5141167 302.4747522 
262.0000000 302.3176981 302.2783337 
263.0000000 302.1212796 302.0819151 
264.0000000 301.9248610 301.8854966 
265.0000000 301.7284425 301.6890780 
266.0000000 301.5320239 301.4926595 
267.0000000 301.3356054 301.2962409 
268.0000000 301.1391868 301.0998224 
269.0000000 300.9427683 300.9034038 
270.0000000 300.7463497 300.7069853 
271.0000000 300.5499312 300.5105667 
272.0000000 300.3535126 300.3141482 
273.0000000 300.1570941 300.1177296 
274.0000000 299.9606755 299.9213111 
275.0000000 299.7642570 299.7248925 
276.0000000 299.5678384 299.5284740 
277.0000000 299.3714199 299.3320554 
278.0000000 299.1750013 299.1356369 
279.0000000 298.9785828 298.9392183 
280.0000000 298.7821642 298.7427998 
281.0000000 298.5857457 298.5463812 
282.0000000 298.3893271 298.3499627 
283.0000000 298.1929086 298.1535441 
284.0000000 297.9964900 297.9571256 
285.0000000 297.8000715 297.7607070 
286.0000000 297.6036529 297.5642885 
287.0000000 297.4072344 297.3678699 
288.0000000 297.2108158 297.1714514 
289.0000000 297.0143973 296.9750328 
290.0000000 296.8179787 296.7786143 
291.0000000 296.6215602 296.5821957 
292.0000000 296.4251416 296.3857772 
293.0000000 296.2287231 296.1893586 
294.0000000 296.0323045 295.9929401 
295.0000000 295.8358860 295.7965215 
296.0000000 295.6394674 295.6001030 
297.0000000 295.4430489 295.4036844 
298.0000000 295.2466303 295.2072659 
299.0000000 295.0502118 295.0108473 
300.0000000 294.8537932 294.8144288 
301.0000000 294.6573747 294.6180102 
302.0000000 294.4609561 294.4215917 
303.0000000 294.2645376 294.2251731 
304.0000000 294.0681190 294.0287546 
305.0000000 293.8717005 293.8323360 
306.0000000 293.6752819 293.6359175 
307.0000000 293.4788634 293.4394989 
308.0000000 293.2824448 293.2430804 
309.0000000 293.0860263 293.0466618 
310.0000000 292.8896077 292.8502433 
311.0000000 292.6931892 292.6538247 
312.0000000 292.4967706 292.4574062 
313.0000000 292.3003521 292.2609876 
314.0000000 292.1039335 292.0645691 
315.0000000 291.9075150 291.8681505 
316.0000000 291.7110964 291.6717320 
317.0000000 291.5146779 291.4753134 
318.0000000 291.3182593 291.2788949 
319.0000000 291.1218408 291.0824763 
320.0000000 290.9254222 290.8860578 
321.0000000 290.7290037 290.6896392 
322.0000000 290.5325851 290.4932207 
323.0000000 290.3361666 290.2968021 
324.0000000 290.1397480 290.1003836 
325.0000000 289.9433295 289.9039650 
326.0000000 289.7469109 289.7075465 
327.0000000 289.5504924 289.5111279 
328.0000000 289.3540738 289.3147094 
329.0000000 289.1576553 289.1182908 
330.0000000 288.9612367 288.9218723 
331.0000000 288.7648182 288.7254537 
332.0000000 288.5683996 288.5290352 
333.0000000 288.3719811 288.3326166 
334.0000000 288.1755625 288.1361981 
335.0000000 287.9791440 287.9397795 
336.0000000 287.7827254 287.7433610 
337.0000000 287.5863069 287.5469424 
338.0000000 287.3898883 287.3505239 
339.0000000 287.1934698 287.1541053 
340.0000000 286.9970512 286.9576868 
341.0000000 286.8006327 286.7612682 
342.0000000 286.6042141 286.5648497 
343.0000000 286.4077956 286.3684311 
344.0000000 286.2113770 286.1720126 
345.0000000 286.0149585 285.9755940 
346.0000000 285.8185399 285.7791755 
347.0000000 285.6221214 285.5827569 
348.0000000 285.4257028 285.3863384 
349.0000000 285.2292843 285.1899198 
350.0000000 285.0328657 284.9935013 
351.0000000 284.8364472 284.7970827 
352.0000000 284.6400286 284.6006642 
353.0000000 284.4436101 284.4042456 
354.0000000 284.2471915 284.2078271 
355.0000000 284.0507730 284.0114085 
356.0000000 283.8543544 283.8149900 
357.0000000 283.6579359 283.6185714 
358.0000000 283.4615173 283.4221529 
359.0000000 283.2650988 283.2257343 
360.0000000 283.0686802 283.0293158 
361.0000000 282.8722617 282.8328972 
362.0000000 282.6758431 282.6364787 
363.0000000 282.4794246 282.4400601 
364.0000000 282.2830060 282.2436416 
365.0000000 282.0865875 282.0472230 
366.0000000 281.8901689 281.8508045 
367.0000000 281.6937504 281.6543859 
368.0000000 281.4973318 281.4579674 
369.0000000 281.3009133 281.2615488 
370.0000000 281.1044947 281.0651303 
371.0000000 280.9080762 280.8687117 
372.0000000 280.7116576 280.6722932 
373.0000000 280.5152391 280.4758746 
374.0000000 280.3188205 280.2794561 
375.0000000 280.1224020 280.0830375 
376.0000000 279.9259834 279.8866190 
377.0000000 279.7295649 279.6902004 
378.0000000 279.5331463 279.4937819 
379.0000000 279.3367278 279.2973633 
380.0000000 279.1403092 279.1009448 
381.0000000 278.9438907 278.9045262 
382.0000000 278.7474721 278.7081077 
383.0000000 278.5510536 278.5116891 
384.0000000 278.3546350 278.3152706 
385.0000000 278.1582165 278.1188520 
386.0000000 277.9617979 277.9224335 
387.0000000 277.7653794 277.7260149 
388.0000000 277.5689608 277.5295964 
389.0000000 277.3725423 277.3331778 
390.0000000 277.1761237 277.1367593 
391.0000000 276.9797052 276.9403407 
392.0000000 276.7832866 276.7439222 
393.0000000 276.5868681 276.5475036 
394.0000000 276.3904495 276.3510851 
395.0000000 276.1940310 276.1546665 
396.0000000 275.9976124 275.9582480 
397.0000000 275.8011939 275.7618294 
398.0000000 275.6047753 275.5654109 
399.0000000 275.4083568 275.3689923 
400.0000000 275.2119382 275.1725738 
401.0000000 275.0155197 274.9761552 
402.0000000 274.8191011 274.7797367 
403.0000000 274.6226826 274.5833181 
404.0000000 274.4262640 274.3868996 
405.0000000 274.2298455 274.1904810 
406.0000000 274.0334269 273.9940625 
407.0000000 273.8370084 273.7976439 
408.0000000 273.6405898 273.6012254 
409.0000000 273.4441713 273.4048068 
410.0000000 273.2477527 273.2083882 
411.0000000 273.0513342 273.0119697 
412.0000000 272.8549156 272.8155511 
413.0000000 272.6584971 272.6191326 
414.0000000 272.4620785 272.4227140 
415.0000000 272.2656599 272.2262955 
416.0000000 272.0692414 272.0298769 
417.0000000 271.8728228 271.8334584 
418.0000000 271.6764043 271.6370398 
419.0000000 271.4799857 271.4406213 
420.0000000 271.2835672 271.2442027 
421.0000000 271.0871486 271.0477842 
422.0000000 270.8907301 270.8513656 
423.0000000 270.6943115 270.6549471 
424.0000000 270.4978930 270.4585285 
425.0000000 270.3014744 270.2621100 
426.0000000 270.1050559 270.0656914 
427.0000000 269.9086373 269.8692729 
428.0000000 269.7122188 269.6728543 
429.0000000 269.5158002 269.4764358 
430.0000000 269.3193817 269.2800172 
431.0000000 269.1229631 269.0835987 
432.0000000 268.9265446 268.8871801 
433.0000000 268.7301260 268.6907616 
434.0000000 268.5337075 268.4943430 
435.0000000 268.3372889 268.2979245 
436.0000000 268.1408704 268.1015059 
437.0000000 267.9444518 267.9050874 
438.0000000 267.7480333 267.7086688 
439.0000000 267.5516147 267.5122503 
440.0000000 267.3551962 267.3158317 
441.0000000 267.1587776 267.1194132 
442.0000000 266.9623591 266.9229946 
443.0000000 266.7659405 266.7265761 
444.0000000 266.5695220 266.5301575 
445.0000000 266.3731034 266.3337390 
446.0000000 266.1766849 266.1373204 
447.0000000 265.9802663 265.9409019 
448.0000000 265.7838478 265.7444833 
449.0000000 265.5874292 265.5480648 
450.0000000 265.3910107 265.3516462 
451.0000000 265.1945921 265.1552277 
452.0000000 264.9981736 264.9588091 
453.0000000 264.8017550 264.7623906 
454.0000000 264.6053365 264.5659720 
455.0000000 264.4089179 264.3695535 
456.0000000 264.2124994 264.1731349 
457.0000000 264.0160808 263.9767164 
458.0000000 263.8196623 263.7802978 
459.0000000 263.6232437 263.5838793 
460.0000000 263.4268252 263.3874607 
461.0000000 263.2304066 263.1910422 
462.0000000 263.0339881 262.9946236 
463.0000000 262.8375695 262.7982051 
464.0000000 262.6411510 262.6017865 
465.0000000 262.4447324 262.4053680 
466.0000000 262.2483139 262.2089494 
467.0000000 262.0518953 262.0125309 
468.0000000 261.8554768 261.8161123 
469.0000000 261.6590582 261.6196938 
470.0000000 261.4626397 261.4232752 
471.0000000 261.2662211 261.2268567 
472.0000000 261.0698026 261.0304381 
473.0000000 260.8733840 260.8340196 
474.0000000 260.6769655 260.6376010 
475.0000000 260.4805469 260.4411825 
476.0000000 260.2841284 260.2447639 
477.0000000 260.0877098 260.0483454 
478.0000000 259.8912913 259.8519268 
479.0000000 259.6948727 259.6555083 
480.0000000 259.4984542 259.4590897 
481.0000000 259.3020356 259.2626712 
482.0000000 259.1056171 259.0662526 
483.0000000 258.9091985 258.8698341 
484.0000000 258.7127800 258.6734155 
485.0000000 258.5163614 258.4769970 
486.0000000 258.3199429 258.2805784 
487.0000000 258.1235243 258.0841599 
488.0000000 257.9271058 257.8877413 
489.0000000 257.7306872 257.6913228 
490.0000000 257.5342687 257.4949042 
491.0000000 257.3378501 257.2984857 
492.0000000 257.1414316 257.1020671 
493.0000000 256.9450130 256.9056486 
494.0000000 256.7485945 256.7092300 
495.0000000 256.5521759 256.5128115 
496.0000000 256.3557574 256.3163929 
497.0000000 256.1593388 256.1199744 
498.0000000 255.9629203 255.9235558 
499.0000000 255.7665017 255.7271373 
500.0000000 255.5700832 255.5307187 
501.0000000 255.3736646 255.3343002 
502.0000000 255.1772461 255.1378816 
503.0000000 254.9808275 254.9414631 
504.0000000 254.7844090 254.7450445 
505.0000000 254.5879904 254.5486260 
506.0000000 254.3915719 254.3522074 
507.0000000 254.1951533 254.1557889 
508.0000000 253.9987348 253.9593703 
509.0000000 253.8023162 253.7629518 
510.0000000 253.6058977 253.5665332 
511.0000000 253.4094791 253.3701147 
512.0000000 253.2130606 253.1736961 
513.0000000 253.0166420 252.9772776 
514.0000000 252.8202235 252.7808590 
515.0000000 252.6238049 252.5844405 
516.0000000 252.4273864 252.3880219 
517.0000000 252.2309678 252.1916034 
518.0000000 252.0345493 251.9951848 
519.0000000 251.8381307 251.7987663 
520.0000000 251.6417122 251.6023477 
521.0000000 251.4452936 251.4059292 
522.0000000 251.2488751 251.2095106 
523.0000000 251.0524565 251.0130921 
524.0000000 250.8560380 250.8166735 
525.0000000 250.6596194 250.6202550 
526.0000000 250.4632009 250.4238364 
527.0000000 250.2667823 250.2274179 
528.0000000 250.0703638 250.0309993 
529.0000000 249.8739452 249.8345808 
530.0000000 249.6775267 249.6381622 
531.0000000 249.4811081 249.4417437 
532.0000000 249.2846896 249.2453251 
533.0000000 249.0882710 249.0489066 
534.0000000 248.8918525 248.8524880 
535.0000000 248.6954339 248.6560695 
536.0000000 248.4990154 248.4596509 
537.0000000 248.3025968 248.2632324 
538.0000000 248.1061783 248.0668138 
539.0000000 247.9097597 247.8703953 
540.0000000 247.7133412 247.6739767 
541.0000000 247.5169226 247.4775582 
542.0000000 247.3205041 247.2811396 
543.0000000 247.1240855 247.0847211 
544.0000000 246.9276670 246.8883025 
545.0000000 246.7312484 246.6918840 
546.0000000 246.5348299 246.4954654 
547.0000000 246.3384113 246.2990469 
548.0000000 246.1419928 246.1026283 
549.0000000 245.9455742 245.9062098 
550.0000000 245.7491557 245.7097912 
551.0000000 245.5527371 245.5133727 
552.0000000 245.3563186 245.3169541 
553.0000000 245.1599000 245.1205356 
554.0000000 244.9634815 244.9241170 
555.0000000 244.7670629 244.7276985 
556.0000000 244.5706444 244.5312799 
557.0000000 244.3742258 244.3348614 
558.0000000 244.1778073 244.1384428 
559.0000000 243.9813887 243.9420243 
560.0000000 243.7849702 243.7456057 
561.0000000 243.5885516 243.5491871 
562.0000000 243.3921331 243.3527686 
563.0000000 243.1957145 243.1563500 
564.0000000 242.9992960 242.9599315 
565.0000000 242.8028774 242.7635129 
566.0000000 242.6064588 242.5670944 
567.0000000 242.4100403 242.3706758 
568.0000000 242.2136217 242.1742573 
569.0000000 242.0172032 241.9778387 
570.0000000 241.8207846 241.7814202 
571.0000000 241.6243661 241.5850016 
572.0000000 241.4279475 241.3885831 
573.0000000 241.2315290 241.1921645 
574.0000000 241.0351104 240.9957460 
575.0000000 240.8386919 240.7993274 
576.0000000 240.6422733 240.6029089 
577.0000000 240.4458548 240.4064903 
578.0000000 240.2494362 240.2100718 
579.0000000 240.0530177 240.0136532 
580.0000000 239.8565991 239.8172347 
581.0000000 239.6601806 239.6208161 
582.0000000 239.4637620 239.4243976 
583.0000000 239.2673435 239.2279790 
584.0000000 239.0709249 239.0315605 
585.0000000 238.8745064 238.8351419 
586.0000000 238.6780878 238.6387234 
587.0000000 238.4816693 238.4423048 
588.0000000 238.2852507 238.2458863 
589.0000000 238.0888322 238.0494677 
590.0000000 237.8924136 237.8530492 
591.0000000 237.6959951 237.6566306 
592.0000000 237.4995765 237.4602121 
593.0000000 237.3031580 237.2637935 
594.0000000 237.1067394 237.0673750 
595.0000000 236.9103209 236.8709564 
596.0000000 236.7139023 236.6745379 
597.0000000 236.5174838 236.4781193 
598.0000000 236.3210652 236.2817008 
599.0000000 236.1246467 236.0852822 
600.0000000 235.9282281 235.8888637 
601.0000000 235.7318096 235.6924451 
602.0000000 235.5353910 235.4960266 
603.0000000 235.3389725 235.2996080 
604.0000000 235.1425539 235.1031895 
605.0000000 234.9461354 234.9067709 
606.0000000 234.7497168 234.7103524 
607.0000000 234.5532983 234.5139338 
608.0000000 234.3568797 234.3175153 
609.0000000 234.1604612 234.1210967 
610.0000000 233.9640426 233.9246782 
611.0000000 233.7676241 233.7282596 
612.0000000 233.5712055 233.5318411 
613.0000000 233.3747870 233.3354225 
614.0000000 233.1783684 233.1390040 
615.0000000 232.9819499 232.9425854 
616.0000000 232.7855313 232.7461669 
617.0000000 232.5891128 232.5497483 
618.0000000 232.3926942 232.3533298 
619.0000000 232.1962757 232.1569112 
620.0000000 231.9998571 231.9604927 
621.0000000 231.8034386 231.7640741 
622.0000000 231.6070200 231.5676556 
623.0000000 231.4106015 231.3712370 
624.0000000 231.2141829 231.1748185 
625.0000000 231.0177644 230.9783999 
626.0000000 230.8213458 230.7819814 
627.0000000 230.6249273 230.5855628 
628.0000000 230.4285087 230.3891443 
629.0000000 230.2320902 230.1927257 
630.0000000 230.0356716 229.9963072 
631.0000000 229.8392531 229.7998886 
632.0000000 229.6428345 229.6034701 
633.0000000 229.4464160 229.4070515 
634.0000000 229.2499974 229.2106330 
635.0000000 229.0535789 229.0142144 
636.0000000 228.8571603 228.8177959 
637.0000000 228.6607418 228.6213773 
638.0000000 228.4643232 228.4249588 
639.0000000 228.2679047 228.2285402 
640.0000000 228.0714861 228.0321217 
641.0000000 227.8750676 227.8357031 
642.0000000 227.6786490 227.6392846 
643.0000000 227.4822305 227.4428660 
644.0000000 227.2858119 227.2464475 
645.0000000 227.0893934 227.0500289 
646.0000000 226.8929748 226.8536104 
647.0000000 226.6965563 226.6571918 
648.0000000 226.5001377 226.4607733 
649.0000000 226.3037192 226.2643547 
650.0000000 226.1073006 226.0679362 
651.0000000 225.9108821 225.8715176 
652.0000000 225.7144635 225.6750991 
653.0000000 225.5180450 225.4786805 
654.0000000 225.3216264 225.2822620 
655.0000000 225.1252079 225.0858434 
656.0000000 224.9287893 224.8894249 
657.0000000 224.7323708 224.6930063 
658.0000000 224.5359522 224.4965878 
659.0000000 224.3395337 224.3001692 
660.0000000 224.1431151 224.1037507 
661.0000000 223.9466966 223.9073321 
662.0000000 223.7502780 223.7109136 
663.0000000 223.5538595 223.5144950 
664.0000000 223.3574409 223.3180765 
665.0000000 223.1610224 223.1216579 
666.0000000 222.9646038 222.9252394 
667.0000000 222.7681853 222.7288208 
668.0000000 222.5717667 222.5324023 
669.0000000 222.3753482 222.3359837 
670.0000000 222.1789296 222.1395652 
671.0000000 221.9825111 221.9431466 
672.0000000 221.7860925 221.7467281 
673.0000000 221.5896740 221.5503095 
674.0000000 221.3932554 221.3538910 
675.0000000 221.1968369 221.1574724 
676.0000000 221.0004183 220.9610539 
677.0000000 220.8039998 220.7646353 
678.0000000 220.6075812 220.5682168 
679.0000000 220.4111627 220.3717982 
680.0000000 220.2147441 220.1753797 
681.0000000 220.0183256 219.9789611 
682.0000000 219.8219070 219.7825426 
683.0000000 219.6254885 219.5861240 
684.0000000 219.4290699 219.3897055 
685.0000000 219.2326514 219.1932869 
686.0000000 219.0362328 218.9968684 
687.0000000 218.8398143 218.8004498 
688.0000000 218.6433957 218.6040313 
689.0000000 218.4469772 218.4076127 
690.0000000 218.2505586 218.2111942 
691.0000000 218.0541401 218.0147756 
692.0000000 217.8577215 217.8183571 
693.0000000 217.6613030 217.6219385 
694.0000000 217.4648844 217.4255200 
695.0000000 217.2684659 217.2291014 
696.0000000 217.0720473 217.0326829 
697.0000000 216.8756288 216.8362643 
698.0000000 216.6792102 216.6398458 
699.0000000 216.4827917 216.4434272 
700.0000000 216.2863731 216.2470087 
701.0000000 216.0899546 216.0505901 
702.0000000 215.8935360 215.8541716 
703.0000000 215.6971175 215.6577530 
704.0000000 215.5006989 215.4613345 
705.0000000 215.3042804 215.2649159 
706.0000000 215.1078618 215.0684974 
707.0000000 214.9114433 214.8720788 
708.0000000 214.7150247 214.6756603 
709.0000000 214.5186062 214.4792417 
710.0000000 214.3221876 214.2828232 
711.0000000 214.1257691 214.0864046 
712.0000000 213.9293505 213.8899861 
713.0000000 213.7329320 213.6935675 
714.0000000 213.5365134 213.4971489 
715.0000000 213.3400949 213.3007304 
716.0000000 213.1436763 213.1043118 
717.0000000 212.9472577 212.9078933 
718.0000000 212.7508392 212.7114747 
719.0000000 212.5544206 212.5150562 
720.0000000 212.3580021 212.3186376 
721.0000000 212.1615835 212.1222191 
722.0000000 211.9651650 211.9258005 
723.0000000 211.7687464 211.7293820 
724.0000000 211.5723279 211.5329634 
725.0000000 211.3759093 211.3365449 
726.0000000 211.1794908 211.1401263 
727.0000000 210.9830722 210.9437078 
728.0000000 210.7866537 210.7472892 
729.0000000 210.5902351 210.5508707 
730.0000000 210.3938166 210.3544521 
731.0000000 210.1973980 210.1580336 
732.0000000 210.0009795 209.9616150 
733.0000000 209.8045609 209.7651965 
734.0000000 209.6081424 209.5687779 
735.0000000 209.4117238 209.3723594 
736.0000000 209.2153053 209.1759408 
737.0000000 209.0188867 208.9795223 
738.0000000 208.8224682 208.7831037 
739.0000000 208.6260496 208.5866852 
740.0000000 208.4296311 208.3902666 
741.0000000 208.2332125 208.1938481 
742.0000000 208.0367940 207.9974295 
743.0000000 207.8403754 207.8010110 
744.0000000 207.6439569 207.6045924 
745.0000000 207.4475383 207.4081739 
746.0000000 207.2511198 207.2117553 
747.0000000 207.0547012 207.0153368 
748.0000000 206.8582827 206.8189182 
749.0000000 206.6618641 206.6224997 
750.0000000 206.4654456 206.4260811 
751.0000000 206.2690270 206.2296626 
752.0000000 206.0726085 206.0332440 
753.0000000 205.8761899 205.8368255 
754.0000000 205.6797714 205.6404069 
755.0000000 205.4833528 205.4439884 
756.0000000 205.2869343 205.2475698 
757.0000000 205.0905157 205.0511513 
758.0000000 204.8940972 204.8547327 
759.0000000 204.6976786 204.6583142 
760.0000000 204.5012601 204.4618956 
761.0000000 204.3048415 204.2654771 
762.0000000 204.1084230 204.0690585 
763.0000000 203.9120044 203.8726400 
764.0000000 203.7155859 203.6762214 
765.0000000 203.5191673 203.4798029 
766.0000000 203.3227488 203.2833843 
767.0000000 203.1263302 203.0869658 
768.0000000 202.9299117 202.8905472 
769.0000000 202.7334931 202.6941287 
770.0000000 202.5370746 202.4977101 
771.0000000 202.3406560 202.3012916 
772.0000000 202.1442375 202.1048730 
773.0000000 201.9478189 201.9084545 
774.0000000 201.7514004 201.7120359 
775.0000000 201.5549818 201.5156174 
776.0000000 201.3585633 201.3191988 
777.0000000 201.1621447 201.1227803 
778.0000000 200.9657262 200.9263617 
779.0000000 200.7693076 200.7299432 
780.0000000 200.5728891 200.5335246 
781.0000000 200.3764705 200.3371061 
782.0000000 200.1800520 200.1406875 
783.0000000 199.9836334 199.9442690 
784.0000000 199.7872149 199.7478504 
785.0000000 199.5907963 199.5514319 
786.0000000 199.3943778 199.3550133 
787.0000000 199.1979592 199.1585948 
788.0000000 199.0015407 198.9621762 
789.0000000 198.8051221 198.7657577 
790.0000000 198.6087036 198.5693391 
791.0000000 198.4122850 198.3729206 
792.0000000 198.2158665 198.1765020 
793.0000000 198.0194479 197.9800835 
794.0000000 197.8230294 197.7836649 
795.0000000 197.6266108 197.5872464 
796.0000000 197.4301923 197.3908278 
797.0000000 197.2337737 197.1944093 
798.0000000 197.0373552 196.9979907 
799.0000000 196.8409366 196.8015722 
800.0000000 196.6445181 196.6051536 
801.0000000 196.4480995 196.4087351 
802.0000000 196.2516810 196.2123165 
803.0000000 196.0552624 196.0158980 
804.0000000 195.8588439 195.8194794 
805.0000000 195.6624253 195.6230609 
806.0000000 195.4660068 195.4266423 
807.0000000 195.2695882 195.2302238 
808.0000000 195.0731697 195.0338052 
809.0000000 194.8767511 194.8373867 
810.0000000 194.6803326 194.6409681 
811.0000000 194.4839140 194.4445496 
812.0000000 194.2874955 194.2481310 
813.0000000 194.0910769 194.0517125 
814.0000000 193.8946584 193.8552939 
815.0000000 193.6982398 193.6588754 
816.0000000 193.5018213 193.4624568 
817.0000000 193.3054027 193.2660383 
818.0000000 193.1089842 193.0696197 
819.0000000 192.9125656 192.8732012 
820.0000000 192.7161471 192.6767826 
821.0000000 192.5197285 192.4803641 
822.0000000 192.3233100 192.2839455 
823.0000000 192.1268914 192.0875270 
824.0000000 191.9304729 191.8911084 
825.0000000 191.7340543 191.6946899 
826.0000000 191.5376358 191.4982713 
827.0000000 191.3412172 191.3018528 
828.0000000 191.1447987 191.1054342 
829.0000000 190.9483801 190.9090157 
830.0000000 190.7519616 190.7125971 
831.0000000 190.5555430 190.5161786 
832.0000000 190.3591245 190.3197600 
833.0000000 190.1627059 190.1233415 
834.0000000 189.9662874 189.9269229 
835.0000000 189.7698688 189.7305044 
836.0000000 189.5734503 189.5340858 
837.0000000 189.3770317 189.3376673 
838.0000000 189.1806132 189.1412487 
839.0000000 188.9841946 188.9448302 
840.0000000 188.7877761 188.7484116 
841.0000000 188.5913575 188.5519931 
842.0000000 188.3949390 188.3555745 
843.0000000 188.1985204 188.1591560 
844.0000000 188.0021019 187.9627374 
845.0000000 187.8056833 187.7663189 
846.0000000 187.6092648 187.5699003 
847.0000000 187.4128462 187.3734818 
848.0000000 187.2164277 187.1770632 
849.0000000 187.0200091 186.9806447 
850.0000000 186.8235906 186.7842261 
851.0000000 186.6271720 186.5878076 
852.0000000 186.4307535 186.3913890 
853.0000000 186.2343349 186.1949705 
854.0000000 186.0379164 185.9985519 
855.0000000 185.8414978 185.8021334 
856.0000000 185.6450793 185.6057148 
857.0000000 185.4486607 185.4092963 
858.0000000 185.2522422 185.2128777 
859.0000000 185.0558236 185.0164592 
860.0000000 184.8594051 184.8200406 
861.0000000 184.6629865 184.6236221 
862.0000000 184.4665680 184.4272035 
863.0000000 184.2701494 184.2307850 
864.0000000 184.0737309 184.0343664 
865.0000000 183.8773123 183.8379478 
866.0000000 183.6808938 183.6415293 
867.0000000 183.4844752 183.4451107 
868.0000000 183.2880567 183.2486922 
869.0000000 183.0916381 183.0522736 
870.0000000 182.8952195 182.8558551 
871.0000000 182.6988010 182.6594365 
872.0000000 182.5023824 182.4630180 
873.0000000 182.3059639 182.2665994 
874.0000000 182.1095453 182.0701809 
875.0000000 181.9131268 181.8737623 
876.0000000 181.7167082 181.6773438 
877.0000000 181.5202897 181.4809252 
878.0000000 181.3238711 181.2845067 
879.0000000 181.1274526 181.0880881 
880.0000000 180.9310340 180.8916696 
881.0000000 180.7346155 180.6952510 
882.0000000 180.5381969 180.4988325 
883.0000000 180.3417784 180.3024139 
884.0000000 180.1453598 180.1059954 
885.0000000 179.9489413 179.9095768 
886.0000000 179.7525227 179.7131583 
887.0000000 179.5561042 179.5167397 
888.0000000 179.3596856 179.3203212 
889.0000000 179.1632671 179.1239026 
890.0000000 178.9668485 178.9274841 
891.0000000 178.7704300 178.7310655 
892.0000000 178.5740114 178.5346470 
893.0000000 178.3775929 178.3382284 
894.0000000 178.1811743 178.1418099 
895.0000000 177.9847558 177.9453913 
896.0000000 177.7883372 177.7489728 
897.0000000 177.5919187 177.5525542 
898.0000000 177.3955001 177.3561357 
899.0000000 177.1990816 177.1597171 
900.0000000 177.0026630 176.9632986 
901.0000000 176.8062445 176.7668800 
902.0000000 176.6098259 176.5704615 
903.0000000 176.4134074 176.3740429 
904.0000000 176.2169888 176.1776244 
905.0000000 176.0205703 175.9812058 
906.0000000 175.8241517 175.7847873 
907.0000000 175.6277332 175.5883687 
908.0000000 175.4313146 175.3919502 
909.0000000 175.2348961 175.1955316 
910.0000000 175.0384775 174.9991131 
911.0000000 174.8420590 174.8026945 
912.0000000 174.6456404 174.6062760 
913.0000000 174.4492219 174.4098574 
914.0000000 174.2528033 174.2134389 
915.0000000 174.0563848 174.0170203 
916.0000000 173.8599662 173.8206018 
917.0000000 173.6635477 173.6241832 
918.0000000 173.4671291 173.4277647 
919.0000000 173.2707106 173.2313461 
920.0000000 173.0742920 173.0349276 
921.0000000 172.8778735 172.8385090 
922.0000000 172.6814549 172.6420905 
923.0000000 172.4850364 172.4456719 
924.0000000 172.2886178 172.2492534 
925.0000000 172.0921993 172.0528348 
926.0000000 171.8957807 171.8564163 
927.0000000 171.6993622 171.6599977 
928.0000000 171.5029436 171.4635792 
929.0000000 171.3065251 171.2671606 
930.0000000 171.1101065 171.0707421 
931.0000000 170.9136880 170.8743235 
932.0000000 170.7172694 170.6779050 
933.0000000 170.5208509 170.4814864 
934.0000000 170.3244323 170.2850679 
935.0000000 170.1280138 170.0886493 
936.0000000 169.9315952 169.8922308 
937.0000000 169.7351767 169.6958122 
938.0000000 169.5387581 169.4993937 
939.0000000 169.3423396 169.3029751 
940.0000000 169.1459210 169.1065566 
941.0000000 168.9495025 168.9101380 
942.0000000 168.7530839 168.7137195 
943.0000000 168.5566654 168.5173009 
944.0000000 168.3602468 168.3208824 
945.0000000 168.1638283 168.1244638 
946.0000000 167.9674097 167.9280453 
947.0000000 167.7709912 167.7316267 
948.0000000 167.5745726 167.5352082 
949.0000000 167.3781541 167.3387896 
950.0000000 167.1817355 167.1423711 
951.0000000 166.9853170 166.9459525 
952.0000000 166.7888984 166.7495340 
953.0000000 166.5924799 166.5531154 
954.0000000 166.3960613 166.3566969 
955.0000000 166.1996428 166.1602783 
956.0000000 166.0032242 165.9638598 
957.0000000 165.8068057 165.7674412 
958.0000000 165.6103871 165.5710227 
959.0000000 165.4139686 165.3746041 
960.0000000 165.2175500 165.1781856 
961.0000000 165.0211315 164.9817670 
962.0000000 164.8247129 164.7853485 
963.0000000 164.6282944 164.5889299 
964.0000000 164.4318758 164.3925114 
965.0000000 164.2354573 164.1960928 
966.0000000 164.0390387 163.9996743 
967.0000000 163.8426202 163.8032557 
968.0000000 163.6462016 163.6068372 
969.0000000 163.4497831 163.4104186 
970.0000000 163.2533645 163.2140001 
971.0000000 163.0569460 163.0175815 
972.0000000 162.8605274 162.8211630 
973.0000000 162.6641089 162.6247444 
974.0000000 162.4676903 162.4283259 
975.0000000 162.2712718 162.2319073 
976.0000000 162.0748532 162.0354888 
977.0000000 161.8784347 161.8390702 
978.0000000 161.6820161 161.6426517 
979.0000000 161.4855976 161.4462331 
980.0000000 161.2891790 161.2498146 
981.0000000 161.0927605 161.0533960 
982.0000000 160.8963419 160.8569775 
983.0000000 160.6999234 160.6605589 
984.0000000 160.5035048 160.4641404 
985.0000000 160.3070863 160.2677218 
986.0000000 160.1106677 160.0713033 
987.0000000 159.9142492 159.8748847 
988.0000000 159.7178306 159.6784662 
989.0000000 159.5214121 159.4820476 
990.0000000 159.3249935 159.2856291 
991.0000000 159.1285750 159.0892105 
992.0000000 158.9321564 158.8927920 
993.0000000 158.7357379 158.6963734 
994.0000000 158.5393193 158.4999549 
995.0000000 158.3429008 158.3035363 
996.0000000 158.1464822 158.1071178 
997.0000000 157.9500637 157.9106992 
998.0000000 157.7536451 157.7142807 
999.0000000 157.5572266 157.5178621 
1000.0000000 157.3608080 157.3214436 
1001.0000000 157.1643895 157.1250250 
1002.0000000 156.9679709 156.9286065 
1003.0000000 156.7715524 156.7321879 
1004.0000000 156.5751338 156.5357694 
1005.0000000 156.3787153 156.3393508 
1006.0000000 156.1822967 156.1429323 
1007.0000000 155.9858782 155.9465137 
1008.0000000 155.7894596 155.7500952 
1009.0000000 155.5930411 155.5536766 
1010.0000000 155.3966225 155.3572581 
1011.0000000 155.2002040 155.1608395 
1012.0000000 155.0037854 154.9644210 
1013.0000000 154.8073669 154.7680024 
1014.0000000 154.6109483 154.5715839 
1015.0000000 154.4145298 154.3751653 
1016.0000000 154.2181112 154.1787468 
1017.0000000 154.0216927 153.9823282 
1018.0000000 153.8252741 153.7859096 
1019.0000000 153.6288556 153.5894911 
1020.0000000 153.4324370 153.3930725 
1021.0000000 153.2360184 153.1966540 
1022.0000000 153.0395999 153.0002354 
1023.0000000 152.8431813 152.8038169 
1024.0000000 152.6467628 152.6073983 
1025.0000000 152.4503442 152.4109798 
1026.0000000 152.2539257 152.2145612 
1027.0000000 152.0575071 152.0181427 
1028.0000000 151.8610886 151.8217241 
1029.0000000 151.6646700 151.6253056 
1030.0000000 151.4682515 151.4288870 
1031.0000000 151.2718329 151.2324685 
1032.0000000 151.0754144 151.0360499 
1033.0000000 150.8789958 150.8396314 
1034.0000000 150.6825773 150.6432128 
1035.0000000 150.4861587 150.4467943 
1036.0000000 150.2897402 150.2503757 
1037.0000000 150.0933216 150.0539572 
1038.0000000 149.8969031 149.8575386 
1039.0000000 149.7004845 149.6611201 
1040.0000000 149.5040660 149.4647015 
1041.0000000 149.3076474 149.2682830 
1042.0000000 149.1112289 149.0718644 
1043.0000000 148.9148103 148.8754459 
1044.0000000 148.7183918 148.6790273 
1045.0000000 148.5219732 148.4826088 
1046.0000000 148.3255547 148.2861902 
1047.0000000 148.1291361 148.0897717 
1048.0000000 147.9327176 147.8933531 
1049.0000000 147.7362990 147.6969346 
1050.0000000 147.5398805 147.5005160 
1051.0000000 147.3434619 147.3040975 
1052.0000000 147.1470434 147.1076789 
1053.0000000 146.9506248 146.9112604 
1054.0000000 146.7542063 146.7148418 
1055.0000000 146.5577877 146.5184233 
1056.0000000 146.3613692 146.3220047 
1057.0000000 146.1649506 146.1255862 
1058.0000000 145.9685321 145.9291676 
1059.0000000 145.7721135 145.7327491 
1060.0000000 145.5756950 145.5363305 
1061.0000000 145.3792764 145.3399120 
1062.0000000 145.1828579 145.1434934 
1063.0000000 144.9864393 144.9470749 
1064.0000000 144.7900208 144.7506563 
1065.0000000 144.5936022 144.5542378 
1066.0000000 144.3971837 144.3578192 
1067.0000000 144.2007651 144.1614007 
1068.0000000 144.0043466 143.9649821 
1069.0000000 143.8079280 143.7685636 
1070.0000000 143.6115095 143.5721450 
1071.0000000 143.4150909 143.3757265 
1072.0000000 143.2186724 143.1793079 
1073.0000000 143.0222538 142.9828894 
1074.0000000 142.8258353 142.7864708 
1075.0000000 142.6294167 142.5900523 
1076.0000000 142.4329982 142.3936337 
1077.0000000 142.2365796 142.1972152 
1078.0000000 142.0401611 142.0007966 
1079.0000000 141.8437425 141.8043781 
1080.0000000 141.6473240 141.6079595 
1081.0000000 141.4509054 141.4115410 
1082.0000000 141.2544869 141.2151224 
1083.0000000 141.0580683 141.0187039 
1084.0000000 140.8616498 140.8222853 
1085.0000000 140.6652312 140.6258668 
1086.0000000 140.4688127 140.4294482 
1087.0000000 140.2723941 140.2330297 
1088.0000000 140.0759756 140.0366111 
1089.0000000 139.8795570 139.8401926 
1090.0000000 139.6831385 139.6437740 
1091.0000000 139.4867199 139.4473555 
1092.0000000 139.2903014 139.2509369 
1093.0000000 139.0938828 139.0545184 
1094.0000000 138.8974643 138.8580998 
1095.0000000 138.7010457 138.6616813 
1096.0000000 138.5046272 138.4652627 
1097.0000000 138.3082086 138.2688442 
1098.0000000 138.1117901 138.0724256 
1099.0000000 137.9153715 137.8760071 
1100.0000000 137.7189530 137.6795885 
1101.0000000 137.5225344 137.4831700 
1102.0000000 137.3261159 137.2867514 
1103.0000000 137.1296973 137.0903329 
1104.0000000 136.9332788 136.8939143 
1105.0000000 136.7368602 136.6974958 
1106.0000000 136.5404417 136.5010772 
1107.0000000 136.3440231 136.3046587 
1108.0000000 136.1476046 136.1082401 
1109.0000000 135.9511860 135.9118216 
1110.0000000 135.7547675 135.7154030 
1111.0000000 135.5583489 135.5189845 
1112.0000000 135.3619304 135.3225659 
1113.0000000 135.1655118 135.1261474 
1114.0000000 134.9690933 134.9297288 
1115.0000000 134.7726747 134.7333103 
1116.0000000 134.5762562 134.5368917 
1117.0000000 134.3798376 134.3404732 
1118.0000000 134.1834191 134.1440546 
1119.0000000 133.9870005 133.9476361 
1120.0000000 133.7905820 133.7512175 
1121.0000000 133.5941634 133.5547990 
1122.0000000 133.3977449 133.3583804 
1123.0000000 133.2013263 133.1619619 
1124.0000000 133.0049078 132.9655433 
1125.0000000 132.8084892 132.7691248 
1126.0000000 132.6120707 132.5727062 
1127.0000000 132.4156521 132.3762877 
1128.0000000 132.2192336 132.1798691 
1129.0000000 132.0228150 131.9834506 
1130.0000000 131.8263965 131.7870320 
1131.0000000 131.6299779 131.5906135 
1132.0000000 131.4335594 131.3941949 
1133.0000000 131.2371408 131.1977764 
1134.0000000 131.0407223 131.0013578 
1135.0000000 130.8443037 130.8049393 
1136.0000000 130.6478852 130.6085207 
1137.0000000 130.4514666 130.4121022 
1138.0000000 130.2550481 130.2156836 
1139.0000000 130.0586295 130.0192651 
1140.0000000 129.8622110 129.8228465 
1141.0000000 129.6657924 129.6264280 
1142.0000000 129.4693739 129.4300094 
1143.0000000 129.2729553 129.2335909 
1144.0000000 129.0765368 129.0371723 
1145.0000000 128.8801182 128.8407538 
1146.0000000 128.6836997 128.6443352 
1147.0000000 128.4872811 128.4479167 
1148.0000000 128.2908626 128.2514981 
1149.0000000 128.0944440 128.0550796 
1150.0000000 127.8980255 127.8586610 
1151.0000000 127.7016069 127.6622425 
1152.0000000 127.5051884 127.4658239 
1153.0000000 127.3087698 127.2694054 
1154.0000000 127.1123513 127.0729868 
1155.0000000 126.9159327 126.8765683 
1156.0000000 126.7195142 126.6801497 
1157.0000000 126.5230956 126.4837312 
1158.0000000 126.3266771 126.2873126 
1159.0000000 126.1302585 126.0908941 
1160.0000000 125.9338400 125.8944755 
1161.0000000 125.7374214 125.6980570 
1162.0000000 125.5410029 125.5016384 
1163.0000000 125.3445843 125.3052199 
1164.0000000 125.1481658 125.1088013 
1165.0000000 124.9517472 124.9123828 
1166.0000000 124.7553287 124.7159642 
1167.0000000 124.5589101 124.5195457 
1168.0000000 124.3624916 124.3231271 
1169.0000000 124.1660730 124.1267085 
1170.0000000 123.9696545 123.9302900 
1171.0000000 123.7732359 123.7338714 
1172.0000000 123.5768173 123.5374529 
1173.0000000 123.3803988 123.3410343 
1174.0000000 123.1839802 123.1446158 
1175.0000000 122.9875617 122.9481972 
1176.0000000 122.7911431 122.7517787 
1177.0000000 122.5947246 122.5553601 
1178.0000000 122.3983060 122.3589416 
1179.0000000 122.2018875 122.1625230 
1180.0000000 122.0054689 121.9661045 
1181.0000000 121.8090504 121.7696859 
1182.0000000 121.6126318 121.5732674 
1183.0000000 121.4162133 121.3768488 
1184.0000000 121.2197947 121.1804303 
1185.0000000 121.0233762 120.9840117 
1186.0000000 120.8269576 120.7875932 
1187.0000000 120.6305391 120.5911746 
1188.0000000 120.4341205 120.3947561 
1189.0000000 120.2377020 120.1983375 
1190.0000000 120.0412834 120.0019190 
1191.0000000 119.8448649 119.8055004 
1192.0000000 119.6484463 119.6090819 
1193.0000000 119.4520278 119.4126633 
1194.0000000 119.2556092 119.2162448 
1195.0000000 119.0591907 119.0198262 
1196.0000000 118.8627721 118.8234077 
1197.0000000 118.6663536 118.6269891 
1198.0000000 118.4699350 118.4305706 
1199.0000000 118.2735165 118.2341520 
1200.0000000 118.0770979 118.0377335 
1201.0000000 117.8806794 117.8413149 
1202.0000000 117.6842608 117.6448964 
1203.0000000 117.4878423 117.4484778 
1204.0000000 117.2914237 117.2520593 
1205.0000000 117.0950052 117.0556407 
1206.0000000 116.8985866 116.8592222 
1207.0000000 116.7021681 116.6628036 
1208.0000000 116.5057495 116.4663851 
1209.0000000 116.3093310 116.2699665 
1210.0000000 116.1129124 116.0735480 
1211.0000000 115.9164939 115.8771294 
1212.0000000 115.7200753 115.6807109 
1213.0000000 115.5236568 115.4842923 
1214.0000000 115.3272382 115.2878738 
1215.0000000 115.1308197 115.0914552 
1216.0000000 114.9344011 114.8950367 
1217.0000000 114.7379826 114.6986181 
1218.0000000 114.5415640 114.5021996 
1219.0000000 114.3451455 114.3057810 
1220.0000000 114.1487269 114.1093625 
1221.0000000 113.9523084 113.9129439 
1222.0000000 113.7558898 113.7165254 
1223.0000000 113.5594713 113.5201068 
1224.0000000 113.3630527 113.3236883 
1225.0000000 113.1666342 113.1272697 
1226.0000000 112.9702156 112.9308512 
1227.0000000 112.7737971 112.7344326 
1228.0000000 112.5773785 112.5380141 
1229.0000000 112.3809600 112.3415955 
1230.0000000 112.1845414 112.1451770 
1231.0000000 111.9881229 111.9487584 
1232.0000000 111.7917043 111.7523399 
1233.0000000 111.5952858 111.5559213 
1234.0000000 111.3988672 111.3595028 
1235.0000000 111.2024487 111.1630842 
1236.0000000 111.0060301 110.9666657 
1237.0000000 110.8096116 110.7702471 
1238.0000000 110.6131930 110.5738286 
1239.0000000 110.4167745 110.3774100 
1240.0000000 110.2203559 110.1809915 
1241.0000000 110.0239374 109.9845729 
1242.0000000 109.8275188 109.7881544 
1243.0000000 109.6311003 109.5917358 
1244.0000000 109.4346817 109.3953173 
1245.0000000 109.2382632 109.1988987 
1246.0000000 109.0418446 109.0024802 
1247.0000000 108.8454261 108.8060616 
1248.0000000 108.6490075 108.6096431 
1249.0000000 108.4525890 108.4132245 
1250.0000000 108.2561704 108.2168060 
1251.0000000 108.0597519 108.0203874 
1252.0000000 107.8633333 107.8239689 
1253.0000000 107.6669148 107.6275503 
1254.0000000 107.4704962 107.4311318 
1255.0000000 107.2740777 107.2347132 
1256.0000000 107.0776591 107.0382947 
1257.0000000 106.8812406 106.8418761 
1258.0000000 106.6848220 106.6454576 
1259.0000000 106.4884035 106.4490390 
1260.0000000 106.2919849 106.2526205 
1261.0000000 106.0955664 106.0562019 
1262.0000000 105.8991478 105.8597834 
1263.0000000 105.7027293 105.6633648 
1264.0000000 105.5063107 105.4669463 
1265.0000000 105.3098922 105.2705277 
1266.0000000 105.1134736 105.0741092 
1267.0000000 104.9170551 104.8776906 
1268.0000000 104.7206365 104.6812721 
1269.0000000 104.5242180 104.4848535 
1270.0000000 104.3277994 104.2884350 
1271.0000000 104.1313809 104.0920164 
1272.0000000 103.9349623 103.8955979 
1273.0000000 103.7385438 103.6991793 
1274.0000000 103.5421252 103.5027608 
1275.0000000 103.3457067 103.3063422 
1276.0000000 103.1492881 103.1099237 
1277.0000000 102.9528696 102.9135051 
1278.0000000 102.7564510 102.7170866 
1279.0000000 102.5600325 102.5206680 
1280.0000000 102.3636139 102.3242495 
1281.0000000 102.1671954 102.1278309 
1282.0000000 101.9707768 101.9314124 
1283.0000000 101.7743583 101.7349938 
1284.0000000 101.5779397 101.5385753 
1285.0000000 101.3815212 101.3421567 
1286.0000000 101.1851026 101.1457382 
1287.0000000 100.9886841 100.9493196 
1288.0000000 100.7922655 100.7529011 
1289.0000000 100.5958470 100.5564825 
1290.0000000 100.3994284 100.3600640 
1291.0000000 100.2030099 100.1636454 
1292.0000000 100.0065913 99.9672269 
1293.0000000 99.8101728 99.7708083 
1294.0000000 99.6137542 99.5743898 
1295.0000000 99.4173357 99.3779712 
1296.0000000 99.2209171 99.1815527 
1297.0000000 99.0244986 98.9851341 
1298.0000000 98.8280800 98.7887156 
1299.0000000 98.6316615 98.5922970 
1300.0000000 98.4352429 98.3958785 
1301.0000000 98.2388244 98.1994599 
1302.0000000 98.0424058 98.0030414 
1303.0000000 97.8459873 97.8066228 
1304.0000000 97.6495687 97.6102043 
1305.0000000 97.4531502 97.4137857 
1306.0000000 97.2567316 97.2173672 
1307.0000000 97.0603131 97.0209486 
1308.0000000 96.8638945 96.8245301 
1309.0000000 96.6674760 96.6281115 
1310.0000000 96.4710574 96.4316930 
1311.0000000 96.2746389 96.2352744 
1312.0000000 96.0782203 96.0388559 
1313.0000000 95.8818018 95.8424373 
1314.0000000 95.6853832 95.6460188 
1315.0000000 95.4889647 95.4496002 
1316.0000000 95.2925461 95.2531817 
1317.0000000 95.0961276 95.0567631 
1318.0000000 94.8997090 94.8603446 
1319.0000000 94.7032905 94.6639260 
1320.0000000 94.5068719 94.4675074 
1321.0000000 94.3104534 94.2710889 
1322.0000000 94.1140348 94.0746703 
1323.0000000 93.9176163 93.8782518 
1324.0000000 93.7211977 93.6818332 
1325.0000000 93.5247791 93.4854147 
1326.0000000 93.3283606 93.2889961 
1327.0000000 93.1319420 93.0925776 
1328.0000000 92.9355235 92.8961590 
1329.0000000 92.7391049 92.6997405 
1330.0000000 92.5426864 92.5033219 
1331.0000000 92.3462678 92.3069034 
1332.0000000 92.1498493 92.1104848 
1333.0000000 91.9534307 91.9140663 
1334.0000000 91.7570122 91.7176477 
1335.0000000 91.5605936 91.5212292 
1336.0000000 91.3641751 91.3248106 
1337.0000000 91.1677565 91.1283921 
1338.0000000 90.9713380 90.9319735 
1339.0000000 90.7749194 90.7355550 
1340.0000000 90.5785009 90.5391364 
1341.0000000 90.3820823 90.3427179 
1342.0000000 90.1856638 90.1462993 
1343.0000000 89.9892452 89.9498808 
1344.0000000 89.7928267 89.7534622 
1345.0000000 89.5964081 89.5570437 
1346.0000000 89.3999896 89.3606251 
1347.0000000 89.2035710 89.1642066 
1348.0000000 89.0071525 88.9677880 
1349.0000000 88.8107339 88.7713695 
1350.0000000 88.6143154 88.5749509 
1351.0000000 88.4178968 88.3785324 
1352.0000000 88.2214783 88.1821138 
1353.0000000 88.0250597 87.9856953 
1354.0000000 87.8286412 87.7892767 
1355.0000000 87.6322226 87.5928582 
1356.0000000 87.4358041 87.3964396 
1357.0000000 87.2393855 87.2000211 
1358.0000000 87.0429670 87.0036025 
1359.0000000 86.8465484 86.8071840 
1360.0000000 86.6501299 86.6107654 
1361.0000000 86.4537113 86.4143469 
1362.0000000 86.2572928 86.2179283 
1363.0000000 86.0608742 86.0215098 
1364.0000000 85.8644557 85.8250912 
1365.0000000 85.6680371 85.6286727 
1366.0000000 85.4716186 85.4322541 
1367.0000000 85.2752000 85.2358356 
1368.0000000 85.0787815 85.0394170 
1369.0000000 84.8823629 84.8429985 
1370.0000000 84.6859444 84.6465799 
1371.0000000 84.4895258 84.4501614 
1372.0000000 84.2931073 84.2537428 
1373.0000000 84.0966887 84.0573243 
1374.0000000 83.9002702 83.8609057 
1375.0000000 83.7038516 83.6644872 
1376.0000000 83.5074331 83.4680686 
1377.0000000 83.3110145 83.2716501 
1378.0000000 83.1145960 83.0752315 
1379.0000000 82.9181774 82.8788130 
1380.0000000 82.7217589 82.6823944 
1381.0000000 82.5253403 82.4859759 
1382.0000000 82.3289218 82.2895573 
1383.0000000 82.1325032 82.0931388 
1384.0000000 81.9360847 81.8967202 
1385.0000000 81.7396661 81.7003017 
1386.0000000 81.5432476 81.5038831 
1387.0000000 81.3468290 81.3074646 
1388.0000000 81.1504105 81.1110460 
1389.0000000 80.9539919 80.9146275 
1390.0000000 80.7575734 80.7182089 
1391.0000000 80.5611548 80.5217904 
1392.0000000 80.3647363 80.3253718 
1393.0000000 80.1683177 80.1289533 
1394.0000000 79.9718992 79.9325347 
1395.0000000 79.7754806 79.7361162 
1396.0000000 79.5790621 79.5396976 
1397.0000000 79.3826435 79.3432791 
1398.0000000 79.1862250 79.1468605 
1399.0000000 78.9898064 78.9504420 
1400.0000000 78.7933879 78.7540234 
1401.0000000 78.5969693 78.5576049 
1402.0000000 78.4005508 78.3611863 
1403.0000000 78.2041322 78.1647678 
1404.0000000 78.0077137 77.9683492 
1405.0000000 77.8112951 77.7719307 
1406.0000000 77.6148766 77.5755121 
1407.0000000 77.4184580 77.3790936 
1408.0000000 77.2220395 77.1826750 
1409.0000000 77.0256209 76.9862565 
1410.0000000 76.8292024 76.7898379 
1411.0000000 76.6327838 76.5934194 
1412.0000000 76.4363653 76.3970008 
1413.0000000 76.2399467 76.2005823 
1414.0000000 76.0435282 76.0041637 
1415.0000000 75.8471096 75.8077452 
1416.0000000 75.6506911 75.6113266 
1417.0000000 75.4542725 75.4149081 
1418.0000000 75.2578540 75.2184895 
1419.0000000 75.0614354 75.0220710 
1420.0000000 74.8650169 74.8256524 
1421.0000000 74.6685983 74.6292339 
1422.0000000 74.4721798 74.4328153 
1423.0000000 74.2757612 74.2363968 
1424.0000000 74.0793427 74.0399782 
1425.0000000 73.8829241 73.8435597 
1426.0000000 73.6865056 73.6471411 
1427.0000000 73.4900870 73.4507226 
1428.0000000 73.2936685 73.2543040 
1429.0000000 73.0972499 73.0578855 
1430.0000000 72.9008314 72.8614669 
1431.0000000 72.7044128 72.6650484 
1432.0000000 72.5079943 72.4686298 
1433.0000000 72.3115757 72.2722113 
1434.0000000 72.1151572 72.0757927 
1435.0000000 71.9187386 71.8793742 
1436.0000000 71.7223201 71.6829556 
1437.0000000 71.5259015 71.4865371 
1438.0000000 71.3294830 71.2901185 
1439.0000000 71.1330644 71.0937000 
1440.0000000 70.9366459 70.8972814 
1441.0000000 70.7402273 70.7008629 
1442.0000000 70.5438088 70.5044443 
1443.0000000 70.3473902 70.3080258 
1444.0000000 70.1509717 70.1116072 
1445.0000000 69.9545531 69.9151887 
1446.0000000 69.7581346 69.7187701 
1447.0000000 69.5617160 69.5223516 
1448.0000000 69.3652975 69.3259330 
1449.0000000 69.1688789 69.1295145 
1450.0000000 68.9724604 68.9330959 
1451.0000000 68.7760418 68.7366774 
1452.0000000 68.5796233 68.5402588 
1453.0000000 68.3832047 68.3438403 
1454.0000000 68.1867862 68.1474217 
1455.0000000 67.9903676 67.9510032 
1456.0000000 67.7939491 67.7545846 
1457.0000000 67.5975305 67.5581661 
1458.0000000 67.4011120 67.3617475 
1459.0000000 67.2046934 67.1653290 
1460.0000000 67.0082749 66.9689104 
1461.0000000 66.8118563 66.7724919 
1462.0000000 66.6154378 66.5760733 
1463.0000000 66.4190192 66.3796548 
1464.0000000 66.2226007 66.1832362 
1465.0000000 66.0261821 65.9868177 
1466.0000000 65.8297636 65.7903991 
1467.0000000 65.6333450 65.5939806 
1468.0000000 65.4369265 65.3975620 
1469.0000000 65.2405079 65.2011435 
1470.0000000 65.0440894 65.0047249 
1471.0000000 64.8476708 64.8083064 
1472.0000000 64.6512523 64.6118878 
1473.0000000 64.4548337 64.4154692 
1474.0000000 64.2584152 64.2190507 
1475.0000000 64.0619966 64.0226321 
1476.0000000 63.8655780 63.8262136 
1477.0000000 63.6691595 63.6297950 
1478.0000000 63.4727409 63.4333765 
1479.0000000 63.2763224 63.2369579 
1480.0000000 63.0799038 63.0405394 
1481.0000000 62.8834853 62.8441208 
1482.0000000 62.6870667 62.6477023 
1483.0000000 62.4906482 62.4512837 
1484.0000000 62.2942296 62.2548652 
1485.0000000 62.0978111 62.0584466 
1486.0000000 61.9013925 61.8620281 
1487.0000000 61.7049740 61.6656095 
1488.0000000 61.5085554 61.4691910 
1489.0000000 61.3121369 61.2727724 
1490.0000000 61.1157183 61.0763539 
1491.0000000 60.9192998 60.8799353 
1492.0000000 60.7228812 60.6835168 
1493.0000000 60.5264627 60.4870982 
1494.0000000 60.3300441 60.2906797 
1495.0000000 60.1336256 60.0942611 
1496.0000000 59.9372070 59.8978426 
1497.0000000 59.7407885 59.7014240 
1498.0000000 59.5443699 59.5050055 
1499.0000000 59.3479514 59.3085869 
1500.0000000 59.1515328 59.1121684 
1501.0000000 58.9551143 58.9157498 
1502.0000000 58.7586957 58.7193313 
1503.0000000 58.5622772 58.5229127 
1504.0000000 58.3658586 58.3264942 
1505.0000000 58.1694401 58.1300756 
1506.0000000 57.9730215 57.9336571 
1507.0000000 57.7766030 57.7372385 
1508.0000000 57.5801844 57.5408200 
1509.0000000 57.3837659 57.3444014 
1510.0000000 57.1873473 57.1479829 
1511.0000000 56.9909288 56.9515643 
1512.0000000 56.7945102 56.7551458 
1513.0000000 56.5980917 56.5587272 
1514.0000000 56.4016731 56.3623087 
1515.0000000 56.2052546 56.1658901 
1516.0000000 56.0088360 55.9694716 
1517.0000000 55.8124175 55.7730530 
1518.0000000 55.6159989 55.5766345 
1519.0000000 55.4195804 55.3802159 
1520.0000000 55.2231618 55.1837974 
1521.0000000 55.0267433 54.9873788 
1522.0000000 54.8303247 54.7909603 
1523.0000000 54.6339062 54.5945417 
1524.0000000 54.4374876 54.3981232 
1525.0000000 54.2410691 54.2017046 
1526.0000000 54.0446505 54.0052861 
1527.0000000 53.8482320 53.8088675 
1528.0000000 53.6518134 53.6124490 
1529.0000000 53.4553949 53.4160304 
1530.0000000 53.2589763 53.2196119 
1531.0000000 53.0625578 53.0231933 
1532.0000000 52.8661392 52.8267748 
1533.0000000 52.6697207 52.6303562 
1534.0000000 52.4733021 52.4339377 
1535.0000000 52.2768836 52.2375191 
1536.0000000 52.0804650 52.0411006 
1537.0000000 51.8840465 51.8446820 
1538.0000000 51.6876279 51.6482635 
1539.0000000 51.4912094 51.4518449 
1540.0000000 51.2947908 51.2554264 
1541.0000000 51.0983723 51.0590078 
1542.0000000 50.9019537 50.8625893 
1543.0000000 50.7055352 50.6661707 
1544.0000000 50.5091166 50.4697522 
1545.0000000 50.3126981 50.2733336 
1546.0000000 50.1162795 50.0769151 
1547.0000000 49.9198610 49.8804965 
1548.0000000 49.7234424 49.6840780 
1549.0000000 49.5270239 49.4876594 
1550.0000000 49.3306053 49.2912409 
1551.0000000 49.1341868 49.0948223 
1552.0000000 48.9377682 48.8984038 
1553.0000000 48.7413497 48.7019852 
1554.0000000 48.5449311 48.5055667 
1555.0000000 48.3485126 48.3091481 
1556.0000000 48.1520940 48.1127296 
1557.0000000 47.9556755 47.9163110 
1558.0000000 47.7592569 47.7198925 
1559.0000000 47.5628384 47.5234739 
1560.0000000 47.3664198 47.3270554 
1561.0000000 47.1700013 47.1306368 
1562.0000000 46.9735827 46.9342183 
1563.0000000 46.7771642 46.7377997 
1564.0000000 46.5807456 46.5413812 
1565.0000000 46.3843271 46.3449626 
1566.0000000 46.1879085 46.1485441 
1567.0000000 45.9914900 45.9521255 
1568.0000000 45.7950714 45.7557070 
1569.0000000 45.5986529 45.5592884 
1570.0000000 45.4022343 45.3628699 
1571.0000000 45.2058158 45.1664513 
1572.0000000 45.0093972 44.9700328 
1573.0000000 44.8129787 44.7736142 
1574.0000000 44.6165601 44.5771957 
1575.0000000 44.4201416 44.3807771 
1576.0000000 44.2237230 44.1843586 
1577.0000000 44.0273045 43.9879400 
1578.0000000 43.8308859 43.7915215 
1579.0000000 43.6344674 43.5951029 
1580.0000000 43.4380488 43.3986844 
1581.0000000 43.2416303 43.2022658 
1582.0000000 43.0452117 43.0058473 
1583.0000000 42.8487932 42.8094287 
1584.0000000 42.6523746 42.6130102 
1585.0000000 42.4559561 42.4165916 
1586.0000000 42.2595375 42.2201731 
1587.0000000 42.0631190 42.0237545 
1588.0000000 41.8667004 41.8273360 
1589.0000000 41.6702819 41.6309174 
1590.0000000 41.4738633 41.4344989 
1591.0000000 41.2774448 41.2380803 
1592.0000000 41.0810262 41.0416618 
1593.0000000 40.8846077 40.8452432 
1594.0000000 40.6881891 40.6488247 
1595.0000000 40.4917706 40.4524061 
1596.0000000 40.2953520 40.2559876 
1597.0000000 40.0989335 40.0595690 
1598.0000000 39.9025149 39.8631505 
1599.0000000 39.7060964 39.6667319 
1600.0000000 39.5096778 39.4703134 
1601.0000000 39.3132593 39.2738948 
1602.0000000 39.1168407 39.0774763 
1603.0000000 38.9204222 38.8810577 
1604.0000000 38.7240036 38.6846392 
1605.0000000 38.5275851 38.4882206 
1606.0000000 38.3311665 38.2918021 
1607.0000000 38.1347480 38.0953835 
1608.0000000 37.9383294 37.8989650 
1609.0000000 37.7419109 37.7025464 
1610.0000000 37.5454923 37.5061279 
1611.0000000 37.3490738 37.3097093 
1612.0000000 37.1526552 37.1132908 
1613.0000000 36.9562367 36.9168722 
1614.0000000 36.7598181 36.7204537 
1615.0000000 36.5633996 36.5240351 
1616.0000000 36.3669810 36.3276166 
1617.0000000 36.1705625 36.1311980 
1618.0000000 35.9741439 35.9347795 
1619.0000000 35.7777254 35.7383609 
1620.0000000 35.5813068 35.5419424 
1621.0000000 35.3848883 35.3455238 
1622.0000000 35.1884697 35.1491053 
1623.0000000 34.9920512 34.9526867 
1624.0000000 34.7956326 34.7562681 
1625.0000000 34.5992141 34.5598496 
1626.0000000 34.4027955 34.3634310 
1627.0000000 34.2063769 34.1670125 
1628.0000000 34.0099584 33.9705939 
1629.0000000 33.8135398 33.7741754 
1630.0000000 33.6171213 33.5777568 
1631.0000000 33.4207027 33.3813383 
1632.0000000 33.2242842 33.1849197 
1633.0000000 33.0278656 32.9885012 
1634.0000000 32.8314471 32.7920826 
1635.0000000 32.6350285 32.5956641 
1636.0000000 32.4386100 32.3992455 
1637.0000000 32.2421914 32.2028270 
1638.0000000 32.0457729 32.0064084 
1639.0000000 31.8493543 31.8099899 
1640.0000000 31.6529358 31.6135713 
1641.0000000 31.4565172 31.4171528 
1642.0000000 31.2600987 31.2207342 
1643.0000000 31.0636801 31.0243157 
1644.0000000 30.8672616 30.8278971 
1645.0000000 30.6708430 30.6314786 
1646.0000000 30.4744245 30.4350600 
1647.0000000 30.2780059 30.2386415 
1648.0000000 30.0815874 30.0422229 
1649.0000000 29.8851688 29.8458044 
1650.0000000 29.6887503 29.6493858 
1651.0000000 29.4923317 29.4529673 
1652.0000000 29.2959132 29.2565487 
1653.0000000 29.0994946 29.0601302 
1654.0000000 28.9030761 28.8637116 
1655.0000000 28.7066575 28.6672931 
1656.0000000 28.5102390 28.4708745 
1657.0000000 28.3138204 28.2744560 
1658.0000000 28.1174019 28.0780374 
1659.0000000 27.9209833 27.8816189 
1660.0000000 27.7245648 27.6852003 
1661.0000000 27.5281462 27.4887818 
1662.0000000 27.3317277 27.2923632 
1663.0000000 27.1353091 27.0959447 
1664.0000000 26.9388906 26.8995261 
1665.0000000 26.7424720 26.7031076 
1666.0000000 26.5460535 26.5066890 
1667.0000000 26.3496349 26.3102705 
1668.0000000 26.1532164 26.1138519 
1669.0000000 25.9567978 25.9174334 
1670.0000000 25.7603793 25.7210148 
1671.0000000 25.5639607 25.5245963 
1672.0000000 25.3675422 25.3281777 
1673.0000000 25.1711236 25.1317592 
1674.0000000 24.9747051 24.9353406 
1675.0000000 24.7782865 24.7389221 
1676.0000000 24.5818680 24.5425035 
1677.0000000 24.3854494 24.3460850 
1678.0000000 24.1890309 24.1496664 
1679.0000000 23.9926123 23.9532479 
1680.0000000 23.7961938 23.7568293 
1681.0000000 23.5997752 23.5604108 
1682.0000000 23.4033567 23.3639922 
1683.0000000 23.2069381 23.1675737 
1684.0000000 23.0105196 22.9711551 
1685.0000000 22.8141010 22.7747366 
1686.0000000 22.6176825 22.5783180 
1687.0000000 22.4212639 22.3818995 
1688.0000000 22.2248454 22.1854809 
1689.0000000 22.0284268 21.9890624 
1690.0000000 21.8320083 21.7926438 
1691.0000000 21.6355897 21.5962253 
1692.0000000 21.4391712 21.3998067 
1693.0000000 21.2427526 21.2033882 
1694.0000000 21.0463341 21.0069696 
1695.0000000 20.8499155 20.8105511 
1696.0000000 20.6534970 20.6141325 
1697.0000000 20.4570784 20.4177140 
1698.0000000 20.2606599 20.2212954 
1699.0000000 20.0642413 20.0248769 
1700.0000000 19.8678228 19.8284583 
1701.0000000 19.6714042 19.6320398 
1702.0000000 19.4749857 19.4356212 
1703.0000000 19.2785671 19.2392027 
1704.0000000 19.0821486 19.0427841 
1705.0000000 18.8857300 18.8463656 
1706.0000000 18.6893115 18.6499470 
1707.0000000 18.4928929 18.4535285 
1708.0000000 18.2964744 18.2571099 
1709.0000000 18.1000558 18.0606914 
1710.0000000 17.9036373 17.8642728 
1711.0000000 17.7072187 17.6678543 
1712.0000000 17.5108002 17.4714357 
1713.0000000 17.3143816 17.2750172 
1714.0000000 17.1179631 17.0785986 
1715.0000000 16.9215445 16.8821801 
1716.0000000 16.7251260 16.6857615 
1717.0000000 16.5287074 16.4893430 
1718.0000000 16.3322889 16.2929244 
1719.0000000 16.1358703 16.0965059 
1720.0000000 15.9394518 15.9000873 
1721.0000000 15.7430332 15.7036688 
1722.0000000 15.5466147 15.5072502 
1723.0000000 15.3501961 15.3108317 
1724.0000000 15.1537776 15.1144131 
1725.0000000 14.9573590 14.9179946 
1726.0000000 14.7609405 14.7215760 
1727.0000000 14.5645219 14.5251575 
1728.0000000 14.3681034 14.3287389 
1729.0000000 14.1716848 14.1323204 
1730.0000000 13.9752663 13.9359018 
1731.0000000 13.7788477 13.7394833 
1732.0000000 13.5824292 13.5430647 
1733.0000000 13.3860106 13.3466462 
1734.0000000 13.1895921 13.1502276 
1735.0000000 12.9931735 12.9538091 
1736.0000000 12.7967550 12.7573905 
1737.0000000 12.6003364 12.5609720 
1738.0000000 12.4039179 12.3645534 
1739.0000000 12.2074993 12.1681349 
1740.0000000 12.0110808 11.9717163 
1741.0000000 11.8146622 11.7752978 
1742.0000000 11.6182437 11.5788792 
1743.0000000 11.4218251 11.3824607 
1744.0000000 11.2254066 11.1860421 
1745.0000000 11.0289880 10.9896236 
1746.0000000 10.8325695 10.7932050 
1747.0000000 10.6361509 10.5967865 
1748.0000000 10.4397324 10.4003679 
1749.0000000 10.2433138 10.2039494 
1750.0000000 10.0468953 10.0075308 
1751.0000000 9.8504767 9.8111123 
1752.0000000 9.6540582 9.6146937 
1753.0000000 9.4576396 9.4182752 
1754.0000000 9.2612211 9.2218566 
1755.0000000 9.0648025 9.0254381 
1756.0000000 8.8683840 8.8290195 
1757.0000000 8.6719654 8.6326010 
1758.0000000 8.4755469 8.4361824 
1759.0000000 8.2791283 8.2397639 
1760.0000000 8.0827098 8.0433453 
1761.0000000 7.8862912 7.8469268 
1762.0000000 7.6898727 7.6505082 
1763.0000000 7.4934541 7.4540897 
1764.0000000 7.2970356 7.2576711 
1765.0000000 7.1006170 7.0612526 
1766.0000000 6.9041985 6.8648340 
1767.0000000 6.7077799 6.6684155 
1768.0000000 6.5113614 6.4719969 
1769.0000000 6.3149428 6.2755784 
1770.0000000 6.1185243 6.0791598 
1771.0000000 5.9221057 5.8827413 
1772.0000000 5.7256872 5.6863227 
1773.0000000 5.5292686 5.4899042 
1774.0000000 5.3328501 5.2934856 
1775.0000000 5.1364315 5.0970670 
1776.0000000 4.9400130 4.9006485 
1777.0000000 4.7435944 4.7042299 
1778.0000000 4.5471759 4.5078114 
1779.0000000 4.3507573 4.3113928 
1780.0000000 4.1543387 4.1149743 
1781.0000000 3.9579202 3.9185557 
1782.0000000 3.7615016 3.7221372 
1783.0000000 3.5650831 3.5257186 
1784.0000000 3.3686645 3.3293001 
1785.0000000 3.1722460 3.1328815 
1786.0000000 2.9758274 2.9364630 
1787.0000000 2.7794089 2.7400444 
1788.0000000 2.5829903 2.5436259 
1789.0000000 2.3865718 2.3472073 
1790.0000000 2.1901532 2.1507888 
1791.0000000 1.9937347 1.9543702 
1792.0000000 1.7973161 1.7579517 
1793.0000000 1.6008976 1.5615331 
1794.0000000 1.4044790 1.3651146 
1795.0000000 1.2080605 1.1686960 
1796.0000000 1.0116419 0.9722775 
1797.0000000 0.8152234 0.7758589 
1798.0000000 0.6188048 0.5794404 
1799.0000000 0.4223863 0.3830218 
1800.0000000 0.2259677 0.1866033 

