1.0000000 353.5050035 353.5351346 
2.0000000 353.3085850 353.3387160 
3.0000000 353.1121664 353.1422975 
4.0000000 352.9157479 352.9458789 
5.0000000 352.7193293 352.7494604 
6.0000000 352.5229108 352.5530418 
7.0000000 352.3264922 352.3566233 
8.0000000 352.1300737 352.1602047 
9.0000000 351.9336551 351.9637862 
10.0000000 351.7372366 351.7673676 
11.0000000 351.5408180 351.5709491 
12.0000000 351.3443995 351.3745305 
13.0000000 351.1479809 351.1781120 
14.0000000 350.9515624 350.9816934 
15.0000000 350.7551438 350.7852749 
16.0000000 350.5587253 350.5888563 
17.0000000 350.3623067 350.3924378 
18.0000000 350.1658882 350.1960192 
19.0000000 349.9694696 349.9996007 
20.0000000 349.7730511 349.8031821 
21.0000000 349.5766325 349.6067636 
22.0000000 349.3802140 349.4103450 
23.0000000 349.1837954 349.2139265 
24.0000000 348.9873769 349.0175079 
25.0000000 348.7909583 348.8210894 
26.0000000 348.5945398 348.6246708 
27.0000000 348.3981212 348.4282523 
28.0000000 348.2017027 348.2318337 
29.0000000 348.0052841 348.0354152 
30.0000000 347.8088656 347.8389966 
31.0000000 347.6124470 347.6425781 
32.0000000 347.4160285 347.4461595 
33.0000000 347.2196099 347.2497410 
34.0000000 347.0231914 347.0533224 
35.0000000 346.8267728 346.8569039 
36.0000000 346.6303543 346.6604853 
37.0000000 346.4339357 346.4640668 
38.0000000 346.2375172 346.2676482 
39.0000000 346.0410986 346.0712296 
40.0000000 345.8446801 345.8748111 
41.0000000 345.6482615 345.6783925 
42.0000000 345.4518430 345.4819740 
43.0000000 345.2554244 345.2855554 
44.0000000 345.0590059 345.0891369 
45.0000000 344.8625873 344.8927183 
46.0000000 344.6661688 344.6962998 
47.0000000 344.4697502 344.4998812 
48.0000000 344.2733317 344.3034627 
49.0000000 344.0769131 344.1070441 
50.0000000 343.8804946 343.9106256 
51.0000000 343.6840760 343.7142070 
52.0000000 343.4876575 343.5177885 
53.0000000 343.2912389 343.3213699 
54.0000000 343.0948204 343.1249514 
55.0000000 342.8984018 342.9285328 
56.0000000 342.7019833 342.7321143 
57.0000000 342.5055647 342.5356957 
58.0000000 342.3091462 342.3392772 
59.0000000 342.1127276 342.1428586 
60.0000000 341.9163091 341.9464401 
61.0000000 341.7198905 341.7500215 
62.0000000 341.5234720 341.5536030 
63.0000000 341.3270534 341.3571844 
64.0000000 341.1306349 341.1607659 
65.0000000 340.9342163 340.9643473 
66.0000000 340.7377978 340.7679288 
67.0000000 340.5413792 340.5715102 
68.0000000 340.3449607 340.3750917 
69.0000000 340.1485421 340.1786731 
70.0000000 339.9521236 339.9822546 
71.0000000 339.7557050 339.7858360 
72.0000000 339.5592865 339.5894175 
73.0000000 339.3628679 339.3929989 
74.0000000 339.1664494 339.1965804 
75.0000000 338.9700308 339.0001618 
76.0000000 338.7736123 338.8037433 
77.0000000 338.5771937 338.6073247 
78.0000000 338.3807752 338.4109062 
79.0000000 338.1843566 338.2144876 
80.0000000 337.9879381 338.0180691 
81.0000000 337.7915195 337.8216505 
82.0000000 337.5951010 337.6252320 
83.0000000 337.3986824 337.4288134 
84.0000000 337.2022639 337.2323949 
85.0000000 337.0058453 337.0359763 
86.0000000 336.8094268 336.8395578 
87.0000000 336.6130082 336.6431392 
88.0000000 336.4165897 336.4467207 
89.0000000 336.2201711 336.2503021 
90.0000000 336.0237526 336.0538836 
91.0000000 335.8273340 335.8574650 
92.0000000 335.6309155 335.6610465 
93.0000000 335.4344969 335.4646279 
94.0000000 335.2380784 335.2682094 
95.0000000 335.0416598 335.0717908 
96.0000000 334.8452413 334.8753723 
97.0000000 334.6488227 334.6789537 
98.0000000 334.4524042 334.4825352 
99.0000000 334.2559856 334.2861166 
100.0000000 334.0595670 334.0896981 
101.0000000 333.8631485 333.8932795 
102.0000000 333.6667299 333.6968610 
103.0000000 333.4703114 333.5004424 
104.0000000 333.2738928 333.3040239 
105.0000000 333.0774743 333.1076053 
106.0000000 332.8810557 332.9111868 
107.0000000 332.6846372 332.7147682 
108.0000000 332.4882186 332.5183497 
109.0000000 332.2918001 332.3219311 
110.0000000 332.0953815 332.1255126 
111.0000000 331.8989630 331.9290940 
112.0000000 331.7025444 331.7326755 
113.0000000 331.5061259 331.5362569 
114.0000000 331.3097073 331.3398384 
115.0000000 331.1132888 331.1434198 
116.0000000 330.9168702 330.9470013 
117.0000000 330.7204517 330.7505827 
118.0000000 330.5240331 330.5541642 
119.0000000 330.3276146 330.3577456 
120.0000000 330.1311960 330.1613271 
121.0000000 329.9347775 329.9649085 
122.0000000 329.7383589 329.7684900 
123.0000000 329.5419404 329.5720714 
124.0000000 329.3455218 329.3756529 
125.0000000 329.1491033 329.1792343 
126.0000000 328.9526847 328.9828158 
127.0000000 328.7562662 328.7863972 
128.0000000 328.5598476 328.5899787 
129.0000000 328.3634291 328.3935601 
130.0000000 328.1670105 328.1971416 
131.0000000 327.9705920 328.0007230 
132.0000000 327.7741734 327.8043045 
133.0000000 327.5777549 327.6078859 
134.0000000 327.3813363 327.4114674 
135.0000000 327.1849178 327.2150488 
136.0000000 326.9884992 327.0186303 
137.0000000 326.7920807 326.8222117 
138.0000000 326.5956621 326.6257932 
139.0000000 326.3992436 326.4293746 
140.0000000 326.2028250 326.2329561 
141.0000000 326.0064065 326.0365375 
142.0000000 325.8099879 325.8401190 
143.0000000 325.6135694 325.6437004 
144.0000000 325.4171508 325.4472819 
145.0000000 325.2207323 325.2508633 
146.0000000 325.0243137 325.0544448 
147.0000000 324.8278952 324.8580262 
148.0000000 324.6314766 324.6616077 
149.0000000 324.4350581 324.4651891 
150.0000000 324.2386395 324.2687706 
151.0000000 324.0422210 324.0723520 
152.0000000 323.8458024 323.8759335 
153.0000000 323.6493839 323.6795149 
154.0000000 323.4529653 323.4830964 
155.0000000 323.2565468 323.2866778 
156.0000000 323.0601282 323.0902593 
157.0000000 322.8637097 322.8938407 
158.0000000 322.6672911 322.6974222 
159.0000000 322.4708726 322.5010036 
160.0000000 322.2744540 322.3045851 
161.0000000 322.0780355 322.1081665 
162.0000000 321.8816169 321.9117480 
163.0000000 321.6851984 321.7153294 
164.0000000 321.4887798 321.5189109 
165.0000000 321.2923613 321.3224923 
166.0000000 321.0959427 321.1260738 
167.0000000 320.8995242 320.9296552 
168.0000000 320.7031056 320.7332367 
169.0000000 320.5066871 320.5368181 
170.0000000 320.3102685 320.3403996 
171.0000000 320.1138500 320.1439810 
172.0000000 319.9174314 319.9475625 
173.0000000 319.7210129 319.7511439 
174.0000000 319.5245943 319.5547254 
175.0000000 319.3281758 319.3583068 
176.0000000 319.1317572 319.1618883 
177.0000000 318.9353387 318.9654697 
178.0000000 318.7389201 318.7690512 
179.0000000 318.5425016 318.5726326 
180.0000000 318.3460830 318.3762141 
181.0000000 318.1496645 318.1797955 
182.0000000 317.9532459 317.9833770 
183.0000000 317.7568274 317.7869584 
184.0000000 317.5604088 317.5905399 
185.0000000 317.3639903 317.3941213 
186.0000000 317.1675717 317.1977028 
187.0000000 316.9711532 317.0012842 
188.0000000 316.7747346 316.8048657 
189.0000000 316.5783161 316.6084471 
190.0000000 316.3818975 316.4120286 
191.0000000 316.1854790 316.2156100 
192.0000000 315.9890604 316.0191914 
193.0000000 315.7926419 315.8227729 
194.0000000 315.5962233 315.6263543 
195.0000000 315.3998048 315.4299358 
196.0000000 315.2033862 315.2335172 
197.0000000 315.0069677 315.0370987 
198.0000000 314.8105491 314.8406801 
199.0000000 314.6141306 314.6442616 
200.0000000 314.4177120 314.4478430 
201.0000000 314.2212935 314.2514245 
202.0000000 314.0248749 314.0550059 
203.0000000 313.8284564 313.8585874 
204.0000000 313.6320378 313.6621688 
205.0000000 313.4356193 313.4657503 
206.0000000 313.2392007 313.2693317 
207.0000000 313.0427822 313.0729132 
208.0000000 312.8463636 312.8764946 
209.0000000 312.6499451 312.6800761 
210.0000000 312.4535265 312.4836575 
211.0000000 312.2571080 312.2872390 
212.0000000 312.0606894 312.0908204 
213.0000000 311.8642709 311.8944019 
214.0000000 311.6678523 311.6979833 
215.0000000 311.4714338 311.5015648 
216.0000000 311.2750152 311.3051462 
217.0000000 311.0785967 311.1087277 
218.0000000 310.8821781 310.9123091 
219.0000000 310.6857596 310.7158906 
220.0000000 310.4893410 310.5194720 
221.0000000 310.2929225 310.3230535 
222.0000000 310.0965039 310.1266349 
223.0000000 309.9000854 309.9302164 
224.0000000 309.7036668 309.7337978 
225.0000000 309.5072483 309.5373793 
226.0000000 309.3108297 309.3409607 
227.0000000 309.1144112 309.1445422 
228.0000000 308.9179926 308.9481236 
229.0000000 308.7215741 308.7517051 
230.0000000 308.5251555 308.5552865 
231.0000000 308.3287370 308.3588680 
232.0000000 308.1323184 308.1624494 
233.0000000 307.9358999 307.9660309 
234.0000000 307.7394813 307.7696123 
235.0000000 307.5430628 307.5731938 
236.0000000 307.3466442 307.3767752 
237.0000000 307.1502257 307.1803567 
238.0000000 306.9538071 306.9839381 
239.0000000 306.7573886 306.7875196 
240.0000000 306.5609700 306.5911010 
241.0000000 306.3645515 306.3946825 
242.0000000 306.1681329 306.1982639 
243.0000000 305.9717144 306.0018454 
244.0000000 305.7752958 305.8054268 
245.0000000 305.5788773 305.6090083 
246.0000000 305.3824587 305.4125897 
247.0000000 305.1860402 305.2161712 
248.0000000 304.9896216 305.0197526 
249.0000000 304.7932031 304.8233341 
250.0000000 304.5967845 304.6269155 
251.0000000 304.4003660 304.4304970 
252.0000000 304.2039474 304.2340784 
253.0000000 304.0075288 304.0376599 
254.0000000 303.8111103 303.8412413 
255.0000000 303.6146917 303.6448228 
256.0000000 303.4182732 303.4484042 
257.0000000 303.2218546 303.2519857 
258.0000000 303.0254361 303.0555671 
259.0000000 302.8290175 302.8591486 
260.0000000 302.6325990 302.6627300 
261.0000000 302.4361804 302.4663115 
262.0000000 302.2397619 302.2698929 
263.0000000 302.0433433 302.0734744 
264.0000000 301.8469248 301.8770558 
265.0000000 301.6505062 301.6806373 
266.0000000 301.4540877 301.4842187 
267.0000000 301.2576691 301.2878002 
268.0000000 301.0612506 301.0913816 
269.0000000 300.8648320 300.8949631 
270.0000000 300.6684135 300.6985445 
271.0000000 300.4719949 300.5021260 
272.0000000 300.2755764 300.3057074 
273.0000000 300.0791578 300.1092889 
274.0000000 299.8827393 299.9128703 
275.0000000 299.6863207 299.7164518 
276.0000000 299.4899022 299.5200332 
277.0000000 299.2934836 299.3236147 
278.0000000 299.0970651 299.1271961 
279.0000000 298.9006465 298.9307776 
280.0000000 298.7042280 298.7343590 
281.0000000 298.5078094 298.5379405 
282.0000000 298.3113909 298.3415219 
283.0000000 298.1149723 298.1451034 
284.0000000 297.9185538 297.9486848 
285.0000000 297.7221352 297.7522663 
286.0000000 297.5257167 297.5558477 
287.0000000 297.3292981 297.3594292 
288.0000000 297.1328796 297.1630106 
289.0000000 296.9364610 296.9665921 
290.0000000 296.7400425 296.7701735 
291.0000000 296.5436239 296.5737550 
292.0000000 296.3472054 296.3773364 
293.0000000 296.1507868 296.1809179 
294.0000000 295.9543683 295.9844993 
295.0000000 295.7579497 295.7880808 
296.0000000 295.5615312 295.5916622 
297.0000000 295.3651126 295.3952437 
298.0000000 295.1686941 295.1988251 
299.0000000 294.9722755 295.0024066 
300.0000000 294.7758570 294.8059880 
301.0000000 294.5794384 294.6095695 
302.0000000 294.3830199 294.4131509 
303.0000000 294.1866013 294.2167324 
304.0000000 293.9901828 294.0203138 
305.0000000 293.7937642 293.8238953 
306.0000000 293.5973457 293.6274767 
307.0000000 293.4009271 293.4310582 
308.0000000 293.2045086 293.2346396 
309.0000000 293.0080900 293.0382211 
310.0000000 292.8116715 292.8418025 
311.0000000 292.6152529 292.6453840 
312.0000000 292.4188344 292.4489654 
313.0000000 292.2224158 292.2525469 
314.0000000 292.0259973 292.0561283 
315.0000000 291.8295787 291.8597098 
316.0000000 291.6331602 291.6632912 
317.0000000 291.4367416 291.4668727 
318.0000000 291.2403231 291.2704541 
319.0000000 291.0439045 291.0740356 
320.0000000 290.8474860 290.8776170 
321.0000000 290.6510674 290.6811985 
322.0000000 290.4546489 290.4847799 
323.0000000 290.2582303 290.2883614 
324.0000000 290.0618118 290.0919428 
325.0000000 289.8653932 289.8955243 
326.0000000 289.6689747 289.6991057 
327.0000000 289.4725561 289.5026872 
328.0000000 289.2761376 289.3062686 
329.0000000 289.0797190 289.1098501 
330.0000000 288.8833005 288.9134315 
331.0000000 288.6868819 288.7170130 
332.0000000 288.4904634 288.5205944 
333.0000000 288.2940448 288.3241759 
334.0000000 288.0976263 288.1277573 
335.0000000 287.9012077 287.9313388 
336.0000000 287.7047892 287.7349202 
337.0000000 287.5083706 287.5385017 
338.0000000 287.3119521 287.3420831 
339.0000000 287.1155335 287.1456646 
340.0000000 286.9191150 286.9492460 
341.0000000 286.7226964 286.7528275 
342.0000000 286.5262779 286.5564089 
343.0000000 286.3298593 286.3599903 
344.0000000 286.1334408 286.1635718 
345.0000000 285.9370222 285.9671532 
346.0000000 285.7406037 285.7707347 
347.0000000 285.5441851 285.5743161 
348.0000000 285.3477666 285.3778976 
349.0000000 285.1513480 285.1814790 
350.0000000 284.9549295 284.9850605 
351.0000000 284.7585109 284.7886419 
352.0000000 284.5620924 284.5922234 
353.0000000 284.3656738 284.3958048 
354.0000000 284.1692553 284.1993863 
355.0000000 283.9728367 284.0029677 
356.0000000 283.7764182 283.8065492 
357.0000000 283.5799996 283.6101306 
358.0000000 283.3835811 283.4137121 
359.0000000 283.1871625 283.2172935 
360.0000000 282.9907440 283.0208750 
361.0000000 282.7943254 282.8244564 
362.0000000 282.5979069 282.6280379 
363.0000000 282.4014883 282.4316193 
364.0000000 282.2050698 282.2352008 
365.0000000 282.0086512 282.0387822 
366.0000000 281.8122327 281.8423637 
367.0000000 281.6158141 281.6459451 
368.0000000 281.4193956 281.4495266 
369.0000000 281.2229770 281.2531080 
370.0000000 281.0265585 281.0566895 
371.0000000 280.8301399 280.8602709 
372.0000000 280.6337214 280.6638524 
373.0000000 280.4373028 280.4674338 
374.0000000 280.2408843 280.2710153 
375.0000000 280.0444657 280.0745967 
376.0000000 279.8480472 279.8781782 
377.0000000 279.6516286 279.6817596 
378.0000000 279.4552101 279.4853411 
379.0000000 279.2587915 279.2889225 
380.0000000 279.0623730 279.0925040 
381.0000000 278.8659544 278.8960854 
382.0000000 278.6695359 278.6996669 
383.0000000 278.4731173 278.5032483 
384.0000000 278.2766988 278.3068298 
385.0000000 278.0802802 278.1104112 
386.0000000 277.8838617 277.9139927 
387.0000000 277.6874431 277.7175741 
388.0000000 277.4910246 277.5211556 
389.0000000 277.2946060 277.3247370 
390.0000000 277.0981875 277.1283185 
391.0000000 276.9017689 276.9318999 
392.0000000 276.7053504 276.7354814 
393.0000000 276.5089318 276.5390628 
394.0000000 276.3125133 276.3426443 
395.0000000 276.1160947 276.1462257 
396.0000000 275.9196762 275.9498072 
397.0000000 275.7232576 275.7533886 
398.0000000 275.5268391 275.5569701 
399.0000000 275.3304205 275.3605515 
400.0000000 275.1340020 275.1641330 
401.0000000 274.9375834 274.9677144 
402.0000000 274.7411649 274.7712959 
403.0000000 274.5447463 274.5748773 
404.0000000 274.3483277 274.3784588 
405.0000000 274.1519092 274.1820402 
406.0000000 273.9554906 273.9856217 
407.0000000 273.7590721 273.7892031 
408.0000000 273.5626535 273.5927846 
409.0000000 273.3662350 273.3963660 
410.0000000 273.1698164 273.1999475 
411.0000000 272.9733979 273.0035289 
412.0000000 272.7769793 272.8071104 
413.0000000 272.5805608 272.6106918 
414.0000000 272.3841422 272.4142733 
415.0000000 272.1877237 272.2178547 
416.0000000 271.9913051 272.0214362 
417.0000000 271.7948866 271.8250176 
418.0000000 271.5984680 271.6285991 
419.0000000 271.4020495 271.4321805 
420.0000000 271.2056309 271.2357620 
421.0000000 271.0092124 271.0393434 
422.0000000 270.8127938 270.8429249 
423.0000000 270.6163753 270.6465063 
424.0000000 270.4199567 270.4500878 
425.0000000 270.2235382 270.2536692 
426.0000000 270.0271196 270.0572507 
427.0000000 269.8307011 269.8608321 
428.0000000 269.6342825 269.6644136 
429.0000000 269.4378640 269.4679950 
430.0000000 269.2414454 269.2715765 
431.0000000 269.0450269 269.0751579 
432.0000000 268.8486083 268.8787394 
433.0000000 268.6521898 268.6823208 
434.0000000 268.4557712 268.4859023 
435.0000000 268.2593527 268.2894837 
436.0000000 268.0629341 268.0930652 
437.0000000 267.8665156 267.8966466 
438.0000000 267.6700970 267.7002281 
439.0000000 267.4736785 267.5038095 
440.0000000 267.2772599 267.3073910 
441.0000000 267.0808414 267.1109724 
442.0000000 266.8844228 266.9145539 
443.0000000 266.6880043 266.7181353 
444.0000000 266.4915857 266.5217168 
445.0000000 266.2951672 266.3252982 
446.0000000 266.0987486 266.1288797 
447.0000000 265.9023301 265.9324611 
448.0000000 265.7059115 265.7360426 
449.0000000 265.5094930 265.5396240 
450.0000000 265.3130744 265.3432055 
451.0000000 265.1166559 265.1467869 
452.0000000 264.9202373 264.9503684 
453.0000000 264.7238188 264.7539498 
454.0000000 264.5274002 264.5575313 
455.0000000 264.3309817 264.3611127 
456.0000000 264.1345631 264.1646942 
457.0000000 263.9381446 263.9682756 
458.0000000 263.7417260 263.7718571 
459.0000000 263.5453075 263.5754385 
460.0000000 263.3488889 263.3790200 
461.0000000 263.1524704 263.1826014 
462.0000000 262.9560518 262.9861829 
463.0000000 262.7596333 262.7897643 
464.0000000 262.5632147 262.5933458 
465.0000000 262.3667962 262.3969272 
466.0000000 262.1703776 262.2005087 
467.0000000 261.9739591 262.0040901 
468.0000000 261.7775405 261.8076716 
469.0000000 261.5811220 261.6112530 
470.0000000 261.3847034 261.4148345 
471.0000000 261.1882849 261.2184159 
472.0000000 260.9918663 261.0219974 
473.0000000 260.7954478 260.8255788 
474.0000000 260.5990292 260.6291603 
475.0000000 260.4026107 260.4327417 
476.0000000 260.2061921 260.2363232 
477.0000000 260.0097736 260.0399046 
478.0000000 259.8133550 259.8434861 
479.0000000 259.6169365 259.6470675 
480.0000000 259.4205179 259.4506490 
481.0000000 259.2240994 259.2542304 
482.0000000 259.0276808 259.0578119 
483.0000000 258.8312623 258.8613933 
484.0000000 258.6348437 258.6649748 
485.0000000 258.4384252 258.4685562 
486.0000000 258.2420066 258.2721377 
487.0000000 258.0455881 258.0757191 
488.0000000 257.8491695 257.8793006 
489.0000000 257.6527510 257.6828820 
490.0000000 257.4563324 257.4864635 
491.0000000 257.2599139 257.2900449 
492.0000000 257.0634953 257.0936264 
493.0000000 256.8670768 256.8972078 
494.0000000 256.6706582 256.7007892 
495.0000000 256.4742397 256.5043707 
496.0000000 256.2778211 256.3079521 
497.0000000 256.0814026 256.1115336 
498.0000000 255.8849840 255.9151150 
499.0000000 255.6885655 255.7186965 
500.0000000 255.4921469 255.5222779 
501.0000000 255.2957284 255.3258594 
502.0000000 255.0993098 255.1294408 
503.0000000 254.9028913 254.9330223 
504.0000000 254.7064727 254.7366037 
505.0000000 254.5100542 254.5401852 
506.0000000 254.3136356 254.3437666 
507.0000000 254.1172171 254.1473481 
508.0000000 253.9207985 253.9509295 
509.0000000 253.7243800 253.7545110 
510.0000000 253.5279614 253.5580924 
511.0000000 253.3315429 253.3616739 
512.0000000 253.1351243 253.1652553 
513.0000000 252.9387058 252.9688368 
514.0000000 252.7422872 252.7724182 
515.0000000 252.5458687 252.5759997 
516.0000000 252.3494501 252.3795811 
517.0000000 252.1530316 252.1831626 
518.0000000 251.9566130 251.9867440 
519.0000000 251.7601945 251.7903255 
520.0000000 251.5637759 251.5939069 
521.0000000 251.3673574 251.3974884 
522.0000000 251.1709388 251.2010698 
523.0000000 250.9745203 251.0046513 
524.0000000 250.7781017 250.8082327 
525.0000000 250.5816832 250.6118142 
526.0000000 250.3852646 250.4153956 
527.0000000 250.1888461 250.2189771 
528.0000000 249.9924275 250.0225585 
529.0000000 249.7960090 249.8261400 
530.0000000 249.5995904 249.6297214 
531.0000000 249.4031719 249.4333029 
532.0000000 249.2067533 249.2368843 
533.0000000 249.0103348 249.0404658 
534.0000000 248.8139162 248.8440472 
535.0000000 248.6174977 248.6476287 
536.0000000 248.4210791 248.4512101 
537.0000000 248.2246606 248.2547916 
538.0000000 248.0282420 248.0583730 
539.0000000 247.8318235 247.8619545 
540.0000000 247.6354049 247.6655359 
541.0000000 247.4389864 247.4691174 
542.0000000 247.2425678 247.2726988 
543.0000000 247.0461493 247.0762803 
544.0000000 246.8497307 246.8798617 
545.0000000 246.6533122 246.6834432 
546.0000000 246.4568936 246.4870246 
547.0000000 246.2604751 246.2906061 
548.0000000 246.0640565 246.0941875 
549.0000000 245.8676380 245.8977690 
550.0000000 245.6712194 245.7013504 
551.0000000 245.4748009 245.5049319 
552.0000000 245.2783823 245.3085133 
553.0000000 245.0819638 245.1120948 
554.0000000 244.8855452 244.9156762 
555.0000000 244.6891266 244.7192577 
556.0000000 244.4927081 244.5228391 
557.0000000 244.2962895 244.3264206 
558.0000000 244.0998710 244.1300020 
559.0000000 243.9034524 243.9335835 
560.0000000 243.7070339 243.7371649 
561.0000000 243.5106153 243.5407464 
562.0000000 243.3141968 243.3443278 
563.0000000 243.1177782 243.1479093 
564.0000000 242.9213597 242.9514907 
565.0000000 242.7249411 242.7550722 
566.0000000 242.5285226 242.5586536 
567.0000000 242.3321040 242.3622351 
568.0000000 242.1356855 242.1658165 
569.0000000 241.9392669 241.9693980 
570.0000000 241.7428484 241.7729794 
571.0000000 241.5464298 241.5765609 
572.0000000 241.3500113 241.3801423 
573.0000000 241.1535927 241.1837238 
574.0000000 240.9571742 240.9873052 
575.0000000 240.7607556 240.7908867 
576.0000000 240.5643371 240.5944681 
577.0000000 240.3679185 240.3980496 
578.0000000 240.1715000 240.2016310 
579.0000000 239.9750814 240.0052125 
580.0000000 239.7786629 239.8087939 
581.0000000 239.5822443 239.6123754 
582.0000000 239.3858258 239.4159568 
583.0000000 239.1894072 239.2195383 
584.0000000 238.9929887 239.0231197 
585.0000000 238.7965701 238.8267012 
586.0000000 238.6001516 238.6302826 
587.0000000 238.4037330 238.4338641 
588.0000000 238.2073145 238.2374455 
589.0000000 238.0108959 238.0410270 
590.0000000 237.8144774 237.8446084 
591.0000000 237.6180588 237.6481899 
592.0000000 237.4216403 237.4517713 
593.0000000 237.2252217 237.2553528 
594.0000000 237.0288032 237.0589342 
595.0000000 236.8323846 236.8625157 
596.0000000 236.6359661 236.6660971 
597.0000000 236.4395475 236.4696786 
598.0000000 236.2431290 236.2732600 
599.0000000 236.0467104 236.0768415 
600.0000000 235.8502919 235.8804229 
601.0000000 235.6538733 235.6840044 
602.0000000 235.4574548 235.4875858 
603.0000000 235.2610362 235.2911673 
604.0000000 235.0646177 235.0947487 
605.0000000 234.8681991 234.8983302 
606.0000000 234.6717806 234.7019116 
607.0000000 234.4753620 234.5054931 
608.0000000 234.2789435 234.3090745 
609.0000000 234.0825249 234.1126560 
610.0000000 233.8861064 233.9162374 
611.0000000 233.6896878 233.7198189 
612.0000000 233.4932693 233.5234003 
613.0000000 233.2968507 233.3269818 
614.0000000 233.1004322 233.1305632 
615.0000000 232.9040136 232.9341447 
616.0000000 232.7075951 232.7377261 
617.0000000 232.5111765 232.5413076 
618.0000000 232.3147580 232.3448890 
619.0000000 232.1183394 232.1484705 
620.0000000 231.9219209 231.9520519 
621.0000000 231.7255023 231.7556334 
622.0000000 231.5290838 231.5592148 
623.0000000 231.3326652 231.3627963 
624.0000000 231.1362467 231.1663777 
625.0000000 230.9398281 230.9699592 
626.0000000 230.7434096 230.7735406 
627.0000000 230.5469910 230.5771221 
628.0000000 230.3505725 230.3807035 
629.0000000 230.1541539 230.1842850 
630.0000000 229.9577354 229.9878664 
631.0000000 229.7613168 229.7914479 
632.0000000 229.5648983 229.5950293 
633.0000000 229.3684797 229.3986108 
634.0000000 229.1720612 229.2021922 
635.0000000 228.9756426 229.0057737 
636.0000000 228.7792241 228.8093551 
637.0000000 228.5828055 228.6129366 
638.0000000 228.3863870 228.4165180 
639.0000000 228.1899684 228.2200995 
640.0000000 227.9935499 228.0236809 
641.0000000 227.7971313 227.8272624 
642.0000000 227.6007128 227.6308438 
643.0000000 227.4042942 227.4344253 
644.0000000 227.2078757 227.2380067 
645.0000000 227.0114571 227.0415882 
646.0000000 226.8150386 226.8451696 
647.0000000 226.6186200 226.6487510 
648.0000000 226.4222015 226.4523325 
649.0000000 226.2257829 226.2559139 
650.0000000 226.0293644 226.0594954 
651.0000000 225.8329458 225.8630768 
652.0000000 225.6365273 225.6666583 
653.0000000 225.4401087 225.4702397 
654.0000000 225.2436902 225.2738212 
655.0000000 225.0472716 225.0774026 
656.0000000 224.8508531 224.8809841 
657.0000000 224.6544345 224.6845655 
658.0000000 224.4580160 224.4881470 
659.0000000 224.2615974 224.2917284 
660.0000000 224.0651789 224.0953099 
661.0000000 223.8687603 223.8988913 
662.0000000 223.6723418 223.7024728 
663.0000000 223.4759232 223.5060542 
664.0000000 223.2795047 223.3096357 
665.0000000 223.0830861 223.1132171 
666.0000000 222.8866676 222.9167986 
667.0000000 222.6902490 222.7203800 
668.0000000 222.4938305 222.5239615 
669.0000000 222.2974119 222.3275429 
670.0000000 222.1009934 222.1311244 
671.0000000 221.9045748 221.9347058 
672.0000000 221.7081563 221.7382873 
673.0000000 221.5117377 221.5418687 
674.0000000 221.3153192 221.3454502 
675.0000000 221.1189006 221.1490316 
676.0000000 220.9224821 220.9526131 
677.0000000 220.7260635 220.7561945 
678.0000000 220.5296450 220.5597760 
679.0000000 220.3332264 220.3633574 
680.0000000 220.1368079 220.1669389 
681.0000000 219.9403893 219.9705203 
682.0000000 219.7439708 219.7741018 
683.0000000 219.5475522 219.5776832 
684.0000000 219.3511337 219.3812647 
685.0000000 219.1547151 219.1848461 
686.0000000 218.9582966 218.9884276 
687.0000000 218.7618780 218.7920090 
688.0000000 218.5654595 218.5955905 
689.0000000 218.3690409 218.3991719 
690.0000000 218.1726224 218.2027534 
691.0000000 217.9762038 218.0063348 
692.0000000 217.7797853 217.8099163 
693.0000000 217.5833667 217.6134977 
694.0000000 217.3869482 217.4170792 
695.0000000 217.1905296 217.2206606 
696.0000000 216.9941111 217.0242421 
697.0000000 216.7976925 216.8278235 
698.0000000 216.6012740 216.6314050 
699.0000000 216.4048554 216.4349864 
700.0000000 216.2084369 216.2385679 
701.0000000 216.0120183 216.0421493 
702.0000000 215.8155998 215.8457308 
703.0000000 215.6191812 215.6493122 
704.0000000 215.4227627 215.4528937 
705.0000000 215.2263441 215.2564751 
706.0000000 215.0299256 215.0600566 
707.0000000 214.8335070 214.8636380 
708.0000000 214.6370884 214.6672195 
709.0000000 214.4406699 214.4708009 
710.0000000 214.2442513 214.2743824 
711.0000000 214.0478328 214.0779638 
712.0000000 213.8514142 213.8815453 
713.0000000 213.6549957 213.6851267 
714.0000000 213.4585771 213.4887082 
715.0000000 213.2621586 213.2922896 
716.0000000 213.0657400 213.0958711 
717.0000000 212.8693215 212.8994525 
718.0000000 212.6729029 212.7030340 
719.0000000 212.4764844 212.5066154 
720.0000000 212.2800658 212.3101969 
721.0000000 212.0836473 212.1137783 
722.0000000 211.8872287 211.9173598 
723.0000000 211.6908102 211.7209412 
724.0000000 211.4943916 211.5245227 
725.0000000 211.2979731 211.3281041 
726.0000000 211.1015545 211.1316856 
727.0000000 210.9051360 210.9352670 
728.0000000 210.7087174 210.7388485 
729.0000000 210.5122989 210.5424299 
730.0000000 210.3158803 210.3460114 
731.0000000 210.1194618 210.1495928 
732.0000000 209.9230432 209.9531743 
733.0000000 209.7266247 209.7567557 
734.0000000 209.5302061 209.5603372 
735.0000000 209.3337876 209.3639186 
736.0000000 209.1373690 209.1675001 
737.0000000 208.9409505 208.9710815 
738.0000000 208.7445319 208.7746630 
739.0000000 208.5481134 208.5782444 
740.0000000 208.3516948 208.3818259 
741.0000000 208.1552763 208.1854073 
742.0000000 207.9588577 207.9889888 
743.0000000 207.7624392 207.7925702 
744.0000000 207.5660206 207.5961517 
745.0000000 207.3696021 207.3997331 
746.0000000 207.1731835 207.2033146 
747.0000000 206.9767650 207.0068960 
748.0000000 206.7803464 206.8104775 
749.0000000 206.5839279 206.6140589 
750.0000000 206.3875093 206.4176404 
751.0000000 206.1910908 206.2212218 
752.0000000 205.9946722 206.0248033 
753.0000000 205.7982537 205.8283847 
754.0000000 205.6018351 205.6319662 
755.0000000 205.4054166 205.4355476 
756.0000000 205.2089980 205.2391291 
757.0000000 205.0125795 205.0427105 
758.0000000 204.8161609 204.8462920 
759.0000000 204.6197424 204.6498734 
760.0000000 204.4233238 204.4534549 
761.0000000 204.2269053 204.2570363 
762.0000000 204.0304867 204.0606178 
763.0000000 203.8340682 203.8641992 
764.0000000 203.6376496 203.6677807 
765.0000000 203.4412311 203.4713621 
766.0000000 203.2448125 203.2749436 
767.0000000 203.0483940 203.0785250 
768.0000000 202.8519754 202.8821065 
769.0000000 202.6555569 202.6856879 
770.0000000 202.4591383 202.4892694 
771.0000000 202.2627198 202.2928508 
772.0000000 202.0663012 202.0964323 
773.0000000 201.8698827 201.9000137 
774.0000000 201.6734641 201.7035952 
775.0000000 201.4770456 201.5071766 
776.0000000 201.2806270 201.3107581 
777.0000000 201.0842085 201.1143395 
778.0000000 200.8877899 200.9179210 
779.0000000 200.6913714 200.7215024 
780.0000000 200.4949528 200.5250839 
781.0000000 200.2985343 200.3286653 
782.0000000 200.1021157 200.1322468 
783.0000000 199.9056972 199.9358282 
784.0000000 199.7092786 199.7394097 
785.0000000 199.5128601 199.5429911 
786.0000000 199.3164415 199.3465726 
787.0000000 199.1200230 199.1501540 
788.0000000 198.9236044 198.9537355 
789.0000000 198.7271859 198.7573169 
790.0000000 198.5307673 198.5608984 
791.0000000 198.3343488 198.3644798 
792.0000000 198.1379302 198.1680613 
793.0000000 197.9415117 197.9716427 
794.0000000 197.7450931 197.7752242 
795.0000000 197.5486746 197.5788056 
796.0000000 197.3522560 197.3823871 
797.0000000 197.1558375 197.1859685 
798.0000000 196.9594189 196.9895499 
799.0000000 196.7630004 196.7931314 
800.0000000 196.5665818 196.5967128 
801.0000000 196.3701633 196.4002943 
802.0000000 196.1737447 196.2038757 
803.0000000 195.9773262 196.0074572 
804.0000000 195.7809076 195.8110386 
805.0000000 195.5844891 195.6146201 
806.0000000 195.3880705 195.4182015 
807.0000000 195.1916520 195.2217830 
808.0000000 194.9952334 195.0253644 
809.0000000 194.7988149 194.8289459 
810.0000000 194.6023963 194.6325273 
811.0000000 194.4059778 194.4361088 
812.0000000 194.2095592 194.2396902 
813.0000000 194.0131407 194.0432717 
814.0000000 193.8167221 193.8468531 
815.0000000 193.6203036 193.6504346 
816.0000000 193.4238850 193.4540160 
817.0000000 193.2274665 193.2575975 
818.0000000 193.0310479 193.0611789 
819.0000000 192.8346294 192.8647604 
820.0000000 192.6382108 192.6683418 
821.0000000 192.4417923 192.4719233 
822.0000000 192.2453737 192.2755047 
823.0000000 192.0489552 192.0790862 
824.0000000 191.8525366 191.8826676 
825.0000000 191.6561181 191.6862491 
826.0000000 191.4596995 191.4898305 
827.0000000 191.2632810 191.2934120 
828.0000000 191.0668624 191.0969934 
829.0000000 190.8704439 190.9005749 
830.0000000 190.6740253 190.7041563 
831.0000000 190.4776068 190.5077378 
832.0000000 190.2811882 190.3113192 
833.0000000 190.0847697 190.1149007 
834.0000000 189.8883511 189.9184821 
835.0000000 189.6919326 189.7220636 
836.0000000 189.4955140 189.5256450 
837.0000000 189.2990955 189.3292265 
838.0000000 189.1026769 189.1328079 
839.0000000 188.9062584 188.9363894 
840.0000000 188.7098398 188.7399708 
841.0000000 188.5134213 188.5435523 
842.0000000 188.3170027 188.3471337 
843.0000000 188.1205842 188.1507152 
844.0000000 187.9241656 187.9542966 
845.0000000 187.7277471 187.7578781 
846.0000000 187.5313285 187.5614595 
847.0000000 187.3349100 187.3650410 
848.0000000 187.1384914 187.1686224 
849.0000000 186.9420729 186.9722039 
850.0000000 186.7456543 186.7757853 
851.0000000 186.5492358 186.5793668 
852.0000000 186.3528172 186.3829482 
853.0000000 186.1563987 186.1865297 
854.0000000 185.9599801 185.9901111 
855.0000000 185.7635616 185.7936926 
856.0000000 185.5671430 185.5972740 
857.0000000 185.3707245 185.4008555 
858.0000000 185.1743059 185.2044369 
859.0000000 184.9778873 185.0080184 
860.0000000 184.7814688 184.8115998 
861.0000000 184.5850502 184.6151813 
862.0000000 184.3886317 184.4187627 
863.0000000 184.1922131 184.2223442 
864.0000000 183.9957946 184.0259256 
865.0000000 183.7993760 183.8295071 
866.0000000 183.6029575 183.6330885 
867.0000000 183.4065389 183.4366700 
868.0000000 183.2101204 183.2402514 
869.0000000 183.0137018 183.0438329 
870.0000000 182.8172833 182.8474143 
871.0000000 182.6208647 182.6509958 
872.0000000 182.4244462 182.4545772 
873.0000000 182.2280276 182.2581587 
874.0000000 182.0316091 182.0617401 
875.0000000 181.8351905 181.8653216 
876.0000000 181.6387720 181.6689030 
877.0000000 181.4423534 181.4724845 
878.0000000 181.2459349 181.2760659 
879.0000000 181.0495163 181.0796474 
880.0000000 180.8530978 180.8832288 
881.0000000 180.6566792 180.6868103 
882.0000000 180.4602607 180.4903917 
883.0000000 180.2638421 180.2939732 
884.0000000 180.0674236 180.0975546 
885.0000000 179.8710050 179.9011361 
886.0000000 179.6745865 179.7047175 
887.0000000 179.4781679 179.5082990 
888.0000000 179.2817494 179.3118804 
889.0000000 179.0853308 179.1154619 
890.0000000 178.8889123 178.9190433 
891.0000000 178.6924937 178.7226248 
892.0000000 178.4960752 178.5262062 
893.0000000 178.2996566 178.3297877 
894.0000000 178.1032381 178.1333691 
895.0000000 177.9068195 177.9369506 
896.0000000 177.7104010 177.7405320 
897.0000000 177.5139824 177.5441135 
898.0000000 177.3175639 177.3476949 
899.0000000 177.1211453 177.1512764 
900.0000000 176.9247268 176.9548578 
901.0000000 176.7283082 176.7584393 
902.0000000 176.5318897 176.5620207 
903.0000000 176.3354711 176.3656022 
904.0000000 176.1390526 176.1691836 
905.0000000 175.9426340 175.9727651 
906.0000000 175.7462155 175.7763465 
907.0000000 175.5497969 175.5799280 
908.0000000 175.3533784 175.3835094 
909.0000000 175.1569598 175.1870909 
910.0000000 174.9605413 174.9906723 
911.0000000 174.7641227 174.7942538 
912.0000000 174.5677042 174.5978352 
913.0000000 174.3712856 174.4014167 
914.0000000 174.1748671 174.2049981 
915.0000000 173.9784485 174.0085796 
916.0000000 173.7820300 173.8121610 
917.0000000 173.5856114 173.6157425 
918.0000000 173.3891929 173.4193239 
919.0000000 173.1927743 173.2229054 
920.0000000 172.9963558 173.0264868 
921.0000000 172.7999372 172.8300683 
922.0000000 172.6035187 172.6336497 
923.0000000 172.4071001 172.4372312 
924.0000000 172.2106816 172.2408126 
925.0000000 172.0142630 172.0443941 
926.0000000 171.8178445 171.8479755 
927.0000000 171.6214259 171.6515570 
928.0000000 171.4250074 171.4551384 
929.0000000 171.2285888 171.2587199 
930.0000000 171.0321703 171.0623013 
931.0000000 170.8357517 170.8658828 
932.0000000 170.6393332 170.6694642 
933.0000000 170.4429146 170.4730457 
934.0000000 170.2464961 170.2766271 
935.0000000 170.0500775 170.0802086 
936.0000000 169.8536590 169.8837900 
937.0000000 169.6572404 169.6873715 
938.0000000 169.4608219 169.4909529 
939.0000000 169.2644033 169.2945344 
940.0000000 169.0679848 169.0981158 
941.0000000 168.8715662 168.9016973 
942.0000000 168.6751477 168.7052787 
943.0000000 168.4787291 168.5088602 
944.0000000 168.2823106 168.3124416 
945.0000000 168.0858920 168.1160231 
946.0000000 167.8894735 167.9196045 
947.0000000 167.6930549 167.7231860 
948.0000000 167.4966364 167.5267674 
949.0000000 167.3002178 167.3303489 
950.0000000 167.1037993 167.1339303 
951.0000000 166.9073807 166.9375117 
952.0000000 166.7109622 166.7410932 
953.0000000 166.5145436 166.5446746 
954.0000000 166.3181251 166.3482561 
955.0000000 166.1217065 166.1518375 
956.0000000 165.9252880 165.9554190 
957.0000000 165.7288694 165.7590004 
958.0000000 165.5324509 165.5625819 
959.0000000 165.3360323 165.3661633 
960.0000000 165.1396138 165.1697448 
961.0000000 164.9431952 164.9733262 
962.0000000 164.7467767 164.7769077 
963.0000000 164.5503581 164.5804891 
964.0000000 164.3539396 164.3840706 
965.0000000 164.1575210 164.1876520 
966.0000000 163.9611025 163.9912335 
967.0000000 163.7646839 163.7948149 
968.0000000 163.5682654 163.5983964 
969.0000000 163.3718468 163.4019778 
970.0000000 163.1754283 163.2055593 
971.0000000 162.9790097 163.0091407 
972.0000000 162.7825912 162.8127222 
973.0000000 162.5861726 162.6163036 
974.0000000 162.3897541 162.4198851 
975.0000000 162.1933355 162.2234665 
976.0000000 161.9969170 162.0270480 
977.0000000 161.8004984 161.8306294 
978.0000000 161.6040799 161.6342109 
979.0000000 161.4076613 161.4377923 
980.0000000 161.2112428 161.2413738 
981.0000000 161.0148242 161.0449552 
982.0000000 160.8184057 160.8485367 
983.0000000 160.6219871 160.6521181 
984.0000000 160.4255686 160.4556996 
985.0000000 160.2291500 160.2592810 
986.0000000 160.0327315 160.0628625 
987.0000000 159.8363129 159.8664439 
988.0000000 159.6398944 159.6700254 
989.0000000 159.4434758 159.4736068 
990.0000000 159.2470573 159.2771883 
991.0000000 159.0506387 159.0807697 
992.0000000 158.8542202 158.8843512 
993.0000000 158.6578016 158.6879326 
994.0000000 158.4613831 158.4915141 
995.0000000 158.2649645 158.2950955 
996.0000000 158.0685460 158.0986770 
997.0000000 157.8721274 157.9022584 
998.0000000 157.6757089 157.7058399 
999.0000000 157.4792903 157.5094213 
1000.0000000 157.2828718 157.3130028 
1001.0000000 157.0864532 157.1165842 
1002.0000000 156.8900347 156.9201657 
1003.0000000 156.6936161 156.7237471 
1004.0000000 156.4971976 156.5273286 
1005.0000000 156.3007790 156.3309100 
1006.0000000 156.1043605 156.1344915 
1007.0000000 155.9079419 155.9380729 
1008.0000000 155.7115234 155.7416544 
1009.0000000 155.5151048 155.5452358 
1010.0000000 155.3186862 155.3488173 
1011.0000000 155.1222677 155.1523987 
1012.0000000 154.9258491 154.9559802 
1013.0000000 154.7294306 154.7595616 
1014.0000000 154.5330120 154.5631431 
1015.0000000 154.3365935 154.3667245 
1016.0000000 154.1401749 154.1703060 
1017.0000000 153.9437564 153.9738874 
1018.0000000 153.7473378 153.7774689 
1019.0000000 153.5509193 153.5810503 
1020.0000000 153.3545007 153.3846318 
1021.0000000 153.1580822 153.1882132 
1022.0000000 152.9616636 152.9917947 
1023.0000000 152.7652451 152.7953761 
1024.0000000 152.5688265 152.5989576 
1025.0000000 152.3724080 152.4025390 
1026.0000000 152.1759894 152.2061205 
1027.0000000 151.9795709 152.0097019 
1028.0000000 151.7831523 151.8132834 
1029.0000000 151.5867338 151.6168648 
1030.0000000 151.3903152 151.4204463 
1031.0000000 151.1938967 151.2240277 
1032.0000000 150.9974781 151.0276092 
1033.0000000 150.8010596 150.8311906 
1034.0000000 150.6046410 150.6347721 
1035.0000000 150.4082225 150.4383535 
1036.0000000 150.2118039 150.2419350 
1037.0000000 150.0153854 150.0455164 
1038.0000000 149.8189668 149.8490979 
1039.0000000 149.6225483 149.6526793 
1040.0000000 149.4261297 149.4562608 
1041.0000000 149.2297112 149.2598422 
1042.0000000 149.0332926 149.0634237 
1043.0000000 148.8368741 148.8670051 
1044.0000000 148.6404555 148.6705866 
1045.0000000 148.4440370 148.4741680 
1046.0000000 148.2476184 148.2777495 
1047.0000000 148.0511999 148.0813309 
1048.0000000 147.8547813 147.8849124 
1049.0000000 147.6583628 147.6884938 
1050.0000000 147.4619442 147.4920753 
1051.0000000 147.2655257 147.2956567 
1052.0000000 147.0691071 147.0992382 
1053.0000000 146.8726886 146.9028196 
1054.0000000 146.6762700 146.7064011 
1055.0000000 146.4798515 146.5099825 
1056.0000000 146.2834329 146.3135640 
1057.0000000 146.0870144 146.1171454 
1058.0000000 145.8905958 145.9207269 
1059.0000000 145.6941773 145.7243083 
1060.0000000 145.4977587 145.5278898 
1061.0000000 145.3013402 145.3314712 
1062.0000000 145.1049216 145.1350527 
1063.0000000 144.9085031 144.9386341 
1064.0000000 144.7120845 144.7422156 
1065.0000000 144.5156660 144.5457970 
1066.0000000 144.3192474 144.3493785 
1067.0000000 144.1228289 144.1529599 
1068.0000000 143.9264103 143.9565414 
1069.0000000 143.7299918 143.7601228 
1070.0000000 143.5335732 143.5637043 
1071.0000000 143.3371547 143.3672857 
1072.0000000 143.1407361 143.1708672 
1073.0000000 142.9443176 142.9744486 
1074.0000000 142.7478990 142.7780301 
1075.0000000 142.5514805 142.5816115 
1076.0000000 142.3550619 142.3851930 
1077.0000000 142.1586434 142.1887744 
1078.0000000 141.9622248 141.9923559 
1079.0000000 141.7658063 141.7959373 
1080.0000000 141.5693877 141.5995188 
1081.0000000 141.3729692 141.4031002 
1082.0000000 141.1765506 141.2066817 
1083.0000000 140.9801321 141.0102631 
1084.0000000 140.7837135 140.8138446 
1085.0000000 140.5872950 140.6174260 
1086.0000000 140.3908764 140.4210075 
1087.0000000 140.1944579 140.2245889 
1088.0000000 139.9980393 140.0281704 
1089.0000000 139.8016208 139.8317518 
1090.0000000 139.6052022 139.6353333 
1091.0000000 139.4087837 139.4389147 
1092.0000000 139.2123651 139.2424962 
1093.0000000 139.0159466 139.0460776 
1094.0000000 138.8195280 138.8496591 
1095.0000000 138.6231095 138.6532405 
1096.0000000 138.4266909 138.4568220 
1097.0000000 138.2302724 138.2604034 
1098.0000000 138.0338538 138.0639849 
1099.0000000 137.8374353 137.8675663 
1100.0000000 137.6410167 137.6711478 
1101.0000000 137.4445982 137.4747292 
1102.0000000 137.2481796 137.2783106 
1103.0000000 137.0517611 137.0818921 
1104.0000000 136.8553425 136.8854735 
1105.0000000 136.6589240 136.6890550 
1106.0000000 136.4625054 136.4926364 
1107.0000000 136.2660869 136.2962179 
1108.0000000 136.0696683 136.0997993 
1109.0000000 135.8732498 135.9033808 
1110.0000000 135.6768312 135.7069622 
1111.0000000 135.4804127 135.5105437 
1112.0000000 135.2839941 135.3141251 
1113.0000000 135.0875756 135.1177066 
1114.0000000 134.8911570 134.9212880 
1115.0000000 134.6947385 134.7248695 
1116.0000000 134.4983199 134.5284509 
1117.0000000 134.3019014 134.3320324 
1118.0000000 134.1054828 134.1356138 
1119.0000000 133.9090643 133.9391953 
1120.0000000 133.7126457 133.7427767 
1121.0000000 133.5162272 133.5463582 
1122.0000000 133.3198086 133.3499396 
1123.0000000 133.1233901 133.1535211 
1124.0000000 132.9269715 132.9571025 
1125.0000000 132.7305530 132.7606840 
1126.0000000 132.5341344 132.5642654 
1127.0000000 132.3377159 132.3678469 
1128.0000000 132.1412973 132.1714283 
1129.0000000 131.9448788 131.9750098 
1130.0000000 131.7484602 131.7785912 
1131.0000000 131.5520417 131.5821727 
1132.0000000 131.3556231 131.3857541 
1133.0000000 131.1592046 131.1893356 
1134.0000000 130.9627860 130.9929170 
1135.0000000 130.7663675 130.7964985 
1136.0000000 130.5699489 130.6000799 
1137.0000000 130.3735304 130.4036614 
1138.0000000 130.1771118 130.2072428 
1139.0000000 129.9806933 130.0108243 
1140.0000000 129.7842747 129.8144057 
1141.0000000 129.5878562 129.6179872 
1142.0000000 129.3914376 129.4215686 
1143.0000000 129.1950191 129.2251501 
1144.0000000 128.9986005 129.0287315 
1145.0000000 128.8021820 128.8323130 
1146.0000000 128.6057634 128.6358944 
1147.0000000 128.4093449 128.4394759 
1148.0000000 128.2129263 128.2430573 
1149.0000000 128.0165078 128.0466388 
1150.0000000 127.8200892 127.8502202 
1151.0000000 127.6236707 127.6538017 
1152.0000000 127.4272521 127.4573831 
1153.0000000 127.2308336 127.2609646 
1154.0000000 127.0344150 127.0645460 
1155.0000000 126.8379965 126.8681275 
1156.0000000 126.6415779 126.6717089 
1157.0000000 126.4451594 126.4752904 
1158.0000000 126.2487408 126.2788718 
1159.0000000 126.0523223 126.0824533 
1160.0000000 125.8559037 125.8860347 
1161.0000000 125.6594852 125.6896162 
1162.0000000 125.4630666 125.4931976 
1163.0000000 125.2666480 125.2967791 
1164.0000000 125.0702295 125.1003605 
1165.0000000 124.8738109 124.9039420 
1166.0000000 124.6773924 124.7075234 
1167.0000000 124.4809738 124.5111049 
1168.0000000 124.2845553 124.3146863 
1169.0000000 124.0881367 124.1182678 
1170.0000000 123.8917182 123.9218492 
1171.0000000 123.6952996 123.7254307 
1172.0000000 123.4988811 123.5290121 
1173.0000000 123.3024625 123.3325936 
1174.0000000 123.1060440 123.1361750 
1175.0000000 122.9096254 122.9397565 
1176.0000000 122.7132069 122.7433379 
1177.0000000 122.5167883 122.5469194 
1178.0000000 122.3203698 122.3505008 
1179.0000000 122.1239512 122.1540823 
1180.0000000 121.9275327 121.9576637 
1181.0000000 121.7311141 121.7612452 
1182.0000000 121.5346956 121.5648266 
1183.0000000 121.3382770 121.3684081 
1184.0000000 121.1418585 121.1719895 
1185.0000000 120.9454399 120.9755710 
1186.0000000 120.7490214 120.7791524 
1187.0000000 120.5526028 120.5827339 
1188.0000000 120.3561843 120.3863153 
1189.0000000 120.1597657 120.1898968 
1190.0000000 119.9633472 119.9934782 
1191.0000000 119.7669286 119.7970597 
1192.0000000 119.5705101 119.6006411 
1193.0000000 119.3740915 119.4042226 
1194.0000000 119.1776730 119.2078040 
1195.0000000 118.9812544 119.0113855 
1196.0000000 118.7848359 118.8149669 
1197.0000000 118.5884173 118.6185484 
1198.0000000 118.3919988 118.4221298 
1199.0000000 118.1955802 118.2257113 
1200.0000000 117.9991617 118.0292927 
1201.0000000 117.8027431 117.8328742 
1202.0000000 117.6063246 117.6364556 
1203.0000000 117.4099060 117.4400371 
1204.0000000 117.2134875 117.2436185 
1205.0000000 117.0170689 117.0472000 
1206.0000000 116.8206504 116.8507814 
1207.0000000 116.6242318 116.6543629 
1208.0000000 116.4278133 116.4579443 
1209.0000000 116.2313947 116.2615258 
1210.0000000 116.0349762 116.0651072 
1211.0000000 115.8385576 115.8686887 
1212.0000000 115.6421391 115.6722701 
1213.0000000 115.4457205 115.4758516 
1214.0000000 115.2493020 115.2794330 
1215.0000000 115.0528834 115.0830145 
1216.0000000 114.8564649 114.8865959 
1217.0000000 114.6600463 114.6901774 
1218.0000000 114.4636278 114.4937588 
1219.0000000 114.2672092 114.2973403 
1220.0000000 114.0707907 114.1009217 
1221.0000000 113.8743721 113.9045032 
1222.0000000 113.6779536 113.7080846 
1223.0000000 113.4815350 113.5116661 
1224.0000000 113.2851165 113.3152475 
1225.0000000 113.0886979 113.1188290 
1226.0000000 112.8922794 112.9224104 
1227.0000000 112.6958608 112.7259919 
1228.0000000 112.4994423 112.5295733 
1229.0000000 112.3030237 112.3331548 
1230.0000000 112.1066052 112.1367362 
1231.0000000 111.9101866 111.9403177 
1232.0000000 111.7137681 111.7438991 
1233.0000000 111.5173495 111.5474806 
1234.0000000 111.3209310 111.3510620 
1235.0000000 111.1245124 111.1546435 
1236.0000000 110.9280939 110.9582249 
1237.0000000 110.7316753 110.7618064 
1238.0000000 110.5352568 110.5653878 
1239.0000000 110.3388382 110.3689693 
1240.0000000 110.1424197 110.1725507 
1241.0000000 109.9460011 109.9761322 
1242.0000000 109.7495826 109.7797136 
1243.0000000 109.5531640 109.5832951 
1244.0000000 109.3567455 109.3868765 
1245.0000000 109.1603269 109.1904580 
1246.0000000 108.9639084 108.9940394 
1247.0000000 108.7674898 108.7976209 
1248.0000000 108.5710713 108.6012023 
1249.0000000 108.3746527 108.4047838 
1250.0000000 108.1782342 108.2083652 
1251.0000000 107.9818156 108.0119467 
1252.0000000 107.7853971 107.8155281 
1253.0000000 107.5889785 107.6191095 
1254.0000000 107.3925600 107.4226910 
1255.0000000 107.1961414 107.2262724 
1256.0000000 106.9997229 107.0298539 
1257.0000000 106.8033043 106.8334353 
1258.0000000 106.6068858 106.6370168 
1259.0000000 106.4104672 106.4405982 
1260.0000000 106.2140487 106.2441797 
1261.0000000 106.0176301 106.0477611 
1262.0000000 105.8212116 105.8513426 
1263.0000000 105.6247930 105.6549240 
1264.0000000 105.4283745 105.4585055 
1265.0000000 105.2319559 105.2620869 
1266.0000000 105.0355374 105.0656684 
1267.0000000 104.8391188 104.8692498 
1268.0000000 104.6427003 104.6728313 
1269.0000000 104.4462817 104.4764127 
1270.0000000 104.2498632 104.2799942 
1271.0000000 104.0534446 104.0835756 
1272.0000000 103.8570261 103.8871571 
1273.0000000 103.6606075 103.6907385 
1274.0000000 103.4641890 103.4943200 
1275.0000000 103.2677704 103.2979014 
1276.0000000 103.0713519 103.1014829 
1277.0000000 102.8749333 102.9050643 
1278.0000000 102.6785148 102.7086458 
1279.0000000 102.4820962 102.5122272 
1280.0000000 102.2856777 102.3158087 
1281.0000000 102.0892591 102.1193901 
1282.0000000 101.8928406 101.9229716 
1283.0000000 101.6964220 101.7265530 
1284.0000000 101.5000035 101.5301345 
1285.0000000 101.3035849 101.3337159 
1286.0000000 101.1071664 101.1372974 
1287.0000000 100.9107478 100.9408788 
1288.0000000 100.7143293 100.7444603 
1289.0000000 100.5179107 100.5480417 
1290.0000000 100.3214922 100.3516232 
1291.0000000 100.1250736 100.1552046 
1292.0000000 99.9286551 99.9587861 
1293.0000000 99.7322365 99.7623675 
1294.0000000 99.5358180 99.5659490 
1295.0000000 99.3393994 99.3695304 
1296.0000000 99.1429809 99.1731119 
1297.0000000 98.9465623 98.9766933 
1298.0000000 98.7501438 98.7802748 
1299.0000000 98.5537252 98.5838562 
1300.0000000 98.3573067 98.3874377 
1301.0000000 98.1608881 98.1910191 
1302.0000000 97.9644696 97.9946006 
1303.0000000 97.7680510 97.7981820 
1304.0000000 97.5716325 97.6017635 
1305.0000000 97.3752139 97.4053449 
1306.0000000 97.1787954 97.2089264 
1307.0000000 96.9823768 97.0125078 
1308.0000000 96.7859583 96.8160893 
1309.0000000 96.5895397 96.6196707 
1310.0000000 96.3931212 96.4232522 
1311.0000000 96.1967026 96.2268336 
1312.0000000 96.0002841 96.0304151 
1313.0000000 95.8038655 95.8339965 
1314.0000000 95.6074469 95.6375780 
1315.0000000 95.4110284 95.4411594 
1316.0000000 95.2146098 95.2447409 
1317.0000000 95.0181913 95.0483223 
1318.0000000 94.8217727 94.8519038 
1319.0000000 94.6253542 94.6554852 
1320.0000000 94.4289356 94.4590667 
1321.0000000 94.2325171 94.2626481 
1322.0000000 94.0360985 94.0662296 
1323.0000000 93.8396800 93.8698110 
1324.0000000 93.6432614 93.6733925 
1325.0000000 93.4468429 93.4769739 
1326.0000000 93.2504243 93.2805554 
1327.0000000 93.0540058 93.0841368 
1328.0000000 92.8575872 92.8877183 
1329.0000000 92.6611687 92.6912997 
1330.0000000 92.4647501 92.4948812 
1331.0000000 92.2683316 92.2984626 
1332.0000000 92.0719130 92.1020441 
1333.0000000 91.8754945 91.9056255 
1334.0000000 91.6790759 91.7092070 
1335.0000000 91.4826574 91.5127884 
1336.0000000 91.2862388 91.3163699 
1337.0000000 91.0898203 91.1199513 
1338.0000000 90.8934017 90.9235328 
1339.0000000 90.6969832 90.7271142 
1340.0000000 90.5005646 90.5306957 
1341.0000000 90.3041461 90.3342771 
1342.0000000 90.1077275 90.1378586 
1343.0000000 89.9113090 89.9414400 
1344.0000000 89.7148904 89.7450215 
1345.0000000 89.5184719 89.5486029 
1346.0000000 89.3220533 89.3521844 
1347.0000000 89.1256348 89.1557658 
1348.0000000 88.9292162 88.9593473 
1349.0000000 88.7327977 88.7629287 
1350.0000000 88.5363791 88.5665102 
1351.0000000 88.3399606 88.3700916 
1352.0000000 88.1435420 88.1736731 
1353.0000000 87.9471235 87.9772545 
1354.0000000 87.7507049 87.7808360 
1355.0000000 87.5542864 87.5844174 
1356.0000000 87.3578678 87.3879989 
1357.0000000 87.1614493 87.1915803 
1358.0000000 86.9650307 86.9951618 
1359.0000000 86.7686122 86.7987432 
1360.0000000 86.5721936 86.6023247 
1361.0000000 86.3757751 86.4059061 
1362.0000000 86.1793565 86.2094876 
1363.0000000 85.9829380 86.0130690 
1364.0000000 85.7865194 85.8166505 
1365.0000000 85.5901009 85.6202319 
1366.0000000 85.3936823 85.4238134 
1367.0000000 85.1972638 85.2273948 
1368.0000000 85.0008452 85.0309763 
1369.0000000 84.8044267 84.8345577 
1370.0000000 84.6080081 84.6381392 
1371.0000000 84.4115896 84.4417206 
1372.0000000 84.2151710 84.2453021 
1373.0000000 84.0187525 84.0488835 
1374.0000000 83.8223339 83.8524650 
1375.0000000 83.6259154 83.6560464 
1376.0000000 83.4294968 83.4596279 
1377.0000000 83.2330783 83.2632093 
1378.0000000 83.0366597 83.0667908 
1379.0000000 82.8402412 82.8703722 
1380.0000000 82.6438226 82.6739537 
1381.0000000 82.4474041 82.4775351 
1382.0000000 82.2509855 82.2811166 
1383.0000000 82.0545670 82.0846980 
1384.0000000 81.8581484 81.8882795 
1385.0000000 81.6617299 81.6918609 
1386.0000000 81.4653113 81.4954424 
1387.0000000 81.2688928 81.2990238 
1388.0000000 81.0724742 81.1026053 
1389.0000000 80.8760557 80.9061867 
1390.0000000 80.6796371 80.7097682 
1391.0000000 80.4832186 80.5133496 
1392.0000000 80.2868000 80.3169311 
1393.0000000 80.0903815 80.1205125 
1394.0000000 79.8939629 79.9240940 
1395.0000000 79.6975444 79.7276754 
1396.0000000 79.5011258 79.5312569 
1397.0000000 79.3047073 79.3348383 
1398.0000000 79.1082887 79.1384198 
1399.0000000 78.9118702 78.9420012 
1400.0000000 78.7154516 78.7455827 
1401.0000000 78.5190331 78.5491641 
1402.0000000 78.3226145 78.3527456 
1403.0000000 78.1261960 78.1563270 
1404.0000000 77.9297774 77.9599085 
1405.0000000 77.7333589 77.7634899 
1406.0000000 77.5369403 77.5670713 
1407.0000000 77.3405218 77.3706528 
1408.0000000 77.1441032 77.1742342 
1409.0000000 76.9476847 76.9778157 
1410.0000000 76.7512661 76.7813971 
1411.0000000 76.5548476 76.5849786 
1412.0000000 76.3584290 76.3885600 
1413.0000000 76.1620105 76.1921415 
1414.0000000 75.9655919 75.9957229 
1415.0000000 75.7691734 75.7993044 
1416.0000000 75.5727548 75.6028858 
1417.0000000 75.3763363 75.4064673 
1418.0000000 75.1799177 75.2100487 
1419.0000000 74.9834992 75.0136302 
1420.0000000 74.7870806 74.8172116 
1421.0000000 74.5906621 74.6207931 
1422.0000000 74.3942435 74.4243745 
1423.0000000 74.1978250 74.2279560 
1424.0000000 74.0014064 74.0315374 
1425.0000000 73.8049879 73.8351189 
1426.0000000 73.6085693 73.6387003 
1427.0000000 73.4121508 73.4422818 
1428.0000000 73.2157322 73.2458632 
1429.0000000 73.0193137 73.0494447 
1430.0000000 72.8228951 72.8530261 
1431.0000000 72.6264766 72.6566076 
1432.0000000 72.4300580 72.4601890 
1433.0000000 72.2336395 72.2637705 
1434.0000000 72.0372209 72.0673519 
1435.0000000 71.8408024 71.8709334 
1436.0000000 71.6443838 71.6745148 
1437.0000000 71.4479653 71.4780963 
1438.0000000 71.2515467 71.2816777 
1439.0000000 71.0551282 71.0852592 
1440.0000000 70.8587096 70.8888406 
1441.0000000 70.6622911 70.6924221 
1442.0000000 70.4658725 70.4960035 
1443.0000000 70.2694540 70.2995850 
1444.0000000 70.0730354 70.1031664 
1445.0000000 69.8766169 69.9067479 
1446.0000000 69.6801983 69.7103293 
1447.0000000 69.4837798 69.5139108 
1448.0000000 69.2873612 69.3174922 
1449.0000000 69.0909427 69.1210737 
1450.0000000 68.8945241 68.9246551 
1451.0000000 68.6981056 68.7282366 
1452.0000000 68.5016870 68.5318180 
1453.0000000 68.3052685 68.3353995 
1454.0000000 68.1088499 68.1389809 
1455.0000000 67.9124314 67.9425624 
1456.0000000 67.7160128 67.7461438 
1457.0000000 67.5195943 67.5497253 
1458.0000000 67.3231757 67.3533067 
1459.0000000 67.1267572 67.1568882 
1460.0000000 66.9303386 66.9604696 
1461.0000000 66.7339201 66.7640511 
1462.0000000 66.5375015 66.5676325 
1463.0000000 66.3410830 66.3712140 
1464.0000000 66.1446644 66.1747954 
1465.0000000 65.9482458 65.9783769 
1466.0000000 65.7518273 65.7819583 
1467.0000000 65.5554087 65.5855398 
1468.0000000 65.3589902 65.3891212 
1469.0000000 65.1625716 65.1927027 
1470.0000000 64.9661531 64.9962841 
1471.0000000 64.7697345 64.7998656 
1472.0000000 64.5733160 64.6034470 
1473.0000000 64.3768974 64.4070285 
1474.0000000 64.1804789 64.2106099 
1475.0000000 63.9840603 64.0141914 
1476.0000000 63.7876418 63.8177728 
1477.0000000 63.5912232 63.6213543 
1478.0000000 63.3948047 63.4249357 
1479.0000000 63.1983861 63.2285172 
1480.0000000 63.0019676 63.0320986 
1481.0000000 62.8055490 62.8356801 
1482.0000000 62.6091305 62.6392615 
1483.0000000 62.4127119 62.4428430 
1484.0000000 62.2162934 62.2464244 
1485.0000000 62.0198748 62.0500059 
1486.0000000 61.8234563 61.8535873 
1487.0000000 61.6270377 61.6571688 
1488.0000000 61.4306192 61.4607502 
1489.0000000 61.2342006 61.2643317 
1490.0000000 61.0377821 61.0679131 
1491.0000000 60.8413635 60.8714946 
1492.0000000 60.6449450 60.6750760 
1493.0000000 60.4485264 60.4786575 
1494.0000000 60.2521079 60.2822389 
1495.0000000 60.0556893 60.0858204 
1496.0000000 59.8592708 59.8894018 
1497.0000000 59.6628522 59.6929833 
1498.0000000 59.4664337 59.4965647 
1499.0000000 59.2700151 59.3001462 
1500.0000000 59.0735966 59.1037276 
1501.0000000 58.8771780 58.9073091 
1502.0000000 58.6807595 58.7108905 
1503.0000000 58.4843409 58.5144720 
1504.0000000 58.2879224 58.3180534 
1505.0000000 58.0915038 58.1216349 
1506.0000000 57.8950853 57.9252163 
1507.0000000 57.6986667 57.7287978 
1508.0000000 57.5022482 57.5323792 
1509.0000000 57.3058296 57.3359607 
1510.0000000 57.1094111 57.1395421 
1511.0000000 56.9129925 56.9431236 
1512.0000000 56.7165740 56.7467050 
1513.0000000 56.5201554 56.5502865 
1514.0000000 56.3237369 56.3538679 
1515.0000000 56.1273183 56.1574494 
1516.0000000 55.9308998 55.9610308 
1517.0000000 55.7344812 55.7646123 
1518.0000000 55.5380627 55.5681937 
1519.0000000 55.3416441 55.3717752 
1520.0000000 55.1452256 55.1753566 
1521.0000000 54.9488070 54.9789381 
1522.0000000 54.7523885 54.7825195 
1523.0000000 54.5559699 54.5861010 
1524.0000000 54.3595514 54.3896824 
1525.0000000 54.1631328 54.1932639 
1526.0000000 53.9667143 53.9968453 
1527.0000000 53.7702957 53.8004268 
1528.0000000 53.5738772 53.6040082 
1529.0000000 53.3774586 53.4075897 
1530.0000000 53.1810401 53.2111711 
1531.0000000 52.9846215 53.0147526 
1532.0000000 52.7882030 52.8183340 
1533.0000000 52.5917844 52.6219155 
1534.0000000 52.3953659 52.4254969 
1535.0000000 52.1989473 52.2290784 
1536.0000000 52.0025288 52.0326598 
1537.0000000 51.8061102 51.8362413 
1538.0000000 51.6096917 51.6398227 
1539.0000000 51.4132731 51.4434042 
1540.0000000 51.2168546 51.2469856 
1541.0000000 51.0204360 51.0505671 
1542.0000000 50.8240175 50.8541485 
1543.0000000 50.6275989 50.6577300 
1544.0000000 50.4311804 50.4613114 
1545.0000000 50.2347618 50.2648929 
1546.0000000 50.0383433 50.0684743 
1547.0000000 49.8419247 49.8720558 
1548.0000000 49.6455062 49.6756372 
1549.0000000 49.4490876 49.4792187 
1550.0000000 49.2526691 49.2828001 
1551.0000000 49.0562505 49.0863816 
1552.0000000 48.8598320 48.8899630 
1553.0000000 48.6634134 48.6935445 
1554.0000000 48.4669949 48.4971259 
1555.0000000 48.2705763 48.3007074 
1556.0000000 48.0741578 48.1042888 
1557.0000000 47.8777392 47.9078702 
1558.0000000 47.6813207 47.7114517 
1559.0000000 47.4849021 47.5150331 
1560.0000000 47.2884836 47.3186146 
1561.0000000 47.0920650 47.1221960 
1562.0000000 46.8956465 46.9257775 
1563.0000000 46.6992279 46.7293589 
1564.0000000 46.5028094 46.5329404 
1565.0000000 46.3063908 46.3365218 
1566.0000000 46.1099723 46.1401033 
1567.0000000 45.9135537 45.9436847 
1568.0000000 45.7171352 45.7472662 
1569.0000000 45.5207166 45.5508476 
1570.0000000 45.3242981 45.3544291 
1571.0000000 45.1278795 45.1580105 
1572.0000000 44.9314610 44.9615920 
1573.0000000 44.7350424 44.7651734 
1574.0000000 44.5386239 44.5687549 
1575.0000000 44.3422053 44.3723363 
1576.0000000 44.1457868 44.1759178 
1577.0000000 43.9493682 43.9794992 
1578.0000000 43.7529497 43.7830807 
1579.0000000 43.5565311 43.5866621 
1580.0000000 43.3601126 43.3902436 
1581.0000000 43.1636940 43.1938250 
1582.0000000 42.9672755 42.9974065 
1583.0000000 42.7708569 42.8009879 
1584.0000000 42.5744384 42.6045694 
1585.0000000 42.3780198 42.4081508 
1586.0000000 42.1816013 42.2117323 
1587.0000000 41.9851827 42.0153137 
1588.0000000 41.7887642 41.8188952 
1589.0000000 41.5923456 41.6224766 
1590.0000000 41.3959271 41.4260581 
1591.0000000 41.1995085 41.2296395 
1592.0000000 41.0030900 41.0332210 
1593.0000000 40.8066714 40.8368024 
1594.0000000 40.6102529 40.6403839 
1595.0000000 40.4138343 40.4439653 
1596.0000000 40.2174158 40.2475468 
1597.0000000 40.0209972 40.0511282 
1598.0000000 39.8245787 39.8547097 
1599.0000000 39.6281601 39.6582911 
1600.0000000 39.4317416 39.4618726 
1601.0000000 39.2353230 39.2654540 
1602.0000000 39.0389045 39.0690355 
1603.0000000 38.8424859 38.8726169 
1604.0000000 38.6460674 38.6761984 
1605.0000000 38.4496488 38.4797798 
1606.0000000 38.2532303 38.2833613 
1607.0000000 38.0568117 38.0869427 
1608.0000000 37.8603932 37.8905242 
1609.0000000 37.6639746 37.6941056 
1610.0000000 37.4675561 37.4976871 
1611.0000000 37.2711375 37.3012685 
1612.0000000 37.0747190 37.1048500 
1613.0000000 36.8783004 36.9084314 
1614.0000000 36.6818819 36.7120129 
1615.0000000 36.4854633 36.5155943 
1616.0000000 36.2890448 36.3191758 
1617.0000000 36.0926262 36.1227572 
1618.0000000 35.8962076 35.9263387 
1619.0000000 35.6997891 35.7299201 
1620.0000000 35.5033705 35.5335016 
1621.0000000 35.3069520 35.3370830 
1622.0000000 35.1105334 35.1406645 
1623.0000000 34.9141149 34.9442459 
1624.0000000 34.7176963 34.7478274 
1625.0000000 34.5212778 34.5514088 
1626.0000000 34.3248592 34.3549903 
1627.0000000 34.1284407 34.1585717 
1628.0000000 33.9320221 33.9621532 
1629.0000000 33.7356036 33.7657346 
1630.0000000 33.5391850 33.5693161 
1631.0000000 33.3427665 33.3728975 
1632.0000000 33.1463479 33.1764790 
1633.0000000 32.9499294 32.9800604 
1634.0000000 32.7535108 32.7836419 
1635.0000000 32.5570923 32.5872233 
1636.0000000 32.3606737 32.3908048 
1637.0000000 32.1642552 32.1943862 
1638.0000000 31.9678366 31.9979677 
1639.0000000 31.7714181 31.8015491 
1640.0000000 31.5749995 31.6051306 
1641.0000000 31.3785810 31.4087120 
1642.0000000 31.1821624 31.2122935 
1643.0000000 30.9857439 31.0158749 
1644.0000000 30.7893253 30.8194564 
1645.0000000 30.5929068 30.6230378 
1646.0000000 30.3964882 30.4266193 
1647.0000000 30.2000697 30.2302007 
1648.0000000 30.0036511 30.0337822 
1649.0000000 29.8072326 29.8373636 
1650.0000000 29.6108140 29.6409451 
1651.0000000 29.4143955 29.4445265 
1652.0000000 29.2179769 29.2481080 
1653.0000000 29.0215584 29.0516894 
1654.0000000 28.8251398 28.8552709 
1655.0000000 28.6287213 28.6588523 
1656.0000000 28.4323027 28.4624338 
1657.0000000 28.2358842 28.2660152 
1658.0000000 28.0394656 28.0695967 
1659.0000000 27.8430471 27.8731781 
1660.0000000 27.6466285 27.6767596 
1661.0000000 27.4502100 27.4803410 
1662.0000000 27.2537914 27.2839225 
1663.0000000 27.0573729 27.0875039 
1664.0000000 26.8609543 26.8910854 
1665.0000000 26.6645358 26.6946668 
1666.0000000 26.4681172 26.4982483 
1667.0000000 26.2716987 26.3018297 
1668.0000000 26.0752801 26.1054112 
1669.0000000 25.8788616 25.9089926 
1670.0000000 25.6824430 25.7125741 
1671.0000000 25.4860245 25.5161555 
1672.0000000 25.2896059 25.3197370 
1673.0000000 25.0931874 25.1233184 
1674.0000000 24.8967688 24.9268999 
1675.0000000 24.7003503 24.7304813 
1676.0000000 24.5039317 24.5340628 
1677.0000000 24.3075132 24.3376442 
1678.0000000 24.1110946 24.1412257 
1679.0000000 23.9146761 23.9448071 
1680.0000000 23.7182575 23.7483886 
1681.0000000 23.5218390 23.5519700 
1682.0000000 23.3254204 23.3555515 
1683.0000000 23.1290019 23.1591329 
1684.0000000 22.9325833 22.9627144 
1685.0000000 22.7361648 22.7662958 
1686.0000000 22.5397462 22.5698773 
1687.0000000 22.3433277 22.3734587 
1688.0000000 22.1469091 22.1770402 
1689.0000000 21.9504906 21.9806216 
1690.0000000 21.7540720 21.7842031 
1691.0000000 21.5576535 21.5877845 
1692.0000000 21.3612349 21.3913660 
1693.0000000 21.1648164 21.1949474 
1694.0000000 20.9683978 20.9985289 
1695.0000000 20.7719793 20.8021103 
1696.0000000 20.5755607 20.6056918 
1697.0000000 20.3791422 20.4092732 
1698.0000000 20.1827236 20.2128547 
1699.0000000 19.9863051 20.0164361 
1700.0000000 19.7898865 19.8200176 
1701.0000000 19.5934680 19.6235990 
1702.0000000 19.3970494 19.4271805 
1703.0000000 19.2006309 19.2307619 
1704.0000000 19.0042123 19.0343434 
1705.0000000 18.8077938 18.8379248 
1706.0000000 18.6113752 18.6415063 
1707.0000000 18.4149567 18.4450877 
1708.0000000 18.2185381 18.2486691 
1709.0000000 18.0221196 18.0522506 
1710.0000000 17.8257010 17.8558320 
1711.0000000 17.6292825 17.6594135 
1712.0000000 17.4328639 17.4629949 
1713.0000000 17.2364454 17.2665764 
1714.0000000 17.0400268 17.0701578 
1715.0000000 16.8436083 16.8737393 
1716.0000000 16.6471897 16.6773207 
1717.0000000 16.4507712 16.4809022 
1718.0000000 16.2543526 16.2844836 
1719.0000000 16.0579341 16.0880651 
1720.0000000 15.8615155 15.8916465 
1721.0000000 15.6650970 15.6952280 
1722.0000000 15.4686784 15.4988094 
1723.0000000 15.2722599 15.3023909 
1724.0000000 15.0758413 15.1059723 
1725.0000000 14.8794228 14.9095538 
1726.0000000 14.6830042 14.7131352 
1727.0000000 14.4865857 14.5167167 
1728.0000000 14.2901671 14.3202981 
1729.0000000 14.0937486 14.1238796 
1730.0000000 13.8973300 13.9274610 
1731.0000000 13.7009115 13.7310425 
1732.0000000 13.5044929 13.5346239 
1733.0000000 13.3080744 13.3382054 
1734.0000000 13.1116558 13.1417868 
1735.0000000 12.9152373 12.9453683 
1736.0000000 12.7188187 12.7489497 
1737.0000000 12.5224002 12.5525312 
1738.0000000 12.3259816 12.3561126 
1739.0000000 12.1295631 12.1596941 
1740.0000000 11.9331445 11.9632755 
1741.0000000 11.7367260 11.7668570 
1742.0000000 11.5403074 11.5704384 
1743.0000000 11.3438889 11.3740199 
1744.0000000 11.1474703 11.1776013 
1745.0000000 10.9510518 10.9811828 
1746.0000000 10.7546332 10.7847642 
1747.0000000 10.5582147 10.5883457 
1748.0000000 10.3617961 10.3919271 
1749.0000000 10.1653776 10.1955086 
1750.0000000 9.9689590 9.9990900 
1751.0000000 9.7725405 9.8026715 
1752.0000000 9.5761219 9.6062529 
1753.0000000 9.3797034 9.4098344 
1754.0000000 9.1832848 9.2134158 
1755.0000000 8.9868663 9.0169973 
1756.0000000 8.7904477 8.8205787 
1757.0000000 8.5940292 8.6241602 
1758.0000000 8.3976106 8.4277416 
1759.0000000 8.2011921 8.2313231 
1760.0000000 8.0047735 8.0349045 
1761.0000000 7.8083550 7.8384860 
1762.0000000 7.6119364 7.6420674 
1763.0000000 7.4155179 7.4456489 
1764.0000000 7.2190993 7.2492303 
1765.0000000 7.0226808 7.0528118 
1766.0000000 6.8262622 6.8563932 
1767.0000000 6.6298437 6.6599747 
1768.0000000 6.4334251 6.4635561 
1769.0000000 6.2370065 6.2671376 
1770.0000000 6.0405880 6.0707190 
1771.0000000 5.8441694 5.8743005 
1772.0000000 5.6477509 5.6778819 
1773.0000000 5.4513323 5.4814634 
1774.0000000 5.2549138 5.2850448 
1775.0000000 5.0584952 5.0886263 
1776.0000000 4.8620767 4.8922077 
1777.0000000 4.6656581 4.6957892 
1778.0000000 4.4692396 4.4993706 
1779.0000000 4.2728210 4.3029521 
1780.0000000 4.0764025 4.1065335 
1781.0000000 3.8799839 3.9101150 
1782.0000000 3.6835654 3.7136964 
1783.0000000 3.4871468 3.5172779 
1784.0000000 3.2907283 3.3208593 
1785.0000000 3.0943097 3.1244408 
1786.0000000 2.8978912 2.9280222 
1787.0000000 2.7014726 2.7316037 
1788.0000000 2.5050541 2.5351851 
1789.0000000 2.3086355 2.3387666 
1790.0000000 2.1122170 2.1423480 
1791.0000000 1.9157984 1.9459295 
1792.0000000 1.7193799 1.7495109 
1793.0000000 1.5229613 1.5530924 
1794.0000000 1.3265428 1.3566738 
1795.0000000 1.1301242 1.1602553 
1796.0000000 0.9337057 0.9638367 
1797.0000000 0.7372871 0.7674182 
1798.0000000 0.5408686 0.5709996 
1799.0000000 0.3444500 0.3745811 
1800.0000000 0.1480315 0.1781625 

