1.0000000 353.4977399 353.4768741 
2.0000000 353.3013214 353.2804556 
3.0000000 353.1049028 353.0840370 
4.0000000 352.9084843 352.8876185 
5.0000000 352.7120657 352.6911999 
6.0000000 352.5156472 352.4947814 
7.0000000 352.3192286 352.2983628 
8.0000000 352.1228101 352.1019443 
9.0000000 351.9263915 351.9055257 
10.0000000 351.7299730 351.7091072 
11.0000000 351.5335544 351.5126886 
12.0000000 351.3371359 351.3162701 
13.0000000 351.1407173 351.1198515 
14.0000000 350.9442988 350.9234330 
15.0000000 350.7478802 350.7270144 
16.0000000 350.5514617 350.5305959 
17.0000000 350.3550431 350.3341773 
18.0000000 350.1586246 350.1377588 
19.0000000 349.9622060 349.9413402 
20.0000000 349.7657875 349.7449217 
21.0000000 349.5693689 349.5485031 
22.0000000 349.3729504 349.3520846 
23.0000000 349.1765318 349.1556660 
24.0000000 348.9801133 348.9592475 
25.0000000 348.7836947 348.7628289 
26.0000000 348.5872762 348.5664104 
27.0000000 348.3908576 348.3699918 
28.0000000 348.1944391 348.1735733 
29.0000000 347.9980205 347.9771547 
30.0000000 347.8016020 347.7807362 
31.0000000 347.6051834 347.5843176 
32.0000000 347.4087649 347.3878991 
33.0000000 347.2123463 347.1914805 
34.0000000 347.0159278 346.9950620 
35.0000000 346.8195092 346.7986434 
36.0000000 346.6230907 346.6022249 
37.0000000 346.4266721 346.4058063 
38.0000000 346.2302536 346.2093878 
39.0000000 346.0338350 346.0129692 
40.0000000 345.8374165 345.8165507 
41.0000000 345.6409979 345.6201321 
42.0000000 345.4445794 345.4237136 
43.0000000 345.2481608 345.2272950 
44.0000000 345.0517423 345.0308765 
45.0000000 344.8553237 344.8344579 
46.0000000 344.6589052 344.6380394 
47.0000000 344.4624866 344.4416208 
48.0000000 344.2660681 344.2452023 
49.0000000 344.0696495 344.0487837 
50.0000000 343.8732310 343.8523652 
51.0000000 343.6768124 343.6559466 
52.0000000 343.4803939 343.4595281 
53.0000000 343.2839753 343.2631095 
54.0000000 343.0875568 343.0666910 
55.0000000 342.8911382 342.8702724 
56.0000000 342.6947197 342.6738539 
57.0000000 342.4983011 342.4774353 
58.0000000 342.3018826 342.2810168 
59.0000000 342.1054640 342.0845982 
60.0000000 341.9090455 341.8881797 
61.0000000 341.7126269 341.6917611 
62.0000000 341.5162084 341.4953426 
63.0000000 341.3197898 341.2989240 
64.0000000 341.1233713 341.1025055 
65.0000000 340.9269527 340.9060869 
66.0000000 340.7305342 340.7096684 
67.0000000 340.5341156 340.5132498 
68.0000000 340.3376971 340.3168313 
69.0000000 340.1412785 340.1204127 
70.0000000 339.9448600 339.9239942 
71.0000000 339.7484414 339.7275756 
72.0000000 339.5520229 339.5311571 
73.0000000 339.3556043 339.3347385 
74.0000000 339.1591858 339.1383199 
75.0000000 338.9627672 338.9419014 
76.0000000 338.7663487 338.7454828 
77.0000000 338.5699301 338.5490643 
78.0000000 338.3735116 338.3526457 
79.0000000 338.1770930 338.1562272 
80.0000000 337.9806745 337.9598086 
81.0000000 337.7842559 337.7633901 
82.0000000 337.5878374 337.5669715 
83.0000000 337.3914188 337.3705530 
84.0000000 337.1950003 337.1741344 
85.0000000 336.9985817 336.9777159 
86.0000000 336.8021632 336.7812973 
87.0000000 336.6057446 336.5848788 
88.0000000 336.4093261 336.3884602 
89.0000000 336.2129075 336.1920417 
90.0000000 336.0164890 335.9956231 
91.0000000 335.8200704 335.7992046 
92.0000000 335.6236519 335.6027860 
93.0000000 335.4272333 335.4063675 
94.0000000 335.2308148 335.2099489 
95.0000000 335.0343962 335.0135304 
96.0000000 334.8379777 334.8171118 
97.0000000 334.6415591 334.6206933 
98.0000000 334.4451406 334.4242747 
99.0000000 334.2487220 334.2278562 
100.0000000 334.0523035 334.0314376 
101.0000000 333.8558849 333.8350191 
102.0000000 333.6594664 333.6386005 
103.0000000 333.4630478 333.4421820 
104.0000000 333.2666293 333.2457634 
105.0000000 333.0702107 333.0493449 
106.0000000 332.8737922 332.8529263 
107.0000000 332.6773736 332.6565078 
108.0000000 332.4809551 332.4600892 
109.0000000 332.2845365 332.2636707 
110.0000000 332.0881180 332.0672521 
111.0000000 331.8916994 331.8708336 
112.0000000 331.6952809 331.6744150 
113.0000000 331.4988623 331.4779965 
114.0000000 331.3024438 331.2815779 
115.0000000 331.1060252 331.0851594 
116.0000000 330.9096067 330.8887408 
117.0000000 330.7131881 330.6923223 
118.0000000 330.5167696 330.4959037 
119.0000000 330.3203510 330.2994852 
120.0000000 330.1239325 330.1030666 
121.0000000 329.9275139 329.9066481 
122.0000000 329.7310954 329.7102295 
123.0000000 329.5346768 329.5138110 
124.0000000 329.3382582 329.3173924 
125.0000000 329.1418397 329.1209739 
126.0000000 328.9454211 328.9245553 
127.0000000 328.7490026 328.7281368 
128.0000000 328.5525840 328.5317182 
129.0000000 328.3561655 328.3352997 
130.0000000 328.1597469 328.1388811 
131.0000000 327.9633284 327.9424626 
132.0000000 327.7669098 327.7460440 
133.0000000 327.5704913 327.5496255 
134.0000000 327.3740727 327.3532069 
135.0000000 327.1776542 327.1567884 
136.0000000 326.9812356 326.9603698 
137.0000000 326.7848171 326.7639513 
138.0000000 326.5883985 326.5675327 
139.0000000 326.3919800 326.3711142 
140.0000000 326.1955614 326.1746956 
141.0000000 325.9991429 325.9782771 
142.0000000 325.8027243 325.7818585 
143.0000000 325.6063058 325.5854400 
144.0000000 325.4098872 325.3890214 
145.0000000 325.2134687 325.1926029 
146.0000000 325.0170501 324.9961843 
147.0000000 324.8206316 324.7997658 
148.0000000 324.6242130 324.6033472 
149.0000000 324.4277945 324.4069287 
150.0000000 324.2313759 324.2105101 
151.0000000 324.0349574 324.0140916 
152.0000000 323.8385388 323.8176730 
153.0000000 323.6421203 323.6212545 
154.0000000 323.4457017 323.4248359 
155.0000000 323.2492832 323.2284174 
156.0000000 323.0528646 323.0319988 
157.0000000 322.8564461 322.8355803 
158.0000000 322.6600275 322.6391617 
159.0000000 322.4636090 322.4427432 
160.0000000 322.2671904 322.2463246 
161.0000000 322.0707719 322.0499061 
162.0000000 321.8743533 321.8534875 
163.0000000 321.6779348 321.6570690 
164.0000000 321.4815162 321.4606504 
165.0000000 321.2850977 321.2642319 
166.0000000 321.0886791 321.0678133 
167.0000000 320.8922606 320.8713948 
168.0000000 320.6958420 320.6749762 
169.0000000 320.4994235 320.4785577 
170.0000000 320.3030049 320.2821391 
171.0000000 320.1065864 320.0857206 
172.0000000 319.9101678 319.8893020 
173.0000000 319.7137493 319.6928835 
174.0000000 319.5173307 319.4964649 
175.0000000 319.3209122 319.3000464 
176.0000000 319.1244936 319.1036278 
177.0000000 318.9280751 318.9072093 
178.0000000 318.7316565 318.7107907 
179.0000000 318.5352380 318.5143722 
180.0000000 318.3388194 318.3179536 
181.0000000 318.1424009 318.1215351 
182.0000000 317.9459823 317.9251165 
183.0000000 317.7495638 317.7286980 
184.0000000 317.5531452 317.5322794 
185.0000000 317.3567267 317.3358609 
186.0000000 317.1603081 317.1394423 
187.0000000 316.9638896 316.9430238 
188.0000000 316.7674710 316.7466052 
189.0000000 316.5710525 316.5501867 
190.0000000 316.3746339 316.3537681 
191.0000000 316.1782154 316.1573496 
192.0000000 315.9817968 315.9609310 
193.0000000 315.7853783 315.7645125 
194.0000000 315.5889597 315.5680939 
195.0000000 315.3925412 315.3716754 
196.0000000 315.1961226 315.1752568 
197.0000000 314.9997041 314.9788383 
198.0000000 314.8032855 314.7824197 
199.0000000 314.6068670 314.5860012 
200.0000000 314.4104484 314.3895826 
201.0000000 314.2140299 314.1931641 
202.0000000 314.0176113 313.9967455 
203.0000000 313.8211928 313.8003270 
204.0000000 313.6247742 313.6039084 
205.0000000 313.4283557 313.4074899 
206.0000000 313.2319371 313.2110713 
207.0000000 313.0355186 313.0146528 
208.0000000 312.8391000 312.8182342 
209.0000000 312.6426815 312.6218157 
210.0000000 312.4462629 312.4253971 
211.0000000 312.2498444 312.2289786 
212.0000000 312.0534258 312.0325600 
213.0000000 311.8570073 311.8361415 
214.0000000 311.6605887 311.6397229 
215.0000000 311.4641702 311.4433044 
216.0000000 311.2677516 311.2468858 
217.0000000 311.0713331 311.0504673 
218.0000000 310.8749145 310.8540487 
219.0000000 310.6784960 310.6576302 
220.0000000 310.4820774 310.4612116 
221.0000000 310.2856589 310.2647931 
222.0000000 310.0892403 310.0683745 
223.0000000 309.8928218 309.8719560 
224.0000000 309.6964032 309.6755374 
225.0000000 309.4999847 309.4791188 
226.0000000 309.3035661 309.2827003 
227.0000000 309.1071476 309.0862817 
228.0000000 308.9107290 308.8898632 
229.0000000 308.7143105 308.6934446 
230.0000000 308.5178919 308.4970261 
231.0000000 308.3214734 308.3006075 
232.0000000 308.1250548 308.1041890 
233.0000000 307.9286363 307.9077704 
234.0000000 307.7322177 307.7113519 
235.0000000 307.5357992 307.5149333 
236.0000000 307.3393806 307.3185148 
237.0000000 307.1429621 307.1220962 
238.0000000 306.9465435 306.9256777 
239.0000000 306.7501250 306.7292591 
240.0000000 306.5537064 306.5328406 
241.0000000 306.3572879 306.3364220 
242.0000000 306.1608693 306.1400035 
243.0000000 305.9644508 305.9435849 
244.0000000 305.7680322 305.7471664 
245.0000000 305.5716137 305.5507478 
246.0000000 305.3751951 305.3543293 
247.0000000 305.1787766 305.1579107 
248.0000000 304.9823580 304.9614922 
249.0000000 304.7859395 304.7650736 
250.0000000 304.5895209 304.5686551 
251.0000000 304.3931024 304.3722365 
252.0000000 304.1966838 304.1758180 
253.0000000 304.0002653 303.9793994 
254.0000000 303.8038467 303.7829809 
255.0000000 303.6074282 303.5865623 
256.0000000 303.4110096 303.3901438 
257.0000000 303.2145911 303.1937252 
258.0000000 303.0181725 302.9973067 
259.0000000 302.8217540 302.8008881 
260.0000000 302.6253354 302.6044696 
261.0000000 302.4289169 302.4080510 
262.0000000 302.2324983 302.2116325 
263.0000000 302.0360798 302.0152139 
264.0000000 301.8396612 301.8187954 
265.0000000 301.6432427 301.6223768 
266.0000000 301.4468241 301.4259583 
267.0000000 301.2504056 301.2295397 
268.0000000 301.0539870 301.0331212 
269.0000000 300.8575685 300.8367026 
270.0000000 300.6611499 300.6402841 
271.0000000 300.4647314 300.4438655 
272.0000000 300.2683128 300.2474470 
273.0000000 300.0718943 300.0510284 
274.0000000 299.8754757 299.8546099 
275.0000000 299.6790571 299.6581913 
276.0000000 299.4826386 299.4617728 
277.0000000 299.2862200 299.2653542 
278.0000000 299.0898015 299.0689357 
279.0000000 298.8933829 298.8725171 
280.0000000 298.6969644 298.6760986 
281.0000000 298.5005458 298.4796800 
282.0000000 298.3041273 298.2832615 
283.0000000 298.1077087 298.0868429 
284.0000000 297.9112902 297.8904244 
285.0000000 297.7148716 297.6940058 
286.0000000 297.5184531 297.4975873 
287.0000000 297.3220345 297.3011687 
288.0000000 297.1256160 297.1047502 
289.0000000 296.9291974 296.9083316 
290.0000000 296.7327789 296.7119131 
291.0000000 296.5363603 296.5154945 
292.0000000 296.3399418 296.3190760 
293.0000000 296.1435232 296.1226574 
294.0000000 295.9471047 295.9262389 
295.0000000 295.7506861 295.7298203 
296.0000000 295.5542676 295.5334018 
297.0000000 295.3578490 295.3369832 
298.0000000 295.1614305 295.1405647 
299.0000000 294.9650119 294.9441461 
300.0000000 294.7685934 294.7477276 
301.0000000 294.5721748 294.5513090 
302.0000000 294.3757563 294.3548905 
303.0000000 294.1793377 294.1584719 
304.0000000 293.9829192 293.9620534 
305.0000000 293.7865006 293.7656348 
306.0000000 293.5900821 293.5692163 
307.0000000 293.3936635 293.3727977 
308.0000000 293.1972450 293.1763792 
309.0000000 293.0008264 292.9799606 
310.0000000 292.8044079 292.7835421 
311.0000000 292.6079893 292.5871235 
312.0000000 292.4115708 292.3907050 
313.0000000 292.2151522 292.1942864 
314.0000000 292.0187337 291.9978679 
315.0000000 291.8223151 291.8014493 
316.0000000 291.6258966 291.6050308 
317.0000000 291.4294780 291.4086122 
318.0000000 291.2330595 291.2121937 
319.0000000 291.0366409 291.0157751 
320.0000000 290.8402224 290.8193566 
321.0000000 290.6438038 290.6229380 
322.0000000 290.4473853 290.4265195 
323.0000000 290.2509667 290.2301009 
324.0000000 290.0545482 290.0336824 
325.0000000 289.8581296 289.8372638 
326.0000000 289.6617111 289.6408453 
327.0000000 289.4652925 289.4444267 
328.0000000 289.2688740 289.2480082 
329.0000000 289.0724554 289.0515896 
330.0000000 288.8760369 288.8551711 
331.0000000 288.6796183 288.6587525 
332.0000000 288.4831998 288.4623340 
333.0000000 288.2867812 288.2659154 
334.0000000 288.0903627 288.0694969 
335.0000000 287.8939441 287.8730783 
336.0000000 287.6975256 287.6766598 
337.0000000 287.5011070 287.4802412 
338.0000000 287.3046885 287.2838227 
339.0000000 287.1082699 287.0874041 
340.0000000 286.9118514 286.8909856 
341.0000000 286.7154328 286.6945670 
342.0000000 286.5190143 286.4981485 
343.0000000 286.3225957 286.3017299 
344.0000000 286.1261772 286.1053114 
345.0000000 285.9297586 285.9088928 
346.0000000 285.7333401 285.7124743 
347.0000000 285.5369215 285.5160557 
348.0000000 285.3405030 285.3196372 
349.0000000 285.1440844 285.1232186 
350.0000000 284.9476659 284.9268001 
351.0000000 284.7512473 284.7303815 
352.0000000 284.5548288 284.5339630 
353.0000000 284.3584102 284.3375444 
354.0000000 284.1619917 284.1411259 
355.0000000 283.9655731 283.9447073 
356.0000000 283.7691546 283.7482888 
357.0000000 283.5727360 283.5518702 
358.0000000 283.3763175 283.3554517 
359.0000000 283.1798989 283.1590331 
360.0000000 282.9834804 282.9626146 
361.0000000 282.7870618 282.7661960 
362.0000000 282.5906433 282.5697775 
363.0000000 282.3942247 282.3733589 
364.0000000 282.1978062 282.1769404 
365.0000000 282.0013876 281.9805218 
366.0000000 281.8049691 281.7841033 
367.0000000 281.6085505 281.5876847 
368.0000000 281.4121320 281.3912662 
369.0000000 281.2157134 281.1948476 
370.0000000 281.0192949 280.9984291 
371.0000000 280.8228763 280.8020105 
372.0000000 280.6264578 280.6055920 
373.0000000 280.4300392 280.4091734 
374.0000000 280.2336207 280.2127549 
375.0000000 280.0372021 280.0163363 
376.0000000 279.8407836 279.8199177 
377.0000000 279.6443650 279.6234992 
378.0000000 279.4479465 279.4270806 
379.0000000 279.2515279 279.2306621 
380.0000000 279.0551094 279.0342435 
381.0000000 278.8586908 278.8378250 
382.0000000 278.6622723 278.6414064 
383.0000000 278.4658537 278.4449879 
384.0000000 278.2694352 278.2485693 
385.0000000 278.0730166 278.0521508 
386.0000000 277.8765981 277.8557322 
387.0000000 277.6801795 277.6593137 
388.0000000 277.4837610 277.4628951 
389.0000000 277.2873424 277.2664766 
390.0000000 277.0909239 277.0700580 
391.0000000 276.8945053 276.8736395 
392.0000000 276.6980868 276.6772209 
393.0000000 276.5016682 276.4808024 
394.0000000 276.3052497 276.2843838 
395.0000000 276.1088311 276.0879653 
396.0000000 275.9124126 275.8915467 
397.0000000 275.7159940 275.6951282 
398.0000000 275.5195755 275.4987096 
399.0000000 275.3231569 275.3022911 
400.0000000 275.1267384 275.1058725 
401.0000000 274.9303198 274.9094540 
402.0000000 274.7339013 274.7130354 
403.0000000 274.5374827 274.5166169 
404.0000000 274.3410642 274.3201983 
405.0000000 274.1446456 274.1237798 
406.0000000 273.9482271 273.9273612 
407.0000000 273.7518085 273.7309427 
408.0000000 273.5553900 273.5345241 
409.0000000 273.3589714 273.3381056 
410.0000000 273.1625529 273.1416870 
411.0000000 272.9661343 272.9452685 
412.0000000 272.7697158 272.7488499 
413.0000000 272.5732972 272.5524314 
414.0000000 272.3768787 272.3560128 
415.0000000 272.1804601 272.1595943 
416.0000000 271.9840416 271.9631757 
417.0000000 271.7876230 271.7667572 
418.0000000 271.5912045 271.5703386 
419.0000000 271.3947859 271.3739201 
420.0000000 271.1983674 271.1775015 
421.0000000 271.0019488 270.9810830 
422.0000000 270.8055303 270.7846644 
423.0000000 270.6091117 270.5882459 
424.0000000 270.4126932 270.3918273 
425.0000000 270.2162746 270.1954088 
426.0000000 270.0198560 269.9989902 
427.0000000 269.8234375 269.8025717 
428.0000000 269.6270189 269.6061531 
429.0000000 269.4306004 269.4097346 
430.0000000 269.2341818 269.2133160 
431.0000000 269.0377633 269.0168975 
432.0000000 268.8413447 268.8204789 
433.0000000 268.6449262 268.6240604 
434.0000000 268.4485076 268.4276418 
435.0000000 268.2520891 268.2312233 
436.0000000 268.0556705 268.0348047 
437.0000000 267.8592520 267.8383862 
438.0000000 267.6628334 267.6419676 
439.0000000 267.4664149 267.4455491 
440.0000000 267.2699963 267.2491305 
441.0000000 267.0735778 267.0527120 
442.0000000 266.8771592 266.8562934 
443.0000000 266.6807407 266.6598749 
444.0000000 266.4843221 266.4634563 
445.0000000 266.2879036 266.2670378 
446.0000000 266.0914850 266.0706192 
447.0000000 265.8950665 265.8742007 
448.0000000 265.6986479 265.6777821 
449.0000000 265.5022294 265.4813636 
450.0000000 265.3058108 265.2849450 
451.0000000 265.1093923 265.0885265 
452.0000000 264.9129737 264.8921079 
453.0000000 264.7165552 264.6956894 
454.0000000 264.5201366 264.4992708 
455.0000000 264.3237181 264.3028523 
456.0000000 264.1272995 264.1064337 
457.0000000 263.9308810 263.9100152 
458.0000000 263.7344624 263.7135966 
459.0000000 263.5380439 263.5171781 
460.0000000 263.3416253 263.3207595 
461.0000000 263.1452068 263.1243410 
462.0000000 262.9487882 262.9279224 
463.0000000 262.7523697 262.7315039 
464.0000000 262.5559511 262.5350853 
465.0000000 262.3595326 262.3386668 
466.0000000 262.1631140 262.1422482 
467.0000000 261.9666955 261.9458297 
468.0000000 261.7702769 261.7494111 
469.0000000 261.5738584 261.5529926 
470.0000000 261.3774398 261.3565740 
471.0000000 261.1810213 261.1601555 
472.0000000 260.9846027 260.9637369 
473.0000000 260.7881842 260.7673184 
474.0000000 260.5917656 260.5708998 
475.0000000 260.3953471 260.3744813 
476.0000000 260.1989285 260.1780627 
477.0000000 260.0025100 259.9816442 
478.0000000 259.8060914 259.7852256 
479.0000000 259.6096729 259.5888071 
480.0000000 259.4132543 259.3923885 
481.0000000 259.2168358 259.1959700 
482.0000000 259.0204172 258.9995514 
483.0000000 258.8239987 258.8031329 
484.0000000 258.6275801 258.6067143 
485.0000000 258.4311616 258.4102958 
486.0000000 258.2347430 258.2138772 
487.0000000 258.0383245 258.0174587 
488.0000000 257.8419059 257.8210401 
489.0000000 257.6454874 257.6246216 
490.0000000 257.4490688 257.4282030 
491.0000000 257.2526503 257.2317845 
492.0000000 257.0562317 257.0353659 
493.0000000 256.8598132 256.8389474 
494.0000000 256.6633946 256.6425288 
495.0000000 256.4669761 256.4461103 
496.0000000 256.2705575 256.2496917 
497.0000000 256.0741390 256.0532732 
498.0000000 255.8777204 255.8568546 
499.0000000 255.6813019 255.6604361 
500.0000000 255.4848833 255.4640175 
501.0000000 255.2884648 255.2675990 
502.0000000 255.0920462 255.0711804 
503.0000000 254.8956277 254.8747619 
504.0000000 254.6992091 254.6783433 
505.0000000 254.5027906 254.4819248 
506.0000000 254.3063720 254.2855062 
507.0000000 254.1099535 254.0890877 
508.0000000 253.9135349 253.8926691 
509.0000000 253.7171164 253.6962506 
510.0000000 253.5206978 253.4998320 
511.0000000 253.3242793 253.3034135 
512.0000000 253.1278607 253.1069949 
513.0000000 252.9314422 252.9105764 
514.0000000 252.7350236 252.7141578 
515.0000000 252.5386051 252.5177393 
516.0000000 252.3421865 252.3213207 
517.0000000 252.1457680 252.1249022 
518.0000000 251.9493494 251.9284836 
519.0000000 251.7529309 251.7320651 
520.0000000 251.5565123 251.5356465 
521.0000000 251.3600938 251.3392280 
522.0000000 251.1636752 251.1428094 
523.0000000 250.9672567 250.9463909 
524.0000000 250.7708381 250.7499723 
525.0000000 250.5744196 250.5535538 
526.0000000 250.3780010 250.3571352 
527.0000000 250.1815825 250.1607167 
528.0000000 249.9851639 249.9642981 
529.0000000 249.7887454 249.7678795 
530.0000000 249.5923268 249.5714610 
531.0000000 249.3959083 249.3750424 
532.0000000 249.1994897 249.1786239 
533.0000000 249.0030712 248.9822053 
534.0000000 248.8066526 248.7857868 
535.0000000 248.6102341 248.5893682 
536.0000000 248.4138155 248.3929497 
537.0000000 248.2173970 248.1965311 
538.0000000 248.0209784 248.0001126 
539.0000000 247.8245599 247.8036940 
540.0000000 247.6281413 247.6072755 
541.0000000 247.4317228 247.4108569 
542.0000000 247.2353042 247.2144384 
543.0000000 247.0388857 247.0180198 
544.0000000 246.8424671 246.8216013 
545.0000000 246.6460486 246.6251827 
546.0000000 246.4496300 246.4287642 
547.0000000 246.2532115 246.2323456 
548.0000000 246.0567929 246.0359271 
549.0000000 245.8603744 245.8395085 
550.0000000 245.6639558 245.6430900 
551.0000000 245.4675373 245.4466714 
552.0000000 245.2711187 245.2502529 
553.0000000 245.0747002 245.0538343 
554.0000000 244.8782816 244.8574158 
555.0000000 244.6818631 244.6609972 
556.0000000 244.4854445 244.4645787 
557.0000000 244.2890260 244.2681601 
558.0000000 244.0926074 244.0717416 
559.0000000 243.8961889 243.8753230 
560.0000000 243.6997703 243.6789045 
561.0000000 243.5033518 243.4824859 
562.0000000 243.3069332 243.2860674 
563.0000000 243.1105147 243.0896488 
564.0000000 242.9140961 242.8932303 
565.0000000 242.7176776 242.6968117 
566.0000000 242.5212590 242.5003932 
567.0000000 242.3248405 242.3039746 
568.0000000 242.1284219 242.1075561 
569.0000000 241.9320034 241.9111375 
570.0000000 241.7355848 241.7147190 
571.0000000 241.5391663 241.5183004 
572.0000000 241.3427477 241.3218819 
573.0000000 241.1463292 241.1254633 
574.0000000 240.9499106 240.9290448 
575.0000000 240.7534921 240.7326262 
576.0000000 240.5570735 240.5362077 
577.0000000 240.3606550 240.3397891 
578.0000000 240.1642364 240.1433706 
579.0000000 239.9678178 239.9469520 
580.0000000 239.7713993 239.7505335 
581.0000000 239.5749807 239.5541149 
582.0000000 239.3785622 239.3576964 
583.0000000 239.1821436 239.1612778 
584.0000000 238.9857251 238.9648593 
585.0000000 238.7893065 238.7684407 
586.0000000 238.5928880 238.5720222 
587.0000000 238.3964694 238.3756036 
588.0000000 238.2000509 238.1791851 
589.0000000 238.0036323 237.9827665 
590.0000000 237.8072138 237.7863480 
591.0000000 237.6107952 237.5899294 
592.0000000 237.4143767 237.3935109 
593.0000000 237.2179581 237.1970923 
594.0000000 237.0215396 237.0006738 
595.0000000 236.8251210 236.8042552 
596.0000000 236.6287025 236.6078367 
597.0000000 236.4322839 236.4114181 
598.0000000 236.2358654 236.2149996 
599.0000000 236.0394468 236.0185810 
600.0000000 235.8430283 235.8221625 
601.0000000 235.6466097 235.6257439 
602.0000000 235.4501912 235.4293254 
603.0000000 235.2537726 235.2329068 
604.0000000 235.0573541 235.0364883 
605.0000000 234.8609355 234.8400697 
606.0000000 234.6645170 234.6436512 
607.0000000 234.4680984 234.4472326 
608.0000000 234.2716799 234.2508141 
609.0000000 234.0752613 234.0543955 
610.0000000 233.8788428 233.8579770 
611.0000000 233.6824242 233.6615584 
612.0000000 233.4860057 233.4651399 
613.0000000 233.2895871 233.2687213 
614.0000000 233.0931686 233.0723028 
615.0000000 232.8967500 232.8758842 
616.0000000 232.7003315 232.6794657 
617.0000000 232.5039129 232.4830471 
618.0000000 232.3074944 232.2866286 
619.0000000 232.1110758 232.0902100 
620.0000000 231.9146573 231.8937915 
621.0000000 231.7182387 231.6973729 
622.0000000 231.5218202 231.5009544 
623.0000000 231.3254016 231.3045358 
624.0000000 231.1289831 231.1081173 
625.0000000 230.9325645 230.9116987 
626.0000000 230.7361460 230.7152802 
627.0000000 230.5397274 230.5188616 
628.0000000 230.3433089 230.3224431 
629.0000000 230.1468903 230.1260245 
630.0000000 229.9504718 229.9296060 
631.0000000 229.7540532 229.7331874 
632.0000000 229.5576347 229.5367689 
633.0000000 229.3612161 229.3403503 
634.0000000 229.1647976 229.1439318 
635.0000000 228.9683790 228.9475132 
636.0000000 228.7719605 228.7510947 
637.0000000 228.5755419 228.5546761 
638.0000000 228.3791234 228.3582576 
639.0000000 228.1827048 228.1618390 
640.0000000 227.9862863 227.9654205 
641.0000000 227.7898677 227.7690019 
642.0000000 227.5934492 227.5725834 
643.0000000 227.3970306 227.3761648 
644.0000000 227.2006121 227.1797463 
645.0000000 227.0041935 226.9833277 
646.0000000 226.8077750 226.7869092 
647.0000000 226.6113564 226.5904906 
648.0000000 226.4149379 226.3940721 
649.0000000 226.2185193 226.1976535 
650.0000000 226.0221008 226.0012350 
651.0000000 225.8256822 225.8048164 
652.0000000 225.6292637 225.6083979 
653.0000000 225.4328451 225.4119793 
654.0000000 225.2364266 225.2155608 
655.0000000 225.0400080 225.0191422 
656.0000000 224.8435895 224.8227237 
657.0000000 224.6471709 224.6263051 
658.0000000 224.4507524 224.4298866 
659.0000000 224.2543338 224.2334680 
660.0000000 224.0579153 224.0370495 
661.0000000 223.8614967 223.8406309 
662.0000000 223.6650782 223.6442124 
663.0000000 223.4686596 223.4477938 
664.0000000 223.2722411 223.2513753 
665.0000000 223.0758225 223.0549567 
666.0000000 222.8794040 222.8585382 
667.0000000 222.6829854 222.6621196 
668.0000000 222.4865669 222.4657011 
669.0000000 222.2901483 222.2692825 
670.0000000 222.0937298 222.0728640 
671.0000000 221.8973112 221.8764454 
672.0000000 221.7008927 221.6800269 
673.0000000 221.5044741 221.4836083 
674.0000000 221.3080556 221.2871898 
675.0000000 221.1116370 221.0907712 
676.0000000 220.9152185 220.8943527 
677.0000000 220.7187999 220.6979341 
678.0000000 220.5223814 220.5015156 
679.0000000 220.3259628 220.3050970 
680.0000000 220.1295443 220.1086784 
681.0000000 219.9331257 219.9122599 
682.0000000 219.7367072 219.7158413 
683.0000000 219.5402886 219.5194228 
684.0000000 219.3438701 219.3230042 
685.0000000 219.1474515 219.1265857 
686.0000000 218.9510330 218.9301671 
687.0000000 218.7546144 218.7337486 
688.0000000 218.5581959 218.5373300 
689.0000000 218.3617773 218.3409115 
690.0000000 218.1653588 218.1444929 
691.0000000 217.9689402 217.9480744 
692.0000000 217.7725217 217.7516558 
693.0000000 217.5761031 217.5552373 
694.0000000 217.3796846 217.3588187 
695.0000000 217.1832660 217.1624002 
696.0000000 216.9868475 216.9659816 
697.0000000 216.7904289 216.7695631 
698.0000000 216.5940104 216.5731445 
699.0000000 216.3975918 216.3767260 
700.0000000 216.2011733 216.1803074 
701.0000000 216.0047547 215.9838889 
702.0000000 215.8083362 215.7874703 
703.0000000 215.6119176 215.5910518 
704.0000000 215.4154991 215.3946332 
705.0000000 215.2190805 215.1982147 
706.0000000 215.0226620 215.0017961 
707.0000000 214.8262434 214.8053776 
708.0000000 214.6298249 214.6089590 
709.0000000 214.4334063 214.4125405 
710.0000000 214.2369878 214.2161219 
711.0000000 214.0405692 214.0197034 
712.0000000 213.8441507 213.8232848 
713.0000000 213.6477321 213.6268663 
714.0000000 213.4513136 213.4304477 
715.0000000 213.2548950 213.2340292 
716.0000000 213.0584765 213.0376106 
717.0000000 212.8620579 212.8411921 
718.0000000 212.6656394 212.6447735 
719.0000000 212.4692208 212.4483550 
720.0000000 212.2728023 212.2519364 
721.0000000 212.0763837 212.0555179 
722.0000000 211.8799652 211.8590993 
723.0000000 211.6835466 211.6626808 
724.0000000 211.4871281 211.4662622 
725.0000000 211.2907095 211.2698437 
726.0000000 211.0942910 211.0734251 
727.0000000 210.8978724 210.8770066 
728.0000000 210.7014539 210.6805880 
729.0000000 210.5050353 210.4841695 
730.0000000 210.3086167 210.2877509 
731.0000000 210.1121982 210.0913324 
732.0000000 209.9157796 209.8949138 
733.0000000 209.7193611 209.6984953 
734.0000000 209.5229425 209.5020767 
735.0000000 209.3265240 209.3056582 
736.0000000 209.1301054 209.1092396 
737.0000000 208.9336869 208.9128211 
738.0000000 208.7372683 208.7164025 
739.0000000 208.5408498 208.5199840 
740.0000000 208.3444312 208.3235654 
741.0000000 208.1480127 208.1271469 
742.0000000 207.9515941 207.9307283 
743.0000000 207.7551756 207.7343098 
744.0000000 207.5587570 207.5378912 
745.0000000 207.3623385 207.3414727 
746.0000000 207.1659199 207.1450541 
747.0000000 206.9695014 206.9486356 
748.0000000 206.7730828 206.7522170 
749.0000000 206.5766643 206.5557985 
750.0000000 206.3802457 206.3593799 
751.0000000 206.1838272 206.1629614 
752.0000000 205.9874086 205.9665428 
753.0000000 205.7909901 205.7701243 
754.0000000 205.5945715 205.5737057 
755.0000000 205.3981530 205.3772872 
756.0000000 205.2017344 205.1808686 
757.0000000 205.0053159 204.9844501 
758.0000000 204.8088973 204.7880315 
759.0000000 204.6124788 204.5916130 
760.0000000 204.4160602 204.3951944 
761.0000000 204.2196417 204.1987759 
762.0000000 204.0232231 204.0023573 
763.0000000 203.8268046 203.8059388 
764.0000000 203.6303860 203.6095202 
765.0000000 203.4339675 203.4131017 
766.0000000 203.2375489 203.2166831 
767.0000000 203.0411304 203.0202646 
768.0000000 202.8447118 202.8238460 
769.0000000 202.6482933 202.6274275 
770.0000000 202.4518747 202.4310089 
771.0000000 202.2554562 202.2345904 
772.0000000 202.0590376 202.0381718 
773.0000000 201.8626191 201.8417533 
774.0000000 201.6662005 201.6453347 
775.0000000 201.4697820 201.4489162 
776.0000000 201.2733634 201.2524976 
777.0000000 201.0769449 201.0560791 
778.0000000 200.8805263 200.8596605 
779.0000000 200.6841078 200.6632420 
780.0000000 200.4876892 200.4668234 
781.0000000 200.2912707 200.2704049 
782.0000000 200.0948521 200.0739863 
783.0000000 199.8984336 199.8775678 
784.0000000 199.7020150 199.6811492 
785.0000000 199.5055965 199.4847307 
786.0000000 199.3091779 199.2883121 
787.0000000 199.1127594 199.0918936 
788.0000000 198.9163408 198.8954750 
789.0000000 198.7199223 198.6990565 
790.0000000 198.5235037 198.5026379 
791.0000000 198.3270852 198.3062194 
792.0000000 198.1306666 198.1098008 
793.0000000 197.9342481 197.9133823 
794.0000000 197.7378295 197.7169637 
795.0000000 197.5414110 197.5205452 
796.0000000 197.3449924 197.3241266 
797.0000000 197.1485739 197.1277081 
798.0000000 196.9521553 196.9312895 
799.0000000 196.7557368 196.7348710 
800.0000000 196.5593182 196.5384524 
801.0000000 196.3628997 196.3420339 
802.0000000 196.1664811 196.1456153 
803.0000000 195.9700626 195.9491968 
804.0000000 195.7736440 195.7527782 
805.0000000 195.5772255 195.5563597 
806.0000000 195.3808069 195.3599411 
807.0000000 195.1843884 195.1635226 
808.0000000 194.9879698 194.9671040 
809.0000000 194.7915513 194.7706855 
810.0000000 194.5951327 194.5742669 
811.0000000 194.3987142 194.3778484 
812.0000000 194.2022956 194.1814298 
813.0000000 194.0058771 193.9850113 
814.0000000 193.8094585 193.7885927 
815.0000000 193.6130400 193.5921742 
816.0000000 193.4166214 193.3957556 
817.0000000 193.2202029 193.1993371 
818.0000000 193.0237843 193.0029185 
819.0000000 192.8273658 192.8065000 
820.0000000 192.6309472 192.6100814 
821.0000000 192.4345287 192.4136629 
822.0000000 192.2381101 192.2172443 
823.0000000 192.0416916 192.0208258 
824.0000000 191.8452730 191.8244072 
825.0000000 191.6488545 191.6279887 
826.0000000 191.4524359 191.4315701 
827.0000000 191.2560174 191.2351516 
828.0000000 191.0595988 191.0387330 
829.0000000 190.8631803 190.8423145 
830.0000000 190.6667617 190.6458959 
831.0000000 190.4703432 190.4494773 
832.0000000 190.2739246 190.2530588 
833.0000000 190.0775061 190.0566402 
834.0000000 189.8810875 189.8602217 
835.0000000 189.6846690 189.6638031 
836.0000000 189.4882504 189.4673846 
837.0000000 189.2918319 189.2709660 
838.0000000 189.0954133 189.0745475 
839.0000000 188.8989948 188.8781289 
840.0000000 188.7025762 188.6817104 
841.0000000 188.5061577 188.4852918 
842.0000000 188.3097391 188.2888733 
843.0000000 188.1133206 188.0924547 
844.0000000 187.9169020 187.8960362 
845.0000000 187.7204835 187.6996176 
846.0000000 187.5240649 187.5031991 
847.0000000 187.3276464 187.3067805 
848.0000000 187.1312278 187.1103620 
849.0000000 186.9348093 186.9139434 
850.0000000 186.7383907 186.7175249 
851.0000000 186.5419722 186.5211063 
852.0000000 186.3455536 186.3246878 
853.0000000 186.1491351 186.1282692 
854.0000000 185.9527165 185.9318507 
855.0000000 185.7562980 185.7354321 
856.0000000 185.5598794 185.5390136 
857.0000000 185.3634609 185.3425950 
858.0000000 185.1670423 185.1461765 
859.0000000 184.9706238 184.9497579 
860.0000000 184.7742052 184.7533394 
861.0000000 184.5777867 184.5569208 
862.0000000 184.3813681 184.3605023 
863.0000000 184.1849496 184.1640837 
864.0000000 183.9885310 183.9676652 
865.0000000 183.7921125 183.7712466 
866.0000000 183.5956939 183.5748281 
867.0000000 183.3992754 183.3784095 
868.0000000 183.2028568 183.1819910 
869.0000000 183.0064383 182.9855724 
870.0000000 182.8100197 182.7891539 
871.0000000 182.6136012 182.5927353 
872.0000000 182.4171826 182.3963168 
873.0000000 182.2207641 182.1998982 
874.0000000 182.0243455 182.0034797 
875.0000000 181.8279270 181.8070611 
876.0000000 181.6315084 181.6106426 
877.0000000 181.4350899 181.4142240 
878.0000000 181.2386713 181.2178055 
879.0000000 181.0422528 181.0213869 
880.0000000 180.8458342 180.8249684 
881.0000000 180.6494157 180.6285498 
882.0000000 180.4529971 180.4321313 
883.0000000 180.2565785 180.2357127 
884.0000000 180.0601600 180.0392942 
885.0000000 179.8637414 179.8428756 
886.0000000 179.6673229 179.6464571 
887.0000000 179.4709043 179.4500385 
888.0000000 179.2744858 179.2536200 
889.0000000 179.0780672 179.0572014 
890.0000000 178.8816487 178.8607829 
891.0000000 178.6852301 178.6643643 
892.0000000 178.4888116 178.4679458 
893.0000000 178.2923930 178.2715272 
894.0000000 178.0959745 178.0751087 
895.0000000 177.8995559 177.8786901 
896.0000000 177.7031374 177.6822716 
897.0000000 177.5067188 177.4858530 
898.0000000 177.3103003 177.2894345 
899.0000000 177.1138817 177.0930159 
900.0000000 176.9174632 176.8965974 
901.0000000 176.7210446 176.7001788 
902.0000000 176.5246261 176.5037603 
903.0000000 176.3282075 176.3073417 
904.0000000 176.1317890 176.1109232 
905.0000000 175.9353704 175.9145046 
906.0000000 175.7389519 175.7180861 
907.0000000 175.5425333 175.5216675 
908.0000000 175.3461148 175.3252490 
909.0000000 175.1496962 175.1288304 
910.0000000 174.9532777 174.9324119 
911.0000000 174.7568591 174.7359933 
912.0000000 174.5604406 174.5395748 
913.0000000 174.3640220 174.3431562 
914.0000000 174.1676035 174.1467377 
915.0000000 173.9711849 173.9503191 
916.0000000 173.7747664 173.7539006 
917.0000000 173.5783478 173.5574820 
918.0000000 173.3819293 173.3610635 
919.0000000 173.1855107 173.1646449 
920.0000000 172.9890922 172.9682264 
921.0000000 172.7926736 172.7718078 
922.0000000 172.5962551 172.5753893 
923.0000000 172.3998365 172.3789707 
924.0000000 172.2034180 172.1825522 
925.0000000 172.0069994 171.9861336 
926.0000000 171.8105809 171.7897151 
927.0000000 171.6141623 171.5932965 
928.0000000 171.4177438 171.3968780 
929.0000000 171.2213252 171.2004594 
930.0000000 171.0249067 171.0040409 
931.0000000 170.8284881 170.8076223 
932.0000000 170.6320696 170.6112038 
933.0000000 170.4356510 170.4147852 
934.0000000 170.2392325 170.2183667 
935.0000000 170.0428139 170.0219481 
936.0000000 169.8463954 169.8255296 
937.0000000 169.6499768 169.6291110 
938.0000000 169.4535583 169.4326925 
939.0000000 169.2571397 169.2362739 
940.0000000 169.0607212 169.0398554 
941.0000000 168.8643026 168.8434368 
942.0000000 168.6678841 168.6470183 
943.0000000 168.4714655 168.4505997 
944.0000000 168.2750470 168.2541812 
945.0000000 168.0786284 168.0577626 
946.0000000 167.8822099 167.8613441 
947.0000000 167.6857913 167.6649255 
948.0000000 167.4893728 167.4685070 
949.0000000 167.2929542 167.2720884 
950.0000000 167.0965357 167.0756699 
951.0000000 166.9001171 166.8792513 
952.0000000 166.7036986 166.6828328 
953.0000000 166.5072800 166.4864142 
954.0000000 166.3108615 166.2899957 
955.0000000 166.1144429 166.0935771 
956.0000000 165.9180244 165.8971586 
957.0000000 165.7216058 165.7007400 
958.0000000 165.5251873 165.5043215 
959.0000000 165.3287687 165.3079029 
960.0000000 165.1323502 165.1114844 
961.0000000 164.9359316 164.9150658 
962.0000000 164.7395131 164.7186473 
963.0000000 164.5430945 164.5222287 
964.0000000 164.3466760 164.3258102 
965.0000000 164.1502574 164.1293916 
966.0000000 163.9538389 163.9329731 
967.0000000 163.7574203 163.7365545 
968.0000000 163.5610018 163.5401360 
969.0000000 163.3645832 163.3437174 
970.0000000 163.1681647 163.1472989 
971.0000000 162.9717461 162.9508803 
972.0000000 162.7753276 162.7544618 
973.0000000 162.5789090 162.5580432 
974.0000000 162.3824905 162.3616247 
975.0000000 162.1860719 162.1652061 
976.0000000 161.9896534 161.9687876 
977.0000000 161.7932348 161.7723690 
978.0000000 161.5968163 161.5759505 
979.0000000 161.4003977 161.3795319 
980.0000000 161.2039792 161.1831134 
981.0000000 161.0075606 160.9866948 
982.0000000 160.8111421 160.7902763 
983.0000000 160.6147235 160.5938577 
984.0000000 160.4183050 160.3974391 
985.0000000 160.2218864 160.2010206 
986.0000000 160.0254679 160.0046020 
987.0000000 159.8290493 159.8081835 
988.0000000 159.6326308 159.6117649 
989.0000000 159.4362122 159.4153464 
990.0000000 159.2397937 159.2189278 
991.0000000 159.0433751 159.0225093 
992.0000000 158.8469566 158.8260907 
993.0000000 158.6505380 158.6296722 
994.0000000 158.4541195 158.4332536 
995.0000000 158.2577009 158.2368351 
996.0000000 158.0612824 158.0404165 
997.0000000 157.8648638 157.8439980 
998.0000000 157.6684453 157.6475794 
999.0000000 157.4720267 157.4511609 
1000.0000000 157.2756082 157.2547423 
1001.0000000 157.0791896 157.0583238 
1002.0000000 156.8827711 156.8619052 
1003.0000000 156.6863525 156.6654867 
1004.0000000 156.4899340 156.4690681 
1005.0000000 156.2935154 156.2726496 
1006.0000000 156.0970969 156.0762310 
1007.0000000 155.9006783 155.8798125 
1008.0000000 155.7042598 155.6833939 
1009.0000000 155.5078412 155.4869754 
1010.0000000 155.3114227 155.2905568 
1011.0000000 155.1150041 155.0941383 
1012.0000000 154.9185856 154.8977197 
1013.0000000 154.7221670 154.7013012 
1014.0000000 154.5257485 154.5048826 
1015.0000000 154.3293299 154.3084641 
1016.0000000 154.1329114 154.1120455 
1017.0000000 153.9364928 153.9156270 
1018.0000000 153.7400743 153.7192084 
1019.0000000 153.5436557 153.5227899 
1020.0000000 153.3472372 153.3263713 
1021.0000000 153.1508186 153.1299528 
1022.0000000 152.9544001 152.9335342 
1023.0000000 152.7579815 152.7371157 
1024.0000000 152.5615630 152.5406971 
1025.0000000 152.3651444 152.3442786 
1026.0000000 152.1687259 152.1478600 
1027.0000000 151.9723073 151.9514415 
1028.0000000 151.7758888 151.7550229 
1029.0000000 151.5794702 151.5586044 
1030.0000000 151.3830517 151.3621858 
1031.0000000 151.1866331 151.1657673 
1032.0000000 150.9902146 150.9693487 
1033.0000000 150.7937960 150.7729302 
1034.0000000 150.5973774 150.5765116 
1035.0000000 150.4009589 150.3800931 
1036.0000000 150.2045403 150.1836745 
1037.0000000 150.0081218 149.9872560 
1038.0000000 149.8117032 149.7908374 
1039.0000000 149.6152847 149.5944189 
1040.0000000 149.4188661 149.3980003 
1041.0000000 149.2224476 149.2015818 
1042.0000000 149.0260290 149.0051632 
1043.0000000 148.8296105 148.8087447 
1044.0000000 148.6331919 148.6123261 
1045.0000000 148.4367734 148.4159076 
1046.0000000 148.2403548 148.2194890 
1047.0000000 148.0439363 148.0230705 
1048.0000000 147.8475177 147.8266519 
1049.0000000 147.6510992 147.6302334 
1050.0000000 147.4546806 147.4338148 
1051.0000000 147.2582621 147.2373963 
1052.0000000 147.0618435 147.0409777 
1053.0000000 146.8654250 146.8445592 
1054.0000000 146.6690064 146.6481406 
1055.0000000 146.4725879 146.4517221 
1056.0000000 146.2761693 146.2553035 
1057.0000000 146.0797508 146.0588850 
1058.0000000 145.8833322 145.8624664 
1059.0000000 145.6869137 145.6660479 
1060.0000000 145.4904951 145.4696293 
1061.0000000 145.2940766 145.2732108 
1062.0000000 145.0976580 145.0767922 
1063.0000000 144.9012395 144.8803737 
1064.0000000 144.7048209 144.6839551 
1065.0000000 144.5084024 144.4875366 
1066.0000000 144.3119838 144.2911180 
1067.0000000 144.1155653 144.0946995 
1068.0000000 143.9191467 143.8982809 
1069.0000000 143.7227282 143.7018624 
1070.0000000 143.5263096 143.5054438 
1071.0000000 143.3298911 143.3090253 
1072.0000000 143.1334725 143.1126067 
1073.0000000 142.9370540 142.9161882 
1074.0000000 142.7406354 142.7197696 
1075.0000000 142.5442169 142.5233511 
1076.0000000 142.3477983 142.3269325 
1077.0000000 142.1513798 142.1305140 
1078.0000000 141.9549612 141.9340954 
1079.0000000 141.7585427 141.7376769 
1080.0000000 141.5621241 141.5412583 
1081.0000000 141.3657056 141.3448398 
1082.0000000 141.1692870 141.1484212 
1083.0000000 140.9728685 140.9520027 
1084.0000000 140.7764499 140.7555841 
1085.0000000 140.5800314 140.5591656 
1086.0000000 140.3836128 140.3627470 
1087.0000000 140.1871943 140.1663285 
1088.0000000 139.9907757 139.9699099 
1089.0000000 139.7943572 139.7734914 
1090.0000000 139.5979386 139.5770728 
1091.0000000 139.4015201 139.3806543 
1092.0000000 139.2051015 139.1842357 
1093.0000000 139.0086830 138.9878172 
1094.0000000 138.8122644 138.7913986 
1095.0000000 138.6158459 138.5949801 
1096.0000000 138.4194273 138.3985615 
1097.0000000 138.2230088 138.2021430 
1098.0000000 138.0265902 138.0057244 
1099.0000000 137.8301717 137.8093059 
1100.0000000 137.6337531 137.6128873 
1101.0000000 137.4373346 137.4164688 
1102.0000000 137.2409160 137.2200502 
1103.0000000 137.0444975 137.0236317 
1104.0000000 136.8480789 136.8272131 
1105.0000000 136.6516604 136.6307946 
1106.0000000 136.4552418 136.4343760 
1107.0000000 136.2588233 136.2379575 
1108.0000000 136.0624047 136.0415389 
1109.0000000 135.8659862 135.8451204 
1110.0000000 135.6695676 135.6487018 
1111.0000000 135.4731491 135.4522833 
1112.0000000 135.2767305 135.2558647 
1113.0000000 135.0803120 135.0594462 
1114.0000000 134.8838934 134.8630276 
1115.0000000 134.6874749 134.6666091 
1116.0000000 134.4910563 134.4701905 
1117.0000000 134.2946378 134.2737720 
1118.0000000 134.0982192 134.0773534 
1119.0000000 133.9018007 133.8809349 
1120.0000000 133.7053821 133.6845163 
1121.0000000 133.5089636 133.4880978 
1122.0000000 133.3125450 133.2916792 
1123.0000000 133.1161265 133.0952607 
1124.0000000 132.9197079 132.8988421 
1125.0000000 132.7232894 132.7024236 
1126.0000000 132.5268708 132.5060050 
1127.0000000 132.3304523 132.3095865 
1128.0000000 132.1340337 132.1131679 
1129.0000000 131.9376152 131.9167494 
1130.0000000 131.7411966 131.7203308 
1131.0000000 131.5447781 131.5239123 
1132.0000000 131.3483595 131.3274937 
1133.0000000 131.1519410 131.1310752 
1134.0000000 130.9555224 130.9346566 
1135.0000000 130.7591039 130.7382380 
1136.0000000 130.5626853 130.5418195 
1137.0000000 130.3662668 130.3454009 
1138.0000000 130.1698482 130.1489824 
1139.0000000 129.9734297 129.9525638 
1140.0000000 129.7770111 129.7561453 
1141.0000000 129.5805926 129.5597267 
1142.0000000 129.3841740 129.3633082 
1143.0000000 129.1877555 129.1668896 
1144.0000000 128.9913369 128.9704711 
1145.0000000 128.7949184 128.7740525 
1146.0000000 128.5984998 128.5776340 
1147.0000000 128.4020813 128.3812154 
1148.0000000 128.2056627 128.1847969 
1149.0000000 128.0092442 127.9883783 
1150.0000000 127.8128256 127.7919598 
1151.0000000 127.6164071 127.5955412 
1152.0000000 127.4199885 127.3991227 
1153.0000000 127.2235700 127.2027041 
1154.0000000 127.0271514 127.0062856 
1155.0000000 126.8307329 126.8098670 
1156.0000000 126.6343143 126.6134485 
1157.0000000 126.4378958 126.4170299 
1158.0000000 126.2414772 126.2206114 
1159.0000000 126.0450587 126.0241928 
1160.0000000 125.8486401 125.8277743 
1161.0000000 125.6522216 125.6313557 
1162.0000000 125.4558030 125.4349372 
1163.0000000 125.2593845 125.2385186 
1164.0000000 125.0629659 125.0421001 
1165.0000000 124.8665474 124.8456815 
1166.0000000 124.6701288 124.6492630 
1167.0000000 124.4737103 124.4528444 
1168.0000000 124.2772917 124.2564259 
1169.0000000 124.0808732 124.0600073 
1170.0000000 123.8844546 123.8635888 
1171.0000000 123.6880361 123.6671702 
1172.0000000 123.4916175 123.4707517 
1173.0000000 123.2951990 123.2743331 
1174.0000000 123.0987804 123.0779146 
1175.0000000 122.9023619 122.8814960 
1176.0000000 122.7059433 122.6850775 
1177.0000000 122.5095248 122.4886589 
1178.0000000 122.3131062 122.2922404 
1179.0000000 122.1166877 122.0958218 
1180.0000000 121.9202691 121.8994033 
1181.0000000 121.7238506 121.7029847 
1182.0000000 121.5274320 121.5065662 
1183.0000000 121.3310135 121.3101476 
1184.0000000 121.1345949 121.1137291 
1185.0000000 120.9381763 120.9173105 
1186.0000000 120.7417578 120.7208920 
1187.0000000 120.5453392 120.5244734 
1188.0000000 120.3489207 120.3280549 
1189.0000000 120.1525021 120.1316363 
1190.0000000 119.9560836 119.9352178 
1191.0000000 119.7596650 119.7387992 
1192.0000000 119.5632465 119.5423807 
1193.0000000 119.3668279 119.3459621 
1194.0000000 119.1704094 119.1495436 
1195.0000000 118.9739908 118.9531250 
1196.0000000 118.7775723 118.7567065 
1197.0000000 118.5811537 118.5602879 
1198.0000000 118.3847352 118.3638694 
1199.0000000 118.1883166 118.1674508 
1200.0000000 117.9918981 117.9710323 
1201.0000000 117.7954795 117.7746137 
1202.0000000 117.5990610 117.5781952 
1203.0000000 117.4026424 117.3817766 
1204.0000000 117.2062239 117.1853581 
1205.0000000 117.0098053 116.9889395 
1206.0000000 116.8133868 116.7925210 
1207.0000000 116.6169682 116.5961024 
1208.0000000 116.4205497 116.3996839 
1209.0000000 116.2241311 116.2032653 
1210.0000000 116.0277126 116.0068468 
1211.0000000 115.8312940 115.8104282 
1212.0000000 115.6348755 115.6140097 
1213.0000000 115.4384569 115.4175911 
1214.0000000 115.2420384 115.2211726 
1215.0000000 115.0456198 115.0247540 
1216.0000000 114.8492013 114.8283355 
1217.0000000 114.6527827 114.6319169 
1218.0000000 114.4563642 114.4354984 
1219.0000000 114.2599456 114.2390798 
1220.0000000 114.0635271 114.0426613 
1221.0000000 113.8671085 113.8462427 
1222.0000000 113.6706900 113.6498242 
1223.0000000 113.4742714 113.4534056 
1224.0000000 113.2778529 113.2569871 
1225.0000000 113.0814343 113.0605685 
1226.0000000 112.8850158 112.8641500 
1227.0000000 112.6885972 112.6677314 
1228.0000000 112.4921787 112.4713129 
1229.0000000 112.2957601 112.2748943 
1230.0000000 112.0993416 112.0784758 
1231.0000000 111.9029230 111.8820572 
1232.0000000 111.7065045 111.6856387 
1233.0000000 111.5100859 111.4892201 
1234.0000000 111.3136674 111.2928016 
1235.0000000 111.1172488 111.0963830 
1236.0000000 110.9208303 110.8999645 
1237.0000000 110.7244117 110.7035459 
1238.0000000 110.5279932 110.5071274 
1239.0000000 110.3315746 110.3107088 
1240.0000000 110.1351561 110.1142903 
1241.0000000 109.9387375 109.9178717 
1242.0000000 109.7423190 109.7214532 
1243.0000000 109.5459004 109.5250346 
1244.0000000 109.3494819 109.3286161 
1245.0000000 109.1530633 109.1321975 
1246.0000000 108.9566448 108.9357790 
1247.0000000 108.7602262 108.7393604 
1248.0000000 108.5638077 108.5429419 
1249.0000000 108.3673891 108.3465233 
1250.0000000 108.1709706 108.1501048 
1251.0000000 107.9745520 107.9536862 
1252.0000000 107.7781335 107.7572677 
1253.0000000 107.5817149 107.5608491 
1254.0000000 107.3852964 107.3644306 
1255.0000000 107.1888778 107.1680120 
1256.0000000 106.9924593 106.9715935 
1257.0000000 106.7960407 106.7751749 
1258.0000000 106.5996222 106.5787564 
1259.0000000 106.4032036 106.3823378 
1260.0000000 106.2067851 106.1859193 
1261.0000000 106.0103665 105.9895007 
1262.0000000 105.8139480 105.7930822 
1263.0000000 105.6175294 105.5966636 
1264.0000000 105.4211109 105.4002451 
1265.0000000 105.2246923 105.2038265 
1266.0000000 105.0282738 105.0074080 
1267.0000000 104.8318552 104.8109894 
1268.0000000 104.6354367 104.6145709 
1269.0000000 104.4390181 104.4181523 
1270.0000000 104.2425996 104.2217338 
1271.0000000 104.0461810 104.0253152 
1272.0000000 103.8497625 103.8288967 
1273.0000000 103.6533439 103.6324781 
1274.0000000 103.4569254 103.4360596 
1275.0000000 103.2605068 103.2396410 
1276.0000000 103.0640883 103.0432225 
1277.0000000 102.8676697 102.8468039 
1278.0000000 102.6712512 102.6503854 
1279.0000000 102.4748326 102.4539668 
1280.0000000 102.2784141 102.2575483 
1281.0000000 102.0819955 102.0611297 
1282.0000000 101.8855770 101.8647112 
1283.0000000 101.6891584 101.6682926 
1284.0000000 101.4927399 101.4718741 
1285.0000000 101.2963213 101.2754555 
1286.0000000 101.0999028 101.0790369 
1287.0000000 100.9034842 100.8826184 
1288.0000000 100.7070657 100.6861998 
1289.0000000 100.5106471 100.4897813 
1290.0000000 100.3142286 100.2933627 
1291.0000000 100.1178100 100.0969442 
1292.0000000 99.9213915 99.9005256 
1293.0000000 99.7249729 99.7041071 
1294.0000000 99.5285544 99.5076885 
1295.0000000 99.3321358 99.3112700 
1296.0000000 99.1357173 99.1148514 
1297.0000000 98.9392987 98.9184329 
1298.0000000 98.7428802 98.7220143 
1299.0000000 98.5464616 98.5255958 
1300.0000000 98.3500431 98.3291772 
1301.0000000 98.1536245 98.1327587 
1302.0000000 97.9572060 97.9363401 
1303.0000000 97.7607874 97.7399216 
1304.0000000 97.5643689 97.5435030 
1305.0000000 97.3679503 97.3470845 
1306.0000000 97.1715318 97.1506659 
1307.0000000 96.9751132 96.9542474 
1308.0000000 96.7786947 96.7578288 
1309.0000000 96.5822761 96.5614103 
1310.0000000 96.3858576 96.3649917 
1311.0000000 96.1894390 96.1685732 
1312.0000000 95.9930205 95.9721546 
1313.0000000 95.7966019 95.7757361 
1314.0000000 95.6001834 95.5793175 
1315.0000000 95.4037648 95.3828990 
1316.0000000 95.2073463 95.1864804 
1317.0000000 95.0109277 94.9900619 
1318.0000000 94.8145092 94.7936433 
1319.0000000 94.6180906 94.5972248 
1320.0000000 94.4216721 94.4008062 
1321.0000000 94.2252535 94.2043877 
1322.0000000 94.0288350 94.0079691 
1323.0000000 93.8324164 93.8115506 
1324.0000000 93.6359979 93.6151320 
1325.0000000 93.4395793 93.4187135 
1326.0000000 93.2431608 93.2222949 
1327.0000000 93.0467422 93.0258764 
1328.0000000 92.8503237 92.8294578 
1329.0000000 92.6539051 92.6330393 
1330.0000000 92.4574866 92.4366207 
1331.0000000 92.2610680 92.2402022 
1332.0000000 92.0646495 92.0437836 
1333.0000000 91.8682309 91.8473651 
1334.0000000 91.6718124 91.6509465 
1335.0000000 91.4753938 91.4545280 
1336.0000000 91.2789753 91.2581094 
1337.0000000 91.0825567 91.0616909 
1338.0000000 90.8861381 90.8652723 
1339.0000000 90.6897196 90.6688538 
1340.0000000 90.4933010 90.4724352 
1341.0000000 90.2968825 90.2760167 
1342.0000000 90.1004639 90.0795981 
1343.0000000 89.9040454 89.8831796 
1344.0000000 89.7076268 89.6867610 
1345.0000000 89.5112083 89.4903425 
1346.0000000 89.3147897 89.2939239 
1347.0000000 89.1183712 89.0975054 
1348.0000000 88.9219526 88.9010868 
1349.0000000 88.7255341 88.7046683 
1350.0000000 88.5291155 88.5082497 
1351.0000000 88.3326970 88.3118312 
1352.0000000 88.1362784 88.1154126 
1353.0000000 87.9398599 87.9189941 
1354.0000000 87.7434413 87.7225755 
1355.0000000 87.5470228 87.5261570 
1356.0000000 87.3506042 87.3297384 
1357.0000000 87.1541857 87.1333199 
1358.0000000 86.9577671 86.9369013 
1359.0000000 86.7613486 86.7404828 
1360.0000000 86.5649300 86.5440642 
1361.0000000 86.3685115 86.3476457 
1362.0000000 86.1720929 86.1512271 
1363.0000000 85.9756744 85.9548086 
1364.0000000 85.7792558 85.7583900 
1365.0000000 85.5828373 85.5619715 
1366.0000000 85.3864187 85.3655529 
1367.0000000 85.1900002 85.1691344 
1368.0000000 84.9935816 84.9727158 
1369.0000000 84.7971631 84.7762973 
1370.0000000 84.6007445 84.5798787 
1371.0000000 84.4043260 84.3834602 
1372.0000000 84.2079074 84.1870416 
1373.0000000 84.0114889 83.9906231 
1374.0000000 83.8150703 83.7942045 
1375.0000000 83.6186518 83.5977860 
1376.0000000 83.4222332 83.4013674 
1377.0000000 83.2258147 83.2049489 
1378.0000000 83.0293961 83.0085303 
1379.0000000 82.8329776 82.8121118 
1380.0000000 82.6365590 82.6156932 
1381.0000000 82.4401405 82.4192747 
1382.0000000 82.2437219 82.2228561 
1383.0000000 82.0473034 82.0264376 
1384.0000000 81.8508848 81.8300190 
1385.0000000 81.6544663 81.6336005 
1386.0000000 81.4580477 81.4371819 
1387.0000000 81.2616292 81.2407634 
1388.0000000 81.0652106 81.0443448 
1389.0000000 80.8687921 80.8479263 
1390.0000000 80.6723735 80.6515077 
1391.0000000 80.4759550 80.4550892 
1392.0000000 80.2795364 80.2586706 
1393.0000000 80.0831179 80.0622521 
1394.0000000 79.8866993 79.8658335 
1395.0000000 79.6902808 79.6694150 
1396.0000000 79.4938622 79.4729964 
1397.0000000 79.2974437 79.2765779 
1398.0000000 79.1010251 79.0801593 
1399.0000000 78.9046066 78.8837408 
1400.0000000 78.7081880 78.6873222 
1401.0000000 78.5117695 78.4909037 
1402.0000000 78.3153509 78.2944851 
1403.0000000 78.1189324 78.0980666 
1404.0000000 77.9225138 77.9016480 
1405.0000000 77.7260953 77.7052295 
1406.0000000 77.5296767 77.5088109 
1407.0000000 77.3332582 77.3123924 
1408.0000000 77.1368396 77.1159738 
1409.0000000 76.9404211 76.9195553 
1410.0000000 76.7440025 76.7231367 
1411.0000000 76.5475840 76.5267182 
1412.0000000 76.3511654 76.3302996 
1413.0000000 76.1547469 76.1338811 
1414.0000000 75.9583283 75.9374625 
1415.0000000 75.7619098 75.7410440 
1416.0000000 75.5654912 75.5446254 
1417.0000000 75.3690727 75.3482069 
1418.0000000 75.1726541 75.1517883 
1419.0000000 74.9762356 74.9553698 
1420.0000000 74.7798170 74.7589512 
1421.0000000 74.5833985 74.5625327 
1422.0000000 74.3869799 74.3661141 
1423.0000000 74.1905614 74.1696956 
1424.0000000 73.9941428 73.9732770 
1425.0000000 73.7977243 73.7768585 
1426.0000000 73.6013057 73.5804399 
1427.0000000 73.4048872 73.3840214 
1428.0000000 73.2084686 73.1876028 
1429.0000000 73.0120501 72.9911843 
1430.0000000 72.8156315 72.7947657 
1431.0000000 72.6192130 72.5983472 
1432.0000000 72.4227944 72.4019286 
1433.0000000 72.2263759 72.2055101 
1434.0000000 72.0299573 72.0090915 
1435.0000000 71.8335388 71.8126730 
1436.0000000 71.6371202 71.6162544 
1437.0000000 71.4407017 71.4198359 
1438.0000000 71.2442831 71.2234173 
1439.0000000 71.0478646 71.0269987 
1440.0000000 70.8514460 70.8305802 
1441.0000000 70.6550275 70.6341616 
1442.0000000 70.4586089 70.4377431 
1443.0000000 70.2621904 70.2413245 
1444.0000000 70.0657718 70.0449060 
1445.0000000 69.8693533 69.8484874 
1446.0000000 69.6729347 69.6520689 
1447.0000000 69.4765162 69.4556503 
1448.0000000 69.2800976 69.2592318 
1449.0000000 69.0836791 69.0628132 
1450.0000000 68.8872605 68.8663947 
1451.0000000 68.6908420 68.6699761 
1452.0000000 68.4944234 68.4735576 
1453.0000000 68.2980049 68.2771390 
1454.0000000 68.1015863 68.0807205 
1455.0000000 67.9051678 67.8843019 
1456.0000000 67.7087492 67.6878834 
1457.0000000 67.5123307 67.4914648 
1458.0000000 67.3159121 67.2950463 
1459.0000000 67.1194936 67.0986277 
1460.0000000 66.9230750 66.9022092 
1461.0000000 66.7266565 66.7057906 
1462.0000000 66.5302379 66.5093721 
1463.0000000 66.3338194 66.3129535 
1464.0000000 66.1374008 66.1165350 
1465.0000000 65.9409823 65.9201164 
1466.0000000 65.7445637 65.7236979 
1467.0000000 65.5481452 65.5272793 
1468.0000000 65.3517266 65.3308608 
1469.0000000 65.1553081 65.1344422 
1470.0000000 64.9588895 64.9380237 
1471.0000000 64.7624710 64.7416051 
1472.0000000 64.5660524 64.5451866 
1473.0000000 64.3696339 64.3487680 
1474.0000000 64.1732153 64.1523495 
1475.0000000 63.9767968 63.9559309 
1476.0000000 63.7803782 63.7595124 
1477.0000000 63.5839597 63.5630938 
1478.0000000 63.3875411 63.3666753 
1479.0000000 63.1911226 63.1702567 
1480.0000000 62.9947040 62.9738382 
1481.0000000 62.7982855 62.7774196 
1482.0000000 62.6018669 62.5810011 
1483.0000000 62.4054484 62.3845825 
1484.0000000 62.2090298 62.1881640 
1485.0000000 62.0126113 61.9917454 
1486.0000000 61.8161927 61.7953269 
1487.0000000 61.6197742 61.5989083 
1488.0000000 61.4233556 61.4024898 
1489.0000000 61.2269370 61.2060712 
1490.0000000 61.0305185 61.0096527 
1491.0000000 60.8340999 60.8132341 
1492.0000000 60.6376814 60.6168156 
1493.0000000 60.4412628 60.4203970 
1494.0000000 60.2448443 60.2239785 
1495.0000000 60.0484257 60.0275599 
1496.0000000 59.8520072 59.8311414 
1497.0000000 59.6555886 59.6347228 
1498.0000000 59.4591701 59.4383043 
1499.0000000 59.2627515 59.2418857 
1500.0000000 59.0663330 59.0454672 
1501.0000000 58.8699144 58.8490486 
1502.0000000 58.6734959 58.6526301 
1503.0000000 58.4770773 58.4562115 
1504.0000000 58.2806588 58.2597930 
1505.0000000 58.0842402 58.0633744 
1506.0000000 57.8878217 57.8669559 
1507.0000000 57.6914031 57.6705373 
1508.0000000 57.4949846 57.4741188 
1509.0000000 57.2985660 57.2777002 
1510.0000000 57.1021475 57.0812817 
1511.0000000 56.9057289 56.8848631 
1512.0000000 56.7093104 56.6884446 
1513.0000000 56.5128918 56.4920260 
1514.0000000 56.3164733 56.2956075 
1515.0000000 56.1200547 56.0991889 
1516.0000000 55.9236362 55.9027704 
1517.0000000 55.7272176 55.7063518 
1518.0000000 55.5307991 55.5099333 
1519.0000000 55.3343805 55.3135147 
1520.0000000 55.1379620 55.1170962 
1521.0000000 54.9415434 54.9206776 
1522.0000000 54.7451249 54.7242591 
1523.0000000 54.5487063 54.5278405 
1524.0000000 54.3522878 54.3314220 
1525.0000000 54.1558692 54.1350034 
1526.0000000 53.9594507 53.9385849 
1527.0000000 53.7630321 53.7421663 
1528.0000000 53.5666136 53.5457478 
1529.0000000 53.3701950 53.3493292 
1530.0000000 53.1737765 53.1529107 
1531.0000000 52.9773579 52.9564921 
1532.0000000 52.7809394 52.7600736 
1533.0000000 52.5845208 52.5636550 
1534.0000000 52.3881023 52.3672365 
1535.0000000 52.1916837 52.1708179 
1536.0000000 51.9952652 51.9743994 
1537.0000000 51.7988466 51.7779808 
1538.0000000 51.6024281 51.5815623 
1539.0000000 51.4060095 51.3851437 
1540.0000000 51.2095910 51.1887252 
1541.0000000 51.0131724 50.9923066 
1542.0000000 50.8167539 50.7958881 
1543.0000000 50.6203353 50.5994695 
1544.0000000 50.4239168 50.4030510 
1545.0000000 50.2274982 50.2066324 
1546.0000000 50.0310797 50.0102139 
1547.0000000 49.8346611 49.8137953 
1548.0000000 49.6382426 49.6173768 
1549.0000000 49.4418240 49.4209582 
1550.0000000 49.2454055 49.2245397 
1551.0000000 49.0489869 49.0281211 
1552.0000000 48.8525684 48.8317026 
1553.0000000 48.6561498 48.6352840 
1554.0000000 48.4597313 48.4388655 
1555.0000000 48.2633127 48.2424469 
1556.0000000 48.0668942 48.0460284 
1557.0000000 47.8704756 47.8496098 
1558.0000000 47.6740571 47.6531913 
1559.0000000 47.4776385 47.4567727 
1560.0000000 47.2812200 47.2603542 
1561.0000000 47.0848014 47.0639356 
1562.0000000 46.8883829 46.8675171 
1563.0000000 46.6919643 46.6710985 
1564.0000000 46.4955458 46.4746800 
1565.0000000 46.2991272 46.2782614 
1566.0000000 46.1027087 46.0818429 
1567.0000000 45.9062901 45.8854243 
1568.0000000 45.7098716 45.6890058 
1569.0000000 45.5134530 45.4925872 
1570.0000000 45.3170345 45.2961687 
1571.0000000 45.1206159 45.0997501 
1572.0000000 44.9241974 44.9033316 
1573.0000000 44.7277788 44.7069130 
1574.0000000 44.5313603 44.5104945 
1575.0000000 44.3349417 44.3140759 
1576.0000000 44.1385232 44.1176574 
1577.0000000 43.9421046 43.9212388 
1578.0000000 43.7456861 43.7248203 
1579.0000000 43.5492675 43.5284017 
1580.0000000 43.3528490 43.3319832 
1581.0000000 43.1564304 43.1355646 
1582.0000000 42.9600119 42.9391461 
1583.0000000 42.7635933 42.7427275 
1584.0000000 42.5671748 42.5463090 
1585.0000000 42.3707562 42.3498904 
1586.0000000 42.1743377 42.1534719 
1587.0000000 41.9779191 41.9570533 
1588.0000000 41.7815006 41.7606348 
1589.0000000 41.5850820 41.5642162 
1590.0000000 41.3886635 41.3677976 
1591.0000000 41.1922449 41.1713791 
1592.0000000 40.9958264 40.9749605 
1593.0000000 40.7994078 40.7785420 
1594.0000000 40.6029893 40.5821234 
1595.0000000 40.4065707 40.3857049 
1596.0000000 40.2101522 40.1892863 
1597.0000000 40.0137336 39.9928678 
1598.0000000 39.8173151 39.7964492 
1599.0000000 39.6208965 39.6000307 
1600.0000000 39.4244780 39.4036121 
1601.0000000 39.2280594 39.2071936 
1602.0000000 39.0316409 39.0107750 
1603.0000000 38.8352223 38.8143565 
1604.0000000 38.6388038 38.6179379 
1605.0000000 38.4423852 38.4215194 
1606.0000000 38.2459667 38.2251008 
1607.0000000 38.0495481 38.0286823 
1608.0000000 37.8531296 37.8322637 
1609.0000000 37.6567110 37.6358452 
1610.0000000 37.4602925 37.4394266 
1611.0000000 37.2638739 37.2430081 
1612.0000000 37.0674554 37.0465895 
1613.0000000 36.8710368 36.8501710 
1614.0000000 36.6746183 36.6537524 
1615.0000000 36.4781997 36.4573339 
1616.0000000 36.2817812 36.2609153 
1617.0000000 36.0853626 36.0644968 
1618.0000000 35.8889441 35.8680782 
1619.0000000 35.6925255 35.6716597 
1620.0000000 35.4961070 35.4752411 
1621.0000000 35.2996884 35.2788226 
1622.0000000 35.1032699 35.0824040 
1623.0000000 34.9068513 34.8859855 
1624.0000000 34.7104328 34.6895669 
1625.0000000 34.5140142 34.4931484 
1626.0000000 34.3175957 34.2967298 
1627.0000000 34.1211771 34.1003113 
1628.0000000 33.9247586 33.9038927 
1629.0000000 33.7283400 33.7074742 
1630.0000000 33.5319215 33.5110556 
1631.0000000 33.3355029 33.3146371 
1632.0000000 33.1390844 33.1182185 
1633.0000000 32.9426658 32.9218000 
1634.0000000 32.7462473 32.7253814 
1635.0000000 32.5498287 32.5289629 
1636.0000000 32.3534102 32.3325443 
1637.0000000 32.1569916 32.1361258 
1638.0000000 31.9605731 31.9397072 
1639.0000000 31.7641545 31.7432887 
1640.0000000 31.5677359 31.5468701 
1641.0000000 31.3713174 31.3504516 
1642.0000000 31.1748988 31.1540330 
1643.0000000 30.9784803 30.9576145 
1644.0000000 30.7820617 30.7611959 
1645.0000000 30.5856432 30.5647774 
1646.0000000 30.3892246 30.3683588 
1647.0000000 30.1928061 30.1719403 
1648.0000000 29.9963875 29.9755217 
1649.0000000 29.7999690 29.7791032 
1650.0000000 29.6035504 29.5826846 
1651.0000000 29.4071319 29.3862661 
1652.0000000 29.2107133 29.1898475 
1653.0000000 29.0142948 28.9934290 
1654.0000000 28.8178762 28.7970104 
1655.0000000 28.6214577 28.6005919 
1656.0000000 28.4250391 28.4041733 
1657.0000000 28.2286206 28.2077548 
1658.0000000 28.0322020 28.0113362 
1659.0000000 27.8357835 27.8149177 
1660.0000000 27.6393649 27.6184991 
1661.0000000 27.4429464 27.4220806 
1662.0000000 27.2465278 27.2256620 
1663.0000000 27.0501093 27.0292435 
1664.0000000 26.8536907 26.8328249 
1665.0000000 26.6572722 26.6364064 
1666.0000000 26.4608536 26.4399878 
1667.0000000 26.2644351 26.2435693 
1668.0000000 26.0680165 26.0471507 
1669.0000000 25.8715980 25.8507322 
1670.0000000 25.6751794 25.6543136 
1671.0000000 25.4787609 25.4578951 
1672.0000000 25.2823423 25.2614765 
1673.0000000 25.0859238 25.0650580 
1674.0000000 24.8895052 24.8686394 
1675.0000000 24.6930867 24.6722209 
1676.0000000 24.4966681 24.4758023 
1677.0000000 24.3002496 24.2793838 
1678.0000000 24.1038310 24.0829652 
1679.0000000 23.9074125 23.8865467 
1680.0000000 23.7109939 23.6901281 
1681.0000000 23.5145754 23.4937096 
1682.0000000 23.3181568 23.2972910 
1683.0000000 23.1217383 23.1008725 
1684.0000000 22.9253197 22.9044539 
1685.0000000 22.7289012 22.7080354 
1686.0000000 22.5324826 22.5116168 
1687.0000000 22.3360641 22.3151983 
1688.0000000 22.1396455 22.1187797 
1689.0000000 21.9432270 21.9223612 
1690.0000000 21.7468084 21.7259426 
1691.0000000 21.5503899 21.5295241 
1692.0000000 21.3539713 21.3331055 
1693.0000000 21.1575528 21.1366870 
1694.0000000 20.9611342 20.9402684 
1695.0000000 20.7647157 20.7438499 
1696.0000000 20.5682971 20.5474313 
1697.0000000 20.3718786 20.3510128 
1698.0000000 20.1754600 20.1545942 
1699.0000000 19.9790415 19.9581757 
1700.0000000 19.7826229 19.7617571 
1701.0000000 19.5862044 19.5653386 
1702.0000000 19.3897858 19.3689200 
1703.0000000 19.1933673 19.1725015 
1704.0000000 18.9969487 18.9760829 
1705.0000000 18.8005302 18.7796644 
1706.0000000 18.6041116 18.5832458 
1707.0000000 18.4076931 18.3868273 
1708.0000000 18.2112745 18.1904087 
1709.0000000 18.0148560 17.9939902 
1710.0000000 17.8184374 17.7975716 
1711.0000000 17.6220189 17.6011531 
1712.0000000 17.4256003 17.4047345 
1713.0000000 17.2291818 17.2083160 
1714.0000000 17.0327632 17.0118974 
1715.0000000 16.8363447 16.8154789 
1716.0000000 16.6399261 16.6190603 
1717.0000000 16.4435076 16.4226418 
1718.0000000 16.2470890 16.2262232 
1719.0000000 16.0506705 16.0298047 
1720.0000000 15.8542519 15.8333861 
1721.0000000 15.6578334 15.6369676 
1722.0000000 15.4614148 15.4405490 
1723.0000000 15.2649963 15.2441305 
1724.0000000 15.0685777 15.0477119 
1725.0000000 14.8721592 14.8512934 
1726.0000000 14.6757406 14.6548748 
1727.0000000 14.4793221 14.4584563 
1728.0000000 14.2829035 14.2620377 
1729.0000000 14.0864850 14.0656192 
1730.0000000 13.8900664 13.8692006 
1731.0000000 13.6936479 13.6727821 
1732.0000000 13.4972293 13.4763635 
1733.0000000 13.3008108 13.2799450 
1734.0000000 13.1043922 13.0835264 
1735.0000000 12.9079737 12.8871079 
1736.0000000 12.7115551 12.6906893 
1737.0000000 12.5151366 12.4942708 
1738.0000000 12.3187180 12.2978522 
1739.0000000 12.1222995 12.1014337 
1740.0000000 11.9258809 11.9050151 
1741.0000000 11.7294624 11.7085965 
1742.0000000 11.5330438 11.5121780 
1743.0000000 11.3366253 11.3157594 
1744.0000000 11.1402067 11.1193409 
1745.0000000 10.9437882 10.9229223 
1746.0000000 10.7473696 10.7265038 
1747.0000000 10.5509511 10.5300852 
1748.0000000 10.3545325 10.3336667 
1749.0000000 10.1581140 10.1372481 
1750.0000000 9.9616954 9.9408296 
1751.0000000 9.7652769 9.7444110 
1752.0000000 9.5688583 9.5479925 
1753.0000000 9.3724398 9.3515739 
1754.0000000 9.1760212 9.1551554 
1755.0000000 8.9796027 8.9587368 
1756.0000000 8.7831841 8.7623183 
1757.0000000 8.5867656 8.5658997 
1758.0000000 8.3903470 8.3694812 
1759.0000000 8.1939285 8.1730626 
1760.0000000 7.9975099 7.9766441 
1761.0000000 7.8010914 7.7802255 
1762.0000000 7.6046728 7.5838070 
1763.0000000 7.4082543 7.3873884 
1764.0000000 7.2118357 7.1909699 
1765.0000000 7.0154172 6.9945513 
1766.0000000 6.8189986 6.7981328 
1767.0000000 6.6225801 6.6017142 
1768.0000000 6.4261615 6.4052957 
1769.0000000 6.2297430 6.2088771 
1770.0000000 6.0333244 6.0124586 
1771.0000000 5.8369059 5.8160400 
1772.0000000 5.6404873 5.6196215 
1773.0000000 5.4440688 5.4232029 
1774.0000000 5.2476502 5.2267844 
1775.0000000 5.0512317 5.0303658 
1776.0000000 4.8548131 4.8339473 
1777.0000000 4.6583946 4.6375287 
1778.0000000 4.4619760 4.4411102 
1779.0000000 4.2655575 4.2446916 
1780.0000000 4.0691389 4.0482731 
1781.0000000 3.8727204 3.8518545 
1782.0000000 3.6763018 3.6554360 
1783.0000000 3.4798833 3.4590174 
1784.0000000 3.2834647 3.2625989 
1785.0000000 3.0870462 3.0661803 
1786.0000000 2.8906276 2.8697618 
1787.0000000 2.6942091 2.6733432 
1788.0000000 2.4977905 2.4769247 
1789.0000000 2.3013720 2.2805061 
1790.0000000 2.1049534 2.0840876 
1791.0000000 1.9085349 1.8876690 
1792.0000000 1.7121163 1.6912505 
1793.0000000 1.5156977 1.4948319 
1794.0000000 1.3192792 1.2984134 
1795.0000000 1.1228606 1.1019948 
1796.0000000 0.9264421 0.9055763 
1797.0000000 0.7300235 0.7091577 
1798.0000000 0.5336050 0.5127392 
1799.0000000 0.3371864 0.3163206 
1800.0000000 0.1407679 0.1199021 

