1.0000000 353.5382239 353.5549623 
2.0000000 353.3418054 353.3585437 
3.0000000 353.1453868 353.1621251 
4.0000000 352.9489683 352.9657066 
5.0000000 352.7525497 352.7692880 
6.0000000 352.5561312 352.5728695 
7.0000000 352.3597126 352.3764509 
8.0000000 352.1632941 352.1800324 
9.0000000 351.9668755 351.9836138 
10.0000000 351.7704570 351.7871953 
11.0000000 351.5740384 351.5907767 
12.0000000 351.3776199 351.3943582 
13.0000000 351.1812013 351.1979396 
14.0000000 350.9847828 351.0015211 
15.0000000 350.7883642 350.8051025 
16.0000000 350.5919457 350.6086840 
17.0000000 350.3955271 350.4122654 
18.0000000 350.1991086 350.2158469 
19.0000000 350.0026900 350.0194283 
20.0000000 349.8062715 349.8230098 
21.0000000 349.6098529 349.6265912 
22.0000000 349.4134344 349.4301727 
23.0000000 349.2170158 349.2337541 
24.0000000 349.0205973 349.0373356 
25.0000000 348.8241787 348.8409170 
26.0000000 348.6277602 348.6444985 
27.0000000 348.4313416 348.4480799 
28.0000000 348.2349231 348.2516614 
29.0000000 348.0385045 348.0552428 
30.0000000 347.8420860 347.8588243 
31.0000000 347.6456674 347.6624057 
32.0000000 347.4492489 347.4659872 
33.0000000 347.2528303 347.2695686 
34.0000000 347.0564118 347.0731501 
35.0000000 346.8599932 346.8767315 
36.0000000 346.6635747 346.6803130 
37.0000000 346.4671561 346.4838944 
38.0000000 346.2707376 346.2874759 
39.0000000 346.0743190 346.0910573 
40.0000000 345.8779005 345.8946388 
41.0000000 345.6814819 345.6982202 
42.0000000 345.4850634 345.5018017 
43.0000000 345.2886448 345.3053831 
44.0000000 345.0922263 345.1089646 
45.0000000 344.8958077 344.9125460 
46.0000000 344.6993892 344.7161275 
47.0000000 344.5029706 344.5197089 
48.0000000 344.3065521 344.3232904 
49.0000000 344.1101335 344.1268718 
50.0000000 343.9137150 343.9304533 
51.0000000 343.7172964 343.7340347 
52.0000000 343.5208779 343.5376162 
53.0000000 343.3244593 343.3411976 
54.0000000 343.1280408 343.1447791 
55.0000000 342.9316222 342.9483605 
56.0000000 342.7352037 342.7519420 
57.0000000 342.5387851 342.5555234 
58.0000000 342.3423666 342.3591049 
59.0000000 342.1459480 342.1626863 
60.0000000 341.9495295 341.9662678 
61.0000000 341.7531109 341.7698492 
62.0000000 341.5566924 341.5734307 
63.0000000 341.3602738 341.3770121 
64.0000000 341.1638553 341.1805936 
65.0000000 340.9674367 340.9841750 
66.0000000 340.7710182 340.7877565 
67.0000000 340.5745996 340.5913379 
68.0000000 340.3781811 340.3949194 
69.0000000 340.1817625 340.1985008 
70.0000000 339.9853440 340.0020823 
71.0000000 339.7889254 339.8056637 
72.0000000 339.5925069 339.6092452 
73.0000000 339.3960883 339.4128266 
74.0000000 339.1996698 339.2164081 
75.0000000 339.0032512 339.0199895 
76.0000000 338.8068327 338.8235710 
77.0000000 338.6104141 338.6271524 
78.0000000 338.4139956 338.4307339 
79.0000000 338.2175770 338.2343153 
80.0000000 338.0211585 338.0378968 
81.0000000 337.8247399 337.8414782 
82.0000000 337.6283214 337.6450597 
83.0000000 337.4319028 337.4486411 
84.0000000 337.2354843 337.2522226 
85.0000000 337.0390657 337.0558040 
86.0000000 336.8426472 336.8593855 
87.0000000 336.6462286 336.6629669 
88.0000000 336.4498101 336.4665484 
89.0000000 336.2533915 336.2701298 
90.0000000 336.0569730 336.0737113 
91.0000000 335.8605544 335.8772927 
92.0000000 335.6641359 335.6808742 
93.0000000 335.4677173 335.4844556 
94.0000000 335.2712988 335.2880371 
95.0000000 335.0748802 335.0916185 
96.0000000 334.8784617 334.8952000 
97.0000000 334.6820431 334.6987814 
98.0000000 334.4856246 334.5023629 
99.0000000 334.2892060 334.3059443 
100.0000000 334.0927875 334.1095258 
101.0000000 333.8963689 333.9131072 
102.0000000 333.6999504 333.7166887 
103.0000000 333.5035318 333.5202701 
104.0000000 333.3071133 333.3238516 
105.0000000 333.1106947 333.1274330 
106.0000000 332.9142762 332.9310145 
107.0000000 332.7178576 332.7345959 
108.0000000 332.5214391 332.5381774 
109.0000000 332.3250205 332.3417588 
110.0000000 332.1286020 332.1453403 
111.0000000 331.9321834 331.9489217 
112.0000000 331.7357649 331.7525032 
113.0000000 331.5393463 331.5560846 
114.0000000 331.3429278 331.3596661 
115.0000000 331.1465092 331.1632475 
116.0000000 330.9500907 330.9668290 
117.0000000 330.7536721 330.7704104 
118.0000000 330.5572536 330.5739919 
119.0000000 330.3608350 330.3775733 
120.0000000 330.1644165 330.1811548 
121.0000000 329.9679979 329.9847362 
122.0000000 329.7715794 329.7883177 
123.0000000 329.5751608 329.5918991 
124.0000000 329.3787423 329.3954806 
125.0000000 329.1823237 329.1990620 
126.0000000 328.9859052 329.0026435 
127.0000000 328.7894866 328.8062249 
128.0000000 328.5930681 328.6098064 
129.0000000 328.3966495 328.4133878 
130.0000000 328.2002310 328.2169693 
131.0000000 328.0038124 328.0205507 
132.0000000 327.8073939 327.8241322 
133.0000000 327.6109753 327.6277136 
134.0000000 327.4145568 327.4312951 
135.0000000 327.2181382 327.2348765 
136.0000000 327.0217197 327.0384580 
137.0000000 326.8253011 326.8420394 
138.0000000 326.6288826 326.6456209 
139.0000000 326.4324640 326.4492023 
140.0000000 326.2360454 326.2527838 
141.0000000 326.0396269 326.0563652 
142.0000000 325.8432083 325.8599467 
143.0000000 325.6467898 325.6635281 
144.0000000 325.4503712 325.4671096 
145.0000000 325.2539527 325.2706910 
146.0000000 325.0575341 325.0742725 
147.0000000 324.8611156 324.8778539 
148.0000000 324.6646970 324.6814354 
149.0000000 324.4682785 324.4850168 
150.0000000 324.2718599 324.2885983 
151.0000000 324.0754414 324.0921797 
152.0000000 323.8790228 323.8957612 
153.0000000 323.6826043 323.6993426 
154.0000000 323.4861857 323.5029240 
155.0000000 323.2897672 323.3065055 
156.0000000 323.0933486 323.1100869 
157.0000000 322.8969301 322.9136684 
158.0000000 322.7005115 322.7172498 
159.0000000 322.5040930 322.5208313 
160.0000000 322.3076744 322.3244127 
161.0000000 322.1112559 322.1279942 
162.0000000 321.9148373 321.9315756 
163.0000000 321.7184188 321.7351571 
164.0000000 321.5220002 321.5387385 
165.0000000 321.3255817 321.3423200 
166.0000000 321.1291631 321.1459014 
167.0000000 320.9327446 320.9494829 
168.0000000 320.7363260 320.7530643 
169.0000000 320.5399075 320.5566458 
170.0000000 320.3434889 320.3602272 
171.0000000 320.1470704 320.1638087 
172.0000000 319.9506518 319.9673901 
173.0000000 319.7542333 319.7709716 
174.0000000 319.5578147 319.5745530 
175.0000000 319.3613962 319.3781345 
176.0000000 319.1649776 319.1817159 
177.0000000 318.9685591 318.9852974 
178.0000000 318.7721405 318.7888788 
179.0000000 318.5757220 318.5924603 
180.0000000 318.3793034 318.3960417 
181.0000000 318.1828849 318.1996232 
182.0000000 317.9864663 318.0032046 
183.0000000 317.7900478 317.8067861 
184.0000000 317.5936292 317.6103675 
185.0000000 317.3972107 317.4139490 
186.0000000 317.2007921 317.2175304 
187.0000000 317.0043736 317.0211119 
188.0000000 316.8079550 316.8246933 
189.0000000 316.6115365 316.6282748 
190.0000000 316.4151179 316.4318562 
191.0000000 316.2186994 316.2354377 
192.0000000 316.0222808 316.0390191 
193.0000000 315.8258623 315.8426006 
194.0000000 315.6294437 315.6461820 
195.0000000 315.4330252 315.4497635 
196.0000000 315.2366066 315.2533449 
197.0000000 315.0401881 315.0569264 
198.0000000 314.8437695 314.8605078 
199.0000000 314.6473510 314.6640893 
200.0000000 314.4509324 314.4676707 
201.0000000 314.2545139 314.2712522 
202.0000000 314.0580953 314.0748336 
203.0000000 313.8616768 313.8784151 
204.0000000 313.6652582 313.6819965 
205.0000000 313.4688397 313.4855780 
206.0000000 313.2724211 313.2891594 
207.0000000 313.0760026 313.0927409 
208.0000000 312.8795840 312.8963223 
209.0000000 312.6831655 312.6999038 
210.0000000 312.4867469 312.5034852 
211.0000000 312.2903284 312.3070667 
212.0000000 312.0939098 312.1106481 
213.0000000 311.8974913 311.9142296 
214.0000000 311.7010727 311.7178110 
215.0000000 311.5046542 311.5213925 
216.0000000 311.3082356 311.3249739 
217.0000000 311.1118171 311.1285554 
218.0000000 310.9153985 310.9321368 
219.0000000 310.7189800 310.7357183 
220.0000000 310.5225614 310.5392997 
221.0000000 310.3261429 310.3428812 
222.0000000 310.1297243 310.1464626 
223.0000000 309.9333058 309.9500441 
224.0000000 309.7368872 309.7536255 
225.0000000 309.5404687 309.5572070 
226.0000000 309.3440501 309.3607884 
227.0000000 309.1476316 309.1643699 
228.0000000 308.9512130 308.9679513 
229.0000000 308.7547945 308.7715328 
230.0000000 308.5583759 308.5751142 
231.0000000 308.3619574 308.3786957 
232.0000000 308.1655388 308.1822771 
233.0000000 307.9691203 307.9858586 
234.0000000 307.7727017 307.7894400 
235.0000000 307.5762832 307.5930215 
236.0000000 307.3798646 307.3966029 
237.0000000 307.1834461 307.2001844 
238.0000000 306.9870275 307.0037658 
239.0000000 306.7906090 306.8073473 
240.0000000 306.5941904 306.6109287 
241.0000000 306.3977719 306.4145102 
242.0000000 306.2013533 306.2180916 
243.0000000 306.0049348 306.0216731 
244.0000000 305.8085162 305.8252545 
245.0000000 305.6120977 305.6288360 
246.0000000 305.4156791 305.4324174 
247.0000000 305.2192606 305.2359989 
248.0000000 305.0228420 305.0395803 
249.0000000 304.8264235 304.8431618 
250.0000000 304.6300049 304.6467432 
251.0000000 304.4335864 304.4503247 
252.0000000 304.2371678 304.2539061 
253.0000000 304.0407493 304.0574876 
254.0000000 303.8443307 303.8610690 
255.0000000 303.6479122 303.6646505 
256.0000000 303.4514936 303.4682319 
257.0000000 303.2550751 303.2718134 
258.0000000 303.0586565 303.0753948 
259.0000000 302.8622380 302.8789763 
260.0000000 302.6658194 302.6825577 
261.0000000 302.4694009 302.4861392 
262.0000000 302.2729823 302.2897206 
263.0000000 302.0765638 302.0933021 
264.0000000 301.8801452 301.8968835 
265.0000000 301.6837267 301.7004650 
266.0000000 301.4873081 301.5040464 
267.0000000 301.2908896 301.3076279 
268.0000000 301.0944710 301.1112093 
269.0000000 300.8980525 300.9147908 
270.0000000 300.7016339 300.7183722 
271.0000000 300.5052154 300.5219537 
272.0000000 300.3087968 300.3255351 
273.0000000 300.1123783 300.1291166 
274.0000000 299.9159597 299.9326980 
275.0000000 299.7195412 299.7362795 
276.0000000 299.5231226 299.5398609 
277.0000000 299.3267041 299.3434424 
278.0000000 299.1302855 299.1470238 
279.0000000 298.9338670 298.9506053 
280.0000000 298.7374484 298.7541867 
281.0000000 298.5410299 298.5577682 
282.0000000 298.3446113 298.3613496 
283.0000000 298.1481928 298.1649311 
284.0000000 297.9517742 297.9685125 
285.0000000 297.7553557 297.7720940 
286.0000000 297.5589371 297.5756754 
287.0000000 297.3625186 297.3792569 
288.0000000 297.1661000 297.1828383 
289.0000000 296.9696815 296.9864198 
290.0000000 296.7732629 296.7900012 
291.0000000 296.5768443 296.5935827 
292.0000000 296.3804258 296.3971641 
293.0000000 296.1840072 296.2007456 
294.0000000 295.9875887 296.0043270 
295.0000000 295.7911701 295.8079085 
296.0000000 295.5947516 295.6114899 
297.0000000 295.3983330 295.4150714 
298.0000000 295.2019145 295.2186528 
299.0000000 295.0054959 295.0222343 
300.0000000 294.8090774 294.8258157 
301.0000000 294.6126588 294.6293972 
302.0000000 294.4162403 294.4329786 
303.0000000 294.2198217 294.2365601 
304.0000000 294.0234032 294.0401415 
305.0000000 293.8269846 293.8437230 
306.0000000 293.6305661 293.6473044 
307.0000000 293.4341475 293.4508858 
308.0000000 293.2377290 293.2544673 
309.0000000 293.0413104 293.0580487 
310.0000000 292.8448919 292.8616302 
311.0000000 292.6484733 292.6652116 
312.0000000 292.4520548 292.4687931 
313.0000000 292.2556362 292.2723745 
314.0000000 292.0592177 292.0759560 
315.0000000 291.8627991 291.8795374 
316.0000000 291.6663806 291.6831189 
317.0000000 291.4699620 291.4867003 
318.0000000 291.2735435 291.2902818 
319.0000000 291.0771249 291.0938632 
320.0000000 290.8807064 290.8974447 
321.0000000 290.6842878 290.7010261 
322.0000000 290.4878693 290.5046076 
323.0000000 290.2914507 290.3081890 
324.0000000 290.0950322 290.1117705 
325.0000000 289.8986136 289.9153519 
326.0000000 289.7021951 289.7189334 
327.0000000 289.5057765 289.5225148 
328.0000000 289.3093580 289.3260963 
329.0000000 289.1129394 289.1296777 
330.0000000 288.9165209 288.9332592 
331.0000000 288.7201023 288.7368406 
332.0000000 288.5236838 288.5404221 
333.0000000 288.3272652 288.3440035 
334.0000000 288.1308467 288.1475850 
335.0000000 287.9344281 287.9511664 
336.0000000 287.7380096 287.7547479 
337.0000000 287.5415910 287.5583293 
338.0000000 287.3451725 287.3619108 
339.0000000 287.1487539 287.1654922 
340.0000000 286.9523354 286.9690737 
341.0000000 286.7559168 286.7726551 
342.0000000 286.5594983 286.5762366 
343.0000000 286.3630797 286.3798180 
344.0000000 286.1666612 286.1833995 
345.0000000 285.9702426 285.9869809 
346.0000000 285.7738241 285.7905624 
347.0000000 285.5774055 285.5941438 
348.0000000 285.3809870 285.3977253 
349.0000000 285.1845684 285.2013067 
350.0000000 284.9881499 285.0048882 
351.0000000 284.7917313 284.8084696 
352.0000000 284.5953128 284.6120511 
353.0000000 284.3988942 284.4156325 
354.0000000 284.2024757 284.2192140 
355.0000000 284.0060571 284.0227954 
356.0000000 283.8096386 283.8263769 
357.0000000 283.6132200 283.6299583 
358.0000000 283.4168015 283.4335398 
359.0000000 283.2203829 283.2371212 
360.0000000 283.0239644 283.0407027 
361.0000000 282.8275458 282.8442841 
362.0000000 282.6311273 282.6478656 
363.0000000 282.4347087 282.4514470 
364.0000000 282.2382902 282.2550285 
365.0000000 282.0418716 282.0586099 
366.0000000 281.8454531 281.8621914 
367.0000000 281.6490345 281.6657728 
368.0000000 281.4526160 281.4693543 
369.0000000 281.2561974 281.2729357 
370.0000000 281.0597789 281.0765172 
371.0000000 280.8633603 280.8800986 
372.0000000 280.6669418 280.6836801 
373.0000000 280.4705232 280.4872615 
374.0000000 280.2741047 280.2908430 
375.0000000 280.0776861 280.0944244 
376.0000000 279.8812676 279.8980059 
377.0000000 279.6848490 279.7015873 
378.0000000 279.4884305 279.5051688 
379.0000000 279.2920119 279.3087502 
380.0000000 279.0955934 279.1123317 
381.0000000 278.8991748 278.9159131 
382.0000000 278.7027563 278.7194946 
383.0000000 278.5063377 278.5230760 
384.0000000 278.3099192 278.3266575 
385.0000000 278.1135006 278.1302389 
386.0000000 277.9170821 277.9338204 
387.0000000 277.7206635 277.7374018 
388.0000000 277.5242450 277.5409833 
389.0000000 277.3278264 277.3445647 
390.0000000 277.1314079 277.1481462 
391.0000000 276.9349893 276.9517276 
392.0000000 276.7385708 276.7553091 
393.0000000 276.5421522 276.5588905 
394.0000000 276.3457337 276.3624720 
395.0000000 276.1493151 276.1660534 
396.0000000 275.9528966 275.9696349 
397.0000000 275.7564780 275.7732163 
398.0000000 275.5600595 275.5767978 
399.0000000 275.3636409 275.3803792 
400.0000000 275.1672224 275.1839607 
401.0000000 274.9708038 274.9875421 
402.0000000 274.7743853 274.7911236 
403.0000000 274.5779667 274.5947050 
404.0000000 274.3815482 274.3982865 
405.0000000 274.1851296 274.2018679 
406.0000000 273.9887111 274.0054494 
407.0000000 273.7922925 273.8090308 
408.0000000 273.5958740 273.6126123 
409.0000000 273.3994554 273.4161937 
410.0000000 273.2030369 273.2197752 
411.0000000 273.0066183 273.0233566 
412.0000000 272.8101998 272.8269381 
413.0000000 272.6137812 272.6305195 
414.0000000 272.4173627 272.4341010 
415.0000000 272.2209441 272.2376824 
416.0000000 272.0245256 272.0412639 
417.0000000 271.8281070 271.8448453 
418.0000000 271.6316885 271.6484268 
419.0000000 271.4352699 271.4520082 
420.0000000 271.2388514 271.2555897 
421.0000000 271.0424328 271.0591711 
422.0000000 270.8460143 270.8627526 
423.0000000 270.6495957 270.6663340 
424.0000000 270.4531772 270.4699155 
425.0000000 270.2567586 270.2734969 
426.0000000 270.0603401 270.0770784 
427.0000000 269.8639215 269.8806598 
428.0000000 269.6675030 269.6842413 
429.0000000 269.4710844 269.4878227 
430.0000000 269.2746659 269.2914042 
431.0000000 269.0782473 269.0949856 
432.0000000 268.8818288 268.8985671 
433.0000000 268.6854102 268.7021485 
434.0000000 268.4889917 268.5057300 
435.0000000 268.2925731 268.3093114 
436.0000000 268.0961546 268.1128929 
437.0000000 267.8997360 267.9164743 
438.0000000 267.7033175 267.7200558 
439.0000000 267.5068989 267.5236372 
440.0000000 267.3104804 267.3272187 
441.0000000 267.1140618 267.1308001 
442.0000000 266.9176432 266.9343816 
443.0000000 266.7212247 266.7379630 
444.0000000 266.5248061 266.5415445 
445.0000000 266.3283876 266.3451259 
446.0000000 266.1319690 266.1487074 
447.0000000 265.9355505 265.9522888 
448.0000000 265.7391319 265.7558703 
449.0000000 265.5427134 265.5594517 
450.0000000 265.3462948 265.3630332 
451.0000000 265.1498763 265.1666146 
452.0000000 264.9534577 264.9701961 
453.0000000 264.7570392 264.7737775 
454.0000000 264.5606206 264.5773590 
455.0000000 264.3642021 264.3809404 
456.0000000 264.1677835 264.1845219 
457.0000000 263.9713650 263.9881033 
458.0000000 263.7749464 263.7916847 
459.0000000 263.5785279 263.5952662 
460.0000000 263.3821093 263.3988476 
461.0000000 263.1856908 263.2024291 
462.0000000 262.9892722 263.0060105 
463.0000000 262.7928537 262.8095920 
464.0000000 262.5964351 262.6131734 
465.0000000 262.4000166 262.4167549 
466.0000000 262.2035980 262.2203363 
467.0000000 262.0071795 262.0239178 
468.0000000 261.8107609 261.8274992 
469.0000000 261.6143424 261.6310807 
470.0000000 261.4179238 261.4346621 
471.0000000 261.2215053 261.2382436 
472.0000000 261.0250867 261.0418250 
473.0000000 260.8286682 260.8454065 
474.0000000 260.6322496 260.6489879 
475.0000000 260.4358311 260.4525694 
476.0000000 260.2394125 260.2561508 
477.0000000 260.0429940 260.0597323 
478.0000000 259.8465754 259.8633137 
479.0000000 259.6501569 259.6668952 
480.0000000 259.4537383 259.4704766 
481.0000000 259.2573198 259.2740581 
482.0000000 259.0609012 259.0776395 
483.0000000 258.8644827 258.8812210 
484.0000000 258.6680641 258.6848024 
485.0000000 258.4716456 258.4883839 
486.0000000 258.2752270 258.2919653 
487.0000000 258.0788085 258.0955468 
488.0000000 257.8823899 257.8991282 
489.0000000 257.6859714 257.7027097 
490.0000000 257.4895528 257.5062911 
491.0000000 257.2931343 257.3098726 
492.0000000 257.0967157 257.1134540 
493.0000000 256.9002972 256.9170355 
494.0000000 256.7038786 256.7206169 
495.0000000 256.5074601 256.5241984 
496.0000000 256.3110415 256.3277798 
497.0000000 256.1146230 256.1313613 
498.0000000 255.9182044 255.9349427 
499.0000000 255.7217859 255.7385242 
500.0000000 255.5253673 255.5421056 
501.0000000 255.3289488 255.3456871 
502.0000000 255.1325302 255.1492685 
503.0000000 254.9361117 254.9528500 
504.0000000 254.7396931 254.7564314 
505.0000000 254.5432746 254.5600129 
506.0000000 254.3468560 254.3635943 
507.0000000 254.1504375 254.1671758 
508.0000000 253.9540189 253.9707572 
509.0000000 253.7576004 253.7743387 
510.0000000 253.5611818 253.5779201 
511.0000000 253.3647633 253.3815016 
512.0000000 253.1683447 253.1850830 
513.0000000 252.9719262 252.9886645 
514.0000000 252.7755076 252.7922459 
515.0000000 252.5790891 252.5958274 
516.0000000 252.3826705 252.3994088 
517.0000000 252.1862520 252.2029903 
518.0000000 251.9898334 252.0065717 
519.0000000 251.7934149 251.8101532 
520.0000000 251.5969963 251.6137346 
521.0000000 251.4005778 251.4173161 
522.0000000 251.2041592 251.2208975 
523.0000000 251.0077407 251.0244790 
524.0000000 250.8113221 250.8280604 
525.0000000 250.6149036 250.6316419 
526.0000000 250.4184850 250.4352233 
527.0000000 250.2220665 250.2388048 
528.0000000 250.0256479 250.0423862 
529.0000000 249.8292294 249.8459677 
530.0000000 249.6328108 249.6495491 
531.0000000 249.4363923 249.4531306 
532.0000000 249.2399737 249.2567120 
533.0000000 249.0435552 249.0602935 
534.0000000 248.8471366 248.8638749 
535.0000000 248.6507181 248.6674564 
536.0000000 248.4542995 248.4710378 
537.0000000 248.2578810 248.2746193 
538.0000000 248.0614624 248.0782007 
539.0000000 247.8650439 247.8817822 
540.0000000 247.6686253 247.6853636 
541.0000000 247.4722068 247.4889451 
542.0000000 247.2757882 247.2925265 
543.0000000 247.0793697 247.0961080 
544.0000000 246.8829511 246.8996894 
545.0000000 246.6865326 246.7032709 
546.0000000 246.4901140 246.5068523 
547.0000000 246.2936955 246.3104338 
548.0000000 246.0972769 246.1140152 
549.0000000 245.9008584 245.9175967 
550.0000000 245.7044398 245.7211781 
551.0000000 245.5080213 245.5247596 
552.0000000 245.3116027 245.3283410 
553.0000000 245.1151842 245.1319225 
554.0000000 244.9187656 244.9355039 
555.0000000 244.7223471 244.7390854 
556.0000000 244.5259285 244.5426668 
557.0000000 244.3295100 244.3462483 
558.0000000 244.1330914 244.1498297 
559.0000000 243.9366729 243.9534112 
560.0000000 243.7402543 243.7569926 
561.0000000 243.5438358 243.5605741 
562.0000000 243.3474172 243.3641555 
563.0000000 243.1509987 243.1677370 
564.0000000 242.9545801 242.9713184 
565.0000000 242.7581616 242.7748999 
566.0000000 242.5617430 242.5784813 
567.0000000 242.3653245 242.3820628 
568.0000000 242.1689059 242.1856442 
569.0000000 241.9724874 241.9892257 
570.0000000 241.7760688 241.7928071 
571.0000000 241.5796503 241.5963886 
572.0000000 241.3832317 241.3999700 
573.0000000 241.1868132 241.2035515 
574.0000000 240.9903946 241.0071329 
575.0000000 240.7939761 240.8107144 
576.0000000 240.5975575 240.6142958 
577.0000000 240.4011390 240.4178773 
578.0000000 240.2047204 240.2214587 
579.0000000 240.0083019 240.0250402 
580.0000000 239.8118833 239.8286216 
581.0000000 239.6154648 239.6322031 
582.0000000 239.4190462 239.4357845 
583.0000000 239.2226277 239.2393660 
584.0000000 239.0262091 239.0429474 
585.0000000 238.8297906 238.8465289 
586.0000000 238.6333720 238.6501103 
587.0000000 238.4369535 238.4536918 
588.0000000 238.2405349 238.2572732 
589.0000000 238.0441164 238.0608547 
590.0000000 237.8476978 237.8644361 
591.0000000 237.6512793 237.6680176 
592.0000000 237.4548607 237.4715990 
593.0000000 237.2584422 237.2751805 
594.0000000 237.0620236 237.0787619 
595.0000000 236.8656050 236.8823434 
596.0000000 236.6691865 236.6859248 
597.0000000 236.4727679 236.4895063 
598.0000000 236.2763494 236.2930877 
599.0000000 236.0799308 236.0966692 
600.0000000 235.8835123 235.9002506 
601.0000000 235.6870937 235.7038321 
602.0000000 235.4906752 235.5074135 
603.0000000 235.2942566 235.3109950 
604.0000000 235.0978381 235.1145764 
605.0000000 234.9014195 234.9181579 
606.0000000 234.7050010 234.7217393 
607.0000000 234.5085824 234.5253208 
608.0000000 234.3121639 234.3289022 
609.0000000 234.1157453 234.1324836 
610.0000000 233.9193268 233.9360651 
611.0000000 233.7229082 233.7396465 
612.0000000 233.5264897 233.5432280 
613.0000000 233.3300711 233.3468094 
614.0000000 233.1336526 233.1503909 
615.0000000 232.9372340 232.9539723 
616.0000000 232.7408155 232.7575538 
617.0000000 232.5443969 232.5611352 
618.0000000 232.3479784 232.3647167 
619.0000000 232.1515598 232.1682981 
620.0000000 231.9551413 231.9718796 
621.0000000 231.7587227 231.7754610 
622.0000000 231.5623042 231.5790425 
623.0000000 231.3658856 231.3826239 
624.0000000 231.1694671 231.1862054 
625.0000000 230.9730485 230.9897868 
626.0000000 230.7766300 230.7933683 
627.0000000 230.5802114 230.5969497 
628.0000000 230.3837929 230.4005312 
629.0000000 230.1873743 230.2041126 
630.0000000 229.9909558 230.0076941 
631.0000000 229.7945372 229.8112755 
632.0000000 229.5981187 229.6148570 
633.0000000 229.4017001 229.4184384 
634.0000000 229.2052816 229.2220199 
635.0000000 229.0088630 229.0256013 
636.0000000 228.8124445 228.8291828 
637.0000000 228.6160259 228.6327642 
638.0000000 228.4196074 228.4363457 
639.0000000 228.2231888 228.2399271 
640.0000000 228.0267703 228.0435086 
641.0000000 227.8303517 227.8470900 
642.0000000 227.6339332 227.6506715 
643.0000000 227.4375146 227.4542529 
644.0000000 227.2410961 227.2578344 
645.0000000 227.0446775 227.0614158 
646.0000000 226.8482590 226.8649973 
647.0000000 226.6518404 226.6685787 
648.0000000 226.4554219 226.4721602 
649.0000000 226.2590033 226.2757416 
650.0000000 226.0625848 226.0793231 
651.0000000 225.8661662 225.8829045 
652.0000000 225.6697477 225.6864860 
653.0000000 225.4733291 225.4900674 
654.0000000 225.2769106 225.2936489 
655.0000000 225.0804920 225.0972303 
656.0000000 224.8840735 224.9008118 
657.0000000 224.6876549 224.7043932 
658.0000000 224.4912364 224.5079747 
659.0000000 224.2948178 224.3115561 
660.0000000 224.0983993 224.1151376 
661.0000000 223.9019807 223.9187190 
662.0000000 223.7055622 223.7223005 
663.0000000 223.5091436 223.5258819 
664.0000000 223.3127251 223.3294634 
665.0000000 223.1163065 223.1330448 
666.0000000 222.9198880 222.9366263 
667.0000000 222.7234694 222.7402077 
668.0000000 222.5270509 222.5437892 
669.0000000 222.3306323 222.3473706 
670.0000000 222.1342138 222.1509521 
671.0000000 221.9377952 221.9545335 
672.0000000 221.7413767 221.7581150 
673.0000000 221.5449581 221.5616964 
674.0000000 221.3485396 221.3652779 
675.0000000 221.1521210 221.1688593 
676.0000000 220.9557025 220.9724408 
677.0000000 220.7592839 220.7760222 
678.0000000 220.5628654 220.5796037 
679.0000000 220.3664468 220.3831851 
680.0000000 220.1700283 220.1867666 
681.0000000 219.9736097 219.9903480 
682.0000000 219.7771912 219.7939295 
683.0000000 219.5807726 219.5975109 
684.0000000 219.3843541 219.4010924 
685.0000000 219.1879355 219.2046738 
686.0000000 218.9915170 219.0082553 
687.0000000 218.7950984 218.8118367 
688.0000000 218.5986799 218.6154182 
689.0000000 218.4022613 218.4189996 
690.0000000 218.2058428 218.2225811 
691.0000000 218.0094242 218.0261625 
692.0000000 217.8130057 217.8297440 
693.0000000 217.6165871 217.6333254 
694.0000000 217.4201686 217.4369069 
695.0000000 217.2237500 217.2404883 
696.0000000 217.0273315 217.0440698 
697.0000000 216.8309129 216.8476512 
698.0000000 216.6344944 216.6512327 
699.0000000 216.4380758 216.4548141 
700.0000000 216.2416573 216.2583956 
701.0000000 216.0452387 216.0619770 
702.0000000 215.8488202 215.8655585 
703.0000000 215.6524016 215.6691399 
704.0000000 215.4559831 215.4727214 
705.0000000 215.2595645 215.2763028 
706.0000000 215.0631460 215.0798843 
707.0000000 214.8667274 214.8834657 
708.0000000 214.6703089 214.6870472 
709.0000000 214.4738903 214.4906286 
710.0000000 214.2774718 214.2942101 
711.0000000 214.0810532 214.0977915 
712.0000000 213.8846347 213.9013730 
713.0000000 213.6882161 213.7049544 
714.0000000 213.4917976 213.5085359 
715.0000000 213.2953790 213.3121173 
716.0000000 213.0989605 213.1156988 
717.0000000 212.9025419 212.9192802 
718.0000000 212.7061234 212.7228617 
719.0000000 212.5097048 212.5264431 
720.0000000 212.3132863 212.3300246 
721.0000000 212.1168677 212.1336060 
722.0000000 211.9204492 211.9371875 
723.0000000 211.7240306 211.7407689 
724.0000000 211.5276121 211.5443504 
725.0000000 211.3311935 211.3479318 
726.0000000 211.1347750 211.1515133 
727.0000000 210.9383564 210.9550947 
728.0000000 210.7419379 210.7586762 
729.0000000 210.5455193 210.5622576 
730.0000000 210.3491008 210.3658391 
731.0000000 210.1526822 210.1694205 
732.0000000 209.9562637 209.9730020 
733.0000000 209.7598451 209.7765834 
734.0000000 209.5634266 209.5801649 
735.0000000 209.3670080 209.3837463 
736.0000000 209.1705895 209.1873278 
737.0000000 208.9741709 208.9909092 
738.0000000 208.7777524 208.7944907 
739.0000000 208.5813338 208.5980721 
740.0000000 208.3849153 208.4016536 
741.0000000 208.1884967 208.2052350 
742.0000000 207.9920782 208.0088165 
743.0000000 207.7956596 207.8123979 
744.0000000 207.5992411 207.6159794 
745.0000000 207.4028225 207.4195608 
746.0000000 207.2064039 207.2231423 
747.0000000 207.0099854 207.0267237 
748.0000000 206.8135668 206.8303052 
749.0000000 206.6171483 206.6338866 
750.0000000 206.4207297 206.4374681 
751.0000000 206.2243112 206.2410495 
752.0000000 206.0278926 206.0446310 
753.0000000 205.8314741 205.8482124 
754.0000000 205.6350555 205.6517939 
755.0000000 205.4386370 205.4553753 
756.0000000 205.2422184 205.2589568 
757.0000000 205.0457999 205.0625382 
758.0000000 204.8493813 204.8661197 
759.0000000 204.6529628 204.6697011 
760.0000000 204.4565442 204.4732826 
761.0000000 204.2601257 204.2768640 
762.0000000 204.0637071 204.0804454 
763.0000000 203.8672886 203.8840269 
764.0000000 203.6708700 203.6876083 
765.0000000 203.4744515 203.4911898 
766.0000000 203.2780329 203.2947712 
767.0000000 203.0816144 203.0983527 
768.0000000 202.8851958 202.9019341 
769.0000000 202.6887773 202.7055156 
770.0000000 202.4923587 202.5090970 
771.0000000 202.2959402 202.3126785 
772.0000000 202.0995216 202.1162599 
773.0000000 201.9031031 201.9198414 
774.0000000 201.7066845 201.7234228 
775.0000000 201.5102660 201.5270043 
776.0000000 201.3138474 201.3305857 
777.0000000 201.1174289 201.1341672 
778.0000000 200.9210103 200.9377486 
779.0000000 200.7245918 200.7413301 
780.0000000 200.5281732 200.5449115 
781.0000000 200.3317547 200.3484930 
782.0000000 200.1353361 200.1520744 
783.0000000 199.9389176 199.9556559 
784.0000000 199.7424990 199.7592373 
785.0000000 199.5460805 199.5628188 
786.0000000 199.3496619 199.3664002 
787.0000000 199.1532434 199.1699817 
788.0000000 198.9568248 198.9735631 
789.0000000 198.7604063 198.7771446 
790.0000000 198.5639877 198.5807260 
791.0000000 198.3675692 198.3843075 
792.0000000 198.1711506 198.1878889 
793.0000000 197.9747321 197.9914704 
794.0000000 197.7783135 197.7950518 
795.0000000 197.5818950 197.5986333 
796.0000000 197.3854764 197.4022147 
797.0000000 197.1890579 197.2057962 
798.0000000 196.9926393 197.0093776 
799.0000000 196.7962208 196.8129591 
800.0000000 196.5998022 196.6165405 
801.0000000 196.4033837 196.4201220 
802.0000000 196.2069651 196.2237034 
803.0000000 196.0105466 196.0272849 
804.0000000 195.8141280 195.8308663 
805.0000000 195.6177095 195.6344478 
806.0000000 195.4212909 195.4380292 
807.0000000 195.2248724 195.2416107 
808.0000000 195.0284538 195.0451921 
809.0000000 194.8320353 194.8487736 
810.0000000 194.6356167 194.6523550 
811.0000000 194.4391982 194.4559365 
812.0000000 194.2427796 194.2595179 
813.0000000 194.0463611 194.0630994 
814.0000000 193.8499425 193.8666808 
815.0000000 193.6535240 193.6702623 
816.0000000 193.4571054 193.4738437 
817.0000000 193.2606869 193.2774252 
818.0000000 193.0642683 193.0810066 
819.0000000 192.8678498 192.8845881 
820.0000000 192.6714312 192.6881695 
821.0000000 192.4750127 192.4917510 
822.0000000 192.2785941 192.2953324 
823.0000000 192.0821756 192.0989139 
824.0000000 191.8857570 191.9024953 
825.0000000 191.6893385 191.7060768 
826.0000000 191.4929199 191.5096582 
827.0000000 191.2965014 191.3132397 
828.0000000 191.1000828 191.1168211 
829.0000000 190.9036643 190.9204026 
830.0000000 190.7072457 190.7239840 
831.0000000 190.5108272 190.5275655 
832.0000000 190.3144086 190.3311469 
833.0000000 190.1179901 190.1347284 
834.0000000 189.9215715 189.9383098 
835.0000000 189.7251530 189.7418913 
836.0000000 189.5287344 189.5454727 
837.0000000 189.3323159 189.3490542 
838.0000000 189.1358973 189.1526356 
839.0000000 188.9394788 188.9562171 
840.0000000 188.7430602 188.7597985 
841.0000000 188.5466417 188.5633800 
842.0000000 188.3502231 188.3669614 
843.0000000 188.1538046 188.1705429 
844.0000000 187.9573860 187.9741243 
845.0000000 187.7609675 187.7777058 
846.0000000 187.5645489 187.5812872 
847.0000000 187.3681304 187.3848687 
848.0000000 187.1717118 187.1884501 
849.0000000 186.9752933 186.9920316 
850.0000000 186.7788747 186.7956130 
851.0000000 186.5824562 186.5991945 
852.0000000 186.3860376 186.4027759 
853.0000000 186.1896191 186.2063574 
854.0000000 185.9932005 186.0099388 
855.0000000 185.7967820 185.8135203 
856.0000000 185.6003634 185.6171017 
857.0000000 185.4039449 185.4206832 
858.0000000 185.2075263 185.2242646 
859.0000000 185.0111078 185.0278461 
860.0000000 184.8146892 184.8314275 
861.0000000 184.6182707 184.6350090 
862.0000000 184.4218521 184.4385904 
863.0000000 184.2254336 184.2421719 
864.0000000 184.0290150 184.0457533 
865.0000000 183.8325965 183.8493348 
866.0000000 183.6361779 183.6529162 
867.0000000 183.4397594 183.4564977 
868.0000000 183.2433408 183.2600791 
869.0000000 183.0469223 183.0636606 
870.0000000 182.8505037 182.8672420 
871.0000000 182.6540852 182.6708235 
872.0000000 182.4576666 182.4744049 
873.0000000 182.2612481 182.2779864 
874.0000000 182.0648295 182.0815678 
875.0000000 181.8684110 181.8851493 
876.0000000 181.6719924 181.6887307 
877.0000000 181.4755739 181.4923122 
878.0000000 181.2791553 181.2958936 
879.0000000 181.0827368 181.0994751 
880.0000000 180.8863182 180.9030565 
881.0000000 180.6898997 180.7066380 
882.0000000 180.4934811 180.5102194 
883.0000000 180.2970626 180.3138009 
884.0000000 180.1006440 180.1173823 
885.0000000 179.9042255 179.9209638 
886.0000000 179.7078069 179.7245452 
887.0000000 179.5113884 179.5281267 
888.0000000 179.3149698 179.3317081 
889.0000000 179.1185513 179.1352896 
890.0000000 178.9221327 178.9388710 
891.0000000 178.7257142 178.7424525 
892.0000000 178.5292956 178.5460339 
893.0000000 178.3328771 178.3496154 
894.0000000 178.1364585 178.1531968 
895.0000000 177.9400400 177.9567783 
896.0000000 177.7436214 177.7603597 
897.0000000 177.5472028 177.5639412 
898.0000000 177.3507843 177.3675226 
899.0000000 177.1543657 177.1711041 
900.0000000 176.9579472 176.9746855 
901.0000000 176.7615286 176.7782670 
902.0000000 176.5651101 176.5818484 
903.0000000 176.3686915 176.3854299 
904.0000000 176.1722730 176.1890113 
905.0000000 175.9758544 175.9925928 
906.0000000 175.7794359 175.7961742 
907.0000000 175.5830173 175.5997557 
908.0000000 175.3865988 175.4033371 
909.0000000 175.1901802 175.2069186 
910.0000000 174.9937617 175.0105000 
911.0000000 174.7973431 174.8140815 
912.0000000 174.6009246 174.6176629 
913.0000000 174.4045060 174.4212443 
914.0000000 174.2080875 174.2248258 
915.0000000 174.0116689 174.0284072 
916.0000000 173.8152504 173.8319887 
917.0000000 173.6188318 173.6355701 
918.0000000 173.4224133 173.4391516 
919.0000000 173.2259947 173.2427330 
920.0000000 173.0295762 173.0463145 
921.0000000 172.8331576 172.8498959 
922.0000000 172.6367391 172.6534774 
923.0000000 172.4403205 172.4570588 
924.0000000 172.2439020 172.2606403 
925.0000000 172.0474834 172.0642217 
926.0000000 171.8510649 171.8678032 
927.0000000 171.6546463 171.6713846 
928.0000000 171.4582278 171.4749661 
929.0000000 171.2618092 171.2785475 
930.0000000 171.0653907 171.0821290 
931.0000000 170.8689721 170.8857104 
932.0000000 170.6725536 170.6892919 
933.0000000 170.4761350 170.4928733 
934.0000000 170.2797165 170.2964548 
935.0000000 170.0832979 170.1000362 
936.0000000 169.8868794 169.9036177 
937.0000000 169.6904608 169.7071991 
938.0000000 169.4940423 169.5107806 
939.0000000 169.2976237 169.3143620 
940.0000000 169.1012052 169.1179435 
941.0000000 168.9047866 168.9215249 
942.0000000 168.7083681 168.7251064 
943.0000000 168.5119495 168.5286878 
944.0000000 168.3155310 168.3322693 
945.0000000 168.1191124 168.1358507 
946.0000000 167.9226939 167.9394322 
947.0000000 167.7262753 167.7430136 
948.0000000 167.5298568 167.5465951 
949.0000000 167.3334382 167.3501765 
950.0000000 167.1370197 167.1537580 
951.0000000 166.9406011 166.9573394 
952.0000000 166.7441826 166.7609209 
953.0000000 166.5477640 166.5645023 
954.0000000 166.3513455 166.3680838 
955.0000000 166.1549269 166.1716652 
956.0000000 165.9585084 165.9752467 
957.0000000 165.7620898 165.7788281 
958.0000000 165.5656713 165.5824096 
959.0000000 165.3692527 165.3859910 
960.0000000 165.1728342 165.1895725 
961.0000000 164.9764156 164.9931539 
962.0000000 164.7799971 164.7967354 
963.0000000 164.5835785 164.6003168 
964.0000000 164.3871600 164.4038983 
965.0000000 164.1907414 164.2074797 
966.0000000 163.9943229 164.0110612 
967.0000000 163.7979043 163.8146426 
968.0000000 163.6014858 163.6182241 
969.0000000 163.4050672 163.4218055 
970.0000000 163.2086487 163.2253870 
971.0000000 163.0122301 163.0289684 
972.0000000 162.8158116 162.8325499 
973.0000000 162.6193930 162.6361313 
974.0000000 162.4229745 162.4397128 
975.0000000 162.2265559 162.2432942 
976.0000000 162.0301374 162.0468757 
977.0000000 161.8337188 161.8504571 
978.0000000 161.6373003 161.6540386 
979.0000000 161.4408817 161.4576200 
980.0000000 161.2444632 161.2612015 
981.0000000 161.0480446 161.0647829 
982.0000000 160.8516261 160.8683644 
983.0000000 160.6552075 160.6719458 
984.0000000 160.4587890 160.4755273 
985.0000000 160.2623704 160.2791087 
986.0000000 160.0659519 160.0826902 
987.0000000 159.8695333 159.8862716 
988.0000000 159.6731148 159.6898531 
989.0000000 159.4766962 159.4934345 
990.0000000 159.2802777 159.2970160 
991.0000000 159.0838591 159.1005974 
992.0000000 158.8874406 158.9041789 
993.0000000 158.6910220 158.7077603 
994.0000000 158.4946035 158.5113418 
995.0000000 158.2981849 158.3149232 
996.0000000 158.1017664 158.1185047 
997.0000000 157.9053478 157.9220861 
998.0000000 157.7089293 157.7256676 
999.0000000 157.5125107 157.5292490 
1000.0000000 157.3160922 157.3328305 
1001.0000000 157.1196736 157.1364119 
1002.0000000 156.9232551 156.9399934 
1003.0000000 156.7268365 156.7435748 
1004.0000000 156.5304180 156.5471563 
1005.0000000 156.3339994 156.3507377 
1006.0000000 156.1375809 156.1543192 
1007.0000000 155.9411623 155.9579006 
1008.0000000 155.7447438 155.7614821 
1009.0000000 155.5483252 155.5650635 
1010.0000000 155.3519067 155.3686450 
1011.0000000 155.1554881 155.1722264 
1012.0000000 154.9590696 154.9758079 
1013.0000000 154.7626510 154.7793893 
1014.0000000 154.5662325 154.5829708 
1015.0000000 154.3698139 154.3865522 
1016.0000000 154.1733954 154.1901337 
1017.0000000 153.9769768 153.9937151 
1018.0000000 153.7805583 153.7972966 
1019.0000000 153.5841397 153.6008780 
1020.0000000 153.3877212 153.4044595 
1021.0000000 153.1913026 153.2080409 
1022.0000000 152.9948841 153.0116224 
1023.0000000 152.7984655 152.8152038 
1024.0000000 152.6020470 152.6187853 
1025.0000000 152.4056284 152.4223667 
1026.0000000 152.2092099 152.2259482 
1027.0000000 152.0127913 152.0295296 
1028.0000000 151.8163728 151.8331111 
1029.0000000 151.6199542 151.6366925 
1030.0000000 151.4235357 151.4402740 
1031.0000000 151.2271171 151.2438554 
1032.0000000 151.0306986 151.0474369 
1033.0000000 150.8342800 150.8510183 
1034.0000000 150.6378615 150.6545998 
1035.0000000 150.4414429 150.4581812 
1036.0000000 150.2450244 150.2617627 
1037.0000000 150.0486058 150.0653441 
1038.0000000 149.8521873 149.8689256 
1039.0000000 149.6557687 149.6725070 
1040.0000000 149.4593502 149.4760885 
1041.0000000 149.2629316 149.2796699 
1042.0000000 149.0665131 149.0832514 
1043.0000000 148.8700945 148.8868328 
1044.0000000 148.6736760 148.6904143 
1045.0000000 148.4772574 148.4939957 
1046.0000000 148.2808389 148.2975772 
1047.0000000 148.0844203 148.1011586 
1048.0000000 147.8880018 147.9047401 
1049.0000000 147.6915832 147.7083215 
1050.0000000 147.4951646 147.5119030 
1051.0000000 147.2987461 147.3154844 
1052.0000000 147.1023275 147.1190659 
1053.0000000 146.9059090 146.9226473 
1054.0000000 146.7094904 146.7262288 
1055.0000000 146.5130719 146.5298102 
1056.0000000 146.3166533 146.3333917 
1057.0000000 146.1202348 146.1369731 
1058.0000000 145.9238162 145.9405546 
1059.0000000 145.7273977 145.7441360 
1060.0000000 145.5309791 145.5477175 
1061.0000000 145.3345606 145.3512989 
1062.0000000 145.1381420 145.1548804 
1063.0000000 144.9417235 144.9584618 
1064.0000000 144.7453049 144.7620432 
1065.0000000 144.5488864 144.5656247 
1066.0000000 144.3524678 144.3692061 
1067.0000000 144.1560493 144.1727876 
1068.0000000 143.9596307 143.9763690 
1069.0000000 143.7632122 143.7799505 
1070.0000000 143.5667936 143.5835319 
1071.0000000 143.3703751 143.3871134 
1072.0000000 143.1739565 143.1906948 
1073.0000000 142.9775380 142.9942763 
1074.0000000 142.7811194 142.7978577 
1075.0000000 142.5847009 142.6014392 
1076.0000000 142.3882823 142.4050206 
1077.0000000 142.1918638 142.2086021 
1078.0000000 141.9954452 142.0121835 
1079.0000000 141.7990267 141.8157650 
1080.0000000 141.6026081 141.6193464 
1081.0000000 141.4061896 141.4229279 
1082.0000000 141.2097710 141.2265093 
1083.0000000 141.0133525 141.0300908 
1084.0000000 140.8169339 140.8336722 
1085.0000000 140.6205154 140.6372537 
1086.0000000 140.4240968 140.4408351 
1087.0000000 140.2276783 140.2444166 
1088.0000000 140.0312597 140.0479980 
1089.0000000 139.8348412 139.8515795 
1090.0000000 139.6384226 139.6551609 
1091.0000000 139.4420041 139.4587424 
1092.0000000 139.2455855 139.2623238 
1093.0000000 139.0491670 139.0659053 
1094.0000000 138.8527484 138.8694867 
1095.0000000 138.6563299 138.6730682 
1096.0000000 138.4599113 138.4766496 
1097.0000000 138.2634928 138.2802311 
1098.0000000 138.0670742 138.0838125 
1099.0000000 137.8706557 137.8873940 
1100.0000000 137.6742371 137.6909754 
1101.0000000 137.4778186 137.4945569 
1102.0000000 137.2814000 137.2981383 
1103.0000000 137.0849815 137.1017198 
1104.0000000 136.8885629 136.9053012 
1105.0000000 136.6921444 136.7088827 
1106.0000000 136.4957258 136.5124641 
1107.0000000 136.2993073 136.3160456 
1108.0000000 136.1028887 136.1196270 
1109.0000000 135.9064702 135.9232085 
1110.0000000 135.7100516 135.7267899 
1111.0000000 135.5136331 135.5303714 
1112.0000000 135.3172145 135.3339528 
1113.0000000 135.1207960 135.1375343 
1114.0000000 134.9243774 134.9411157 
1115.0000000 134.7279589 134.7446972 
1116.0000000 134.5315403 134.5482786 
1117.0000000 134.3351218 134.3518601 
1118.0000000 134.1387032 134.1554415 
1119.0000000 133.9422847 133.9590230 
1120.0000000 133.7458661 133.7626044 
1121.0000000 133.5494476 133.5661859 
1122.0000000 133.3530290 133.3697673 
1123.0000000 133.1566105 133.1733488 
1124.0000000 132.9601919 132.9769302 
1125.0000000 132.7637734 132.7805117 
1126.0000000 132.5673548 132.5840931 
1127.0000000 132.3709363 132.3876746 
1128.0000000 132.1745177 132.1912560 
1129.0000000 131.9780992 131.9948375 
1130.0000000 131.7816806 131.7984189 
1131.0000000 131.5852621 131.6020004 
1132.0000000 131.3888435 131.4055818 
1133.0000000 131.1924250 131.2091633 
1134.0000000 130.9960064 131.0127447 
1135.0000000 130.7995879 130.8163262 
1136.0000000 130.6031693 130.6199076 
1137.0000000 130.4067508 130.4234891 
1138.0000000 130.2103322 130.2270705 
1139.0000000 130.0139137 130.0306520 
1140.0000000 129.8174951 129.8342334 
1141.0000000 129.6210766 129.6378149 
1142.0000000 129.4246580 129.4413963 
1143.0000000 129.2282395 129.2449778 
1144.0000000 129.0318209 129.0485592 
1145.0000000 128.8354024 128.8521407 
1146.0000000 128.6389838 128.6557221 
1147.0000000 128.4425653 128.4593036 
1148.0000000 128.2461467 128.2628850 
1149.0000000 128.0497282 128.0664665 
1150.0000000 127.8533096 127.8700479 
1151.0000000 127.6568911 127.6736294 
1152.0000000 127.4604725 127.4772108 
1153.0000000 127.2640540 127.2807923 
1154.0000000 127.0676354 127.0843737 
1155.0000000 126.8712169 126.8879552 
1156.0000000 126.6747983 126.6915366 
1157.0000000 126.4783798 126.4951181 
1158.0000000 126.2819612 126.2986995 
1159.0000000 126.0855427 126.1022810 
1160.0000000 125.8891241 125.9058624 
1161.0000000 125.6927056 125.7094439 
1162.0000000 125.4962870 125.5130253 
1163.0000000 125.2998685 125.3166068 
1164.0000000 125.1034499 125.1201882 
1165.0000000 124.9070314 124.9237697 
1166.0000000 124.7106128 124.7273511 
1167.0000000 124.5141943 124.5309326 
1168.0000000 124.3177757 124.3345140 
1169.0000000 124.1213572 124.1380955 
1170.0000000 123.9249386 123.9416769 
1171.0000000 123.7285201 123.7452584 
1172.0000000 123.5321015 123.5488398 
1173.0000000 123.3356830 123.3524213 
1174.0000000 123.1392644 123.1560027 
1175.0000000 122.9428459 122.9595842 
1176.0000000 122.7464273 122.7631656 
1177.0000000 122.5500088 122.5667471 
1178.0000000 122.3535902 122.3703285 
1179.0000000 122.1571717 122.1739100 
1180.0000000 121.9607531 121.9774914 
1181.0000000 121.7643346 121.7810729 
1182.0000000 121.5679160 121.5846543 
1183.0000000 121.3714975 121.3882358 
1184.0000000 121.1750789 121.1918172 
1185.0000000 120.9786604 120.9953987 
1186.0000000 120.7822418 120.7989801 
1187.0000000 120.5858233 120.6025616 
1188.0000000 120.3894047 120.4061430 
1189.0000000 120.1929862 120.2097245 
1190.0000000 119.9965676 120.0133059 
1191.0000000 119.8001491 119.8168874 
1192.0000000 119.6037305 119.6204688 
1193.0000000 119.4073120 119.4240503 
1194.0000000 119.2108934 119.2276317 
1195.0000000 119.0144749 119.0312132 
1196.0000000 118.8180563 118.8347946 
1197.0000000 118.6216378 118.6383761 
1198.0000000 118.4252192 118.4419575 
1199.0000000 118.2288007 118.2455390 
1200.0000000 118.0323821 118.0491204 
1201.0000000 117.8359635 117.8527019 
1202.0000000 117.6395450 117.6562833 
1203.0000000 117.4431264 117.4598648 
1204.0000000 117.2467079 117.2634462 
1205.0000000 117.0502893 117.0670277 
1206.0000000 116.8538708 116.8706091 
1207.0000000 116.6574522 116.6741906 
1208.0000000 116.4610337 116.4777720 
1209.0000000 116.2646151 116.2813535 
1210.0000000 116.0681966 116.0849349 
1211.0000000 115.8717780 115.8885164 
1212.0000000 115.6753595 115.6920978 
1213.0000000 115.4789409 115.4956793 
1214.0000000 115.2825224 115.2992607 
1215.0000000 115.0861038 115.1028422 
1216.0000000 114.8896853 114.9064236 
1217.0000000 114.6932667 114.7100050 
1218.0000000 114.4968482 114.5135865 
1219.0000000 114.3004296 114.3171679 
1220.0000000 114.1040111 114.1207494 
1221.0000000 113.9075925 113.9243308 
1222.0000000 113.7111740 113.7279123 
1223.0000000 113.5147554 113.5314937 
1224.0000000 113.3183369 113.3350752 
1225.0000000 113.1219183 113.1386566 
1226.0000000 112.9254998 112.9422381 
1227.0000000 112.7290812 112.7458195 
1228.0000000 112.5326627 112.5494010 
1229.0000000 112.3362441 112.3529824 
1230.0000000 112.1398256 112.1565639 
1231.0000000 111.9434070 111.9601453 
1232.0000000 111.7469885 111.7637268 
1233.0000000 111.5505699 111.5673082 
1234.0000000 111.3541514 111.3708897 
1235.0000000 111.1577328 111.1744711 
1236.0000000 110.9613143 110.9780526 
1237.0000000 110.7648957 110.7816340 
1238.0000000 110.5684772 110.5852155 
1239.0000000 110.3720586 110.3887969 
1240.0000000 110.1756401 110.1923784 
1241.0000000 109.9792215 109.9959598 
1242.0000000 109.7828030 109.7995413 
1243.0000000 109.5863844 109.6031227 
1244.0000000 109.3899659 109.4067042 
1245.0000000 109.1935473 109.2102856 
1246.0000000 108.9971288 109.0138671 
1247.0000000 108.8007102 108.8174485 
1248.0000000 108.6042917 108.6210300 
1249.0000000 108.4078731 108.4246114 
1250.0000000 108.2114546 108.2281929 
1251.0000000 108.0150360 108.0317743 
1252.0000000 107.8186175 107.8353558 
1253.0000000 107.6221989 107.6389372 
1254.0000000 107.4257804 107.4425187 
1255.0000000 107.2293618 107.2461001 
1256.0000000 107.0329433 107.0496816 
1257.0000000 106.8365247 106.8532630 
1258.0000000 106.6401062 106.6568445 
1259.0000000 106.4436876 106.4604259 
1260.0000000 106.2472691 106.2640074 
1261.0000000 106.0508505 106.0675888 
1262.0000000 105.8544320 105.8711703 
1263.0000000 105.6580134 105.6747517 
1264.0000000 105.4615949 105.4783332 
1265.0000000 105.2651763 105.2819146 
1266.0000000 105.0687578 105.0854961 
1267.0000000 104.8723392 104.8890775 
1268.0000000 104.6759207 104.6926590 
1269.0000000 104.4795021 104.4962404 
1270.0000000 104.2830836 104.2998219 
1271.0000000 104.0866650 104.1034033 
1272.0000000 103.8902465 103.9069848 
1273.0000000 103.6938279 103.7105662 
1274.0000000 103.4974094 103.5141477 
1275.0000000 103.3009908 103.3177291 
1276.0000000 103.1045723 103.1213106 
1277.0000000 102.9081537 102.9248920 
1278.0000000 102.7117352 102.7284735 
1279.0000000 102.5153166 102.5320549 
1280.0000000 102.3188981 102.3356364 
1281.0000000 102.1224795 102.1392178 
1282.0000000 101.9260610 101.9427993 
1283.0000000 101.7296424 101.7463807 
1284.0000000 101.5332239 101.5499622 
1285.0000000 101.3368053 101.3535436 
1286.0000000 101.1403868 101.1571251 
1287.0000000 100.9439682 100.9607065 
1288.0000000 100.7475497 100.7642880 
1289.0000000 100.5511311 100.5678694 
1290.0000000 100.3547126 100.3714509 
1291.0000000 100.1582940 100.1750323 
1292.0000000 99.9618755 99.9786138 
1293.0000000 99.7654569 99.7821952 
1294.0000000 99.5690384 99.5857767 
1295.0000000 99.3726198 99.3893581 
1296.0000000 99.1762013 99.1929396 
1297.0000000 98.9797827 98.9965210 
1298.0000000 98.7833642 98.8001025 
1299.0000000 98.5869456 98.6036839 
1300.0000000 98.3905271 98.4072654 
1301.0000000 98.1941085 98.2108468 
1302.0000000 97.9976900 98.0144283 
1303.0000000 97.8012714 97.8180097 
1304.0000000 97.6048529 97.6215912 
1305.0000000 97.4084343 97.4251726 
1306.0000000 97.2120158 97.2287541 
1307.0000000 97.0155972 97.0323355 
1308.0000000 96.8191787 96.8359170 
1309.0000000 96.6227601 96.6394984 
1310.0000000 96.4263416 96.4430799 
1311.0000000 96.2299230 96.2466613 
1312.0000000 96.0335045 96.0502428 
1313.0000000 95.8370859 95.8538242 
1314.0000000 95.6406674 95.6574057 
1315.0000000 95.4442488 95.4609871 
1316.0000000 95.2478303 95.2645686 
1317.0000000 95.0514117 95.0681500 
1318.0000000 94.8549932 94.8717315 
1319.0000000 94.6585746 94.6753129 
1320.0000000 94.4621561 94.4788944 
1321.0000000 94.2657375 94.2824758 
1322.0000000 94.0693190 94.0860573 
1323.0000000 93.8729004 93.8896387 
1324.0000000 93.6764819 93.6932202 
1325.0000000 93.4800633 93.4968016 
1326.0000000 93.2836448 93.3003831 
1327.0000000 93.0872262 93.1039645 
1328.0000000 92.8908077 92.9075460 
1329.0000000 92.6943891 92.7111274 
1330.0000000 92.4979706 92.5147089 
1331.0000000 92.3015520 92.3182903 
1332.0000000 92.1051335 92.1218718 
1333.0000000 91.9087149 91.9254532 
1334.0000000 91.7122964 91.7290347 
1335.0000000 91.5158778 91.5326161 
1336.0000000 91.3194593 91.3361976 
1337.0000000 91.1230407 91.1397790 
1338.0000000 90.9266222 90.9433605 
1339.0000000 90.7302036 90.7469419 
1340.0000000 90.5337851 90.5505234 
1341.0000000 90.3373665 90.3541048 
1342.0000000 90.1409480 90.1576863 
1343.0000000 89.9445294 89.9612677 
1344.0000000 89.7481109 89.7648492 
1345.0000000 89.5516923 89.5684306 
1346.0000000 89.3552738 89.3720121 
1347.0000000 89.1588552 89.1755935 
1348.0000000 88.9624367 88.9791750 
1349.0000000 88.7660181 88.7827564 
1350.0000000 88.5695996 88.5863379 
1351.0000000 88.3731810 88.3899193 
1352.0000000 88.1767624 88.1935008 
1353.0000000 87.9803439 87.9970822 
1354.0000000 87.7839253 87.8006637 
1355.0000000 87.5875068 87.6042451 
1356.0000000 87.3910882 87.4078266 
1357.0000000 87.1946697 87.2114080 
1358.0000000 86.9982511 87.0149895 
1359.0000000 86.8018326 86.8185709 
1360.0000000 86.6054140 86.6221524 
1361.0000000 86.4089955 86.4257338 
1362.0000000 86.2125769 86.2293153 
1363.0000000 86.0161584 86.0328967 
1364.0000000 85.8197398 85.8364782 
1365.0000000 85.6233213 85.6400596 
1366.0000000 85.4269027 85.4436411 
1367.0000000 85.2304842 85.2472225 
1368.0000000 85.0340656 85.0508039 
1369.0000000 84.8376471 84.8543854 
1370.0000000 84.6412285 84.6579668 
1371.0000000 84.4448100 84.4615483 
1372.0000000 84.2483914 84.2651297 
1373.0000000 84.0519729 84.0687112 
1374.0000000 83.8555543 83.8722926 
1375.0000000 83.6591358 83.6758741 
1376.0000000 83.4627172 83.4794555 
1377.0000000 83.2662987 83.2830370 
1378.0000000 83.0698801 83.0866184 
1379.0000000 82.8734616 82.8901999 
1380.0000000 82.6770430 82.6937813 
1381.0000000 82.4806245 82.4973628 
1382.0000000 82.2842059 82.3009442 
1383.0000000 82.0877874 82.1045257 
1384.0000000 81.8913688 81.9081071 
1385.0000000 81.6949503 81.7116886 
1386.0000000 81.4985317 81.5152700 
1387.0000000 81.3021132 81.3188515 
1388.0000000 81.1056946 81.1224329 
1389.0000000 80.9092761 80.9260144 
1390.0000000 80.7128575 80.7295958 
1391.0000000 80.5164390 80.5331773 
1392.0000000 80.3200204 80.3367587 
1393.0000000 80.1236019 80.1403402 
1394.0000000 79.9271833 79.9439216 
1395.0000000 79.7307648 79.7475031 
1396.0000000 79.5343462 79.5510845 
1397.0000000 79.3379277 79.3546660 
1398.0000000 79.1415091 79.1582474 
1399.0000000 78.9450906 78.9618289 
1400.0000000 78.7486720 78.7654103 
1401.0000000 78.5522535 78.5689918 
1402.0000000 78.3558349 78.3725732 
1403.0000000 78.1594164 78.1761547 
1404.0000000 77.9629978 77.9797361 
1405.0000000 77.7665793 77.7833176 
1406.0000000 77.5701607 77.5868990 
1407.0000000 77.3737422 77.3904805 
1408.0000000 77.1773236 77.1940619 
1409.0000000 76.9809051 76.9976434 
1410.0000000 76.7844865 76.8012248 
1411.0000000 76.5880680 76.6048063 
1412.0000000 76.3916494 76.4083877 
1413.0000000 76.1952309 76.2119692 
1414.0000000 75.9988123 76.0155506 
1415.0000000 75.8023938 75.8191321 
1416.0000000 75.6059752 75.6227135 
1417.0000000 75.4095567 75.4262950 
1418.0000000 75.2131381 75.2298764 
1419.0000000 75.0167196 75.0334579 
1420.0000000 74.8203010 74.8370393 
1421.0000000 74.6238825 74.6406208 
1422.0000000 74.4274639 74.4442022 
1423.0000000 74.2310454 74.2477837 
1424.0000000 74.0346268 74.0513651 
1425.0000000 73.8382083 73.8549466 
1426.0000000 73.6417897 73.6585280 
1427.0000000 73.4453712 73.4621095 
1428.0000000 73.2489526 73.2656909 
1429.0000000 73.0525341 73.0692724 
1430.0000000 72.8561155 72.8728538 
1431.0000000 72.6596970 72.6764353 
1432.0000000 72.4632784 72.4800167 
1433.0000000 72.2668599 72.2835982 
1434.0000000 72.0704413 72.0871796 
1435.0000000 71.8740228 71.8907611 
1436.0000000 71.6776042 71.6943425 
1437.0000000 71.4811857 71.4979240 
1438.0000000 71.2847671 71.3015054 
1439.0000000 71.0883486 71.1050869 
1440.0000000 70.8919300 70.9086683 
1441.0000000 70.6955115 70.7122498 
1442.0000000 70.4990929 70.5158312 
1443.0000000 70.3026744 70.3194127 
1444.0000000 70.1062558 70.1229941 
1445.0000000 69.9098373 69.9265756 
1446.0000000 69.7134187 69.7301570 
1447.0000000 69.5170002 69.5337385 
1448.0000000 69.3205816 69.3373199 
1449.0000000 69.1241631 69.1409014 
1450.0000000 68.9277445 68.9444828 
1451.0000000 68.7313260 68.7480643 
1452.0000000 68.5349074 68.5516457 
1453.0000000 68.3384889 68.3552272 
1454.0000000 68.1420703 68.1588086 
1455.0000000 67.9456518 67.9623901 
1456.0000000 67.7492332 67.7659715 
1457.0000000 67.5528147 67.5695530 
1458.0000000 67.3563961 67.3731344 
1459.0000000 67.1599776 67.1767159 
1460.0000000 66.9635590 66.9802973 
1461.0000000 66.7671405 66.7838788 
1462.0000000 66.5707219 66.5874602 
1463.0000000 66.3743034 66.3910417 
1464.0000000 66.1778848 66.1946231 
1465.0000000 65.9814663 65.9982046 
1466.0000000 65.7850477 65.8017860 
1467.0000000 65.5886292 65.6053675 
1468.0000000 65.3922106 65.4089489 
1469.0000000 65.1957921 65.2125304 
1470.0000000 64.9993735 65.0161118 
1471.0000000 64.8029550 64.8196933 
1472.0000000 64.6065364 64.6232747 
1473.0000000 64.4101179 64.4268562 
1474.0000000 64.2136993 64.2304376 
1475.0000000 64.0172808 64.0340191 
1476.0000000 63.8208622 63.8376005 
1477.0000000 63.6244437 63.6411820 
1478.0000000 63.4280251 63.4447634 
1479.0000000 63.2316066 63.2483449 
1480.0000000 63.0351880 63.0519263 
1481.0000000 62.8387695 62.8555078 
1482.0000000 62.6423509 62.6590892 
1483.0000000 62.4459324 62.4626707 
1484.0000000 62.2495138 62.2662521 
1485.0000000 62.0530953 62.0698336 
1486.0000000 61.8566767 61.8734150 
1487.0000000 61.6602582 61.6769965 
1488.0000000 61.4638396 61.4805779 
1489.0000000 61.2674211 61.2841594 
1490.0000000 61.0710025 61.0877408 
1491.0000000 60.8745840 60.8913223 
1492.0000000 60.6781654 60.6949037 
1493.0000000 60.4817469 60.4984852 
1494.0000000 60.2853283 60.3020666 
1495.0000000 60.0889098 60.1056481 
1496.0000000 59.8924912 59.9092295 
1497.0000000 59.6960727 59.7128110 
1498.0000000 59.4996541 59.5163924 
1499.0000000 59.3032356 59.3199739 
1500.0000000 59.1068170 59.1235553 
1501.0000000 58.9103985 58.9271368 
1502.0000000 58.7139799 58.7307182 
1503.0000000 58.5175614 58.5342997 
1504.0000000 58.3211428 58.3378811 
1505.0000000 58.1247242 58.1414626 
1506.0000000 57.9283057 57.9450440 
1507.0000000 57.7318871 57.7486255 
1508.0000000 57.5354686 57.5522069 
1509.0000000 57.3390500 57.3557884 
1510.0000000 57.1426315 57.1593698 
1511.0000000 56.9462129 56.9629513 
1512.0000000 56.7497944 56.7665327 
1513.0000000 56.5533758 56.5701142 
1514.0000000 56.3569573 56.3736956 
1515.0000000 56.1605387 56.1772771 
1516.0000000 55.9641202 55.9808585 
1517.0000000 55.7677016 55.7844400 
1518.0000000 55.5712831 55.5880214 
1519.0000000 55.3748645 55.3916028 
1520.0000000 55.1784460 55.1951843 
1521.0000000 54.9820274 54.9987657 
1522.0000000 54.7856089 54.8023472 
1523.0000000 54.5891903 54.6059286 
1524.0000000 54.3927718 54.4095101 
1525.0000000 54.1963532 54.2130915 
1526.0000000 53.9999347 54.0166730 
1527.0000000 53.8035161 53.8202544 
1528.0000000 53.6070976 53.6238359 
1529.0000000 53.4106790 53.4274173 
1530.0000000 53.2142605 53.2309988 
1531.0000000 53.0178419 53.0345802 
1532.0000000 52.8214234 52.8381617 
1533.0000000 52.6250048 52.6417431 
1534.0000000 52.4285863 52.4453246 
1535.0000000 52.2321677 52.2489060 
1536.0000000 52.0357492 52.0524875 
1537.0000000 51.8393306 51.8560689 
1538.0000000 51.6429121 51.6596504 
1539.0000000 51.4464935 51.4632318 
1540.0000000 51.2500750 51.2668133 
1541.0000000 51.0536564 51.0703947 
1542.0000000 50.8572379 50.8739762 
1543.0000000 50.6608193 50.6775576 
1544.0000000 50.4644008 50.4811391 
1545.0000000 50.2679822 50.2847205 
1546.0000000 50.0715637 50.0883020 
1547.0000000 49.8751451 49.8918834 
1548.0000000 49.6787266 49.6954649 
1549.0000000 49.4823080 49.4990463 
1550.0000000 49.2858895 49.3026278 
1551.0000000 49.0894709 49.1062092 
1552.0000000 48.8930524 48.9097907 
1553.0000000 48.6966338 48.7133721 
1554.0000000 48.5002153 48.5169536 
1555.0000000 48.3037967 48.3205350 
1556.0000000 48.1073782 48.1241165 
1557.0000000 47.9109596 47.9276979 
1558.0000000 47.7145411 47.7312794 
1559.0000000 47.5181225 47.5348608 
1560.0000000 47.3217040 47.3384423 
1561.0000000 47.1252854 47.1420237 
1562.0000000 46.9288669 46.9456052 
1563.0000000 46.7324483 46.7491866 
1564.0000000 46.5360298 46.5527681 
1565.0000000 46.3396112 46.3563495 
1566.0000000 46.1431927 46.1599310 
1567.0000000 45.9467741 45.9635124 
1568.0000000 45.7503556 45.7670939 
1569.0000000 45.5539370 45.5706753 
1570.0000000 45.3575185 45.3742568 
1571.0000000 45.1610999 45.1778382 
1572.0000000 44.9646814 44.9814197 
1573.0000000 44.7682628 44.7850011 
1574.0000000 44.5718443 44.5885826 
1575.0000000 44.3754257 44.3921640 
1576.0000000 44.1790072 44.1957455 
1577.0000000 43.9825886 43.9993269 
1578.0000000 43.7861701 43.8029084 
1579.0000000 43.5897515 43.6064898 
1580.0000000 43.3933330 43.4100713 
1581.0000000 43.1969144 43.2136527 
1582.0000000 43.0004959 43.0172342 
1583.0000000 42.8040773 42.8208156 
1584.0000000 42.6076588 42.6243971 
1585.0000000 42.4112402 42.4279785 
1586.0000000 42.2148217 42.2315600 
1587.0000000 42.0184031 42.0351414 
1588.0000000 41.8219846 41.8387229 
1589.0000000 41.6255660 41.6423043 
1590.0000000 41.4291475 41.4458858 
1591.0000000 41.2327289 41.2494672 
1592.0000000 41.0363104 41.0530487 
1593.0000000 40.8398918 40.8566301 
1594.0000000 40.6434733 40.6602116 
1595.0000000 40.4470547 40.4637930 
1596.0000000 40.2506362 40.2673745 
1597.0000000 40.0542176 40.0709559 
1598.0000000 39.8577991 39.8745374 
1599.0000000 39.6613805 39.6781188 
1600.0000000 39.4649620 39.4817003 
1601.0000000 39.2685434 39.2852817 
1602.0000000 39.0721249 39.0888632 
1603.0000000 38.8757063 38.8924446 
1604.0000000 38.6792878 38.6960261 
1605.0000000 38.4828692 38.4996075 
1606.0000000 38.2864507 38.3031890 
1607.0000000 38.0900321 38.1067704 
1608.0000000 37.8936136 37.9103519 
1609.0000000 37.6971950 37.7139333 
1610.0000000 37.5007765 37.5175148 
1611.0000000 37.3043579 37.3210962 
1612.0000000 37.1079394 37.1246777 
1613.0000000 36.9115208 36.9282591 
1614.0000000 36.7151023 36.7318406 
1615.0000000 36.5186837 36.5354220 
1616.0000000 36.3222652 36.3390035 
1617.0000000 36.1258466 36.1425849 
1618.0000000 35.9294281 35.9461664 
1619.0000000 35.7330095 35.7497478 
1620.0000000 35.5365910 35.5533293 
1621.0000000 35.3401724 35.3569107 
1622.0000000 35.1437539 35.1604922 
1623.0000000 34.9473353 34.9640736 
1624.0000000 34.7509168 34.7676551 
1625.0000000 34.5544982 34.5712365 
1626.0000000 34.3580797 34.3748180 
1627.0000000 34.1616611 34.1783994 
1628.0000000 33.9652426 33.9819809 
1629.0000000 33.7688240 33.7855623 
1630.0000000 33.5724055 33.5891438 
1631.0000000 33.3759869 33.3927252 
1632.0000000 33.1795684 33.1963067 
1633.0000000 32.9831498 32.9998881 
1634.0000000 32.7867313 32.8034696 
1635.0000000 32.5903127 32.6070510 
1636.0000000 32.3938942 32.4106325 
1637.0000000 32.1974756 32.2142139 
1638.0000000 32.0010571 32.0177954 
1639.0000000 31.8046385 31.8213768 
1640.0000000 31.6082200 31.6249583 
1641.0000000 31.4118014 31.4285397 
1642.0000000 31.2153829 31.2321212 
1643.0000000 31.0189643 31.0357026 
1644.0000000 30.8225458 30.8392841 
1645.0000000 30.6261272 30.6428655 
1646.0000000 30.4297087 30.4464470 
1647.0000000 30.2332901 30.2500284 
1648.0000000 30.0368716 30.0536099 
1649.0000000 29.8404530 29.8571913 
1650.0000000 29.6440345 29.6607728 
1651.0000000 29.4476159 29.4643542 
1652.0000000 29.2511974 29.2679357 
1653.0000000 29.0547788 29.0715171 
1654.0000000 28.8583603 28.8750986 
1655.0000000 28.6619417 28.6786800 
1656.0000000 28.4655231 28.4822615 
1657.0000000 28.2691046 28.2858429 
1658.0000000 28.0726860 28.0894244 
1659.0000000 27.8762675 27.8930058 
1660.0000000 27.6798489 27.6965873 
1661.0000000 27.4834304 27.5001687 
1662.0000000 27.2870118 27.3037502 
1663.0000000 27.0905933 27.1073316 
1664.0000000 26.8941747 26.9109131 
1665.0000000 26.6977562 26.7144945 
1666.0000000 26.5013376 26.5180760 
1667.0000000 26.3049191 26.3216574 
1668.0000000 26.1085005 26.1252389 
1669.0000000 25.9120820 25.9288203 
1670.0000000 25.7156634 25.7324018 
1671.0000000 25.5192449 25.5359832 
1672.0000000 25.3228263 25.3395646 
1673.0000000 25.1264078 25.1431461 
1674.0000000 24.9299892 24.9467275 
1675.0000000 24.7335707 24.7503090 
1676.0000000 24.5371521 24.5538904 
1677.0000000 24.3407336 24.3574719 
1678.0000000 24.1443150 24.1610533 
1679.0000000 23.9478965 23.9646348 
1680.0000000 23.7514779 23.7682162 
1681.0000000 23.5550594 23.5717977 
1682.0000000 23.3586408 23.3753791 
1683.0000000 23.1622223 23.1789606 
1684.0000000 22.9658037 22.9825420 
1685.0000000 22.7693852 22.7861235 
1686.0000000 22.5729666 22.5897049 
1687.0000000 22.3765481 22.3932864 
1688.0000000 22.1801295 22.1968678 
1689.0000000 21.9837110 22.0004493 
1690.0000000 21.7872924 21.8040307 
1691.0000000 21.5908739 21.6076122 
1692.0000000 21.3944553 21.4111936 
1693.0000000 21.1980368 21.2147751 
1694.0000000 21.0016182 21.0183565 
1695.0000000 20.8051997 20.8219380 
1696.0000000 20.6087811 20.6255194 
1697.0000000 20.4123626 20.4291009 
1698.0000000 20.2159440 20.2326823 
1699.0000000 20.0195255 20.0362638 
1700.0000000 19.8231069 19.8398452 
1701.0000000 19.6266884 19.6434267 
1702.0000000 19.4302698 19.4470081 
1703.0000000 19.2338513 19.2505896 
1704.0000000 19.0374327 19.0541710 
1705.0000000 18.8410142 18.8577525 
1706.0000000 18.6445956 18.6613339 
1707.0000000 18.4481771 18.4649154 
1708.0000000 18.2517585 18.2684968 
1709.0000000 18.0553400 18.0720783 
1710.0000000 17.8589214 17.8756597 
1711.0000000 17.6625029 17.6792412 
1712.0000000 17.4660843 17.4828226 
1713.0000000 17.2696658 17.2864041 
1714.0000000 17.0732472 17.0899855 
1715.0000000 16.8768287 16.8935670 
1716.0000000 16.6804101 16.6971484 
1717.0000000 16.4839916 16.5007299 
1718.0000000 16.2875730 16.3043113 
1719.0000000 16.0911545 16.1078928 
1720.0000000 15.8947359 15.9114742 
1721.0000000 15.6983174 15.7150557 
1722.0000000 15.5018988 15.5186371 
1723.0000000 15.3054803 15.3222186 
1724.0000000 15.1090617 15.1258000 
1725.0000000 14.9126432 14.9293815 
1726.0000000 14.7162246 14.7329629 
1727.0000000 14.5198061 14.5365444 
1728.0000000 14.3233875 14.3401258 
1729.0000000 14.1269690 14.1437073 
1730.0000000 13.9305504 13.9472887 
1731.0000000 13.7341319 13.7508702 
1732.0000000 13.5377133 13.5544516 
1733.0000000 13.3412948 13.3580331 
1734.0000000 13.1448762 13.1616145 
1735.0000000 12.9484577 12.9651960 
1736.0000000 12.7520391 12.7687774 
1737.0000000 12.5556206 12.5723589 
1738.0000000 12.3592020 12.3759403 
1739.0000000 12.1627835 12.1795218 
1740.0000000 11.9663649 11.9831032 
1741.0000000 11.7699464 11.7866847 
1742.0000000 11.5735278 11.5902661 
1743.0000000 11.3771093 11.3938476 
1744.0000000 11.1806907 11.1974290 
1745.0000000 10.9842722 11.0010105 
1746.0000000 10.7878536 10.8045919 
1747.0000000 10.5914351 10.6081734 
1748.0000000 10.3950165 10.4117548 
1749.0000000 10.1985980 10.2153363 
1750.0000000 10.0021794 10.0189177 
1751.0000000 9.8057609 9.8224992 
1752.0000000 9.6093423 9.6260806 
1753.0000000 9.4129238 9.4296621 
1754.0000000 9.2165052 9.2332435 
1755.0000000 9.0200867 9.0368250 
1756.0000000 8.8236681 8.8404064 
1757.0000000 8.6272496 8.6439879 
1758.0000000 8.4308310 8.4475693 
1759.0000000 8.2344125 8.2511508 
1760.0000000 8.0379939 8.0547322 
1761.0000000 7.8415754 7.8583137 
1762.0000000 7.6451568 7.6618951 
1763.0000000 7.4487383 7.4654766 
1764.0000000 7.2523197 7.2690580 
1765.0000000 7.0559012 7.0726395 
1766.0000000 6.8594826 6.8762209 
1767.0000000 6.6630641 6.6798024 
1768.0000000 6.4666455 6.4833838 
1769.0000000 6.2702270 6.2869653 
1770.0000000 6.0738084 6.0905467 
1771.0000000 5.8773899 5.8941282 
1772.0000000 5.6809713 5.6977096 
1773.0000000 5.4845528 5.5012911 
1774.0000000 5.2881342 5.3048725 
1775.0000000 5.0917157 5.1084540 
1776.0000000 4.8952971 4.9120354 
1777.0000000 4.6988786 4.7156169 
1778.0000000 4.5024600 4.5191983 
1779.0000000 4.3060415 4.3227798 
1780.0000000 4.1096229 4.1263612 
1781.0000000 3.9132044 3.9299427 
1782.0000000 3.7167858 3.7335241 
1783.0000000 3.5203673 3.5371056 
1784.0000000 3.3239487 3.3406870 
1785.0000000 3.1275302 3.1442685 
1786.0000000 2.9311116 2.9478499 
1787.0000000 2.7346931 2.7514314 
1788.0000000 2.5382745 2.5550128 
1789.0000000 2.3418560 2.3585943 
1790.0000000 2.1454374 2.1621757 
1791.0000000 1.9490189 1.9657572 
1792.0000000 1.7526003 1.7693386 
1793.0000000 1.5561818 1.5729201 
1794.0000000 1.3597632 1.3765015 
1795.0000000 1.1633447 1.1800830 
1796.0000000 0.9669261 0.9836644 
1797.0000000 0.7705076 0.7872459 
1798.0000000 0.5740890 0.5908273 
1799.0000000 0.3776705 0.3944088 
1800.0000000 0.1812519 0.1979902 

