1.0000000 353.5684323 353.4653465 
2.0000000 353.3720138 353.2689280 
3.0000000 353.1755952 353.0725094 
4.0000000 352.9791767 352.8760909 
5.0000000 352.7827581 352.6796723 
6.0000000 352.5863396 352.4832538 
7.0000000 352.3899210 352.2868352 
8.0000000 352.1935025 352.0904166 
9.0000000 351.9970839 351.8939981 
10.0000000 351.8006654 351.6975795 
11.0000000 351.6042468 351.5011610 
12.0000000 351.4078283 351.3047424 
13.0000000 351.2114097 351.1083239 
14.0000000 351.0149912 350.9119053 
15.0000000 350.8185726 350.7154868 
16.0000000 350.6221541 350.5190682 
17.0000000 350.4257355 350.3226497 
18.0000000 350.2293170 350.1262311 
19.0000000 350.0328984 349.9298126 
20.0000000 349.8364799 349.7333940 
21.0000000 349.6400613 349.5369755 
22.0000000 349.4436428 349.3405569 
23.0000000 349.2472242 349.1441384 
24.0000000 349.0508057 348.9477198 
25.0000000 348.8543871 348.7513013 
26.0000000 348.6579686 348.5548827 
27.0000000 348.4615500 348.3584642 
28.0000000 348.2651315 348.1620456 
29.0000000 348.0687129 347.9656271 
30.0000000 347.8722944 347.7692085 
31.0000000 347.6758758 347.5727900 
32.0000000 347.4794573 347.3763714 
33.0000000 347.2830387 347.1799529 
34.0000000 347.0866202 346.9835343 
35.0000000 346.8902016 346.7871158 
36.0000000 346.6937831 346.5906972 
37.0000000 346.4973645 346.3942787 
38.0000000 346.3009460 346.1978601 
39.0000000 346.1045274 346.0014416 
40.0000000 345.9081088 345.8050230 
41.0000000 345.7116903 345.6086045 
42.0000000 345.5152717 345.4121859 
43.0000000 345.3188532 345.2157674 
44.0000000 345.1224346 345.0193488 
45.0000000 344.9260161 344.8229303 
46.0000000 344.7295975 344.6265117 
47.0000000 344.5331790 344.4300932 
48.0000000 344.3367604 344.2336746 
49.0000000 344.1403419 344.0372561 
50.0000000 343.9439233 343.8408375 
51.0000000 343.7475048 343.6444190 
52.0000000 343.5510862 343.4480004 
53.0000000 343.3546677 343.2515819 
54.0000000 343.1582491 343.0551633 
55.0000000 342.9618306 342.8587448 
56.0000000 342.7654120 342.6623262 
57.0000000 342.5689935 342.4659077 
58.0000000 342.3725749 342.2694891 
59.0000000 342.1761564 342.0730706 
60.0000000 341.9797378 341.8766520 
61.0000000 341.7833193 341.6802335 
62.0000000 341.5869007 341.4838149 
63.0000000 341.3904822 341.2873964 
64.0000000 341.1940636 341.0909778 
65.0000000 340.9976451 340.8945593 
66.0000000 340.8012265 340.6981407 
67.0000000 340.6048080 340.5017222 
68.0000000 340.4083894 340.3053036 
69.0000000 340.2119709 340.1088851 
70.0000000 340.0155523 339.9124665 
71.0000000 339.8191338 339.7160480 
72.0000000 339.6227152 339.5196294 
73.0000000 339.4262967 339.3232109 
74.0000000 339.2298781 339.1267923 
75.0000000 339.0334596 338.9303738 
76.0000000 338.8370410 338.7339552 
77.0000000 338.6406225 338.5375367 
78.0000000 338.4442039 338.3411181 
79.0000000 338.2477854 338.1446996 
80.0000000 338.0513668 337.9482810 
81.0000000 337.8549483 337.7518625 
82.0000000 337.6585297 337.5554439 
83.0000000 337.4621112 337.3590254 
84.0000000 337.2656926 337.1626068 
85.0000000 337.0692741 336.9661883 
86.0000000 336.8728555 336.7697697 
87.0000000 336.6764370 336.5733512 
88.0000000 336.4800184 336.3769326 
89.0000000 336.2835999 336.1805141 
90.0000000 336.0871813 335.9840955 
91.0000000 335.8907628 335.7876770 
92.0000000 335.6943442 335.5912584 
93.0000000 335.4979257 335.3948399 
94.0000000 335.3015071 335.1984213 
95.0000000 335.1050886 335.0020028 
96.0000000 334.9086700 334.8055842 
97.0000000 334.7122515 334.6091657 
98.0000000 334.5158329 334.4127471 
99.0000000 334.3194144 334.2163286 
100.0000000 334.1229958 334.0199100 
101.0000000 333.9265773 333.8234915 
102.0000000 333.7301587 333.6270729 
103.0000000 333.5337402 333.4306544 
104.0000000 333.3373216 333.2342358 
105.0000000 333.1409031 333.0378173 
106.0000000 332.9444845 332.8413987 
107.0000000 332.7480660 332.6449802 
108.0000000 332.5516474 332.4485616 
109.0000000 332.3552289 332.2521431 
110.0000000 332.1588103 332.0557245 
111.0000000 331.9623918 331.8593060 
112.0000000 331.7659732 331.6628874 
113.0000000 331.5695547 331.4664689 
114.0000000 331.3731361 331.2700503 
115.0000000 331.1767176 331.0736318 
116.0000000 330.9802990 330.8772132 
117.0000000 330.7838805 330.6807947 
118.0000000 330.5874619 330.4843761 
119.0000000 330.3910434 330.2879576 
120.0000000 330.1946248 330.0915390 
121.0000000 329.9982063 329.8951205 
122.0000000 329.8017877 329.6987019 
123.0000000 329.6053692 329.5022834 
124.0000000 329.4089506 329.3058648 
125.0000000 329.2125321 329.1094463 
126.0000000 329.0161135 328.9130277 
127.0000000 328.8196950 328.7166092 
128.0000000 328.6232764 328.5201906 
129.0000000 328.4268579 328.3237721 
130.0000000 328.2304393 328.1273535 
131.0000000 328.0340208 327.9309350 
132.0000000 327.8376022 327.7345164 
133.0000000 327.6411837 327.5380979 
134.0000000 327.4447651 327.3416793 
135.0000000 327.2483466 327.1452608 
136.0000000 327.0519280 326.9488422 
137.0000000 326.8555095 326.7524237 
138.0000000 326.6590909 326.5560051 
139.0000000 326.4626724 326.3595866 
140.0000000 326.2662538 326.1631680 
141.0000000 326.0698353 325.9667495 
142.0000000 325.8734167 325.7703309 
143.0000000 325.6769982 325.5739124 
144.0000000 325.4805796 325.3774938 
145.0000000 325.2841611 325.1810753 
146.0000000 325.0877425 324.9846567 
147.0000000 324.8913240 324.7882382 
148.0000000 324.6949054 324.5918196 
149.0000000 324.4984869 324.3954011 
150.0000000 324.3020683 324.1989825 
151.0000000 324.1056498 324.0025640 
152.0000000 323.9092312 323.8061454 
153.0000000 323.7128127 323.6097269 
154.0000000 323.5163941 323.4133083 
155.0000000 323.3199756 323.2168898 
156.0000000 323.1235570 323.0204712 
157.0000000 322.9271385 322.8240527 
158.0000000 322.7307199 322.6276341 
159.0000000 322.5343014 322.4312155 
160.0000000 322.3378828 322.2347970 
161.0000000 322.1414643 322.0383784 
162.0000000 321.9450457 321.8419599 
163.0000000 321.7486272 321.6455413 
164.0000000 321.5522086 321.4491228 
165.0000000 321.3557901 321.2527042 
166.0000000 321.1593715 321.0562857 
167.0000000 320.9629530 320.8598671 
168.0000000 320.7665344 320.6634486 
169.0000000 320.5701159 320.4670300 
170.0000000 320.3736973 320.2706115 
171.0000000 320.1772788 320.0741929 
172.0000000 319.9808602 319.8777744 
173.0000000 319.7844417 319.6813558 
174.0000000 319.5880231 319.4849373 
175.0000000 319.3916046 319.2885187 
176.0000000 319.1951860 319.0921002 
177.0000000 318.9987675 318.8956816 
178.0000000 318.8023489 318.6992631 
179.0000000 318.6059304 318.5028445 
180.0000000 318.4095118 318.3064260 
181.0000000 318.2130933 318.1100074 
182.0000000 318.0166747 317.9135889 
183.0000000 317.8202562 317.7171703 
184.0000000 317.6238376 317.5207518 
185.0000000 317.4274191 317.3243332 
186.0000000 317.2310005 317.1279147 
187.0000000 317.0345820 316.9314961 
188.0000000 316.8381634 316.7350776 
189.0000000 316.6417449 316.5386590 
190.0000000 316.4453263 316.3422405 
191.0000000 316.2489077 316.1458219 
192.0000000 316.0524892 315.9494034 
193.0000000 315.8560706 315.7529848 
194.0000000 315.6596521 315.5565663 
195.0000000 315.4632335 315.3601477 
196.0000000 315.2668150 315.1637292 
197.0000000 315.0703964 314.9673106 
198.0000000 314.8739779 314.7708921 
199.0000000 314.6775593 314.5744735 
200.0000000 314.4811408 314.3780550 
201.0000000 314.2847222 314.1816364 
202.0000000 314.0883037 313.9852179 
203.0000000 313.8918851 313.7887993 
204.0000000 313.6954666 313.5923808 
205.0000000 313.4990480 313.3959622 
206.0000000 313.3026295 313.1995437 
207.0000000 313.1062109 313.0031251 
208.0000000 312.9097924 312.8067066 
209.0000000 312.7133738 312.6102880 
210.0000000 312.5169553 312.4138695 
211.0000000 312.3205367 312.2174509 
212.0000000 312.1241182 312.0210324 
213.0000000 311.9276996 311.8246138 
214.0000000 311.7312811 311.6281953 
215.0000000 311.5348625 311.4317767 
216.0000000 311.3384440 311.2353582 
217.0000000 311.1420254 311.0389396 
218.0000000 310.9456069 310.8425211 
219.0000000 310.7491883 310.6461025 
220.0000000 310.5527698 310.4496840 
221.0000000 310.3563512 310.2532654 
222.0000000 310.1599327 310.0568469 
223.0000000 309.9635141 309.8604283 
224.0000000 309.7670956 309.6640098 
225.0000000 309.5706770 309.4675912 
226.0000000 309.3742585 309.2711727 
227.0000000 309.1778399 309.0747541 
228.0000000 308.9814214 308.8783356 
229.0000000 308.7850028 308.6819170 
230.0000000 308.5885843 308.4854985 
231.0000000 308.3921657 308.2890799 
232.0000000 308.1957472 308.0926614 
233.0000000 307.9993286 307.8962428 
234.0000000 307.8029101 307.6998243 
235.0000000 307.6064915 307.5034057 
236.0000000 307.4100730 307.3069872 
237.0000000 307.2136544 307.1105686 
238.0000000 307.0172359 306.9141501 
239.0000000 306.8208173 306.7177315 
240.0000000 306.6243988 306.5213130 
241.0000000 306.4279802 306.3248944 
242.0000000 306.2315617 306.1284759 
243.0000000 306.0351431 305.9320573 
244.0000000 305.8387246 305.7356388 
245.0000000 305.6423060 305.5392202 
246.0000000 305.4458875 305.3428017 
247.0000000 305.2494689 305.1463831 
248.0000000 305.0530504 304.9499646 
249.0000000 304.8566318 304.7535460 
250.0000000 304.6602133 304.5571275 
251.0000000 304.4637947 304.3607089 
252.0000000 304.2673762 304.1642904 
253.0000000 304.0709576 303.9678718 
254.0000000 303.8745391 303.7714533 
255.0000000 303.6781205 303.5750347 
256.0000000 303.4817020 303.3786162 
257.0000000 303.2852834 303.1821976 
258.0000000 303.0888649 302.9857791 
259.0000000 302.8924463 302.7893605 
260.0000000 302.6960278 302.5929420 
261.0000000 302.4996092 302.3965234 
262.0000000 302.3031907 302.2001049 
263.0000000 302.1067721 302.0036863 
264.0000000 301.9103536 301.8072678 
265.0000000 301.7139350 301.6108492 
266.0000000 301.5175165 301.4144307 
267.0000000 301.3210979 301.2180121 
268.0000000 301.1246794 301.0215936 
269.0000000 300.9282608 300.8251750 
270.0000000 300.7318423 300.6287565 
271.0000000 300.5354237 300.4323379 
272.0000000 300.3390052 300.2359194 
273.0000000 300.1425866 300.0395008 
274.0000000 299.9461681 299.8430823 
275.0000000 299.7497495 299.6466637 
276.0000000 299.5533310 299.4502452 
277.0000000 299.3569124 299.2538266 
278.0000000 299.1604939 299.0574081 
279.0000000 298.9640753 298.8609895 
280.0000000 298.7676568 298.6645710 
281.0000000 298.5712382 298.4681524 
282.0000000 298.3748197 298.2717339 
283.0000000 298.1784011 298.0753153 
284.0000000 297.9819826 297.8788968 
285.0000000 297.7855640 297.6824782 
286.0000000 297.5891455 297.4860597 
287.0000000 297.3927269 297.2896411 
288.0000000 297.1963084 297.0932226 
289.0000000 296.9998898 296.8968040 
290.0000000 296.8034713 296.7003855 
291.0000000 296.6070527 296.5039669 
292.0000000 296.4106342 296.3075484 
293.0000000 296.2142156 296.1111298 
294.0000000 296.0177971 295.9147113 
295.0000000 295.8213785 295.7182927 
296.0000000 295.6249600 295.5218742 
297.0000000 295.4285414 295.3254556 
298.0000000 295.2321229 295.1290371 
299.0000000 295.0357043 294.9326185 
300.0000000 294.8392858 294.7362000 
301.0000000 294.6428672 294.5397814 
302.0000000 294.4464487 294.3433629 
303.0000000 294.2500301 294.1469443 
304.0000000 294.0536116 293.9505258 
305.0000000 293.8571930 293.7541072 
306.0000000 293.6607745 293.5576887 
307.0000000 293.4643559 293.3612701 
308.0000000 293.2679374 293.1648516 
309.0000000 293.0715188 292.9684330 
310.0000000 292.8751003 292.7720145 
311.0000000 292.6786817 292.5755959 
312.0000000 292.4822632 292.3791773 
313.0000000 292.2858446 292.1827588 
314.0000000 292.0894261 291.9863402 
315.0000000 291.8930075 291.7899217 
316.0000000 291.6965890 291.5935031 
317.0000000 291.5001704 291.3970846 
318.0000000 291.3037519 291.2006660 
319.0000000 291.1073333 291.0042475 
320.0000000 290.9109148 290.8078289 
321.0000000 290.7144962 290.6114104 
322.0000000 290.5180777 290.4149918 
323.0000000 290.3216591 290.2185733 
324.0000000 290.1252406 290.0221547 
325.0000000 289.9288220 289.8257362 
326.0000000 289.7324035 289.6293176 
327.0000000 289.5359849 289.4328991 
328.0000000 289.3395664 289.2364805 
329.0000000 289.1431478 289.0400620 
330.0000000 288.9467293 288.8436434 
331.0000000 288.7503107 288.6472249 
332.0000000 288.5538922 288.4508063 
333.0000000 288.3574736 288.2543878 
334.0000000 288.1610551 288.0579692 
335.0000000 287.9646365 287.8615507 
336.0000000 287.7682180 287.6651321 
337.0000000 287.5717994 287.4687136 
338.0000000 287.3753809 287.2722950 
339.0000000 287.1789623 287.0758765 
340.0000000 286.9825438 286.8794579 
341.0000000 286.7861252 286.6830394 
342.0000000 286.5897066 286.4866208 
343.0000000 286.3932881 286.2902023 
344.0000000 286.1968695 286.0937837 
345.0000000 286.0004510 285.8973652 
346.0000000 285.8040324 285.7009466 
347.0000000 285.6076139 285.5045281 
348.0000000 285.4111953 285.3081095 
349.0000000 285.2147768 285.1116910 
350.0000000 285.0183582 284.9152724 
351.0000000 284.8219397 284.7188539 
352.0000000 284.6255211 284.5224353 
353.0000000 284.4291026 284.3260168 
354.0000000 284.2326840 284.1295982 
355.0000000 284.0362655 283.9331797 
356.0000000 283.8398469 283.7367611 
357.0000000 283.6434284 283.5403426 
358.0000000 283.4470098 283.3439240 
359.0000000 283.2505913 283.1475055 
360.0000000 283.0541727 282.9510869 
361.0000000 282.8577542 282.7546684 
362.0000000 282.6613356 282.5582498 
363.0000000 282.4649171 282.3618313 
364.0000000 282.2684985 282.1654127 
365.0000000 282.0720800 281.9689942 
366.0000000 281.8756614 281.7725756 
367.0000000 281.6792429 281.5761571 
368.0000000 281.4828243 281.3797385 
369.0000000 281.2864058 281.1833200 
370.0000000 281.0899872 280.9869014 
371.0000000 280.8935687 280.7904829 
372.0000000 280.6971501 280.5940643 
373.0000000 280.5007316 280.3976458 
374.0000000 280.3043130 280.2012272 
375.0000000 280.1078945 280.0048087 
376.0000000 279.9114759 279.8083901 
377.0000000 279.7150574 279.6119716 
378.0000000 279.5186388 279.4155530 
379.0000000 279.3222203 279.2191345 
380.0000000 279.1258017 279.0227159 
381.0000000 278.9293832 278.8262974 
382.0000000 278.7329646 278.6298788 
383.0000000 278.5365461 278.4334603 
384.0000000 278.3401275 278.2370417 
385.0000000 278.1437090 278.0406232 
386.0000000 277.9472904 277.8442046 
387.0000000 277.7508719 277.6477861 
388.0000000 277.5544533 277.4513675 
389.0000000 277.3580348 277.2549490 
390.0000000 277.1616162 277.0585304 
391.0000000 276.9651977 276.8621119 
392.0000000 276.7687791 276.6656933 
393.0000000 276.5723606 276.4692748 
394.0000000 276.3759420 276.2728562 
395.0000000 276.1795235 276.0764377 
396.0000000 275.9831049 275.8800191 
397.0000000 275.7866864 275.6836006 
398.0000000 275.5902678 275.4871820 
399.0000000 275.3938493 275.2907635 
400.0000000 275.1974307 275.0943449 
401.0000000 275.0010122 274.8979264 
402.0000000 274.8045936 274.7015078 
403.0000000 274.6081751 274.5050893 
404.0000000 274.4117565 274.3086707 
405.0000000 274.2153380 274.1122522 
406.0000000 274.0189194 273.9158336 
407.0000000 273.8225009 273.7194151 
408.0000000 273.6260823 273.5229965 
409.0000000 273.4296638 273.3265780 
410.0000000 273.2332452 273.1301594 
411.0000000 273.0368267 272.9337409 
412.0000000 272.8404081 272.7373223 
413.0000000 272.6439896 272.5409038 
414.0000000 272.4475710 272.3444852 
415.0000000 272.2511525 272.1480667 
416.0000000 272.0547339 271.9516481 
417.0000000 271.8583154 271.7552296 
418.0000000 271.6618968 271.5588110 
419.0000000 271.4654783 271.3623925 
420.0000000 271.2690597 271.1659739 
421.0000000 271.0726412 270.9695554 
422.0000000 270.8762226 270.7731368 
423.0000000 270.6798041 270.5767183 
424.0000000 270.4833855 270.3802997 
425.0000000 270.2869670 270.1838812 
426.0000000 270.0905484 269.9874626 
427.0000000 269.8941299 269.7910441 
428.0000000 269.6977113 269.5946255 
429.0000000 269.5012928 269.3982070 
430.0000000 269.3048742 269.2017884 
431.0000000 269.1084557 269.0053699 
432.0000000 268.9120371 268.8089513 
433.0000000 268.7156186 268.6125328 
434.0000000 268.5192000 268.4161142 
435.0000000 268.3227815 268.2196957 
436.0000000 268.1263629 268.0232771 
437.0000000 267.9299444 267.8268586 
438.0000000 267.7335258 267.6304400 
439.0000000 267.5371073 267.4340215 
440.0000000 267.3406887 267.2376029 
441.0000000 267.1442702 267.0411844 
442.0000000 266.9478516 266.8447658 
443.0000000 266.7514331 266.6483473 
444.0000000 266.5550145 266.4519287 
445.0000000 266.3585960 266.2555102 
446.0000000 266.1621774 266.0590916 
447.0000000 265.9657589 265.8626731 
448.0000000 265.7693403 265.6662545 
449.0000000 265.5729218 265.4698360 
450.0000000 265.3765032 265.2734174 
451.0000000 265.1800847 265.0769989 
452.0000000 264.9836661 264.8805803 
453.0000000 264.7872476 264.6841618 
454.0000000 264.5908290 264.4877432 
455.0000000 264.3944105 264.2913247 
456.0000000 264.1979919 264.0949061 
457.0000000 264.0015734 263.8984876 
458.0000000 263.8051548 263.7020690 
459.0000000 263.6087363 263.5056505 
460.0000000 263.4123177 263.3092319 
461.0000000 263.2158992 263.1128134 
462.0000000 263.0194806 262.9163948 
463.0000000 262.8230621 262.7199762 
464.0000000 262.6266435 262.5235577 
465.0000000 262.4302250 262.3271391 
466.0000000 262.2338064 262.1307206 
467.0000000 262.0373879 261.9343020 
468.0000000 261.8409693 261.7378835 
469.0000000 261.6445508 261.5414649 
470.0000000 261.4481322 261.3450464 
471.0000000 261.2517137 261.1486278 
472.0000000 261.0552951 260.9522093 
473.0000000 260.8588766 260.7557907 
474.0000000 260.6624580 260.5593722 
475.0000000 260.4660395 260.3629536 
476.0000000 260.2696209 260.1665351 
477.0000000 260.0732024 259.9701165 
478.0000000 259.8767838 259.7736980 
479.0000000 259.6803653 259.5772794 
480.0000000 259.4839467 259.3808609 
481.0000000 259.2875282 259.1844423 
482.0000000 259.0911096 258.9880238 
483.0000000 258.8946911 258.7916052 
484.0000000 258.6982725 258.5951867 
485.0000000 258.5018540 258.3987681 
486.0000000 258.3054354 258.2023496 
487.0000000 258.1090169 258.0059310 
488.0000000 257.9125983 257.8095125 
489.0000000 257.7161798 257.6130939 
490.0000000 257.5197612 257.4166754 
491.0000000 257.3233427 257.2202568 
492.0000000 257.1269241 257.0238383 
493.0000000 256.9305056 256.8274197 
494.0000000 256.7340870 256.6310012 
495.0000000 256.5376684 256.4345826 
496.0000000 256.3412499 256.2381641 
497.0000000 256.1448313 256.0417455 
498.0000000 255.9484128 255.8453270 
499.0000000 255.7519942 255.6489084 
500.0000000 255.5555757 255.4524899 
501.0000000 255.3591571 255.2560713 
502.0000000 255.1627386 255.0596528 
503.0000000 254.9663200 254.8632342 
504.0000000 254.7699015 254.6668157 
505.0000000 254.5734829 254.4703971 
506.0000000 254.3770644 254.2739786 
507.0000000 254.1806458 254.0775600 
508.0000000 253.9842273 253.8811415 
509.0000000 253.7878087 253.6847229 
510.0000000 253.5913902 253.4883044 
511.0000000 253.3949716 253.2918858 
512.0000000 253.1985531 253.0954673 
513.0000000 253.0021345 252.8990487 
514.0000000 252.8057160 252.7026302 
515.0000000 252.6092974 252.5062116 
516.0000000 252.4128789 252.3097931 
517.0000000 252.2164603 252.1133745 
518.0000000 252.0200418 251.9169560 
519.0000000 251.8236232 251.7205374 
520.0000000 251.6272047 251.5241189 
521.0000000 251.4307861 251.3277003 
522.0000000 251.2343676 251.1312818 
523.0000000 251.0379490 250.9348632 
524.0000000 250.8415305 250.7384447 
525.0000000 250.6451119 250.5420261 
526.0000000 250.4486934 250.3456076 
527.0000000 250.2522748 250.1491890 
528.0000000 250.0558563 249.9527705 
529.0000000 249.8594377 249.7563519 
530.0000000 249.6630192 249.5599334 
531.0000000 249.4666006 249.3635148 
532.0000000 249.2701821 249.1670963 
533.0000000 249.0737635 248.9706777 
534.0000000 248.8773450 248.7742592 
535.0000000 248.6809264 248.5778406 
536.0000000 248.4845079 248.3814221 
537.0000000 248.2880893 248.1850035 
538.0000000 248.0916708 247.9885850 
539.0000000 247.8952522 247.7921664 
540.0000000 247.6988337 247.5957479 
541.0000000 247.5024151 247.3993293 
542.0000000 247.3059966 247.2029108 
543.0000000 247.1095780 247.0064922 
544.0000000 246.9131595 246.8100737 
545.0000000 246.7167409 246.6136551 
546.0000000 246.5203224 246.4172366 
547.0000000 246.3239038 246.2208180 
548.0000000 246.1274853 246.0243995 
549.0000000 245.9310667 245.8279809 
550.0000000 245.7346482 245.6315624 
551.0000000 245.5382296 245.4351438 
552.0000000 245.3418111 245.2387253 
553.0000000 245.1453925 245.0423067 
554.0000000 244.9489740 244.8458882 
555.0000000 244.7525554 244.6494696 
556.0000000 244.5561369 244.4530511 
557.0000000 244.3597183 244.2566325 
558.0000000 244.1632998 244.0602140 
559.0000000 243.9668812 243.8637954 
560.0000000 243.7704627 243.6673769 
561.0000000 243.5740441 243.4709583 
562.0000000 243.3776256 243.2745398 
563.0000000 243.1812070 243.0781212 
564.0000000 242.9847885 242.8817027 
565.0000000 242.7883699 242.6852841 
566.0000000 242.5919514 242.4888656 
567.0000000 242.3955328 242.2924470 
568.0000000 242.1991143 242.0960285 
569.0000000 242.0026957 241.8996099 
570.0000000 241.8062772 241.7031914 
571.0000000 241.6098586 241.5067728 
572.0000000 241.4134401 241.3103543 
573.0000000 241.2170215 241.1139357 
574.0000000 241.0206030 240.9175172 
575.0000000 240.8241844 240.7210986 
576.0000000 240.6277659 240.5246801 
577.0000000 240.4313473 240.3282615 
578.0000000 240.2349288 240.1318430 
579.0000000 240.0385102 239.9354244 
580.0000000 239.8420917 239.7390059 
581.0000000 239.6456731 239.5425873 
582.0000000 239.4492546 239.3461688 
583.0000000 239.2528360 239.1497502 
584.0000000 239.0564175 238.9533317 
585.0000000 238.8599989 238.7569131 
586.0000000 238.6635804 238.5604946 
587.0000000 238.4671618 238.3640760 
588.0000000 238.2707433 238.1676575 
589.0000000 238.0743247 237.9712389 
590.0000000 237.8779062 237.7748204 
591.0000000 237.6814876 237.5784018 
592.0000000 237.4850691 237.3819833 
593.0000000 237.2886505 237.1855647 
594.0000000 237.0922320 236.9891462 
595.0000000 236.8958134 236.7927276 
596.0000000 236.6993949 236.5963091 
597.0000000 236.5029763 236.3998905 
598.0000000 236.3065578 236.2034720 
599.0000000 236.1101392 236.0070534 
600.0000000 235.9137207 235.8106349 
601.0000000 235.7173021 235.6142163 
602.0000000 235.5208836 235.4177978 
603.0000000 235.3244650 235.2213792 
604.0000000 235.1280465 235.0249607 
605.0000000 234.9316279 234.8285421 
606.0000000 234.7352094 234.6321236 
607.0000000 234.5387908 234.4357050 
608.0000000 234.3423723 234.2392865 
609.0000000 234.1459537 234.0428679 
610.0000000 233.9495352 233.8464494 
611.0000000 233.7531166 233.6500308 
612.0000000 233.5566981 233.4536123 
613.0000000 233.3602795 233.2571937 
614.0000000 233.1638610 233.0607751 
615.0000000 232.9674424 232.8643566 
616.0000000 232.7710239 232.6679380 
617.0000000 232.5746053 232.4715195 
618.0000000 232.3781868 232.2751009 
619.0000000 232.1817682 232.0786824 
620.0000000 231.9853497 231.8822638 
621.0000000 231.7889311 231.6858453 
622.0000000 231.5925126 231.4894267 
623.0000000 231.3960940 231.2930082 
624.0000000 231.1996755 231.0965896 
625.0000000 231.0032569 230.9001711 
626.0000000 230.8068384 230.7037525 
627.0000000 230.6104198 230.5073340 
628.0000000 230.4140013 230.3109154 
629.0000000 230.2175827 230.1144969 
630.0000000 230.0211642 229.9180783 
631.0000000 229.8247456 229.7216598 
632.0000000 229.6283271 229.5252412 
633.0000000 229.4319085 229.3288227 
634.0000000 229.2354900 229.1324041 
635.0000000 229.0390714 228.9359856 
636.0000000 228.8426529 228.7395670 
637.0000000 228.6462343 228.5431485 
638.0000000 228.4498158 228.3467299 
639.0000000 228.2533972 228.1503114 
640.0000000 228.0569787 227.9538928 
641.0000000 227.8605601 227.7574743 
642.0000000 227.6641416 227.5610557 
643.0000000 227.4677230 227.3646372 
644.0000000 227.2713045 227.1682186 
645.0000000 227.0748859 226.9718001 
646.0000000 226.8784673 226.7753815 
647.0000000 226.6820488 226.5789630 
648.0000000 226.4856302 226.3825444 
649.0000000 226.2892117 226.1861259 
650.0000000 226.0927931 225.9897073 
651.0000000 225.8963746 225.7932888 
652.0000000 225.6999560 225.5968702 
653.0000000 225.5035375 225.4004517 
654.0000000 225.3071189 225.2040331 
655.0000000 225.1107004 225.0076146 
656.0000000 224.9142818 224.8111960 
657.0000000 224.7178633 224.6147775 
658.0000000 224.5214447 224.4183589 
659.0000000 224.3250262 224.2219404 
660.0000000 224.1286076 224.0255218 
661.0000000 223.9321891 223.8291033 
662.0000000 223.7357705 223.6326847 
663.0000000 223.5393520 223.4362662 
664.0000000 223.3429334 223.2398476 
665.0000000 223.1465149 223.0434291 
666.0000000 222.9500963 222.8470105 
667.0000000 222.7536778 222.6505920 
668.0000000 222.5572592 222.4541734 
669.0000000 222.3608407 222.2577549 
670.0000000 222.1644221 222.0613363 
671.0000000 221.9680036 221.8649178 
672.0000000 221.7715850 221.6684992 
673.0000000 221.5751665 221.4720807 
674.0000000 221.3787479 221.2756621 
675.0000000 221.1823294 221.0792436 
676.0000000 220.9859108 220.8828250 
677.0000000 220.7894923 220.6864065 
678.0000000 220.5930737 220.4899879 
679.0000000 220.3966552 220.2935694 
680.0000000 220.2002366 220.0971508 
681.0000000 220.0038181 219.9007323 
682.0000000 219.8073995 219.7043137 
683.0000000 219.6109810 219.5078952 
684.0000000 219.4145624 219.3114766 
685.0000000 219.2181439 219.1150581 
686.0000000 219.0217253 218.9186395 
687.0000000 218.8253068 218.7222210 
688.0000000 218.6288882 218.5258024 
689.0000000 218.4324697 218.3293839 
690.0000000 218.2360511 218.1329653 
691.0000000 218.0396326 217.9365468 
692.0000000 217.8432140 217.7401282 
693.0000000 217.6467955 217.5437097 
694.0000000 217.4503769 217.3472911 
695.0000000 217.2539584 217.1508726 
696.0000000 217.0575398 216.9544540 
697.0000000 216.8611213 216.7580355 
698.0000000 216.6647027 216.5616169 
699.0000000 216.4682842 216.3651984 
700.0000000 216.2718656 216.1687798 
701.0000000 216.0754471 215.9723613 
702.0000000 215.8790285 215.7759427 
703.0000000 215.6826100 215.5795242 
704.0000000 215.4861914 215.3831056 
705.0000000 215.2897729 215.1866871 
706.0000000 215.0933543 214.9902685 
707.0000000 214.8969358 214.7938500 
708.0000000 214.7005172 214.5974314 
709.0000000 214.5040987 214.4010129 
710.0000000 214.3076801 214.2045943 
711.0000000 214.1112616 214.0081758 
712.0000000 213.9148430 213.8117572 
713.0000000 213.7184245 213.6153387 
714.0000000 213.5220059 213.4189201 
715.0000000 213.3255874 213.2225016 
716.0000000 213.1291688 213.0260830 
717.0000000 212.9327503 212.8296645 
718.0000000 212.7363317 212.6332459 
719.0000000 212.5399132 212.4368274 
720.0000000 212.3434946 212.2404088 
721.0000000 212.1470761 212.0439903 
722.0000000 211.9506575 211.8475717 
723.0000000 211.7542390 211.6511532 
724.0000000 211.5578204 211.4547346 
725.0000000 211.3614019 211.2583161 
726.0000000 211.1649833 211.0618975 
727.0000000 210.9685648 210.8654790 
728.0000000 210.7721462 210.6690604 
729.0000000 210.5757277 210.4726419 
730.0000000 210.3793091 210.2762233 
731.0000000 210.1828906 210.0798048 
732.0000000 209.9864720 209.8833862 
733.0000000 209.7900535 209.6869677 
734.0000000 209.5936349 209.4905491 
735.0000000 209.3972164 209.2941306 
736.0000000 209.2007978 209.0977120 
737.0000000 209.0043793 208.9012935 
738.0000000 208.8079607 208.7048749 
739.0000000 208.6115422 208.5084564 
740.0000000 208.4151236 208.3120378 
741.0000000 208.2187051 208.1156193 
742.0000000 208.0222865 207.9192007 
743.0000000 207.8258680 207.7227822 
744.0000000 207.6294494 207.5263636 
745.0000000 207.4330309 207.3299451 
746.0000000 207.2366123 207.1335265 
747.0000000 207.0401938 206.9371080 
748.0000000 206.8437752 206.7406894 
749.0000000 206.6473567 206.5442709 
750.0000000 206.4509381 206.3478523 
751.0000000 206.2545196 206.1514338 
752.0000000 206.0581010 205.9550152 
753.0000000 205.8616825 205.7585967 
754.0000000 205.6652639 205.5621781 
755.0000000 205.4688454 205.3657596 
756.0000000 205.2724268 205.1693410 
757.0000000 205.0760083 204.9729225 
758.0000000 204.8795897 204.7765039 
759.0000000 204.6831712 204.5800854 
760.0000000 204.4867526 204.3836668 
761.0000000 204.2903341 204.1872483 
762.0000000 204.0939155 203.9908297 
763.0000000 203.8974970 203.7944112 
764.0000000 203.7010784 203.5979926 
765.0000000 203.5046599 203.4015741 
766.0000000 203.3082413 203.2051555 
767.0000000 203.1118228 203.0087369 
768.0000000 202.9154042 202.8123184 
769.0000000 202.7189857 202.6158998 
770.0000000 202.5225671 202.4194813 
771.0000000 202.3261486 202.2230627 
772.0000000 202.1297300 202.0266442 
773.0000000 201.9333115 201.8302256 
774.0000000 201.7368929 201.6338071 
775.0000000 201.5404744 201.4373885 
776.0000000 201.3440558 201.2409700 
777.0000000 201.1476373 201.0445514 
778.0000000 200.9512187 200.8481329 
779.0000000 200.7548002 200.6517143 
780.0000000 200.5583816 200.4552958 
781.0000000 200.3619631 200.2588772 
782.0000000 200.1655445 200.0624587 
783.0000000 199.9691260 199.8660401 
784.0000000 199.7727074 199.6696216 
785.0000000 199.5762889 199.4732030 
786.0000000 199.3798703 199.2767845 
787.0000000 199.1834518 199.0803659 
788.0000000 198.9870332 198.8839474 
789.0000000 198.7906147 198.6875288 
790.0000000 198.5941961 198.4911103 
791.0000000 198.3977776 198.2946917 
792.0000000 198.2013590 198.0982732 
793.0000000 198.0049405 197.9018546 
794.0000000 197.8085219 197.7054361 
795.0000000 197.6121034 197.5090175 
796.0000000 197.4156848 197.3125990 
797.0000000 197.2192662 197.1161804 
798.0000000 197.0228477 196.9197619 
799.0000000 196.8264291 196.7233433 
800.0000000 196.6300106 196.5269248 
801.0000000 196.4335920 196.3305062 
802.0000000 196.2371735 196.1340877 
803.0000000 196.0407549 195.9376691 
804.0000000 195.8443364 195.7412506 
805.0000000 195.6479178 195.5448320 
806.0000000 195.4514993 195.3484135 
807.0000000 195.2550807 195.1519949 
808.0000000 195.0586622 194.9555764 
809.0000000 194.8622436 194.7591578 
810.0000000 194.6658251 194.5627393 
811.0000000 194.4694065 194.3663207 
812.0000000 194.2729880 194.1699022 
813.0000000 194.0765694 193.9734836 
814.0000000 193.8801509 193.7770651 
815.0000000 193.6837323 193.5806465 
816.0000000 193.4873138 193.3842280 
817.0000000 193.2908952 193.1878094 
818.0000000 193.0944767 192.9913909 
819.0000000 192.8980581 192.7949723 
820.0000000 192.7016396 192.5985538 
821.0000000 192.5052210 192.4021352 
822.0000000 192.3088025 192.2057167 
823.0000000 192.1123839 192.0092981 
824.0000000 191.9159654 191.8128796 
825.0000000 191.7195468 191.6164610 
826.0000000 191.5231283 191.4200425 
827.0000000 191.3267097 191.2236239 
828.0000000 191.1302912 191.0272054 
829.0000000 190.9338726 190.8307868 
830.0000000 190.7374541 190.6343683 
831.0000000 190.5410355 190.4379497 
832.0000000 190.3446170 190.2415312 
833.0000000 190.1481984 190.0451126 
834.0000000 189.9517799 189.8486941 
835.0000000 189.7553613 189.6522755 
836.0000000 189.5589428 189.4558570 
837.0000000 189.3625242 189.2594384 
838.0000000 189.1661057 189.0630199 
839.0000000 188.9696871 188.8666013 
840.0000000 188.7732686 188.6701828 
841.0000000 188.5768500 188.4737642 
842.0000000 188.3804315 188.2773457 
843.0000000 188.1840129 188.0809271 
844.0000000 187.9875944 187.8845086 
845.0000000 187.7911758 187.6880900 
846.0000000 187.5947573 187.4916715 
847.0000000 187.3983387 187.2952529 
848.0000000 187.2019202 187.0988344 
849.0000000 187.0055016 186.9024158 
850.0000000 186.8090831 186.7059973 
851.0000000 186.6126645 186.5095787 
852.0000000 186.4162460 186.3131602 
853.0000000 186.2198274 186.1167416 
854.0000000 186.0234089 185.9203231 
855.0000000 185.8269903 185.7239045 
856.0000000 185.6305718 185.5274860 
857.0000000 185.4341532 185.3310674 
858.0000000 185.2377347 185.1346489 
859.0000000 185.0413161 184.9382303 
860.0000000 184.8448976 184.7418118 
861.0000000 184.6484790 184.5453932 
862.0000000 184.4520605 184.3489747 
863.0000000 184.2556419 184.1525561 
864.0000000 184.0592234 183.9561376 
865.0000000 183.8628048 183.7597190 
866.0000000 183.6663863 183.5633005 
867.0000000 183.4699677 183.3668819 
868.0000000 183.2735492 183.1704634 
869.0000000 183.0771306 182.9740448 
870.0000000 182.8807121 182.7776263 
871.0000000 182.6842935 182.5812077 
872.0000000 182.4878750 182.3847892 
873.0000000 182.2914564 182.1883706 
874.0000000 182.0950379 181.9919521 
875.0000000 181.8986193 181.7955335 
876.0000000 181.7022008 181.5991150 
877.0000000 181.5057822 181.4026964 
878.0000000 181.3093637 181.2062779 
879.0000000 181.1129451 181.0098593 
880.0000000 180.9165266 180.8134408 
881.0000000 180.7201080 180.6170222 
882.0000000 180.5236895 180.4206037 
883.0000000 180.3272709 180.2241851 
884.0000000 180.1308524 180.0277666 
885.0000000 179.9344338 179.8313480 
886.0000000 179.7380153 179.6349295 
887.0000000 179.5415967 179.4385109 
888.0000000 179.3451782 179.2420924 
889.0000000 179.1487596 179.0456738 
890.0000000 178.9523411 178.8492553 
891.0000000 178.7559225 178.6528367 
892.0000000 178.5595040 178.4564182 
893.0000000 178.3630854 178.2599996 
894.0000000 178.1666669 178.0635811 
895.0000000 177.9702483 177.8671625 
896.0000000 177.7738298 177.6707440 
897.0000000 177.5774112 177.4743254 
898.0000000 177.3809927 177.2779069 
899.0000000 177.1845741 177.0814883 
900.0000000 176.9881556 176.8850698 
901.0000000 176.7917370 176.6886512 
902.0000000 176.5953185 176.4922327 
903.0000000 176.3988999 176.2958141 
904.0000000 176.2024814 176.0993956 
905.0000000 176.0060628 175.9029770 
906.0000000 175.8096443 175.7065585 
907.0000000 175.6132257 175.5101399 
908.0000000 175.4168072 175.3137214 
909.0000000 175.2203886 175.1173028 
910.0000000 175.0239701 174.9208843 
911.0000000 174.8275515 174.7244657 
912.0000000 174.6311330 174.5280472 
913.0000000 174.4347144 174.3316286 
914.0000000 174.2382959 174.1352101 
915.0000000 174.0418773 173.9387915 
916.0000000 173.8454588 173.7423730 
917.0000000 173.6490402 173.5459544 
918.0000000 173.4526217 173.3495358 
919.0000000 173.2562031 173.1531173 
920.0000000 173.0597846 172.9566987 
921.0000000 172.8633660 172.7602802 
922.0000000 172.6669475 172.5638616 
923.0000000 172.4705289 172.3674431 
924.0000000 172.2741104 172.1710245 
925.0000000 172.0776918 171.9746060 
926.0000000 171.8812733 171.7781874 
927.0000000 171.6848547 171.5817689 
928.0000000 171.4884362 171.3853503 
929.0000000 171.2920176 171.1889318 
930.0000000 171.0955991 170.9925132 
931.0000000 170.8991805 170.7960947 
932.0000000 170.7027620 170.5996761 
933.0000000 170.5063434 170.4032576 
934.0000000 170.3099249 170.2068390 
935.0000000 170.1135063 170.0104205 
936.0000000 169.9170878 169.8140019 
937.0000000 169.7206692 169.6175834 
938.0000000 169.5242507 169.4211648 
939.0000000 169.3278321 169.2247463 
940.0000000 169.1314136 169.0283277 
941.0000000 168.9349950 168.8319092 
942.0000000 168.7385765 168.6354906 
943.0000000 168.5421579 168.4390721 
944.0000000 168.3457394 168.2426535 
945.0000000 168.1493208 168.0462350 
946.0000000 167.9529023 167.8498164 
947.0000000 167.7564837 167.6533979 
948.0000000 167.5600652 167.4569793 
949.0000000 167.3636466 167.2605608 
950.0000000 167.1672280 167.0641422 
951.0000000 166.9708095 166.8677237 
952.0000000 166.7743909 166.6713051 
953.0000000 166.5779724 166.4748866 
954.0000000 166.3815538 166.2784680 
955.0000000 166.1851353 166.0820495 
956.0000000 165.9887167 165.8856309 
957.0000000 165.7922982 165.6892124 
958.0000000 165.5958796 165.4927938 
959.0000000 165.3994611 165.2963753 
960.0000000 165.2030425 165.0999567 
961.0000000 165.0066240 164.9035382 
962.0000000 164.8102054 164.7071196 
963.0000000 164.6137869 164.5107011 
964.0000000 164.4173683 164.3142825 
965.0000000 164.2209498 164.1178640 
966.0000000 164.0245312 163.9214454 
967.0000000 163.8281127 163.7250269 
968.0000000 163.6316941 163.5286083 
969.0000000 163.4352756 163.3321898 
970.0000000 163.2388570 163.1357712 
971.0000000 163.0424385 162.9393527 
972.0000000 162.8460199 162.7429341 
973.0000000 162.6496014 162.5465156 
974.0000000 162.4531828 162.3500970 
975.0000000 162.2567643 162.1536785 
976.0000000 162.0603457 161.9572599 
977.0000000 161.8639272 161.7608414 
978.0000000 161.6675086 161.5644228 
979.0000000 161.4710901 161.3680043 
980.0000000 161.2746715 161.1715857 
981.0000000 161.0782530 160.9751672 
982.0000000 160.8818344 160.7787486 
983.0000000 160.6854159 160.5823301 
984.0000000 160.4889973 160.3859115 
985.0000000 160.2925788 160.1894930 
986.0000000 160.0961602 159.9930744 
987.0000000 159.8997417 159.7966559 
988.0000000 159.7033231 159.6002373 
989.0000000 159.5069046 159.4038188 
990.0000000 159.3104860 159.2074002 
991.0000000 159.1140675 159.0109817 
992.0000000 158.9176489 158.8145631 
993.0000000 158.7212304 158.6181446 
994.0000000 158.5248118 158.4217260 
995.0000000 158.3283933 158.2253075 
996.0000000 158.1319747 158.0288889 
997.0000000 157.9355562 157.8324704 
998.0000000 157.7391376 157.6360518 
999.0000000 157.5427191 157.4396333 
1000.0000000 157.3463005 157.2432147 
1001.0000000 157.1498820 157.0467962 
1002.0000000 156.9534634 156.8503776 
1003.0000000 156.7570449 156.6539591 
1004.0000000 156.5606263 156.4575405 
1005.0000000 156.3642078 156.2611220 
1006.0000000 156.1677892 156.0647034 
1007.0000000 155.9713707 155.8682849 
1008.0000000 155.7749521 155.6718663 
1009.0000000 155.5785336 155.4754478 
1010.0000000 155.3821150 155.2790292 
1011.0000000 155.1856965 155.0826107 
1012.0000000 154.9892779 154.8861921 
1013.0000000 154.7928594 154.6897736 
1014.0000000 154.5964408 154.4933550 
1015.0000000 154.4000223 154.2969365 
1016.0000000 154.2036037 154.1005179 
1017.0000000 154.0071852 153.9040994 
1018.0000000 153.8107666 153.7076808 
1019.0000000 153.6143481 153.5112623 
1020.0000000 153.4179295 153.3148437 
1021.0000000 153.2215110 153.1184252 
1022.0000000 153.0250924 152.9220066 
1023.0000000 152.8286739 152.7255881 
1024.0000000 152.6322553 152.5291695 
1025.0000000 152.4358368 152.3327510 
1026.0000000 152.2394182 152.1363324 
1027.0000000 152.0429997 151.9399139 
1028.0000000 151.8465811 151.7434953 
1029.0000000 151.6501626 151.5470768 
1030.0000000 151.4537440 151.3506582 
1031.0000000 151.2573255 151.1542397 
1032.0000000 151.0609069 150.9578211 
1033.0000000 150.8644884 150.7614026 
1034.0000000 150.6680698 150.5649840 
1035.0000000 150.4716513 150.3685655 
1036.0000000 150.2752327 150.1721469 
1037.0000000 150.0788142 149.9757284 
1038.0000000 149.8823956 149.7793098 
1039.0000000 149.6859771 149.5828913 
1040.0000000 149.4895585 149.3864727 
1041.0000000 149.2931400 149.1900542 
1042.0000000 149.0967214 148.9936356 
1043.0000000 148.9003029 148.7972171 
1044.0000000 148.7038843 148.6007985 
1045.0000000 148.5074658 148.4043800 
1046.0000000 148.3110472 148.2079614 
1047.0000000 148.1146287 148.0115429 
1048.0000000 147.9182101 147.8151243 
1049.0000000 147.7217916 147.6187058 
1050.0000000 147.5253730 147.4222872 
1051.0000000 147.3289545 147.2258687 
1052.0000000 147.1325359 147.0294501 
1053.0000000 146.9361174 146.8330316 
1054.0000000 146.7396988 146.6366130 
1055.0000000 146.5432803 146.4401945 
1056.0000000 146.3468617 146.2437759 
1057.0000000 146.1504432 146.0473574 
1058.0000000 145.9540246 145.8509388 
1059.0000000 145.7576061 145.6545203 
1060.0000000 145.5611875 145.4581017 
1061.0000000 145.3647690 145.2616832 
1062.0000000 145.1683504 145.0652646 
1063.0000000 144.9719319 144.8688461 
1064.0000000 144.7755133 144.6724275 
1065.0000000 144.5790948 144.4760090 
1066.0000000 144.3826762 144.2795904 
1067.0000000 144.1862577 144.0831719 
1068.0000000 143.9898391 143.8867533 
1069.0000000 143.7934206 143.6903347 
1070.0000000 143.5970020 143.4939162 
1071.0000000 143.4005835 143.2974976 
1072.0000000 143.2041649 143.1010791 
1073.0000000 143.0077464 142.9046605 
1074.0000000 142.8113278 142.7082420 
1075.0000000 142.6149093 142.5118234 
1076.0000000 142.4184907 142.3154049 
1077.0000000 142.2220722 142.1189863 
1078.0000000 142.0256536 141.9225678 
1079.0000000 141.8292351 141.7261492 
1080.0000000 141.6328165 141.5297307 
1081.0000000 141.4363980 141.3333121 
1082.0000000 141.2399794 141.1368936 
1083.0000000 141.0435609 140.9404750 
1084.0000000 140.8471423 140.7440565 
1085.0000000 140.6507238 140.5476379 
1086.0000000 140.4543052 140.3512194 
1087.0000000 140.2578867 140.1548008 
1088.0000000 140.0614681 139.9583823 
1089.0000000 139.8650496 139.7619637 
1090.0000000 139.6686310 139.5655452 
1091.0000000 139.4722125 139.3691266 
1092.0000000 139.2757939 139.1727081 
1093.0000000 139.0793754 138.9762895 
1094.0000000 138.8829568 138.7798710 
1095.0000000 138.6865383 138.5834524 
1096.0000000 138.4901197 138.3870339 
1097.0000000 138.2937012 138.1906153 
1098.0000000 138.0972826 137.9941968 
1099.0000000 137.9008641 137.7977782 
1100.0000000 137.7044455 137.6013597 
1101.0000000 137.5080269 137.4049411 
1102.0000000 137.3116084 137.2085226 
1103.0000000 137.1151898 137.0121040 
1104.0000000 136.9187713 136.8156855 
1105.0000000 136.7223527 136.6192669 
1106.0000000 136.5259342 136.4228484 
1107.0000000 136.3295156 136.2264298 
1108.0000000 136.1330971 136.0300113 
1109.0000000 135.9366785 135.8335927 
1110.0000000 135.7402600 135.6371742 
1111.0000000 135.5438414 135.4407556 
1112.0000000 135.3474229 135.2443371 
1113.0000000 135.1510043 135.0479185 
1114.0000000 134.9545858 134.8515000 
1115.0000000 134.7581672 134.6550814 
1116.0000000 134.5617487 134.4586629 
1117.0000000 134.3653301 134.2622443 
1118.0000000 134.1689116 134.0658258 
1119.0000000 133.9724930 133.8694072 
1120.0000000 133.7760745 133.6729887 
1121.0000000 133.5796559 133.4765701 
1122.0000000 133.3832374 133.2801516 
1123.0000000 133.1868188 133.0837330 
1124.0000000 132.9904003 132.8873145 
1125.0000000 132.7939817 132.6908959 
1126.0000000 132.5975632 132.4944774 
1127.0000000 132.4011446 132.2980588 
1128.0000000 132.2047261 132.1016403 
1129.0000000 132.0083075 131.9052217 
1130.0000000 131.8118890 131.7088032 
1131.0000000 131.6154704 131.5123846 
1132.0000000 131.4190519 131.3159661 
1133.0000000 131.2226333 131.1195475 
1134.0000000 131.0262148 130.9231290 
1135.0000000 130.8297962 130.7267104 
1136.0000000 130.6333777 130.5302919 
1137.0000000 130.4369591 130.3338733 
1138.0000000 130.2405406 130.1374548 
1139.0000000 130.0441220 129.9410362 
1140.0000000 129.8477035 129.7446177 
1141.0000000 129.6512849 129.5481991 
1142.0000000 129.4548664 129.3517806 
1143.0000000 129.2584478 129.1553620 
1144.0000000 129.0620293 128.9589435 
1145.0000000 128.8656107 128.7625249 
1146.0000000 128.6691922 128.5661064 
1147.0000000 128.4727736 128.3696878 
1148.0000000 128.2763551 128.1732693 
1149.0000000 128.0799365 127.9768507 
1150.0000000 127.8835180 127.7804322 
1151.0000000 127.6870994 127.5840136 
1152.0000000 127.4906809 127.3875951 
1153.0000000 127.2942623 127.1911765 
1154.0000000 127.0978438 126.9947580 
1155.0000000 126.9014252 126.7983394 
1156.0000000 126.7050067 126.6019209 
1157.0000000 126.5085881 126.4055023 
1158.0000000 126.3121696 126.2090838 
1159.0000000 126.1157510 126.0126652 
1160.0000000 125.9193325 125.8162467 
1161.0000000 125.7229139 125.6198281 
1162.0000000 125.5264954 125.4234096 
1163.0000000 125.3300768 125.2269910 
1164.0000000 125.1336583 125.0305725 
1165.0000000 124.9372397 124.8341539 
1166.0000000 124.7408212 124.6377354 
1167.0000000 124.5444026 124.4413168 
1168.0000000 124.3479841 124.2448983 
1169.0000000 124.1515655 124.0484797 
1170.0000000 123.9551470 123.8520612 
1171.0000000 123.7587284 123.6556426 
1172.0000000 123.5623099 123.4592241 
1173.0000000 123.3658913 123.2628055 
1174.0000000 123.1694728 123.0663870 
1175.0000000 122.9730542 122.8699684 
1176.0000000 122.7766357 122.6735499 
1177.0000000 122.5802171 122.4771313 
1178.0000000 122.3837986 122.2807128 
1179.0000000 122.1873800 122.0842942 
1180.0000000 121.9909615 121.8878757 
1181.0000000 121.7945429 121.6914571 
1182.0000000 121.5981244 121.4950386 
1183.0000000 121.4017058 121.2986200 
1184.0000000 121.2052873 121.1022015 
1185.0000000 121.0088687 120.9057829 
1186.0000000 120.8124502 120.7093644 
1187.0000000 120.6160316 120.5129458 
1188.0000000 120.4196131 120.3165273 
1189.0000000 120.2231945 120.1201087 
1190.0000000 120.0267760 119.9236902 
1191.0000000 119.8303574 119.7272716 
1192.0000000 119.6339389 119.5308531 
1193.0000000 119.4375203 119.3344345 
1194.0000000 119.2411018 119.1380160 
1195.0000000 119.0446832 118.9415974 
1196.0000000 118.8482647 118.7451789 
1197.0000000 118.6518461 118.5487603 
1198.0000000 118.4554276 118.3523418 
1199.0000000 118.2590090 118.1559232 
1200.0000000 118.0625905 117.9595047 
1201.0000000 117.8661719 117.7630861 
1202.0000000 117.6697534 117.5666676 
1203.0000000 117.4733348 117.3702490 
1204.0000000 117.2769163 117.1738305 
1205.0000000 117.0804977 116.9774119 
1206.0000000 116.8840792 116.7809934 
1207.0000000 116.6876606 116.5845748 
1208.0000000 116.4912421 116.3881563 
1209.0000000 116.2948235 116.1917377 
1210.0000000 116.0984050 115.9953192 
1211.0000000 115.9019864 115.7989006 
1212.0000000 115.7055679 115.6024821 
1213.0000000 115.5091493 115.4060635 
1214.0000000 115.3127308 115.2096450 
1215.0000000 115.1163122 115.0132264 
1216.0000000 114.9198937 114.8168079 
1217.0000000 114.7234751 114.6203893 
1218.0000000 114.5270566 114.4239708 
1219.0000000 114.3306380 114.2275522 
1220.0000000 114.1342195 114.0311337 
1221.0000000 113.9378009 113.8347151 
1222.0000000 113.7413824 113.6382965 
1223.0000000 113.5449638 113.4418780 
1224.0000000 113.3485453 113.2454594 
1225.0000000 113.1521267 113.0490409 
1226.0000000 112.9557082 112.8526223 
1227.0000000 112.7592896 112.6562038 
1228.0000000 112.5628711 112.4597852 
1229.0000000 112.3664525 112.2633667 
1230.0000000 112.1700340 112.0669481 
1231.0000000 111.9736154 111.8705296 
1232.0000000 111.7771969 111.6741110 
1233.0000000 111.5807783 111.4776925 
1234.0000000 111.3843598 111.2812739 
1235.0000000 111.1879412 111.0848554 
1236.0000000 110.9915227 110.8884368 
1237.0000000 110.7951041 110.6920183 
1238.0000000 110.5986856 110.4955997 
1239.0000000 110.4022670 110.2991812 
1240.0000000 110.2058485 110.1027626 
1241.0000000 110.0094299 109.9063441 
1242.0000000 109.8130114 109.7099255 
1243.0000000 109.6165928 109.5135070 
1244.0000000 109.4201743 109.3170884 
1245.0000000 109.2237557 109.1206699 
1246.0000000 109.0273372 108.9242513 
1247.0000000 108.8309186 108.7278328 
1248.0000000 108.6345001 108.5314142 
1249.0000000 108.4380815 108.3349957 
1250.0000000 108.2416630 108.1385771 
1251.0000000 108.0452444 107.9421586 
1252.0000000 107.8488258 107.7457400 
1253.0000000 107.6524073 107.5493215 
1254.0000000 107.4559887 107.3529029 
1255.0000000 107.2595702 107.1564844 
1256.0000000 107.0631516 106.9600658 
1257.0000000 106.8667331 106.7636473 
1258.0000000 106.6703145 106.5672287 
1259.0000000 106.4738960 106.3708102 
1260.0000000 106.2774774 106.1743916 
1261.0000000 106.0810589 105.9779731 
1262.0000000 105.8846403 105.7815545 
1263.0000000 105.6882218 105.5851360 
1264.0000000 105.4918032 105.3887174 
1265.0000000 105.2953847 105.1922989 
1266.0000000 105.0989661 104.9958803 
1267.0000000 104.9025476 104.7994618 
1268.0000000 104.7061290 104.6030432 
1269.0000000 104.5097105 104.4066247 
1270.0000000 104.3132919 104.2102061 
1271.0000000 104.1168734 104.0137876 
1272.0000000 103.9204548 103.8173690 
1273.0000000 103.7240363 103.6209505 
1274.0000000 103.5276177 103.4245319 
1275.0000000 103.3311992 103.2281134 
1276.0000000 103.1347806 103.0316948 
1277.0000000 102.9383621 102.8352763 
1278.0000000 102.7419435 102.6388577 
1279.0000000 102.5455250 102.4424392 
1280.0000000 102.3491064 102.2460206 
1281.0000000 102.1526879 102.0496021 
1282.0000000 101.9562693 101.8531835 
1283.0000000 101.7598508 101.6567650 
1284.0000000 101.5634322 101.4603464 
1285.0000000 101.3670137 101.2639279 
1286.0000000 101.1705951 101.0675093 
1287.0000000 100.9741766 100.8710908 
1288.0000000 100.7777580 100.6746722 
1289.0000000 100.5813395 100.4782537 
1290.0000000 100.3849209 100.2818351 
1291.0000000 100.1885024 100.0854166 
1292.0000000 99.9920838 99.8889980 
1293.0000000 99.7956653 99.6925795 
1294.0000000 99.5992467 99.4961609 
1295.0000000 99.4028282 99.2997424 
1296.0000000 99.2064096 99.1033238 
1297.0000000 99.0099911 98.9069053 
1298.0000000 98.8135725 98.7104867 
1299.0000000 98.6171540 98.5140682 
1300.0000000 98.4207354 98.3176496 
1301.0000000 98.2243169 98.1212311 
1302.0000000 98.0278983 97.9248125 
1303.0000000 97.8314798 97.7283940 
1304.0000000 97.6350612 97.5319754 
1305.0000000 97.4386427 97.3355569 
1306.0000000 97.2422241 97.1391383 
1307.0000000 97.0458056 96.9427198 
1308.0000000 96.8493870 96.7463012 
1309.0000000 96.6529685 96.5498827 
1310.0000000 96.4565499 96.3534641 
1311.0000000 96.2601314 96.1570456 
1312.0000000 96.0637128 95.9606270 
1313.0000000 95.8672943 95.7642085 
1314.0000000 95.6708757 95.5677899 
1315.0000000 95.4744572 95.3713714 
1316.0000000 95.2780386 95.1749528 
1317.0000000 95.0816201 94.9785343 
1318.0000000 94.8852015 94.7821157 
1319.0000000 94.6887830 94.5856972 
1320.0000000 94.4923644 94.3892786 
1321.0000000 94.2959459 94.1928601 
1322.0000000 94.0995273 93.9964415 
1323.0000000 93.9031088 93.8000230 
1324.0000000 93.7066902 93.6036044 
1325.0000000 93.5102717 93.4071859 
1326.0000000 93.3138531 93.2107673 
1327.0000000 93.1174346 93.0143488 
1328.0000000 92.9210160 92.8179302 
1329.0000000 92.7245975 92.6215117 
1330.0000000 92.5281789 92.4250931 
1331.0000000 92.3317604 92.2286746 
1332.0000000 92.1353418 92.0322560 
1333.0000000 91.9389233 91.8358375 
1334.0000000 91.7425047 91.6394189 
1335.0000000 91.5460862 91.4430004 
1336.0000000 91.3496676 91.2465818 
1337.0000000 91.1532491 91.0501633 
1338.0000000 90.9568305 90.8537447 
1339.0000000 90.7604120 90.6573262 
1340.0000000 90.5639934 90.4609076 
1341.0000000 90.3675749 90.2644891 
1342.0000000 90.1711563 90.0680705 
1343.0000000 89.9747378 89.8716520 
1344.0000000 89.7783192 89.6752334 
1345.0000000 89.5819007 89.4788149 
1346.0000000 89.3854821 89.2823963 
1347.0000000 89.1890636 89.0859778 
1348.0000000 88.9926450 88.8895592 
1349.0000000 88.7962265 88.6931407 
1350.0000000 88.5998079 88.4967221 
1351.0000000 88.4033894 88.3003036 
1352.0000000 88.2069708 88.1038850 
1353.0000000 88.0105523 87.9074665 
1354.0000000 87.8141337 87.7110479 
1355.0000000 87.6177152 87.5146294 
1356.0000000 87.4212966 87.3182108 
1357.0000000 87.2248781 87.1217923 
1358.0000000 87.0284595 86.9253737 
1359.0000000 86.8320410 86.7289552 
1360.0000000 86.6356224 86.5325366 
1361.0000000 86.4392039 86.3361181 
1362.0000000 86.2427853 86.1396995 
1363.0000000 86.0463668 85.9432810 
1364.0000000 85.8499482 85.7468624 
1365.0000000 85.6535297 85.5504439 
1366.0000000 85.4571111 85.3540253 
1367.0000000 85.2606926 85.1576068 
1368.0000000 85.0642740 84.9611882 
1369.0000000 84.8678555 84.7647697 
1370.0000000 84.6714369 84.5683511 
1371.0000000 84.4750184 84.3719326 
1372.0000000 84.2785998 84.1755140 
1373.0000000 84.0821813 83.9790954 
1374.0000000 83.8857627 83.7826769 
1375.0000000 83.6893442 83.5862583 
1376.0000000 83.4929256 83.3898398 
1377.0000000 83.2965071 83.1934212 
1378.0000000 83.1000885 82.9970027 
1379.0000000 82.9036700 82.8005841 
1380.0000000 82.7072514 82.6041656 
1381.0000000 82.5108329 82.4077470 
1382.0000000 82.3144143 82.2113285 
1383.0000000 82.1179958 82.0149099 
1384.0000000 81.9215772 81.8184914 
1385.0000000 81.7251587 81.6220728 
1386.0000000 81.5287401 81.4256543 
1387.0000000 81.3323216 81.2292357 
1388.0000000 81.1359030 81.0328172 
1389.0000000 80.9394845 80.8363986 
1390.0000000 80.7430659 80.6399801 
1391.0000000 80.5466474 80.4435615 
1392.0000000 80.3502288 80.2471430 
1393.0000000 80.1538103 80.0507244 
1394.0000000 79.9573917 79.8543059 
1395.0000000 79.7609732 79.6578873 
1396.0000000 79.5645546 79.4614688 
1397.0000000 79.3681361 79.2650502 
1398.0000000 79.1717175 79.0686317 
1399.0000000 78.9752990 78.8722131 
1400.0000000 78.7788804 78.6757946 
1401.0000000 78.5824619 78.4793760 
1402.0000000 78.3860433 78.2829575 
1403.0000000 78.1896248 78.0865389 
1404.0000000 77.9932062 77.8901204 
1405.0000000 77.7967876 77.6937018 
1406.0000000 77.6003691 77.4972833 
1407.0000000 77.4039505 77.3008647 
1408.0000000 77.2075320 77.1044462 
1409.0000000 77.0111134 76.9080276 
1410.0000000 76.8146949 76.7116091 
1411.0000000 76.6182763 76.5151905 
1412.0000000 76.4218578 76.3187720 
1413.0000000 76.2254392 76.1223534 
1414.0000000 76.0290207 75.9259349 
1415.0000000 75.8326021 75.7295163 
1416.0000000 75.6361836 75.5330978 
1417.0000000 75.4397650 75.3366792 
1418.0000000 75.2433465 75.1402607 
1419.0000000 75.0469279 74.9438421 
1420.0000000 74.8505094 74.7474236 
1421.0000000 74.6540908 74.5510050 
1422.0000000 74.4576723 74.3545865 
1423.0000000 74.2612537 74.1581679 
1424.0000000 74.0648352 73.9617494 
1425.0000000 73.8684166 73.7653308 
1426.0000000 73.6719981 73.5689123 
1427.0000000 73.4755795 73.3724937 
1428.0000000 73.2791610 73.1760752 
1429.0000000 73.0827424 72.9796566 
1430.0000000 72.8863239 72.7832381 
1431.0000000 72.6899053 72.5868195 
1432.0000000 72.4934868 72.3904010 
1433.0000000 72.2970682 72.1939824 
1434.0000000 72.1006497 71.9975639 
1435.0000000 71.9042311 71.8011453 
1436.0000000 71.7078126 71.6047268 
1437.0000000 71.5113940 71.4083082 
1438.0000000 71.3149755 71.2118897 
1439.0000000 71.1185569 71.0154711 
1440.0000000 70.9221384 70.8190526 
1441.0000000 70.7257198 70.6226340 
1442.0000000 70.5293013 70.4262155 
1443.0000000 70.3328827 70.2297969 
1444.0000000 70.1364642 70.0333784 
1445.0000000 69.9400456 69.8369598 
1446.0000000 69.7436271 69.6405413 
1447.0000000 69.5472085 69.4441227 
1448.0000000 69.3507900 69.2477042 
1449.0000000 69.1543714 69.0512856 
1450.0000000 68.9579529 68.8548671 
1451.0000000 68.7615343 68.6584485 
1452.0000000 68.5651158 68.4620300 
1453.0000000 68.3686972 68.2656114 
1454.0000000 68.1722787 68.0691929 
1455.0000000 67.9758601 67.8727743 
1456.0000000 67.7794416 67.6763558 
1457.0000000 67.5830230 67.4799372 
1458.0000000 67.3866045 67.2835187 
1459.0000000 67.1901859 67.0871001 
1460.0000000 66.9937674 66.8906816 
1461.0000000 66.7973488 66.6942630 
1462.0000000 66.6009303 66.4978445 
1463.0000000 66.4045117 66.3014259 
1464.0000000 66.2080932 66.1050074 
1465.0000000 66.0116746 65.9085888 
1466.0000000 65.8152561 65.7121703 
1467.0000000 65.6188375 65.5157517 
1468.0000000 65.4224190 65.3193332 
1469.0000000 65.2260004 65.1229146 
1470.0000000 65.0295819 64.9264961 
1471.0000000 64.8331633 64.7300775 
1472.0000000 64.6367448 64.5336590 
1473.0000000 64.4403262 64.3372404 
1474.0000000 64.2439077 64.1408219 
1475.0000000 64.0474891 63.9444033 
1476.0000000 63.8510706 63.7479848 
1477.0000000 63.6546520 63.5515662 
1478.0000000 63.4582335 63.3551477 
1479.0000000 63.2618149 63.1587291 
1480.0000000 63.0653964 62.9623106 
1481.0000000 62.8689778 62.7658920 
1482.0000000 62.6725593 62.5694735 
1483.0000000 62.4761407 62.3730549 
1484.0000000 62.2797222 62.1766364 
1485.0000000 62.0833036 61.9802178 
1486.0000000 61.8868851 61.7837993 
1487.0000000 61.6904665 61.5873807 
1488.0000000 61.4940480 61.3909622 
1489.0000000 61.2976294 61.1945436 
1490.0000000 61.1012109 60.9981251 
1491.0000000 60.9047923 60.8017065 
1492.0000000 60.7083738 60.6052880 
1493.0000000 60.5119552 60.4088694 
1494.0000000 60.3155367 60.2124509 
1495.0000000 60.1191181 60.0160323 
1496.0000000 59.9226996 59.8196138 
1497.0000000 59.7262810 59.6231952 
1498.0000000 59.5298625 59.4267767 
1499.0000000 59.3334439 59.2303581 
1500.0000000 59.1370254 59.0339396 
1501.0000000 58.9406068 58.8375210 
1502.0000000 58.7441883 58.6411025 
1503.0000000 58.5477697 58.4446839 
1504.0000000 58.3513512 58.2482654 
1505.0000000 58.1549326 58.0518468 
1506.0000000 57.9585141 57.8554283 
1507.0000000 57.7620955 57.6590097 
1508.0000000 57.5656770 57.4625912 
1509.0000000 57.3692584 57.2661726 
1510.0000000 57.1728399 57.0697541 
1511.0000000 56.9764213 56.8733355 
1512.0000000 56.7800028 56.6769170 
1513.0000000 56.5835842 56.4804984 
1514.0000000 56.3871657 56.2840799 
1515.0000000 56.1907471 56.0876613 
1516.0000000 55.9943286 55.8912428 
1517.0000000 55.7979100 55.6948242 
1518.0000000 55.6014915 55.4984057 
1519.0000000 55.4050729 55.3019871 
1520.0000000 55.2086544 55.1055686 
1521.0000000 55.0122358 54.9091500 
1522.0000000 54.8158173 54.7127315 
1523.0000000 54.6193987 54.5163129 
1524.0000000 54.4229802 54.3198943 
1525.0000000 54.2265616 54.1234758 
1526.0000000 54.0301431 53.9270572 
1527.0000000 53.8337245 53.7306387 
1528.0000000 53.6373060 53.5342201 
1529.0000000 53.4408874 53.3378016 
1530.0000000 53.2444689 53.1413830 
1531.0000000 53.0480503 52.9449645 
1532.0000000 52.8516318 52.7485459 
1533.0000000 52.6552132 52.5521274 
1534.0000000 52.4587947 52.3557088 
1535.0000000 52.2623761 52.1592903 
1536.0000000 52.0659576 51.9628717 
1537.0000000 51.8695390 51.7664532 
1538.0000000 51.6731205 51.5700346 
1539.0000000 51.4767019 51.3736161 
1540.0000000 51.2802834 51.1771975 
1541.0000000 51.0838648 50.9807790 
1542.0000000 50.8874463 50.7843604 
1543.0000000 50.6910277 50.5879419 
1544.0000000 50.4946092 50.3915233 
1545.0000000 50.2981906 50.1951048 
1546.0000000 50.1017721 49.9986862 
1547.0000000 49.9053535 49.8022677 
1548.0000000 49.7089350 49.6058491 
1549.0000000 49.5125164 49.4094306 
1550.0000000 49.3160979 49.2130120 
1551.0000000 49.1196793 49.0165935 
1552.0000000 48.9232608 48.8201749 
1553.0000000 48.7268422 48.6237564 
1554.0000000 48.5304237 48.4273378 
1555.0000000 48.3340051 48.2309193 
1556.0000000 48.1375865 48.0345007 
1557.0000000 47.9411680 47.8380822 
1558.0000000 47.7447494 47.6416636 
1559.0000000 47.5483309 47.4452451 
1560.0000000 47.3519123 47.2488265 
1561.0000000 47.1554938 47.0524080 
1562.0000000 46.9590752 46.8559894 
1563.0000000 46.7626567 46.6595709 
1564.0000000 46.5662381 46.4631523 
1565.0000000 46.3698196 46.2667338 
1566.0000000 46.1734010 46.0703152 
1567.0000000 45.9769825 45.8738967 
1568.0000000 45.7805639 45.6774781 
1569.0000000 45.5841454 45.4810596 
1570.0000000 45.3877268 45.2846410 
1571.0000000 45.1913083 45.0882225 
1572.0000000 44.9948897 44.8918039 
1573.0000000 44.7984712 44.6953854 
1574.0000000 44.6020526 44.4989668 
1575.0000000 44.4056341 44.3025483 
1576.0000000 44.2092155 44.1061297 
1577.0000000 44.0127970 43.9097112 
1578.0000000 43.8163784 43.7132926 
1579.0000000 43.6199599 43.5168741 
1580.0000000 43.4235413 43.3204555 
1581.0000000 43.2271228 43.1240370 
1582.0000000 43.0307042 42.9276184 
1583.0000000 42.8342857 42.7311999 
1584.0000000 42.6378671 42.5347813 
1585.0000000 42.4414486 42.3383628 
1586.0000000 42.2450300 42.1419442 
1587.0000000 42.0486115 41.9455257 
1588.0000000 41.8521929 41.7491071 
1589.0000000 41.6557744 41.5526886 
1590.0000000 41.4593558 41.3562700 
1591.0000000 41.2629373 41.1598515 
1592.0000000 41.0665187 40.9634329 
1593.0000000 40.8701002 40.7670144 
1594.0000000 40.6736816 40.5705958 
1595.0000000 40.4772631 40.3741773 
1596.0000000 40.2808445 40.1777587 
1597.0000000 40.0844260 39.9813402 
1598.0000000 39.8880074 39.7849216 
1599.0000000 39.6915889 39.5885031 
1600.0000000 39.4951703 39.3920845 
1601.0000000 39.2987518 39.1956660 
1602.0000000 39.1023332 38.9992474 
1603.0000000 38.9059147 38.8028289 
1604.0000000 38.7094961 38.6064103 
1605.0000000 38.5130776 38.4099918 
1606.0000000 38.3166590 38.2135732 
1607.0000000 38.1202405 38.0171547 
1608.0000000 37.9238219 37.8207361 
1609.0000000 37.7274034 37.6243176 
1610.0000000 37.5309848 37.4278990 
1611.0000000 37.3345663 37.2314805 
1612.0000000 37.1381477 37.0350619 
1613.0000000 36.9417292 36.8386434 
1614.0000000 36.7453106 36.6422248 
1615.0000000 36.5488921 36.4458063 
1616.0000000 36.3524735 36.2493877 
1617.0000000 36.1560550 36.0529692 
1618.0000000 35.9596364 35.8565506 
1619.0000000 35.7632179 35.6601321 
1620.0000000 35.5667993 35.4637135 
1621.0000000 35.3703808 35.2672950 
1622.0000000 35.1739622 35.0708764 
1623.0000000 34.9775437 34.8744579 
1624.0000000 34.7811251 34.6780393 
1625.0000000 34.5847066 34.4816208 
1626.0000000 34.3882880 34.2852022 
1627.0000000 34.1918695 34.0887837 
1628.0000000 33.9954509 33.8923651 
1629.0000000 33.7990324 33.6959466 
1630.0000000 33.6026138 33.4995280 
1631.0000000 33.4061953 33.3031095 
1632.0000000 33.2097767 33.1066909 
1633.0000000 33.0133582 32.9102724 
1634.0000000 32.8169396 32.7138538 
1635.0000000 32.6205211 32.5174353 
1636.0000000 32.4241025 32.3210167 
1637.0000000 32.2276840 32.1245982 
1638.0000000 32.0312654 31.9281796 
1639.0000000 31.8348469 31.7317611 
1640.0000000 31.6384283 31.5353425 
1641.0000000 31.4420098 31.3389240 
1642.0000000 31.2455912 31.1425054 
1643.0000000 31.0491727 30.9460869 
1644.0000000 30.8527541 30.7496683 
1645.0000000 30.6563356 30.5532498 
1646.0000000 30.4599170 30.3568312 
1647.0000000 30.2634985 30.1604127 
1648.0000000 30.0670799 29.9639941 
1649.0000000 29.8706614 29.7675756 
1650.0000000 29.6742428 29.5711570 
1651.0000000 29.4778243 29.3747385 
1652.0000000 29.2814057 29.1783199 
1653.0000000 29.0849872 28.9819014 
1654.0000000 28.8885686 28.7854828 
1655.0000000 28.6921501 28.5890643 
1656.0000000 28.4957315 28.3926457 
1657.0000000 28.2993130 28.1962272 
1658.0000000 28.1028944 27.9998086 
1659.0000000 27.9064759 27.8033901 
1660.0000000 27.7100573 27.6069715 
1661.0000000 27.5136388 27.4105530 
1662.0000000 27.3172202 27.2141344 
1663.0000000 27.1208017 27.0177159 
1664.0000000 26.9243831 26.8212973 
1665.0000000 26.7279646 26.6248788 
1666.0000000 26.5315460 26.4284602 
1667.0000000 26.3351275 26.2320417 
1668.0000000 26.1387089 26.0356231 
1669.0000000 25.9422904 25.8392046 
1670.0000000 25.7458718 25.6427860 
1671.0000000 25.5494533 25.4463675 
1672.0000000 25.3530347 25.2499489 
1673.0000000 25.1566162 25.0535304 
1674.0000000 24.9601976 24.8571118 
1675.0000000 24.7637791 24.6606933 
1676.0000000 24.5673605 24.4642747 
1677.0000000 24.3709420 24.2678561 
1678.0000000 24.1745234 24.0714376 
1679.0000000 23.9781049 23.8750190 
1680.0000000 23.7816863 23.6786005 
1681.0000000 23.5852678 23.4821819 
1682.0000000 23.3888492 23.2857634 
1683.0000000 23.1924307 23.0893448 
1684.0000000 22.9960121 22.8929263 
1685.0000000 22.7995936 22.6965077 
1686.0000000 22.6031750 22.5000892 
1687.0000000 22.4067565 22.3036706 
1688.0000000 22.2103379 22.1072521 
1689.0000000 22.0139194 21.9108335 
1690.0000000 21.8175008 21.7144150 
1691.0000000 21.6210823 21.5179964 
1692.0000000 21.4246637 21.3215779 
1693.0000000 21.2282452 21.1251593 
1694.0000000 21.0318266 20.9287408 
1695.0000000 20.8354081 20.7323222 
1696.0000000 20.6389895 20.5359037 
1697.0000000 20.4425710 20.3394851 
1698.0000000 20.2461524 20.1430666 
1699.0000000 20.0497339 19.9466480 
1700.0000000 19.8533153 19.7502295 
1701.0000000 19.6568968 19.5538109 
1702.0000000 19.4604782 19.3573924 
1703.0000000 19.2640597 19.1609738 
1704.0000000 19.0676411 18.9645553 
1705.0000000 18.8712226 18.7681367 
1706.0000000 18.6748040 18.5717182 
1707.0000000 18.4783854 18.3752996 
1708.0000000 18.2819669 18.1788811 
1709.0000000 18.0855483 17.9824625 
1710.0000000 17.8891298 17.7860440 
1711.0000000 17.6927112 17.5896254 
1712.0000000 17.4962927 17.3932069 
1713.0000000 17.2998741 17.1967883 
1714.0000000 17.1034556 17.0003698 
1715.0000000 16.9070370 16.8039512 
1716.0000000 16.7106185 16.6075327 
1717.0000000 16.5141999 16.4111141 
1718.0000000 16.3177814 16.2146956 
1719.0000000 16.1213628 16.0182770 
1720.0000000 15.9249443 15.8218585 
1721.0000000 15.7285257 15.6254399 
1722.0000000 15.5321072 15.4290214 
1723.0000000 15.3356886 15.2326028 
1724.0000000 15.1392701 15.0361843 
1725.0000000 14.9428515 14.8397657 
1726.0000000 14.7464330 14.6433472 
1727.0000000 14.5500144 14.4469286 
1728.0000000 14.3535959 14.2505101 
1729.0000000 14.1571773 14.0540915 
1730.0000000 13.9607588 13.8576730 
1731.0000000 13.7643402 13.6612544 
1732.0000000 13.5679217 13.4648359 
1733.0000000 13.3715031 13.2684173 
1734.0000000 13.1750846 13.0719988 
1735.0000000 12.9786660 12.8755802 
1736.0000000 12.7822475 12.6791617 
1737.0000000 12.5858289 12.4827431 
1738.0000000 12.3894104 12.2863246 
1739.0000000 12.1929918 12.0899060 
1740.0000000 11.9965733 11.8934875 
1741.0000000 11.8001547 11.6970689 
1742.0000000 11.6037362 11.5006504 
1743.0000000 11.4073176 11.3042318 
1744.0000000 11.2108991 11.1078133 
1745.0000000 11.0144805 10.9113947 
1746.0000000 10.8180620 10.7149762 
1747.0000000 10.6216434 10.5185576 
1748.0000000 10.4252249 10.3221391 
1749.0000000 10.2288063 10.1257205 
1750.0000000 10.0323878 9.9293020 
1751.0000000 9.8359692 9.7328834 
1752.0000000 9.6395507 9.5364649 
1753.0000000 9.4431321 9.3400463 
1754.0000000 9.2467136 9.1436278 
1755.0000000 9.0502950 8.9472092 
1756.0000000 8.8538765 8.7507907 
1757.0000000 8.6574579 8.5543721 
1758.0000000 8.4610394 8.3579536 
1759.0000000 8.2646208 8.1615350 
1760.0000000 8.0682023 7.9651165 
1761.0000000 7.8717837 7.7686979 
1762.0000000 7.6753652 7.5722794 
1763.0000000 7.4789466 7.3758608 
1764.0000000 7.2825281 7.1794423 
1765.0000000 7.0861095 6.9830237 
1766.0000000 6.8896910 6.7866052 
1767.0000000 6.6932724 6.5901866 
1768.0000000 6.4968539 6.3937681 
1769.0000000 6.3004353 6.1973495 
1770.0000000 6.1040168 6.0009310 
1771.0000000 5.9075982 5.8045124 
1772.0000000 5.7111797 5.6080939 
1773.0000000 5.5147611 5.4116753 
1774.0000000 5.3183426 5.2152568 
1775.0000000 5.1219240 5.0188382 
1776.0000000 4.9255055 4.8224197 
1777.0000000 4.7290869 4.6260011 
1778.0000000 4.5326684 4.4295826 
1779.0000000 4.3362498 4.2331640 
1780.0000000 4.1398313 4.0367455 
1781.0000000 3.9434127 3.8403269 
1782.0000000 3.7469942 3.6439084 
1783.0000000 3.5505756 3.4474898 
1784.0000000 3.3541571 3.2510713 
1785.0000000 3.1577385 3.0546527 
1786.0000000 2.9613200 2.8582342 
1787.0000000 2.7649014 2.6618156 
1788.0000000 2.5684829 2.4653971 
1789.0000000 2.3720643 2.2689785 
1790.0000000 2.1756458 2.0725600 
1791.0000000 1.9792272 1.8761414 
1792.0000000 1.7828087 1.6797229 
1793.0000000 1.5863901 1.4833043 
1794.0000000 1.3899716 1.2868858 
1795.0000000 1.1935530 1.0904672 
1796.0000000 0.9971345 0.8940487 
1797.0000000 0.8007159 0.6976301 
1798.0000000 0.6042974 0.5012116 
1799.0000000 0.4078788 0.3047930 
1800.0000000 0.2114603 0.1083745 

