1.0000000 353.4690257 353.5419262 
2.0000000 353.2726071 353.3455077 
3.0000000 353.0761886 353.1490891 
4.0000000 352.8797700 352.9526706 
5.0000000 352.6833515 352.7562520 
6.0000000 352.4869329 352.5598335 
7.0000000 352.2905144 352.3634149 
8.0000000 352.0940958 352.1669964 
9.0000000 351.8976773 351.9705778 
10.0000000 351.7012587 351.7741593 
11.0000000 351.5048402 351.5777407 
12.0000000 351.3084216 351.3813222 
13.0000000 351.1120031 351.1849036 
14.0000000 350.9155845 350.9884851 
15.0000000 350.7191660 350.7920665 
16.0000000 350.5227474 350.5956480 
17.0000000 350.3263289 350.3992294 
18.0000000 350.1299103 350.2028109 
19.0000000 349.9334918 350.0063923 
20.0000000 349.7370732 349.8099738 
21.0000000 349.5406547 349.6135552 
22.0000000 349.3442361 349.4171367 
23.0000000 349.1478176 349.2207181 
24.0000000 348.9513990 349.0242996 
25.0000000 348.7549805 348.8278810 
26.0000000 348.5585619 348.6314625 
27.0000000 348.3621434 348.4350439 
28.0000000 348.1657248 348.2386254 
29.0000000 347.9693063 348.0422068 
30.0000000 347.7728877 347.8457883 
31.0000000 347.5764692 347.6493697 
32.0000000 347.3800506 347.4529512 
33.0000000 347.1836321 347.2565326 
34.0000000 346.9872135 347.0601141 
35.0000000 346.7907950 346.8636955 
36.0000000 346.5943764 346.6672770 
37.0000000 346.3979579 346.4708584 
38.0000000 346.2015393 346.2744399 
39.0000000 346.0051208 346.0780213 
40.0000000 345.8087022 345.8816028 
41.0000000 345.6122837 345.6851842 
42.0000000 345.4158651 345.4887657 
43.0000000 345.2194466 345.2923471 
44.0000000 345.0230280 345.0959286 
45.0000000 344.8266095 344.8995100 
46.0000000 344.6301909 344.7030915 
47.0000000 344.4337724 344.5066729 
48.0000000 344.2373538 344.3102544 
49.0000000 344.0409353 344.1138358 
50.0000000 343.8445167 343.9174173 
51.0000000 343.6480982 343.7209987 
52.0000000 343.4516796 343.5245802 
53.0000000 343.2552611 343.3281616 
54.0000000 343.0588425 343.1317431 
55.0000000 342.8624240 342.9353245 
56.0000000 342.6660054 342.7389060 
57.0000000 342.4695869 342.5424874 
58.0000000 342.2731683 342.3460689 
59.0000000 342.0767498 342.1496503 
60.0000000 341.8803312 341.9532318 
61.0000000 341.6839127 341.7568132 
62.0000000 341.4874941 341.5603947 
63.0000000 341.2910756 341.3639761 
64.0000000 341.0946570 341.1675576 
65.0000000 340.8982385 340.9711390 
66.0000000 340.7018199 340.7747205 
67.0000000 340.5054014 340.5783019 
68.0000000 340.3089828 340.3818834 
69.0000000 340.1125643 340.1854648 
70.0000000 339.9161457 339.9890463 
71.0000000 339.7197272 339.7926277 
72.0000000 339.5233086 339.5962092 
73.0000000 339.3268901 339.3997906 
74.0000000 339.1304715 339.2033721 
75.0000000 338.9340530 339.0069535 
76.0000000 338.7376344 338.8105350 
77.0000000 338.5412159 338.6141164 
78.0000000 338.3447973 338.4176979 
79.0000000 338.1483788 338.2212793 
80.0000000 337.9519602 338.0248608 
81.0000000 337.7555417 337.8284422 
82.0000000 337.5591231 337.6320237 
83.0000000 337.3627046 337.4356051 
84.0000000 337.1662860 337.2391866 
85.0000000 336.9698675 337.0427680 
86.0000000 336.7734489 336.8463495 
87.0000000 336.5770304 336.6499309 
88.0000000 336.3806118 336.4535124 
89.0000000 336.1841933 336.2570938 
90.0000000 335.9877747 336.0606753 
91.0000000 335.7913562 335.8642567 
92.0000000 335.5949376 335.6678382 
93.0000000 335.3985191 335.4714196 
94.0000000 335.2021005 335.2750011 
95.0000000 335.0056820 335.0785825 
96.0000000 334.8092634 334.8821640 
97.0000000 334.6128449 334.6857454 
98.0000000 334.4164263 334.4893269 
99.0000000 334.2200078 334.2929083 
100.0000000 334.0235892 334.0964898 
101.0000000 333.8271707 333.9000712 
102.0000000 333.6307521 333.7036527 
103.0000000 333.4343336 333.5072341 
104.0000000 333.2379150 333.3108156 
105.0000000 333.0414965 333.1143970 
106.0000000 332.8450779 332.9179785 
107.0000000 332.6486594 332.7215599 
108.0000000 332.4522408 332.5251414 
109.0000000 332.2558223 332.3287228 
110.0000000 332.0594037 332.1323043 
111.0000000 331.8629852 331.9358857 
112.0000000 331.6665666 331.7394672 
113.0000000 331.4701481 331.5430486 
114.0000000 331.2737295 331.3466301 
115.0000000 331.0773110 331.1502115 
116.0000000 330.8808924 330.9537930 
117.0000000 330.6844739 330.7573744 
118.0000000 330.4880553 330.5609559 
119.0000000 330.2916368 330.3645373 
120.0000000 330.0952182 330.1681188 
121.0000000 329.8987997 329.9717002 
122.0000000 329.7023811 329.7752817 
123.0000000 329.5059626 329.5788631 
124.0000000 329.3095440 329.3824446 
125.0000000 329.1131255 329.1860260 
126.0000000 328.9167069 328.9896075 
127.0000000 328.7202884 328.7931889 
128.0000000 328.5238698 328.5967704 
129.0000000 328.3274513 328.4003518 
130.0000000 328.1310327 328.2039333 
131.0000000 327.9346142 328.0075147 
132.0000000 327.7381956 327.8110962 
133.0000000 327.5417771 327.6146776 
134.0000000 327.3453585 327.4182591 
135.0000000 327.1489400 327.2218405 
136.0000000 326.9525214 327.0254220 
137.0000000 326.7561029 326.8290034 
138.0000000 326.5596843 326.6325849 
139.0000000 326.3632658 326.4361663 
140.0000000 326.1668472 326.2397478 
141.0000000 325.9704287 326.0433292 
142.0000000 325.7740101 325.8469107 
143.0000000 325.5775916 325.6504921 
144.0000000 325.3811730 325.4540736 
145.0000000 325.1847545 325.2576550 
146.0000000 324.9883359 325.0612364 
147.0000000 324.7919174 324.8648179 
148.0000000 324.5954988 324.6683993 
149.0000000 324.3990803 324.4719808 
150.0000000 324.2026617 324.2755622 
151.0000000 324.0062431 324.0791437 
152.0000000 323.8098246 323.8827251 
153.0000000 323.6134060 323.6863066 
154.0000000 323.4169875 323.4898880 
155.0000000 323.2205689 323.2934695 
156.0000000 323.0241504 323.0970509 
157.0000000 322.8277318 322.9006324 
158.0000000 322.6313133 322.7042138 
159.0000000 322.4348947 322.5077953 
160.0000000 322.2384762 322.3113767 
161.0000000 322.0420576 322.1149582 
162.0000000 321.8456391 321.9185396 
163.0000000 321.6492205 321.7221211 
164.0000000 321.4528020 321.5257025 
165.0000000 321.2563834 321.3292840 
166.0000000 321.0599649 321.1328654 
167.0000000 320.8635463 320.9364469 
168.0000000 320.6671278 320.7400283 
169.0000000 320.4707092 320.5436098 
170.0000000 320.2742907 320.3471912 
171.0000000 320.0778721 320.1507727 
172.0000000 319.8814536 319.9543541 
173.0000000 319.6850350 319.7579356 
174.0000000 319.4886165 319.5615170 
175.0000000 319.2921979 319.3650985 
176.0000000 319.0957794 319.1686799 
177.0000000 318.8993608 318.9722614 
178.0000000 318.7029423 318.7758428 
179.0000000 318.5065237 318.5794243 
180.0000000 318.3101052 318.3830057 
181.0000000 318.1136866 318.1865872 
182.0000000 317.9172681 317.9901686 
183.0000000 317.7208495 317.7937501 
184.0000000 317.5244310 317.5973315 
185.0000000 317.3280124 317.4009130 
186.0000000 317.1315939 317.2044944 
187.0000000 316.9351753 317.0080759 
188.0000000 316.7387568 316.8116573 
189.0000000 316.5423382 316.6152388 
190.0000000 316.3459197 316.4188202 
191.0000000 316.1495011 316.2224017 
192.0000000 315.9530826 316.0259831 
193.0000000 315.7566640 315.8295646 
194.0000000 315.5602455 315.6331460 
195.0000000 315.3638269 315.4367275 
196.0000000 315.1674084 315.2403089 
197.0000000 314.9709898 315.0438904 
198.0000000 314.7745713 314.8474718 
199.0000000 314.5781527 314.6510533 
200.0000000 314.3817342 314.4546347 
201.0000000 314.1853156 314.2582162 
202.0000000 313.9888971 314.0617976 
203.0000000 313.7924785 313.8653791 
204.0000000 313.5960600 313.6689605 
205.0000000 313.3996414 313.4725420 
206.0000000 313.2032229 313.2761234 
207.0000000 313.0068043 313.0797049 
208.0000000 312.8103858 312.8832863 
209.0000000 312.6139672 312.6868678 
210.0000000 312.4175487 312.4904492 
211.0000000 312.2211301 312.2940307 
212.0000000 312.0247116 312.0976121 
213.0000000 311.8282930 311.9011936 
214.0000000 311.6318745 311.7047750 
215.0000000 311.4354559 311.5083565 
216.0000000 311.2390374 311.3119379 
217.0000000 311.0426188 311.1155194 
218.0000000 310.8462003 310.9191008 
219.0000000 310.6497817 310.7226823 
220.0000000 310.4533632 310.5262637 
221.0000000 310.2569446 310.3298452 
222.0000000 310.0605261 310.1334266 
223.0000000 309.8641075 309.9370081 
224.0000000 309.6676890 309.7405895 
225.0000000 309.4712704 309.5441710 
226.0000000 309.2748519 309.3477524 
227.0000000 309.0784333 309.1513339 
228.0000000 308.8820148 308.9549153 
229.0000000 308.6855962 308.7584968 
230.0000000 308.4891777 308.5620782 
231.0000000 308.2927591 308.3656597 
232.0000000 308.0963406 308.1692411 
233.0000000 307.8999220 307.9728226 
234.0000000 307.7035035 307.7764040 
235.0000000 307.5070849 307.5799855 
236.0000000 307.3106664 307.3835669 
237.0000000 307.1142478 307.1871484 
238.0000000 306.9178293 306.9907298 
239.0000000 306.7214107 306.7943113 
240.0000000 306.5249922 306.5978927 
241.0000000 306.3285736 306.4014742 
242.0000000 306.1321551 306.2050556 
243.0000000 305.9357365 306.0086371 
244.0000000 305.7393180 305.8122185 
245.0000000 305.5428994 305.6158000 
246.0000000 305.3464809 305.4193814 
247.0000000 305.1500623 305.2229629 
248.0000000 304.9536438 305.0265443 
249.0000000 304.7572252 304.8301258 
250.0000000 304.5608067 304.6337072 
251.0000000 304.3643881 304.4372887 
252.0000000 304.1679696 304.2408701 
253.0000000 303.9715510 304.0444516 
254.0000000 303.7751325 303.8480330 
255.0000000 303.5787139 303.6516145 
256.0000000 303.3822954 303.4551959 
257.0000000 303.1858768 303.2587774 
258.0000000 302.9894583 303.0623588 
259.0000000 302.7930397 302.8659403 
260.0000000 302.5966212 302.6695217 
261.0000000 302.4002026 302.4731032 
262.0000000 302.2037841 302.2766846 
263.0000000 302.0073655 302.0802661 
264.0000000 301.8109470 301.8838475 
265.0000000 301.6145284 301.6874290 
266.0000000 301.4181099 301.4910104 
267.0000000 301.2216913 301.2945919 
268.0000000 301.0252728 301.0981733 
269.0000000 300.8288542 300.9017548 
270.0000000 300.6324357 300.7053362 
271.0000000 300.4360171 300.5089177 
272.0000000 300.2395986 300.3124991 
273.0000000 300.0431800 300.1160806 
274.0000000 299.8467615 299.9196620 
275.0000000 299.6503429 299.7232435 
276.0000000 299.4539244 299.5268249 
277.0000000 299.2575058 299.3304064 
278.0000000 299.0610873 299.1339878 
279.0000000 298.8646687 298.9375693 
280.0000000 298.6682502 298.7411507 
281.0000000 298.4718316 298.5447322 
282.0000000 298.2754131 298.3483136 
283.0000000 298.0789945 298.1518951 
284.0000000 297.8825760 297.9554765 
285.0000000 297.6861574 297.7590580 
286.0000000 297.4897389 297.5626394 
287.0000000 297.2933203 297.3662209 
288.0000000 297.0969018 297.1698023 
289.0000000 296.9004832 296.9733838 
290.0000000 296.7040647 296.7769652 
291.0000000 296.5076461 296.5805467 
292.0000000 296.3112276 296.3841281 
293.0000000 296.1148090 296.1877096 
294.0000000 295.9183905 295.9912910 
295.0000000 295.7219719 295.7948725 
296.0000000 295.5255534 295.5984539 
297.0000000 295.3291348 295.4020353 
298.0000000 295.1327163 295.2056168 
299.0000000 294.9362977 295.0091982 
300.0000000 294.7398792 294.8127797 
301.0000000 294.5434606 294.6163611 
302.0000000 294.3470420 294.4199426 
303.0000000 294.1506235 294.2235240 
304.0000000 293.9542049 294.0271055 
305.0000000 293.7577864 293.8306869 
306.0000000 293.5613678 293.6342684 
307.0000000 293.3649493 293.4378498 
308.0000000 293.1685307 293.2414313 
309.0000000 292.9721122 293.0450127 
310.0000000 292.7756936 292.8485942 
311.0000000 292.5792751 292.6521756 
312.0000000 292.3828565 292.4557571 
313.0000000 292.1864380 292.2593385 
314.0000000 291.9900194 292.0629200 
315.0000000 291.7936009 291.8665014 
316.0000000 291.5971823 291.6700829 
317.0000000 291.4007638 291.4736643 
318.0000000 291.2043452 291.2772458 
319.0000000 291.0079267 291.0808272 
320.0000000 290.8115081 290.8844087 
321.0000000 290.6150896 290.6879901 
322.0000000 290.4186710 290.4915716 
323.0000000 290.2222525 290.2951530 
324.0000000 290.0258339 290.0987345 
325.0000000 289.8294154 289.9023159 
326.0000000 289.6329968 289.7058974 
327.0000000 289.4365783 289.5094788 
328.0000000 289.2401597 289.3130603 
329.0000000 289.0437412 289.1166417 
330.0000000 288.8473226 288.9202232 
331.0000000 288.6509041 288.7238046 
332.0000000 288.4544855 288.5273861 
333.0000000 288.2580670 288.3309675 
334.0000000 288.0616484 288.1345490 
335.0000000 287.8652299 287.9381304 
336.0000000 287.6688113 287.7417119 
337.0000000 287.4723928 287.5452933 
338.0000000 287.2759742 287.3488748 
339.0000000 287.0795557 287.1524562 
340.0000000 286.8831371 286.9560377 
341.0000000 286.6867186 286.7596191 
342.0000000 286.4903000 286.5632006 
343.0000000 286.2938815 286.3667820 
344.0000000 286.0974629 286.1703635 
345.0000000 285.9010444 285.9739449 
346.0000000 285.7046258 285.7775264 
347.0000000 285.5082073 285.5811078 
348.0000000 285.3117887 285.3846893 
349.0000000 285.1153702 285.1882707 
350.0000000 284.9189516 284.9918522 
351.0000000 284.7225331 284.7954336 
352.0000000 284.5261145 284.5990151 
353.0000000 284.3296960 284.4025965 
354.0000000 284.1332774 284.2061780 
355.0000000 283.9368589 284.0097594 
356.0000000 283.7404403 283.8133409 
357.0000000 283.5440218 283.6169223 
358.0000000 283.3476032 283.4205038 
359.0000000 283.1511847 283.2240852 
360.0000000 282.9547661 283.0276667 
361.0000000 282.7583476 282.8312481 
362.0000000 282.5619290 282.6348296 
363.0000000 282.3655105 282.4384110 
364.0000000 282.1690919 282.2419925 
365.0000000 281.9726734 282.0455739 
366.0000000 281.7762548 281.8491554 
367.0000000 281.5798363 281.6527368 
368.0000000 281.3834177 281.4563183 
369.0000000 281.1869992 281.2598997 
370.0000000 280.9905806 281.0634812 
371.0000000 280.7941621 280.8670626 
372.0000000 280.5977435 280.6706441 
373.0000000 280.4013250 280.4742255 
374.0000000 280.2049064 280.2778070 
375.0000000 280.0084879 280.0813884 
376.0000000 279.8120693 279.8849699 
377.0000000 279.6156508 279.6885513 
378.0000000 279.4192322 279.4921328 
379.0000000 279.2228137 279.2957142 
380.0000000 279.0263951 279.0992957 
381.0000000 278.8299766 278.9028771 
382.0000000 278.6335580 278.7064586 
383.0000000 278.4371395 278.5100400 
384.0000000 278.2407209 278.3136215 
385.0000000 278.0443024 278.1172029 
386.0000000 277.8478838 277.9207844 
387.0000000 277.6514653 277.7243658 
388.0000000 277.4550467 277.5279473 
389.0000000 277.2586282 277.3315287 
390.0000000 277.0622096 277.1351102 
391.0000000 276.8657911 276.9386916 
392.0000000 276.6693725 276.7422731 
393.0000000 276.4729540 276.5458545 
394.0000000 276.2765354 276.3494360 
395.0000000 276.0801169 276.1530174 
396.0000000 275.8836983 275.9565989 
397.0000000 275.6872798 275.7601803 
398.0000000 275.4908612 275.5637618 
399.0000000 275.2944427 275.3673432 
400.0000000 275.0980241 275.1709247 
401.0000000 274.9016056 274.9745061 
402.0000000 274.7051870 274.7780876 
403.0000000 274.5087685 274.5816690 
404.0000000 274.3123499 274.3852505 
405.0000000 274.1159314 274.1888319 
406.0000000 273.9195128 273.9924134 
407.0000000 273.7230943 273.7959948 
408.0000000 273.5266757 273.5995763 
409.0000000 273.3302572 273.4031577 
410.0000000 273.1338386 273.2067392 
411.0000000 272.9374201 273.0103206 
412.0000000 272.7410015 272.8139021 
413.0000000 272.5445830 272.6174835 
414.0000000 272.3481644 272.4210650 
415.0000000 272.1517459 272.2246464 
416.0000000 271.9553273 272.0282279 
417.0000000 271.7589088 271.8318093 
418.0000000 271.5624902 271.6353908 
419.0000000 271.3660717 271.4389722 
420.0000000 271.1696531 271.2425537 
421.0000000 270.9732346 271.0461351 
422.0000000 270.7768160 270.8497166 
423.0000000 270.5803975 270.6532980 
424.0000000 270.3839789 270.4568795 
425.0000000 270.1875604 270.2604609 
426.0000000 269.9911418 270.0640424 
427.0000000 269.7947233 269.8676238 
428.0000000 269.5983047 269.6712053 
429.0000000 269.4018862 269.4747867 
430.0000000 269.2054676 269.2783682 
431.0000000 269.0090491 269.0819496 
432.0000000 268.8126305 268.8855311 
433.0000000 268.6162120 268.6891125 
434.0000000 268.4197934 268.4926940 
435.0000000 268.2233749 268.2962754 
436.0000000 268.0269563 268.0998569 
437.0000000 267.8305378 267.9034383 
438.0000000 267.6341192 267.7070198 
439.0000000 267.4377007 267.5106012 
440.0000000 267.2412821 267.3141827 
441.0000000 267.0448636 267.1177641 
442.0000000 266.8484450 266.9213456 
443.0000000 266.6520265 266.7249270 
444.0000000 266.4556079 266.5285085 
445.0000000 266.2591894 266.3320899 
446.0000000 266.0627708 266.1356714 
447.0000000 265.8663523 265.9392528 
448.0000000 265.6699337 265.7428342 
449.0000000 265.4735152 265.5464157 
450.0000000 265.2770966 265.3499971 
451.0000000 265.0806781 265.1535786 
452.0000000 264.8842595 264.9571600 
453.0000000 264.6878410 264.7607415 
454.0000000 264.4914224 264.5643229 
455.0000000 264.2950038 264.3679044 
456.0000000 264.0985853 264.1714858 
457.0000000 263.9021667 263.9750673 
458.0000000 263.7057482 263.7786487 
459.0000000 263.5093296 263.5822302 
460.0000000 263.3129111 263.3858116 
461.0000000 263.1164925 263.1893931 
462.0000000 262.9200740 262.9929745 
463.0000000 262.7236554 262.7965560 
464.0000000 262.5272369 262.6001374 
465.0000000 262.3308183 262.4037189 
466.0000000 262.1343998 262.2073003 
467.0000000 261.9379812 262.0108818 
468.0000000 261.7415627 261.8144632 
469.0000000 261.5451441 261.6180447 
470.0000000 261.3487256 261.4216261 
471.0000000 261.1523070 261.2252076 
472.0000000 260.9558885 261.0287890 
473.0000000 260.7594699 260.8323705 
474.0000000 260.5630514 260.6359519 
475.0000000 260.3666328 260.4395334 
476.0000000 260.1702143 260.2431148 
477.0000000 259.9737957 260.0466963 
478.0000000 259.7773772 259.8502777 
479.0000000 259.5809586 259.6538592 
480.0000000 259.3845401 259.4574406 
481.0000000 259.1881215 259.2610221 
482.0000000 258.9917030 259.0646035 
483.0000000 258.7952844 258.8681850 
484.0000000 258.5988659 258.6717664 
485.0000000 258.4024473 258.4753479 
486.0000000 258.2060288 258.2789293 
487.0000000 258.0096102 258.0825108 
488.0000000 257.8131917 257.8860922 
489.0000000 257.6167731 257.6896737 
490.0000000 257.4203546 257.4932551 
491.0000000 257.2239360 257.2968366 
492.0000000 257.0275175 257.1004180 
493.0000000 256.8310989 256.9039995 
494.0000000 256.6346804 256.7075809 
495.0000000 256.4382618 256.5111624 
496.0000000 256.2418433 256.3147438 
497.0000000 256.0454247 256.1183253 
498.0000000 255.8490062 255.9219067 
499.0000000 255.6525876 255.7254882 
500.0000000 255.4561691 255.5290696 
501.0000000 255.2597505 255.3326511 
502.0000000 255.0633320 255.1362325 
503.0000000 254.8669134 254.9398140 
504.0000000 254.6704949 254.7433954 
505.0000000 254.4740763 254.5469769 
506.0000000 254.2776578 254.3505583 
507.0000000 254.0812392 254.1541398 
508.0000000 253.8848207 253.9577212 
509.0000000 253.6884021 253.7613027 
510.0000000 253.4919836 253.5648841 
511.0000000 253.2955650 253.3684656 
512.0000000 253.0991465 253.1720470 
513.0000000 252.9027279 252.9756285 
514.0000000 252.7063094 252.7792099 
515.0000000 252.5098908 252.5827914 
516.0000000 252.3134723 252.3863728 
517.0000000 252.1170537 252.1899543 
518.0000000 251.9206352 251.9935357 
519.0000000 251.7242166 251.7971172 
520.0000000 251.5277981 251.6006986 
521.0000000 251.3313795 251.4042801 
522.0000000 251.1349610 251.2078615 
523.0000000 250.9385424 251.0114430 
524.0000000 250.7421239 250.8150244 
525.0000000 250.5457053 250.6186059 
526.0000000 250.3492868 250.4221873 
527.0000000 250.1528682 250.2257688 
528.0000000 249.9564497 250.0293502 
529.0000000 249.7600311 249.8329317 
530.0000000 249.5636126 249.6365131 
531.0000000 249.3671940 249.4400946 
532.0000000 249.1707755 249.2436760 
533.0000000 248.9743569 249.0472575 
534.0000000 248.7779384 248.8508389 
535.0000000 248.5815198 248.6544204 
536.0000000 248.3851013 248.4580018 
537.0000000 248.1886827 248.2615833 
538.0000000 247.9922642 248.0651647 
539.0000000 247.7958456 247.8687462 
540.0000000 247.5994271 247.6723276 
541.0000000 247.4030085 247.4759091 
542.0000000 247.2065900 247.2794905 
543.0000000 247.0101714 247.0830720 
544.0000000 246.8137529 246.8866534 
545.0000000 246.6173343 246.6902349 
546.0000000 246.4209158 246.4938163 
547.0000000 246.2244972 246.2973978 
548.0000000 246.0280787 246.1009792 
549.0000000 245.8316601 245.9045607 
550.0000000 245.6352416 245.7081421 
551.0000000 245.4388230 245.5117236 
552.0000000 245.2424045 245.3153050 
553.0000000 245.0459859 245.1188865 
554.0000000 244.8495674 244.9224679 
555.0000000 244.6531488 244.7260494 
556.0000000 244.4567303 244.5296308 
557.0000000 244.2603117 244.3332123 
558.0000000 244.0638932 244.1367937 
559.0000000 243.8674746 243.9403752 
560.0000000 243.6710561 243.7439566 
561.0000000 243.4746375 243.5475381 
562.0000000 243.2782190 243.3511195 
563.0000000 243.0818004 243.1547010 
564.0000000 242.8853819 242.9582824 
565.0000000 242.6889633 242.7618639 
566.0000000 242.4925448 242.5654453 
567.0000000 242.2961262 242.3690268 
568.0000000 242.0997077 242.1726082 
569.0000000 241.9032891 241.9761897 
570.0000000 241.7068706 241.7797711 
571.0000000 241.5104520 241.5833526 
572.0000000 241.3140335 241.3869340 
573.0000000 241.1176149 241.1905155 
574.0000000 240.9211964 240.9940969 
575.0000000 240.7247778 240.7976784 
576.0000000 240.5283593 240.6012598 
577.0000000 240.3319407 240.4048413 
578.0000000 240.1355222 240.2084227 
579.0000000 239.9391036 240.0120042 
580.0000000 239.7426851 239.8155856 
581.0000000 239.5462665 239.6191671 
582.0000000 239.3498480 239.4227485 
583.0000000 239.1534294 239.2263300 
584.0000000 238.9570109 239.0299114 
585.0000000 238.7605923 238.8334929 
586.0000000 238.5641738 238.6370743 
587.0000000 238.3677552 238.4406558 
588.0000000 238.1713367 238.2442372 
589.0000000 237.9749181 238.0478187 
590.0000000 237.7784996 237.8514001 
591.0000000 237.5820810 237.6549816 
592.0000000 237.3856625 237.4585630 
593.0000000 237.1892439 237.2621445 
594.0000000 236.9928254 237.0657259 
595.0000000 236.7964068 236.8693074 
596.0000000 236.5999883 236.6728888 
597.0000000 236.4035697 236.4764703 
598.0000000 236.2071512 236.2800517 
599.0000000 236.0107326 236.0836332 
600.0000000 235.8143141 235.8872146 
601.0000000 235.6178955 235.6907960 
602.0000000 235.4214770 235.4943775 
603.0000000 235.2250584 235.2979589 
604.0000000 235.0286399 235.1015404 
605.0000000 234.8322213 234.9051218 
606.0000000 234.6358027 234.7087033 
607.0000000 234.4393842 234.5122847 
608.0000000 234.2429656 234.3158662 
609.0000000 234.0465471 234.1194476 
610.0000000 233.8501285 233.9230291 
611.0000000 233.6537100 233.7266105 
612.0000000 233.4572914 233.5301920 
613.0000000 233.2608729 233.3337734 
614.0000000 233.0644543 233.1373549 
615.0000000 232.8680358 232.9409363 
616.0000000 232.6716172 232.7445178 
617.0000000 232.4751987 232.5480992 
618.0000000 232.2787801 232.3516807 
619.0000000 232.0823616 232.1552621 
620.0000000 231.8859430 231.9588436 
621.0000000 231.6895245 231.7624250 
622.0000000 231.4931059 231.5660065 
623.0000000 231.2966874 231.3695879 
624.0000000 231.1002688 231.1731694 
625.0000000 230.9038503 230.9767508 
626.0000000 230.7074317 230.7803323 
627.0000000 230.5110132 230.5839137 
628.0000000 230.3145946 230.3874952 
629.0000000 230.1181761 230.1910766 
630.0000000 229.9217575 229.9946581 
631.0000000 229.7253390 229.7982395 
632.0000000 229.5289204 229.6018210 
633.0000000 229.3325019 229.4054024 
634.0000000 229.1360833 229.2089839 
635.0000000 228.9396648 229.0125653 
636.0000000 228.7432462 228.8161468 
637.0000000 228.5468277 228.6197282 
638.0000000 228.3504091 228.4233097 
639.0000000 228.1539906 228.2268911 
640.0000000 227.9575720 228.0304726 
641.0000000 227.7611535 227.8340540 
642.0000000 227.5647349 227.6376355 
643.0000000 227.3683164 227.4412169 
644.0000000 227.1718978 227.2447984 
645.0000000 226.9754793 227.0483798 
646.0000000 226.7790607 226.8519613 
647.0000000 226.5826422 226.6555427 
648.0000000 226.3862236 226.4591242 
649.0000000 226.1898051 226.2627056 
650.0000000 225.9933865 226.0662871 
651.0000000 225.7969680 225.8698685 
652.0000000 225.6005494 225.6734500 
653.0000000 225.4041309 225.4770314 
654.0000000 225.2077123 225.2806129 
655.0000000 225.0112938 225.0841943 
656.0000000 224.8148752 224.8877758 
657.0000000 224.6184567 224.6913572 
658.0000000 224.4220381 224.4949387 
659.0000000 224.2256196 224.2985201 
660.0000000 224.0292010 224.1021016 
661.0000000 223.8327825 223.9056830 
662.0000000 223.6363639 223.7092645 
663.0000000 223.4399454 223.5128459 
664.0000000 223.2435268 223.3164274 
665.0000000 223.0471083 223.1200088 
666.0000000 222.8506897 222.9235903 
667.0000000 222.6542712 222.7271717 
668.0000000 222.4578526 222.5307532 
669.0000000 222.2614341 222.3343346 
670.0000000 222.0650155 222.1379161 
671.0000000 221.8685970 221.9414975 
672.0000000 221.6721784 221.7450790 
673.0000000 221.4757599 221.5486604 
674.0000000 221.2793413 221.3522419 
675.0000000 221.0829228 221.1558233 
676.0000000 220.8865042 220.9594048 
677.0000000 220.6900857 220.7629862 
678.0000000 220.4936671 220.5665677 
679.0000000 220.2972486 220.3701491 
680.0000000 220.1008300 220.1737306 
681.0000000 219.9044115 219.9773120 
682.0000000 219.7079929 219.7808935 
683.0000000 219.5115744 219.5844749 
684.0000000 219.3151558 219.3880564 
685.0000000 219.1187373 219.1916378 
686.0000000 218.9223187 218.9952193 
687.0000000 218.7259002 218.7988007 
688.0000000 218.5294816 218.6023822 
689.0000000 218.3330631 218.4059636 
690.0000000 218.1366445 218.2095451 
691.0000000 217.9402260 218.0131265 
692.0000000 217.7438074 217.8167080 
693.0000000 217.5473889 217.6202894 
694.0000000 217.3509703 217.4238709 
695.0000000 217.1545518 217.2274523 
696.0000000 216.9581332 217.0310338 
697.0000000 216.7617147 216.8346152 
698.0000000 216.5652961 216.6381967 
699.0000000 216.3688776 216.4417781 
700.0000000 216.1724590 216.2453596 
701.0000000 215.9760405 216.0489410 
702.0000000 215.7796219 215.8525225 
703.0000000 215.5832034 215.6561039 
704.0000000 215.3867848 215.4596854 
705.0000000 215.1903663 215.2632668 
706.0000000 214.9939477 215.0668483 
707.0000000 214.7975292 214.8704297 
708.0000000 214.6011106 214.6740112 
709.0000000 214.4046921 214.4775926 
710.0000000 214.2082735 214.2811741 
711.0000000 214.0118550 214.0847555 
712.0000000 213.8154364 213.8883370 
713.0000000 213.6190179 213.6919184 
714.0000000 213.4225993 213.4954999 
715.0000000 213.2261808 213.2990813 
716.0000000 213.0297622 213.1026628 
717.0000000 212.8333437 212.9062442 
718.0000000 212.6369251 212.7098257 
719.0000000 212.4405066 212.5134071 
720.0000000 212.2440880 212.3169886 
721.0000000 212.0476695 212.1205700 
722.0000000 211.8512509 211.9241515 
723.0000000 211.6548324 211.7277329 
724.0000000 211.4584138 211.5313144 
725.0000000 211.2619953 211.3348958 
726.0000000 211.0655767 211.1384773 
727.0000000 210.8691582 210.9420587 
728.0000000 210.6727396 210.7456402 
729.0000000 210.4763211 210.5492216 
730.0000000 210.2799025 210.3528031 
731.0000000 210.0834840 210.1563845 
732.0000000 209.8870654 209.9599660 
733.0000000 209.6906469 209.7635474 
734.0000000 209.4942283 209.5671289 
735.0000000 209.2978098 209.3707103 
736.0000000 209.1013912 209.1742918 
737.0000000 208.9049727 208.9778732 
738.0000000 208.7085541 208.7814547 
739.0000000 208.5121356 208.5850361 
740.0000000 208.3157170 208.3886176 
741.0000000 208.1192985 208.1921990 
742.0000000 207.9228799 207.9957805 
743.0000000 207.7264614 207.7993619 
744.0000000 207.5300428 207.6029434 
745.0000000 207.3336243 207.4065248 
746.0000000 207.1372057 207.2101063 
747.0000000 206.9407872 207.0136877 
748.0000000 206.7443686 206.8172692 
749.0000000 206.5479501 206.6208506 
750.0000000 206.3515315 206.4244321 
751.0000000 206.1551130 206.2280135 
752.0000000 205.9586944 206.0315949 
753.0000000 205.7622759 205.8351764 
754.0000000 205.5658573 205.6387578 
755.0000000 205.3694388 205.4423393 
756.0000000 205.1730202 205.2459207 
757.0000000 204.9766016 205.0495022 
758.0000000 204.7801831 204.8530836 
759.0000000 204.5837645 204.6566651 
760.0000000 204.3873460 204.4602465 
761.0000000 204.1909274 204.2638280 
762.0000000 203.9945089 204.0674094 
763.0000000 203.7980903 203.8709909 
764.0000000 203.6016718 203.6745723 
765.0000000 203.4052532 203.4781538 
766.0000000 203.2088347 203.2817352 
767.0000000 203.0124161 203.0853167 
768.0000000 202.8159976 202.8888981 
769.0000000 202.6195790 202.6924796 
770.0000000 202.4231605 202.4960610 
771.0000000 202.2267419 202.2996425 
772.0000000 202.0303234 202.1032239 
773.0000000 201.8339048 201.9068054 
774.0000000 201.6374863 201.7103868 
775.0000000 201.4410677 201.5139683 
776.0000000 201.2446492 201.3175497 
777.0000000 201.0482306 201.1211312 
778.0000000 200.8518121 200.9247126 
779.0000000 200.6553935 200.7282941 
780.0000000 200.4589750 200.5318755 
781.0000000 200.2625564 200.3354570 
782.0000000 200.0661379 200.1390384 
783.0000000 199.8697193 199.9426199 
784.0000000 199.6733008 199.7462013 
785.0000000 199.4768822 199.5497828 
786.0000000 199.2804637 199.3533642 
787.0000000 199.0840451 199.1569457 
788.0000000 198.8876266 198.9605271 
789.0000000 198.6912080 198.7641086 
790.0000000 198.4947895 198.5676900 
791.0000000 198.2983709 198.3712715 
792.0000000 198.1019524 198.1748529 
793.0000000 197.9055338 197.9784344 
794.0000000 197.7091153 197.7820158 
795.0000000 197.5126967 197.5855973 
796.0000000 197.3162782 197.3891787 
797.0000000 197.1198596 197.1927602 
798.0000000 196.9234411 196.9963416 
799.0000000 196.7270225 196.7999231 
800.0000000 196.5306040 196.6035045 
801.0000000 196.3341854 196.4070860 
802.0000000 196.1377669 196.2106674 
803.0000000 195.9413483 196.0142489 
804.0000000 195.7449298 195.8178303 
805.0000000 195.5485112 195.6214118 
806.0000000 195.3520927 195.4249932 
807.0000000 195.1556741 195.2285747 
808.0000000 194.9592556 195.0321561 
809.0000000 194.7628370 194.8357376 
810.0000000 194.5664185 194.6393190 
811.0000000 194.3699999 194.4429005 
812.0000000 194.1735814 194.2464819 
813.0000000 193.9771628 194.0500634 
814.0000000 193.7807443 193.8536448 
815.0000000 193.5843257 193.6572263 
816.0000000 193.3879072 193.4608077 
817.0000000 193.1914886 193.2643892 
818.0000000 192.9950701 193.0679706 
819.0000000 192.7986515 192.8715521 
820.0000000 192.6022330 192.6751335 
821.0000000 192.4058144 192.4787150 
822.0000000 192.2093959 192.2822964 
823.0000000 192.0129773 192.0858779 
824.0000000 191.8165588 191.8894593 
825.0000000 191.6201402 191.6930408 
826.0000000 191.4237217 191.4966222 
827.0000000 191.2273031 191.3002037 
828.0000000 191.0308846 191.1037851 
829.0000000 190.8344660 190.9073666 
830.0000000 190.6380475 190.7109480 
831.0000000 190.4416289 190.5145295 
832.0000000 190.2452104 190.3181109 
833.0000000 190.0487918 190.1216924 
834.0000000 189.8523733 189.9252738 
835.0000000 189.6559547 189.7288553 
836.0000000 189.4595362 189.5324367 
837.0000000 189.2631176 189.3360182 
838.0000000 189.0666991 189.1395996 
839.0000000 188.8702805 188.9431811 
840.0000000 188.6738620 188.7467625 
841.0000000 188.4774434 188.5503440 
842.0000000 188.2810249 188.3539254 
843.0000000 188.0846063 188.1575069 
844.0000000 187.8881878 187.9610883 
845.0000000 187.6917692 187.7646698 
846.0000000 187.4953507 187.5682512 
847.0000000 187.2989321 187.3718327 
848.0000000 187.1025136 187.1754141 
849.0000000 186.9060950 186.9789956 
850.0000000 186.7096765 186.7825770 
851.0000000 186.5132579 186.5861585 
852.0000000 186.3168394 186.3897399 
853.0000000 186.1204208 186.1933214 
854.0000000 185.9240023 185.9969028 
855.0000000 185.7275837 185.8004843 
856.0000000 185.5311652 185.6040657 
857.0000000 185.3347466 185.4076472 
858.0000000 185.1383281 185.2112286 
859.0000000 184.9419095 185.0148101 
860.0000000 184.7454910 184.8183915 
861.0000000 184.5490724 184.6219730 
862.0000000 184.3526539 184.4255544 
863.0000000 184.1562353 184.2291359 
864.0000000 183.9598168 184.0327173 
865.0000000 183.7633982 183.8362988 
866.0000000 183.5669797 183.6398802 
867.0000000 183.3705611 183.4434617 
868.0000000 183.1741426 183.2470431 
869.0000000 182.9777240 183.0506246 
870.0000000 182.7813055 182.8542060 
871.0000000 182.5848869 182.6577875 
872.0000000 182.3884684 182.4613689 
873.0000000 182.1920498 182.2649504 
874.0000000 181.9956313 182.0685318 
875.0000000 181.7992127 181.8721133 
876.0000000 181.6027942 181.6756947 
877.0000000 181.4063756 181.4792762 
878.0000000 181.2099571 181.2828576 
879.0000000 181.0135385 181.0864391 
880.0000000 180.8171200 180.8900205 
881.0000000 180.6207014 180.6936020 
882.0000000 180.4242829 180.4971834 
883.0000000 180.2278643 180.3007649 
884.0000000 180.0314458 180.1043463 
885.0000000 179.8350272 179.9079278 
886.0000000 179.6386087 179.7115092 
887.0000000 179.4421901 179.5150907 
888.0000000 179.2457716 179.3186721 
889.0000000 179.0493530 179.1222536 
890.0000000 178.8529345 178.9258350 
891.0000000 178.6565159 178.7294165 
892.0000000 178.4600974 178.5329979 
893.0000000 178.2636788 178.3365794 
894.0000000 178.0672603 178.1401608 
895.0000000 177.8708417 177.9437423 
896.0000000 177.6744232 177.7473237 
897.0000000 177.4780046 177.5509052 
898.0000000 177.2815861 177.3544866 
899.0000000 177.0851675 177.1580681 
900.0000000 176.8887490 176.9616495 
901.0000000 176.6923304 176.7652310 
902.0000000 176.4959119 176.5688124 
903.0000000 176.2994933 176.3723938 
904.0000000 176.1030748 176.1759753 
905.0000000 175.9066562 175.9795567 
906.0000000 175.7102377 175.7831382 
907.0000000 175.5138191 175.5867196 
908.0000000 175.3174006 175.3903011 
909.0000000 175.1209820 175.1938825 
910.0000000 174.9245634 174.9974640 
911.0000000 174.7281449 174.8010454 
912.0000000 174.5317263 174.6046269 
913.0000000 174.3353078 174.4082083 
914.0000000 174.1388892 174.2117898 
915.0000000 173.9424707 174.0153712 
916.0000000 173.7460521 173.8189527 
917.0000000 173.5496336 173.6225341 
918.0000000 173.3532150 173.4261156 
919.0000000 173.1567965 173.2296970 
920.0000000 172.9603779 173.0332785 
921.0000000 172.7639594 172.8368599 
922.0000000 172.5675408 172.6404414 
923.0000000 172.3711223 172.4440228 
924.0000000 172.1747037 172.2476043 
925.0000000 171.9782852 172.0511857 
926.0000000 171.7818666 171.8547672 
927.0000000 171.5854481 171.6583486 
928.0000000 171.3890295 171.4619301 
929.0000000 171.1926110 171.2655115 
930.0000000 170.9961924 171.0690930 
931.0000000 170.7997739 170.8726744 
932.0000000 170.6033553 170.6762559 
933.0000000 170.4069368 170.4798373 
934.0000000 170.2105182 170.2834188 
935.0000000 170.0140997 170.0870002 
936.0000000 169.8176811 169.8905817 
937.0000000 169.6212626 169.6941631 
938.0000000 169.4248440 169.4977446 
939.0000000 169.2284255 169.3013260 
940.0000000 169.0320069 169.1049075 
941.0000000 168.8355884 168.9084889 
942.0000000 168.6391698 168.7120704 
943.0000000 168.4427513 168.5156518 
944.0000000 168.2463327 168.3192333 
945.0000000 168.0499142 168.1228147 
946.0000000 167.8534956 167.9263962 
947.0000000 167.6570771 167.7299776 
948.0000000 167.4606585 167.5335591 
949.0000000 167.2642400 167.3371405 
950.0000000 167.0678214 167.1407220 
951.0000000 166.8714029 166.9443034 
952.0000000 166.6749843 166.7478849 
953.0000000 166.4785658 166.5514663 
954.0000000 166.2821472 166.3550478 
955.0000000 166.0857287 166.1586292 
956.0000000 165.8893101 165.9622107 
957.0000000 165.6928916 165.7657921 
958.0000000 165.4964730 165.5693736 
959.0000000 165.3000545 165.3729550 
960.0000000 165.1036359 165.1765365 
961.0000000 164.9072174 164.9801179 
962.0000000 164.7107988 164.7836994 
963.0000000 164.5143803 164.5872808 
964.0000000 164.3179617 164.3908623 
965.0000000 164.1215432 164.1944437 
966.0000000 163.9251246 163.9980252 
967.0000000 163.7287061 163.8016066 
968.0000000 163.5322875 163.6051881 
969.0000000 163.3358690 163.4087695 
970.0000000 163.1394504 163.2123510 
971.0000000 162.9430319 163.0159324 
972.0000000 162.7466133 162.8195139 
973.0000000 162.5501948 162.6230953 
974.0000000 162.3537762 162.4266768 
975.0000000 162.1573577 162.2302582 
976.0000000 161.9609391 162.0338397 
977.0000000 161.7645206 161.8374211 
978.0000000 161.5681020 161.6410026 
979.0000000 161.3716835 161.4445840 
980.0000000 161.1752649 161.2481655 
981.0000000 160.9788464 161.0517469 
982.0000000 160.7824278 160.8553284 
983.0000000 160.5860093 160.6589098 
984.0000000 160.3895907 160.4624913 
985.0000000 160.1931722 160.2660727 
986.0000000 159.9967536 160.0696542 
987.0000000 159.8003351 159.8732356 
988.0000000 159.6039165 159.6768171 
989.0000000 159.4074980 159.4803985 
990.0000000 159.2110794 159.2839800 
991.0000000 159.0146609 159.0875614 
992.0000000 158.8182423 158.8911429 
993.0000000 158.6218238 158.6947243 
994.0000000 158.4254052 158.4983058 
995.0000000 158.2289867 158.3018872 
996.0000000 158.0325681 158.1054687 
997.0000000 157.8361496 157.9090501 
998.0000000 157.6397310 157.7126316 
999.0000000 157.4433125 157.5162130 
1000.0000000 157.2468939 157.3197945 
1001.0000000 157.0504754 157.1233759 
1002.0000000 156.8540568 156.9269574 
1003.0000000 156.6576383 156.7305388 
1004.0000000 156.4612197 156.5341203 
1005.0000000 156.2648012 156.3377017 
1006.0000000 156.0683826 156.1412832 
1007.0000000 155.8719641 155.9448646 
1008.0000000 155.6755455 155.7484461 
1009.0000000 155.4791270 155.5520275 
1010.0000000 155.2827084 155.3556090 
1011.0000000 155.0862899 155.1591904 
1012.0000000 154.8898713 154.9627719 
1013.0000000 154.6934528 154.7663533 
1014.0000000 154.4970342 154.5699348 
1015.0000000 154.3006157 154.3735162 
1016.0000000 154.1041971 154.1770977 
1017.0000000 153.9077786 153.9806791 
1018.0000000 153.7113600 153.7842606 
1019.0000000 153.5149415 153.5878420 
1020.0000000 153.3185229 153.3914235 
1021.0000000 153.1221044 153.1950049 
1022.0000000 152.9256858 152.9985864 
1023.0000000 152.7292673 152.8021678 
1024.0000000 152.5328487 152.6057493 
1025.0000000 152.3364302 152.4093307 
1026.0000000 152.1400116 152.2129122 
1027.0000000 151.9435931 152.0164936 
1028.0000000 151.7471745 151.8200751 
1029.0000000 151.5507560 151.6236565 
1030.0000000 151.3543374 151.4272380 
1031.0000000 151.1579189 151.2308194 
1032.0000000 150.9615003 151.0344009 
1033.0000000 150.7650818 150.8379823 
1034.0000000 150.5686632 150.6415638 
1035.0000000 150.3722447 150.4451452 
1036.0000000 150.1758261 150.2487267 
1037.0000000 149.9794076 150.0523081 
1038.0000000 149.7829890 149.8558896 
1039.0000000 149.5865705 149.6594710 
1040.0000000 149.3901519 149.4630525 
1041.0000000 149.1937334 149.2666339 
1042.0000000 148.9973148 149.0702154 
1043.0000000 148.8008963 148.8737968 
1044.0000000 148.6044777 148.6773783 
1045.0000000 148.4080592 148.4809597 
1046.0000000 148.2116406 148.2845412 
1047.0000000 148.0152221 148.0881226 
1048.0000000 147.8188035 147.8917041 
1049.0000000 147.6223850 147.6952855 
1050.0000000 147.4259664 147.4988670 
1051.0000000 147.2295479 147.3024484 
1052.0000000 147.0331293 147.1060299 
1053.0000000 146.8367108 146.9096113 
1054.0000000 146.6402922 146.7131928 
1055.0000000 146.4438737 146.5167742 
1056.0000000 146.2474551 146.3203556 
1057.0000000 146.0510366 146.1239371 
1058.0000000 145.8546180 145.9275185 
1059.0000000 145.6581995 145.7311000 
1060.0000000 145.4617809 145.5346814 
1061.0000000 145.2653623 145.3382629 
1062.0000000 145.0689438 145.1418443 
1063.0000000 144.8725252 144.9454258 
1064.0000000 144.6761067 144.7490072 
1065.0000000 144.4796881 144.5525887 
1066.0000000 144.2832696 144.3561701 
1067.0000000 144.0868510 144.1597516 
1068.0000000 143.8904325 143.9633330 
1069.0000000 143.6940139 143.7669145 
1070.0000000 143.4975954 143.5704959 
1071.0000000 143.3011768 143.3740774 
1072.0000000 143.1047583 143.1776588 
1073.0000000 142.9083397 142.9812403 
1074.0000000 142.7119212 142.7848217 
1075.0000000 142.5155026 142.5884032 
1076.0000000 142.3190841 142.3919846 
1077.0000000 142.1226655 142.1955661 
1078.0000000 141.9262470 141.9991475 
1079.0000000 141.7298284 141.8027290 
1080.0000000 141.5334099 141.6063104 
1081.0000000 141.3369913 141.4098919 
1082.0000000 141.1405728 141.2134733 
1083.0000000 140.9441542 141.0170548 
1084.0000000 140.7477357 140.8206362 
1085.0000000 140.5513171 140.6242177 
1086.0000000 140.3548986 140.4277991 
1087.0000000 140.1584800 140.2313806 
1088.0000000 139.9620615 140.0349620 
1089.0000000 139.7656429 139.8385435 
1090.0000000 139.5692244 139.6421249 
1091.0000000 139.3728058 139.4457064 
1092.0000000 139.1763873 139.2492878 
1093.0000000 138.9799687 139.0528693 
1094.0000000 138.7835502 138.8564507 
1095.0000000 138.5871316 138.6600322 
1096.0000000 138.3907131 138.4636136 
1097.0000000 138.1942945 138.2671951 
1098.0000000 137.9978760 138.0707765 
1099.0000000 137.8014574 137.8743580 
1100.0000000 137.6050389 137.6779394 
1101.0000000 137.4086203 137.4815209 
1102.0000000 137.2122018 137.2851023 
1103.0000000 137.0157832 137.0886838 
1104.0000000 136.8193647 136.8922652 
1105.0000000 136.6229461 136.6958467 
1106.0000000 136.4265276 136.4994281 
1107.0000000 136.2301090 136.3030096 
1108.0000000 136.0336905 136.1065910 
1109.0000000 135.8372719 135.9101725 
1110.0000000 135.6408534 135.7137539 
1111.0000000 135.4444348 135.5173354 
1112.0000000 135.2480163 135.3209168 
1113.0000000 135.0515977 135.1244983 
1114.0000000 134.8551792 134.9280797 
1115.0000000 134.6587606 134.7316612 
1116.0000000 134.4623421 134.5352426 
1117.0000000 134.2659235 134.3388241 
1118.0000000 134.0695050 134.1424055 
1119.0000000 133.8730864 133.9459870 
1120.0000000 133.6766679 133.7495684 
1121.0000000 133.4802493 133.5531499 
1122.0000000 133.2838308 133.3567313 
1123.0000000 133.0874122 133.1603128 
1124.0000000 132.8909937 132.9638942 
1125.0000000 132.6945751 132.7674757 
1126.0000000 132.4981566 132.5710571 
1127.0000000 132.3017380 132.3746386 
1128.0000000 132.1053195 132.1782200 
1129.0000000 131.9089009 131.9818015 
1130.0000000 131.7124824 131.7853829 
1131.0000000 131.5160638 131.5889644 
1132.0000000 131.3196453 131.3925458 
1133.0000000 131.1232267 131.1961273 
1134.0000000 130.9268082 130.9997087 
1135.0000000 130.7303896 130.8032902 
1136.0000000 130.5339711 130.6068716 
1137.0000000 130.3375525 130.4104531 
1138.0000000 130.1411340 130.2140345 
1139.0000000 129.9447154 130.0176160 
1140.0000000 129.7482969 129.8211974 
1141.0000000 129.5518783 129.6247789 
1142.0000000 129.3554598 129.4283603 
1143.0000000 129.1590412 129.2319418 
1144.0000000 128.9626227 129.0355232 
1145.0000000 128.7662041 128.8391047 
1146.0000000 128.5697856 128.6426861 
1147.0000000 128.3733670 128.4462676 
1148.0000000 128.1769485 128.2498490 
1149.0000000 127.9805299 128.0534305 
1150.0000000 127.7841114 127.8570119 
1151.0000000 127.5876928 127.6605934 
1152.0000000 127.3912743 127.4641748 
1153.0000000 127.1948557 127.2677563 
1154.0000000 126.9984372 127.0713377 
1155.0000000 126.8020186 126.8749192 
1156.0000000 126.6056001 126.6785006 
1157.0000000 126.4091815 126.4820821 
1158.0000000 126.2127630 126.2856635 
1159.0000000 126.0163444 126.0892450 
1160.0000000 125.8199259 125.8928264 
1161.0000000 125.6235073 125.6964079 
1162.0000000 125.4270888 125.4999893 
1163.0000000 125.2306702 125.3035708 
1164.0000000 125.0342517 125.1071522 
1165.0000000 124.8378331 124.9107337 
1166.0000000 124.6414146 124.7143151 
1167.0000000 124.4449960 124.5178966 
1168.0000000 124.2485775 124.3214780 
1169.0000000 124.0521589 124.1250595 
1170.0000000 123.8557404 123.9286409 
1171.0000000 123.6593218 123.7322224 
1172.0000000 123.4629033 123.5358038 
1173.0000000 123.2664847 123.3393853 
1174.0000000 123.0700662 123.1429667 
1175.0000000 122.8736476 122.9465482 
1176.0000000 122.6772291 122.7501296 
1177.0000000 122.4808105 122.5537111 
1178.0000000 122.2843920 122.3572925 
1179.0000000 122.0879734 122.1608740 
1180.0000000 121.8915549 121.9644554 
1181.0000000 121.6951363 121.7680369 
1182.0000000 121.4987178 121.5716183 
1183.0000000 121.3022992 121.3751998 
1184.0000000 121.1058807 121.1787812 
1185.0000000 120.9094621 120.9823627 
1186.0000000 120.7130436 120.7859441 
1187.0000000 120.5166250 120.5895256 
1188.0000000 120.3202065 120.3931070 
1189.0000000 120.1237879 120.1966885 
1190.0000000 119.9273694 120.0002699 
1191.0000000 119.7309508 119.8038514 
1192.0000000 119.5345323 119.6074328 
1193.0000000 119.3381137 119.4110143 
1194.0000000 119.1416952 119.2145957 
1195.0000000 118.9452766 119.0181772 
1196.0000000 118.7488581 118.8217586 
1197.0000000 118.5524395 118.6253401 
1198.0000000 118.3560210 118.4289215 
1199.0000000 118.1596024 118.2325030 
1200.0000000 117.9631839 118.0360844 
1201.0000000 117.7667653 117.8396659 
1202.0000000 117.5703468 117.6432473 
1203.0000000 117.3739282 117.4468288 
1204.0000000 117.1775097 117.2504102 
1205.0000000 116.9810911 117.0539917 
1206.0000000 116.7846726 116.8575731 
1207.0000000 116.5882540 116.6611545 
1208.0000000 116.3918355 116.4647360 
1209.0000000 116.1954169 116.2683174 
1210.0000000 115.9989984 116.0718989 
1211.0000000 115.8025798 115.8754803 
1212.0000000 115.6061612 115.6790618 
1213.0000000 115.4097427 115.4826432 
1214.0000000 115.2133241 115.2862247 
1215.0000000 115.0169056 115.0898061 
1216.0000000 114.8204870 114.8933876 
1217.0000000 114.6240685 114.6969690 
1218.0000000 114.4276499 114.5005505 
1219.0000000 114.2312314 114.3041319 
1220.0000000 114.0348128 114.1077134 
1221.0000000 113.8383943 113.9112948 
1222.0000000 113.6419757 113.7148763 
1223.0000000 113.4455572 113.5184577 
1224.0000000 113.2491386 113.3220392 
1225.0000000 113.0527201 113.1256206 
1226.0000000 112.8563015 112.9292021 
1227.0000000 112.6598830 112.7327835 
1228.0000000 112.4634644 112.5363650 
1229.0000000 112.2670459 112.3399464 
1230.0000000 112.0706273 112.1435279 
1231.0000000 111.8742088 111.9471093 
1232.0000000 111.6777902 111.7506908 
1233.0000000 111.4813717 111.5542722 
1234.0000000 111.2849531 111.3578537 
1235.0000000 111.0885346 111.1614351 
1236.0000000 110.8921160 110.9650166 
1237.0000000 110.6956975 110.7685980 
1238.0000000 110.4992789 110.5721795 
1239.0000000 110.3028604 110.3757609 
1240.0000000 110.1064418 110.1793424 
1241.0000000 109.9100233 109.9829238 
1242.0000000 109.7136047 109.7865053 
1243.0000000 109.5171862 109.5900867 
1244.0000000 109.3207676 109.3936682 
1245.0000000 109.1243491 109.1972496 
1246.0000000 108.9279305 109.0008311 
1247.0000000 108.7315120 108.8044125 
1248.0000000 108.5350934 108.6079940 
1249.0000000 108.3386749 108.4115754 
1250.0000000 108.1422563 108.2151569 
1251.0000000 107.9458378 108.0187383 
1252.0000000 107.7494192 107.8223198 
1253.0000000 107.5530007 107.6259012 
1254.0000000 107.3565821 107.4294827 
1255.0000000 107.1601636 107.2330641 
1256.0000000 106.9637450 107.0366456 
1257.0000000 106.7673265 106.8402270 
1258.0000000 106.5709079 106.6438085 
1259.0000000 106.3744894 106.4473899 
1260.0000000 106.1780708 106.2509714 
1261.0000000 105.9816523 106.0545528 
1262.0000000 105.7852337 105.8581343 
1263.0000000 105.5888152 105.6617157 
1264.0000000 105.3923966 105.4652972 
1265.0000000 105.1959781 105.2688786 
1266.0000000 104.9995595 105.0724601 
1267.0000000 104.8031410 104.8760415 
1268.0000000 104.6067224 104.6796230 
1269.0000000 104.4103039 104.4832044 
1270.0000000 104.2138853 104.2867859 
1271.0000000 104.0174668 104.0903673 
1272.0000000 103.8210482 103.8939488 
1273.0000000 103.6246297 103.6975302 
1274.0000000 103.4282111 103.5011117 
1275.0000000 103.2317926 103.3046931 
1276.0000000 103.0353740 103.1082746 
1277.0000000 102.8389555 102.9118560 
1278.0000000 102.6425369 102.7154375 
1279.0000000 102.4461184 102.5190189 
1280.0000000 102.2496998 102.3226004 
1281.0000000 102.0532813 102.1261818 
1282.0000000 101.8568627 101.9297633 
1283.0000000 101.6604442 101.7333447 
1284.0000000 101.4640256 101.5369262 
1285.0000000 101.2676071 101.3405076 
1286.0000000 101.0711885 101.1440891 
1287.0000000 100.8747700 100.9476705 
1288.0000000 100.6783514 100.7512520 
1289.0000000 100.4819329 100.5548334 
1290.0000000 100.2855143 100.3584149 
1291.0000000 100.0890958 100.1619963 
1292.0000000 99.8926772 99.9655778 
1293.0000000 99.6962587 99.7691592 
1294.0000000 99.4998401 99.5727407 
1295.0000000 99.3034216 99.3763221 
1296.0000000 99.1070030 99.1799036 
1297.0000000 98.9105845 98.9834850 
1298.0000000 98.7141659 98.7870665 
1299.0000000 98.5177474 98.5906479 
1300.0000000 98.3213288 98.3942294 
1301.0000000 98.1249103 98.1978108 
1302.0000000 97.9284917 98.0013923 
1303.0000000 97.7320732 97.8049737 
1304.0000000 97.5356546 97.6085552 
1305.0000000 97.3392361 97.4121366 
1306.0000000 97.1428175 97.2157181 
1307.0000000 96.9463990 97.0192995 
1308.0000000 96.7499804 96.8228810 
1309.0000000 96.5535619 96.6264624 
1310.0000000 96.3571433 96.4300439 
1311.0000000 96.1607248 96.2336253 
1312.0000000 95.9643062 96.0372068 
1313.0000000 95.7678877 95.8407882 
1314.0000000 95.5714691 95.6443697 
1315.0000000 95.3750506 95.4479511 
1316.0000000 95.1786320 95.2515326 
1317.0000000 94.9822135 95.0551140 
1318.0000000 94.7857949 94.8586955 
1319.0000000 94.5893764 94.6622769 
1320.0000000 94.3929578 94.4658584 
1321.0000000 94.1965393 94.2694398 
1322.0000000 94.0001207 94.0730213 
1323.0000000 93.8037022 93.8766027 
1324.0000000 93.6072836 93.6801842 
1325.0000000 93.4108651 93.4837656 
1326.0000000 93.2144465 93.2873471 
1327.0000000 93.0180280 93.0909285 
1328.0000000 92.8216094 92.8945100 
1329.0000000 92.6251909 92.6980914 
1330.0000000 92.4287723 92.5016729 
1331.0000000 92.2323538 92.3052543 
1332.0000000 92.0359352 92.1088358 
1333.0000000 91.8395167 91.9124172 
1334.0000000 91.6430981 91.7159987 
1335.0000000 91.4466796 91.5195801 
1336.0000000 91.2502610 91.3231616 
1337.0000000 91.0538425 91.1267430 
1338.0000000 90.8574239 90.9303245 
1339.0000000 90.6610054 90.7339059 
1340.0000000 90.4645868 90.5374874 
1341.0000000 90.2681683 90.3410688 
1342.0000000 90.0717497 90.1446503 
1343.0000000 89.8753312 89.9482317 
1344.0000000 89.6789126 89.7518132 
1345.0000000 89.4824941 89.5553946 
1346.0000000 89.2860755 89.3589761 
1347.0000000 89.0896570 89.1625575 
1348.0000000 88.8932384 88.9661390 
1349.0000000 88.6968199 88.7697204 
1350.0000000 88.5004013 88.5733019 
1351.0000000 88.3039828 88.3768833 
1352.0000000 88.1075642 88.1804648 
1353.0000000 87.9111457 87.9840462 
1354.0000000 87.7147271 87.7876277 
1355.0000000 87.5183086 87.5912091 
1356.0000000 87.3218900 87.3947906 
1357.0000000 87.1254715 87.1983720 
1358.0000000 86.9290529 87.0019534 
1359.0000000 86.7326344 86.8055349 
1360.0000000 86.5362158 86.6091163 
1361.0000000 86.3397973 86.4126978 
1362.0000000 86.1433787 86.2162792 
1363.0000000 85.9469602 86.0198607 
1364.0000000 85.7505416 85.8234421 
1365.0000000 85.5541230 85.6270236 
1366.0000000 85.3577045 85.4306050 
1367.0000000 85.1612859 85.2341865 
1368.0000000 84.9648674 85.0377679 
1369.0000000 84.7684488 84.8413494 
1370.0000000 84.5720303 84.6449308 
1371.0000000 84.3756117 84.4485123 
1372.0000000 84.1791932 84.2520937 
1373.0000000 83.9827746 84.0556752 
1374.0000000 83.7863561 83.8592566 
1375.0000000 83.5899375 83.6628381 
1376.0000000 83.3935190 83.4664195 
1377.0000000 83.1971004 83.2700010 
1378.0000000 83.0006819 83.0735824 
1379.0000000 82.8042633 82.8771639 
1380.0000000 82.6078448 82.6807453 
1381.0000000 82.4114262 82.4843268 
1382.0000000 82.2150077 82.2879082 
1383.0000000 82.0185891 82.0914897 
1384.0000000 81.8221706 81.8950711 
1385.0000000 81.6257520 81.6986526 
1386.0000000 81.4293335 81.5022340 
1387.0000000 81.2329149 81.3058155 
1388.0000000 81.0364964 81.1093969 
1389.0000000 80.8400778 80.9129784 
1390.0000000 80.6436593 80.7165598 
1391.0000000 80.4472407 80.5201413 
1392.0000000 80.2508222 80.3237227 
1393.0000000 80.0544036 80.1273042 
1394.0000000 79.8579851 79.9308856 
1395.0000000 79.6615665 79.7344671 
1396.0000000 79.4651480 79.5380485 
1397.0000000 79.2687294 79.3416300 
1398.0000000 79.0723109 79.1452114 
1399.0000000 78.8758923 78.9487929 
1400.0000000 78.6794738 78.7523743 
1401.0000000 78.4830552 78.5559558 
1402.0000000 78.2866367 78.3595372 
1403.0000000 78.0902181 78.1631187 
1404.0000000 77.8937996 77.9667001 
1405.0000000 77.6973810 77.7702816 
1406.0000000 77.5009625 77.5738630 
1407.0000000 77.3045439 77.3774445 
1408.0000000 77.1081254 77.1810259 
1409.0000000 76.9117068 76.9846074 
1410.0000000 76.7152883 76.7881888 
1411.0000000 76.5188697 76.5917703 
1412.0000000 76.3224512 76.3953517 
1413.0000000 76.1260326 76.1989332 
1414.0000000 75.9296141 76.0025146 
1415.0000000 75.7331955 75.8060961 
1416.0000000 75.5367770 75.6096775 
1417.0000000 75.3403584 75.4132590 
1418.0000000 75.1439399 75.2168404 
1419.0000000 74.9475213 75.0204219 
1420.0000000 74.7511028 74.8240033 
1421.0000000 74.5546842 74.6275848 
1422.0000000 74.3582657 74.4311662 
1423.0000000 74.1618471 74.2347477 
1424.0000000 73.9654286 74.0383291 
1425.0000000 73.7690100 73.8419106 
1426.0000000 73.5725915 73.6454920 
1427.0000000 73.3761729 73.4490735 
1428.0000000 73.1797544 73.2526549 
1429.0000000 72.9833358 73.0562364 
1430.0000000 72.7869173 72.8598178 
1431.0000000 72.5904987 72.6633993 
1432.0000000 72.3940802 72.4669807 
1433.0000000 72.1976616 72.2705622 
1434.0000000 72.0012431 72.0741436 
1435.0000000 71.8048245 71.8777251 
1436.0000000 71.6084060 71.6813065 
1437.0000000 71.4119874 71.4848880 
1438.0000000 71.2155689 71.2884694 
1439.0000000 71.0191503 71.0920509 
1440.0000000 70.8227318 70.8956323 
1441.0000000 70.6263132 70.6992138 
1442.0000000 70.4298947 70.5027952 
1443.0000000 70.2334761 70.3063767 
1444.0000000 70.0370576 70.1099581 
1445.0000000 69.8406390 69.9135396 
1446.0000000 69.6442205 69.7171210 
1447.0000000 69.4478019 69.5207025 
1448.0000000 69.2513834 69.3242839 
1449.0000000 69.0549648 69.1278654 
1450.0000000 68.8585463 68.9314468 
1451.0000000 68.6621277 68.7350283 
1452.0000000 68.4657092 68.5386097 
1453.0000000 68.2692906 68.3421912 
1454.0000000 68.0728721 68.1457726 
1455.0000000 67.8764535 67.9493541 
1456.0000000 67.6800350 67.7529355 
1457.0000000 67.4836164 67.5565170 
1458.0000000 67.2871979 67.3600984 
1459.0000000 67.0907793 67.1636799 
1460.0000000 66.8943608 66.9672613 
1461.0000000 66.6979422 66.7708428 
1462.0000000 66.5015237 66.5744242 
1463.0000000 66.3051051 66.3780057 
1464.0000000 66.1086866 66.1815871 
1465.0000000 65.9122680 65.9851686 
1466.0000000 65.7158495 65.7887500 
1467.0000000 65.5194309 65.5923315 
1468.0000000 65.3230124 65.3959129 
1469.0000000 65.1265938 65.1994944 
1470.0000000 64.9301753 65.0030758 
1471.0000000 64.7337567 64.8066573 
1472.0000000 64.5373382 64.6102387 
1473.0000000 64.3409196 64.4138202 
1474.0000000 64.1445011 64.2174016 
1475.0000000 63.9480825 64.0209831 
1476.0000000 63.7516640 63.8245645 
1477.0000000 63.5552454 63.6281460 
1478.0000000 63.3588269 63.4317274 
1479.0000000 63.1624083 63.2353089 
1480.0000000 62.9659898 63.0388903 
1481.0000000 62.7695712 62.8424718 
1482.0000000 62.5731527 62.6460532 
1483.0000000 62.3767341 62.4496347 
1484.0000000 62.1803156 62.2532161 
1485.0000000 61.9838970 62.0567976 
1486.0000000 61.7874785 61.8603790 
1487.0000000 61.5910599 61.6639605 
1488.0000000 61.3946414 61.4675419 
1489.0000000 61.1982228 61.2711234 
1490.0000000 61.0018043 61.0747048 
1491.0000000 60.8053857 60.8782863 
1492.0000000 60.6089672 60.6818677 
1493.0000000 60.4125486 60.4854492 
1494.0000000 60.2161301 60.2890306 
1495.0000000 60.0197115 60.0926121 
1496.0000000 59.8232930 59.8961935 
1497.0000000 59.6268744 59.6997750 
1498.0000000 59.4304559 59.5033564 
1499.0000000 59.2340373 59.3069379 
1500.0000000 59.0376188 59.1105193 
1501.0000000 58.8412002 58.9141008 
1502.0000000 58.6447817 58.7176822 
1503.0000000 58.4483631 58.5212637 
1504.0000000 58.2519446 58.3248451 
1505.0000000 58.0555260 58.1284266 
1506.0000000 57.8591075 57.9320080 
1507.0000000 57.6626889 57.7355895 
1508.0000000 57.4662704 57.5391709 
1509.0000000 57.2698518 57.3427524 
1510.0000000 57.0734333 57.1463338 
1511.0000000 56.8770147 56.9499152 
1512.0000000 56.6805962 56.7534967 
1513.0000000 56.4841776 56.5570781 
1514.0000000 56.2877591 56.3606596 
1515.0000000 56.0913405 56.1642410 
1516.0000000 55.8949219 55.9678225 
1517.0000000 55.6985034 55.7714039 
1518.0000000 55.5020848 55.5749854 
1519.0000000 55.3056663 55.3785668 
1520.0000000 55.1092477 55.1821483 
1521.0000000 54.9128292 54.9857297 
1522.0000000 54.7164106 54.7893112 
1523.0000000 54.5199921 54.5928926 
1524.0000000 54.3235735 54.3964741 
1525.0000000 54.1271550 54.2000555 
1526.0000000 53.9307364 54.0036370 
1527.0000000 53.7343179 53.8072184 
1528.0000000 53.5378993 53.6107999 
1529.0000000 53.3414808 53.4143813 
1530.0000000 53.1450622 53.2179628 
1531.0000000 52.9486437 53.0215442 
1532.0000000 52.7522251 52.8251257 
1533.0000000 52.5558066 52.6287071 
1534.0000000 52.3593880 52.4322886 
1535.0000000 52.1629695 52.2358700 
1536.0000000 51.9665509 52.0394515 
1537.0000000 51.7701324 51.8430329 
1538.0000000 51.5737138 51.6466144 
1539.0000000 51.3772953 51.4501958 
1540.0000000 51.1808767 51.2537773 
1541.0000000 50.9844582 51.0573587 
1542.0000000 50.7880396 50.8609402 
1543.0000000 50.5916211 50.6645216 
1544.0000000 50.3952025 50.4681031 
1545.0000000 50.1987840 50.2716845 
1546.0000000 50.0023654 50.0752660 
1547.0000000 49.8059469 49.8788474 
1548.0000000 49.6095283 49.6824289 
1549.0000000 49.4131098 49.4860103 
1550.0000000 49.2166912 49.2895918 
1551.0000000 49.0202727 49.0931732 
1552.0000000 48.8238541 48.8967547 
1553.0000000 48.6274356 48.7003361 
1554.0000000 48.4310170 48.5039176 
1555.0000000 48.2345985 48.3074990 
1556.0000000 48.0381799 48.1110805 
1557.0000000 47.8417614 47.9146619 
1558.0000000 47.6453428 47.7182434 
1559.0000000 47.4489243 47.5218248 
1560.0000000 47.2525057 47.3254063 
1561.0000000 47.0560872 47.1289877 
1562.0000000 46.8596686 46.9325692 
1563.0000000 46.6632501 46.7361506 
1564.0000000 46.4668315 46.5397321 
1565.0000000 46.2704130 46.3433135 
1566.0000000 46.0739944 46.1468950 
1567.0000000 45.8775759 45.9504764 
1568.0000000 45.6811573 45.7540579 
1569.0000000 45.4847388 45.5576393 
1570.0000000 45.2883202 45.3612208 
1571.0000000 45.0919017 45.1648022 
1572.0000000 44.8954831 44.9683837 
1573.0000000 44.6990646 44.7719651 
1574.0000000 44.5026460 44.5755466 
1575.0000000 44.3062275 44.3791280 
1576.0000000 44.1098089 44.1827095 
1577.0000000 43.9133904 43.9862909 
1578.0000000 43.7169718 43.7898724 
1579.0000000 43.5205533 43.5934538 
1580.0000000 43.3241347 43.3970353 
1581.0000000 43.1277162 43.2006167 
1582.0000000 42.9312976 43.0041982 
1583.0000000 42.7348791 42.8077796 
1584.0000000 42.5384605 42.6113611 
1585.0000000 42.3420420 42.4149425 
1586.0000000 42.1456234 42.2185240 
1587.0000000 41.9492049 42.0221054 
1588.0000000 41.7527863 41.8256869 
1589.0000000 41.5563678 41.6292683 
1590.0000000 41.3599492 41.4328498 
1591.0000000 41.1635307 41.2364312 
1592.0000000 40.9671121 41.0400127 
1593.0000000 40.7706936 40.8435941 
1594.0000000 40.5742750 40.6471756 
1595.0000000 40.3778565 40.4507570 
1596.0000000 40.1814379 40.2543385 
1597.0000000 39.9850194 40.0579199 
1598.0000000 39.7886008 39.8615014 
1599.0000000 39.5921823 39.6650828 
1600.0000000 39.3957637 39.4686643 
1601.0000000 39.1993452 39.2722457 
1602.0000000 39.0029266 39.0758272 
1603.0000000 38.8065081 38.8794086 
1604.0000000 38.6100895 38.6829901 
1605.0000000 38.4136710 38.4865715 
1606.0000000 38.2172524 38.2901530 
1607.0000000 38.0208339 38.0937344 
1608.0000000 37.8244153 37.8973159 
1609.0000000 37.6279968 37.7008973 
1610.0000000 37.4315782 37.5044788 
1611.0000000 37.2351597 37.3080602 
1612.0000000 37.0387411 37.1116417 
1613.0000000 36.8423226 36.9152231 
1614.0000000 36.6459040 36.7188046 
1615.0000000 36.4494855 36.5223860 
1616.0000000 36.2530669 36.3259675 
1617.0000000 36.0566484 36.1295489 
1618.0000000 35.8602298 35.9331304 
1619.0000000 35.6638113 35.7367118 
1620.0000000 35.4673927 35.5402933 
1621.0000000 35.2709742 35.3438747 
1622.0000000 35.0745556 35.1474562 
1623.0000000 34.8781371 34.9510376 
1624.0000000 34.6817185 34.7546191 
1625.0000000 34.4853000 34.5582005 
1626.0000000 34.2888814 34.3617820 
1627.0000000 34.0924629 34.1653634 
1628.0000000 33.8960443 33.9689449 
1629.0000000 33.6996258 33.7725263 
1630.0000000 33.5032072 33.5761078 
1631.0000000 33.3067887 33.3796892 
1632.0000000 33.1103701 33.1832707 
1633.0000000 32.9139516 32.9868521 
1634.0000000 32.7175330 32.7904336 
1635.0000000 32.5211145 32.5940150 
1636.0000000 32.3246959 32.3975965 
1637.0000000 32.1282774 32.2011779 
1638.0000000 31.9318588 32.0047594 
1639.0000000 31.7354403 31.8083408 
1640.0000000 31.5390217 31.6119223 
1641.0000000 31.3426032 31.4155037 
1642.0000000 31.1461846 31.2190852 
1643.0000000 30.9497661 31.0226666 
1644.0000000 30.7533475 30.8262481 
1645.0000000 30.5569290 30.6298295 
1646.0000000 30.3605104 30.4334110 
1647.0000000 30.1640919 30.2369924 
1648.0000000 29.9676733 30.0405739 
1649.0000000 29.7712548 29.8441553 
1650.0000000 29.5748362 29.6477368 
1651.0000000 29.3784177 29.4513182 
1652.0000000 29.1819991 29.2548997 
1653.0000000 28.9855806 29.0584811 
1654.0000000 28.7891620 28.8620626 
1655.0000000 28.5927435 28.6656440 
1656.0000000 28.3963249 28.4692255 
1657.0000000 28.1999064 28.2728069 
1658.0000000 28.0034878 28.0763884 
1659.0000000 27.8070693 27.8799698 
1660.0000000 27.6106507 27.6835513 
1661.0000000 27.4142322 27.4871327 
1662.0000000 27.2178136 27.2907141 
1663.0000000 27.0213951 27.0942956 
1664.0000000 26.8249765 26.8978770 
1665.0000000 26.6285580 26.7014585 
1666.0000000 26.4321394 26.5050399 
1667.0000000 26.2357208 26.3086214 
1668.0000000 26.0393023 26.1122028 
1669.0000000 25.8428837 25.9157843 
1670.0000000 25.6464652 25.7193657 
1671.0000000 25.4500466 25.5229472 
1672.0000000 25.2536281 25.3265286 
1673.0000000 25.0572095 25.1301101 
1674.0000000 24.8607910 24.9336915 
1675.0000000 24.6643724 24.7372730 
1676.0000000 24.4679539 24.5408544 
1677.0000000 24.2715353 24.3444359 
1678.0000000 24.0751168 24.1480173 
1679.0000000 23.8786982 23.9515988 
1680.0000000 23.6822797 23.7551802 
1681.0000000 23.4858611 23.5587617 
1682.0000000 23.2894426 23.3623431 
1683.0000000 23.0930240 23.1659246 
1684.0000000 22.8966055 22.9695060 
1685.0000000 22.7001869 22.7730875 
1686.0000000 22.5037684 22.5766689 
1687.0000000 22.3073498 22.3802504 
1688.0000000 22.1109313 22.1838318 
1689.0000000 21.9145127 21.9874133 
1690.0000000 21.7180942 21.7909947 
1691.0000000 21.5216756 21.5945762 
1692.0000000 21.3252571 21.3981576 
1693.0000000 21.1288385 21.2017391 
1694.0000000 20.9324200 21.0053205 
1695.0000000 20.7360014 20.8089020 
1696.0000000 20.5395829 20.6124834 
1697.0000000 20.3431643 20.4160649 
1698.0000000 20.1467458 20.2196463 
1699.0000000 19.9503272 20.0232278 
1700.0000000 19.7539087 19.8268092 
1701.0000000 19.5574901 19.6303907 
1702.0000000 19.3610716 19.4339721 
1703.0000000 19.1646530 19.2375536 
1704.0000000 18.9682345 19.0411350 
1705.0000000 18.7718159 18.8447165 
1706.0000000 18.5753974 18.6482979 
1707.0000000 18.3789788 18.4518794 
1708.0000000 18.1825603 18.2554608 
1709.0000000 17.9861417 18.0590423 
1710.0000000 17.7897232 17.8626237 
1711.0000000 17.5933046 17.6662052 
1712.0000000 17.3968861 17.4697866 
1713.0000000 17.2004675 17.2733681 
1714.0000000 17.0040490 17.0769495 
1715.0000000 16.8076304 16.8805310 
1716.0000000 16.6112119 16.6841124 
1717.0000000 16.4147933 16.4876939 
1718.0000000 16.2183748 16.2912753 
1719.0000000 16.0219562 16.0948568 
1720.0000000 15.8255377 15.8984382 
1721.0000000 15.6291191 15.7020197 
1722.0000000 15.4327006 15.5056011 
1723.0000000 15.2362820 15.3091826 
1724.0000000 15.0398635 15.1127640 
1725.0000000 14.8434449 14.9163455 
1726.0000000 14.6470264 14.7199269 
1727.0000000 14.4506078 14.5235084 
1728.0000000 14.2541893 14.3270898 
1729.0000000 14.0577707 14.1306713 
1730.0000000 13.8613522 13.9342527 
1731.0000000 13.6649336 13.7378342 
1732.0000000 13.4685151 13.5414156 
1733.0000000 13.2720965 13.3449971 
1734.0000000 13.0756780 13.1485785 
1735.0000000 12.8792594 12.9521600 
1736.0000000 12.6828409 12.7557414 
1737.0000000 12.4864223 12.5593229 
1738.0000000 12.2900038 12.3629043 
1739.0000000 12.0935852 12.1664858 
1740.0000000 11.8971667 11.9700672 
1741.0000000 11.7007481 11.7736487 
1742.0000000 11.5043296 11.5772301 
1743.0000000 11.3079110 11.3808116 
1744.0000000 11.1114925 11.1843930 
1745.0000000 10.9150739 10.9879745 
1746.0000000 10.7186554 10.7915559 
1747.0000000 10.5222368 10.5951374 
1748.0000000 10.3258183 10.3987188 
1749.0000000 10.1293997 10.2023003 
1750.0000000 9.9329812 10.0058817 
1751.0000000 9.7365626 9.8094632 
1752.0000000 9.5401441 9.6130446 
1753.0000000 9.3437255 9.4166261 
1754.0000000 9.1473070 9.2202075 
1755.0000000 8.9508884 9.0237890 
1756.0000000 8.7544699 8.8273704 
1757.0000000 8.5580513 8.6309519 
1758.0000000 8.3616328 8.4345333 
1759.0000000 8.1652142 8.2381148 
1760.0000000 7.9687957 8.0416962 
1761.0000000 7.7723771 7.8452777 
1762.0000000 7.5759586 7.6488591 
1763.0000000 7.3795400 7.4524406 
1764.0000000 7.1831215 7.2560220 
1765.0000000 6.9867029 7.0596035 
1766.0000000 6.7902844 6.8631849 
1767.0000000 6.5938658 6.6667664 
1768.0000000 6.3974473 6.4703478 
1769.0000000 6.2010287 6.2739293 
1770.0000000 6.0046102 6.0775107 
1771.0000000 5.8081916 5.8810922 
1772.0000000 5.6117731 5.6846736 
1773.0000000 5.4153545 5.4882551 
1774.0000000 5.2189360 5.2918365 
1775.0000000 5.0225174 5.0954180 
1776.0000000 4.8260989 4.8989994 
1777.0000000 4.6296803 4.7025809 
1778.0000000 4.4332618 4.5061623 
1779.0000000 4.2368432 4.3097438 
1780.0000000 4.0404247 4.1133252 
1781.0000000 3.8440061 3.9169067 
1782.0000000 3.6475876 3.7204881 
1783.0000000 3.4511690 3.5240696 
1784.0000000 3.2547505 3.3276510 
1785.0000000 3.0583319 3.1312325 
1786.0000000 2.8619134 2.9348139 
1787.0000000 2.6654948 2.7383954 
1788.0000000 2.4690763 2.5419768 
1789.0000000 2.2726577 2.3455583 
1790.0000000 2.0762392 2.1491397 
1791.0000000 1.8798206 1.9527212 
1792.0000000 1.6834021 1.7563026 
1793.0000000 1.4869835 1.5598841 
1794.0000000 1.2905650 1.3634655 
1795.0000000 1.0941464 1.1670470 
1796.0000000 0.8977279 0.9706284 
1797.0000000 0.7013093 0.7742099 
1798.0000000 0.5048908 0.5777913 
1799.0000000 0.3084722 0.3813728 
1800.0000000 0.1120537 0.1849542 

