1.0000000 353.5671553 353.5472687 
2.0000000 353.3707368 353.3508502 
3.0000000 353.1743182 353.1544316 
4.0000000 352.9778997 352.9580131 
5.0000000 352.7814811 352.7615945 
6.0000000 352.5850626 352.5651760 
7.0000000 352.3886440 352.3687574 
8.0000000 352.1922255 352.1723389 
9.0000000 351.9958069 351.9759203 
10.0000000 351.7993884 351.7795018 
11.0000000 351.6029698 351.5830832 
12.0000000 351.4065513 351.3866647 
13.0000000 351.2101327 351.1902461 
14.0000000 351.0137142 350.9938276 
15.0000000 350.8172956 350.7974090 
16.0000000 350.6208771 350.6009905 
17.0000000 350.4244585 350.4045719 
18.0000000 350.2280400 350.2081534 
19.0000000 350.0316214 350.0117348 
20.0000000 349.8352029 349.8153163 
21.0000000 349.6387843 349.6188977 
22.0000000 349.4423658 349.4224792 
23.0000000 349.2459472 349.2260606 
24.0000000 349.0495287 349.0296421 
25.0000000 348.8531101 348.8332235 
26.0000000 348.6566916 348.6368050 
27.0000000 348.4602730 348.4403864 
28.0000000 348.2638545 348.2439679 
29.0000000 348.0674359 348.0475493 
30.0000000 347.8710174 347.8511308 
31.0000000 347.6745988 347.6547122 
32.0000000 347.4781803 347.4582937 
33.0000000 347.2817617 347.2618751 
34.0000000 347.0853432 347.0654566 
35.0000000 346.8889246 346.8690380 
36.0000000 346.6925061 346.6726195 
37.0000000 346.4960875 346.4762009 
38.0000000 346.2996690 346.2797824 
39.0000000 346.1032504 346.0833638 
40.0000000 345.9068319 345.8869453 
41.0000000 345.7104133 345.6905267 
42.0000000 345.5139948 345.4941082 
43.0000000 345.3175762 345.2976896 
44.0000000 345.1211577 345.1012711 
45.0000000 344.9247391 344.9048525 
46.0000000 344.7283206 344.7084340 
47.0000000 344.5319020 344.5120154 
48.0000000 344.3354835 344.3155969 
49.0000000 344.1390649 344.1191783 
50.0000000 343.9426464 343.9227598 
51.0000000 343.7462278 343.7263412 
52.0000000 343.5498093 343.5299227 
53.0000000 343.3533907 343.3335041 
54.0000000 343.1569722 343.1370856 
55.0000000 342.9605536 342.9406670 
56.0000000 342.7641351 342.7442485 
57.0000000 342.5677165 342.5478299 
58.0000000 342.3712980 342.3514114 
59.0000000 342.1748794 342.1549928 
60.0000000 341.9784609 341.9585743 
61.0000000 341.7820423 341.7621557 
62.0000000 341.5856238 341.5657372 
63.0000000 341.3892052 341.3693186 
64.0000000 341.1927867 341.1729001 
65.0000000 340.9963681 340.9764815 
66.0000000 340.7999496 340.7800630 
67.0000000 340.6035310 340.5836444 
68.0000000 340.4071125 340.3872258 
69.0000000 340.2106939 340.1908073 
70.0000000 340.0142754 339.9943887 
71.0000000 339.8178568 339.7979702 
72.0000000 339.6214383 339.6015516 
73.0000000 339.4250197 339.4051331 
74.0000000 339.2286012 339.2087145 
75.0000000 339.0321826 339.0122960 
76.0000000 338.8357641 338.8158774 
77.0000000 338.6393455 338.6194589 
78.0000000 338.4429270 338.4230403 
79.0000000 338.2465084 338.2266218 
80.0000000 338.0500898 338.0302032 
81.0000000 337.8536713 337.8337847 
82.0000000 337.6572527 337.6373661 
83.0000000 337.4608342 337.4409476 
84.0000000 337.2644156 337.2445290 
85.0000000 337.0679971 337.0481105 
86.0000000 336.8715785 336.8516919 
87.0000000 336.6751600 336.6552734 
88.0000000 336.4787414 336.4588548 
89.0000000 336.2823229 336.2624363 
90.0000000 336.0859043 336.0660177 
91.0000000 335.8894858 335.8695992 
92.0000000 335.6930672 335.6731806 
93.0000000 335.4966487 335.4767621 
94.0000000 335.3002301 335.2803435 
95.0000000 335.1038116 335.0839250 
96.0000000 334.9073930 334.8875064 
97.0000000 334.7109745 334.6910879 
98.0000000 334.5145559 334.4946693 
99.0000000 334.3181374 334.2982508 
100.0000000 334.1217188 334.1018322 
101.0000000 333.9253003 333.9054137 
102.0000000 333.7288817 333.7089951 
103.0000000 333.5324632 333.5125766 
104.0000000 333.3360446 333.3161580 
105.0000000 333.1396261 333.1197395 
106.0000000 332.9432075 332.9233209 
107.0000000 332.7467890 332.7269024 
108.0000000 332.5503704 332.5304838 
109.0000000 332.3539519 332.3340653 
110.0000000 332.1575333 332.1376467 
111.0000000 331.9611148 331.9412282 
112.0000000 331.7646962 331.7448096 
113.0000000 331.5682777 331.5483911 
114.0000000 331.3718591 331.3519725 
115.0000000 331.1754406 331.1555540 
116.0000000 330.9790220 330.9591354 
117.0000000 330.7826035 330.7627169 
118.0000000 330.5861849 330.5662983 
119.0000000 330.3897664 330.3698798 
120.0000000 330.1933478 330.1734612 
121.0000000 329.9969293 329.9770427 
122.0000000 329.8005107 329.7806241 
123.0000000 329.6040922 329.5842056 
124.0000000 329.4076736 329.3877870 
125.0000000 329.2112551 329.1913685 
126.0000000 329.0148365 328.9949499 
127.0000000 328.8184180 328.7985314 
128.0000000 328.6219994 328.6021128 
129.0000000 328.4255809 328.4056943 
130.0000000 328.2291623 328.2092757 
131.0000000 328.0327438 328.0128572 
132.0000000 327.8363252 327.8164386 
133.0000000 327.6399067 327.6200201 
134.0000000 327.4434881 327.4236015 
135.0000000 327.2470696 327.2271830 
136.0000000 327.0506510 327.0307644 
137.0000000 326.8542325 326.8343459 
138.0000000 326.6578139 326.6379273 
139.0000000 326.4613954 326.4415088 
140.0000000 326.2649768 326.2450902 
141.0000000 326.0685583 326.0486717 
142.0000000 325.8721397 325.8522531 
143.0000000 325.6757212 325.6558346 
144.0000000 325.4793026 325.4594160 
145.0000000 325.2828841 325.2629975 
146.0000000 325.0864655 325.0665789 
147.0000000 324.8900470 324.8701604 
148.0000000 324.6936284 324.6737418 
149.0000000 324.4972099 324.4773233 
150.0000000 324.3007913 324.2809047 
151.0000000 324.1043728 324.0844862 
152.0000000 323.9079542 323.8880676 
153.0000000 323.7115357 323.6916491 
154.0000000 323.5151171 323.4952305 
155.0000000 323.3186986 323.2988120 
156.0000000 323.1222800 323.1023934 
157.0000000 322.9258615 322.9059749 
158.0000000 322.7294429 322.7095563 
159.0000000 322.5330244 322.5131378 
160.0000000 322.3366058 322.3167192 
161.0000000 322.1401873 322.1203007 
162.0000000 321.9437687 321.9238821 
163.0000000 321.7473502 321.7274636 
164.0000000 321.5509316 321.5310450 
165.0000000 321.3545131 321.3346265 
166.0000000 321.1580945 321.1382079 
167.0000000 320.9616760 320.9417894 
168.0000000 320.7652574 320.7453708 
169.0000000 320.5688389 320.5489523 
170.0000000 320.3724203 320.3525337 
171.0000000 320.1760018 320.1561152 
172.0000000 319.9795832 319.9596966 
173.0000000 319.7831647 319.7632781 
174.0000000 319.5867461 319.5668595 
175.0000000 319.3903276 319.3704410 
176.0000000 319.1939090 319.1740224 
177.0000000 318.9974905 318.9776039 
178.0000000 318.8010719 318.7811853 
179.0000000 318.6046534 318.5847668 
180.0000000 318.4082348 318.3883482 
181.0000000 318.2118163 318.1919297 
182.0000000 318.0153977 317.9955111 
183.0000000 317.8189792 317.7990926 
184.0000000 317.6225606 317.6026740 
185.0000000 317.4261421 317.4062555 
186.0000000 317.2297235 317.2098369 
187.0000000 317.0333050 317.0134184 
188.0000000 316.8368864 316.8169998 
189.0000000 316.6404679 316.6205813 
190.0000000 316.4440493 316.4241627 
191.0000000 316.2476308 316.2277442 
192.0000000 316.0512122 316.0313256 
193.0000000 315.8547937 315.8349071 
194.0000000 315.6583751 315.6384885 
195.0000000 315.4619566 315.4420700 
196.0000000 315.2655380 315.2456514 
197.0000000 315.0691195 315.0492329 
198.0000000 314.8727009 314.8528143 
199.0000000 314.6762824 314.6563958 
200.0000000 314.4798638 314.4599772 
201.0000000 314.2834453 314.2635587 
202.0000000 314.0870267 314.0671401 
203.0000000 313.8906082 313.8707216 
204.0000000 313.6941896 313.6743030 
205.0000000 313.4977711 313.4778845 
206.0000000 313.3013525 313.2814659 
207.0000000 313.1049340 313.0850474 
208.0000000 312.9085154 312.8886288 
209.0000000 312.7120969 312.6922103 
210.0000000 312.5156783 312.4957917 
211.0000000 312.3192598 312.2993732 
212.0000000 312.1228412 312.1029546 
213.0000000 311.9264227 311.9065361 
214.0000000 311.7300041 311.7101175 
215.0000000 311.5335856 311.5136990 
216.0000000 311.3371670 311.3172804 
217.0000000 311.1407485 311.1208619 
218.0000000 310.9443299 310.9244433 
219.0000000 310.7479114 310.7280247 
220.0000000 310.5514928 310.5316062 
221.0000000 310.3550743 310.3351876 
222.0000000 310.1586557 310.1387691 
223.0000000 309.9622372 309.9423505 
224.0000000 309.7658186 309.7459320 
225.0000000 309.5694001 309.5495134 
226.0000000 309.3729815 309.3530949 
227.0000000 309.1765630 309.1566763 
228.0000000 308.9801444 308.9602578 
229.0000000 308.7837259 308.7638392 
230.0000000 308.5873073 308.5674207 
231.0000000 308.3908887 308.3710021 
232.0000000 308.1944702 308.1745836 
233.0000000 307.9980516 307.9781650 
234.0000000 307.8016331 307.7817465 
235.0000000 307.6052145 307.5853279 
236.0000000 307.4087960 307.3889094 
237.0000000 307.2123774 307.1924908 
238.0000000 307.0159589 306.9960723 
239.0000000 306.8195403 306.7996537 
240.0000000 306.6231218 306.6032352 
241.0000000 306.4267032 306.4068166 
242.0000000 306.2302847 306.2103981 
243.0000000 306.0338661 306.0139795 
244.0000000 305.8374476 305.8175610 
245.0000000 305.6410290 305.6211424 
246.0000000 305.4446105 305.4247239 
247.0000000 305.2481919 305.2283053 
248.0000000 305.0517734 305.0318868 
249.0000000 304.8553548 304.8354682 
250.0000000 304.6589363 304.6390497 
251.0000000 304.4625177 304.4426311 
252.0000000 304.2660992 304.2462126 
253.0000000 304.0696806 304.0497940 
254.0000000 303.8732621 303.8533755 
255.0000000 303.6768435 303.6569569 
256.0000000 303.4804250 303.4605384 
257.0000000 303.2840064 303.2641198 
258.0000000 303.0875879 303.0677013 
259.0000000 302.8911693 302.8712827 
260.0000000 302.6947508 302.6748642 
261.0000000 302.4983322 302.4784456 
262.0000000 302.3019137 302.2820271 
263.0000000 302.1054951 302.0856085 
264.0000000 301.9090766 301.8891900 
265.0000000 301.7126580 301.6927714 
266.0000000 301.5162395 301.4963529 
267.0000000 301.3198209 301.2999343 
268.0000000 301.1234024 301.1035158 
269.0000000 300.9269838 300.9070972 
270.0000000 300.7305653 300.7106787 
271.0000000 300.5341467 300.5142601 
272.0000000 300.3377282 300.3178416 
273.0000000 300.1413096 300.1214230 
274.0000000 299.9448911 299.9250045 
275.0000000 299.7484725 299.7285859 
276.0000000 299.5520540 299.5321674 
277.0000000 299.3556354 299.3357488 
278.0000000 299.1592169 299.1393303 
279.0000000 298.9627983 298.9429117 
280.0000000 298.7663798 298.7464932 
281.0000000 298.5699612 298.5500746 
282.0000000 298.3735427 298.3536561 
283.0000000 298.1771241 298.1572375 
284.0000000 297.9807056 297.9608190 
285.0000000 297.7842870 297.7644004 
286.0000000 297.5878685 297.5679819 
287.0000000 297.3914499 297.3715633 
288.0000000 297.1950314 297.1751448 
289.0000000 296.9986128 296.9787262 
290.0000000 296.8021943 296.7823077 
291.0000000 296.6057757 296.5858891 
292.0000000 296.4093572 296.3894706 
293.0000000 296.2129386 296.1930520 
294.0000000 296.0165201 295.9966335 
295.0000000 295.8201015 295.8002149 
296.0000000 295.6236830 295.6037964 
297.0000000 295.4272644 295.4073778 
298.0000000 295.2308459 295.2109593 
299.0000000 295.0344273 295.0145407 
300.0000000 294.8380088 294.8181222 
301.0000000 294.6415902 294.6217036 
302.0000000 294.4451717 294.4252851 
303.0000000 294.2487531 294.2288665 
304.0000000 294.0523346 294.0324480 
305.0000000 293.8559160 293.8360294 
306.0000000 293.6594975 293.6396109 
307.0000000 293.4630789 293.4431923 
308.0000000 293.2666604 293.2467738 
309.0000000 293.0702418 293.0503552 
310.0000000 292.8738233 292.8539367 
311.0000000 292.6774047 292.6575181 
312.0000000 292.4809862 292.4610996 
313.0000000 292.2845676 292.2646810 
314.0000000 292.0881491 292.0682625 
315.0000000 291.8917305 291.8718439 
316.0000000 291.6953120 291.6754254 
317.0000000 291.4988934 291.4790068 
318.0000000 291.3024749 291.2825883 
319.0000000 291.1060563 291.0861697 
320.0000000 290.9096378 290.8897512 
321.0000000 290.7132192 290.6933326 
322.0000000 290.5168007 290.4969141 
323.0000000 290.3203821 290.3004955 
324.0000000 290.1239636 290.1040770 
325.0000000 289.9275450 289.9076584 
326.0000000 289.7311265 289.7112399 
327.0000000 289.5347079 289.5148213 
328.0000000 289.3382894 289.3184028 
329.0000000 289.1418708 289.1219842 
330.0000000 288.9454523 288.9255657 
331.0000000 288.7490337 288.7291471 
332.0000000 288.5526152 288.5327286 
333.0000000 288.3561966 288.3363100 
334.0000000 288.1597781 288.1398915 
335.0000000 287.9633595 287.9434729 
336.0000000 287.7669410 287.7470544 
337.0000000 287.5705224 287.5506358 
338.0000000 287.3741039 287.3542173 
339.0000000 287.1776853 287.1577987 
340.0000000 286.9812668 286.9613802 
341.0000000 286.7848482 286.7649616 
342.0000000 286.5884297 286.5685431 
343.0000000 286.3920111 286.3721245 
344.0000000 286.1955926 286.1757060 
345.0000000 285.9991740 285.9792874 
346.0000000 285.8027555 285.7828689 
347.0000000 285.6063369 285.5864503 
348.0000000 285.4099184 285.3900318 
349.0000000 285.2134998 285.1936132 
350.0000000 285.0170813 284.9971947 
351.0000000 284.8206627 284.8007761 
352.0000000 284.6242442 284.6043576 
353.0000000 284.4278256 284.4079390 
354.0000000 284.2314071 284.2115205 
355.0000000 284.0349885 284.0151019 
356.0000000 283.8385700 283.8186834 
357.0000000 283.6421514 283.6222648 
358.0000000 283.4457329 283.4258463 
359.0000000 283.2493143 283.2294277 
360.0000000 283.0528958 283.0330092 
361.0000000 282.8564772 282.8365906 
362.0000000 282.6600587 282.6401721 
363.0000000 282.4636401 282.4437535 
364.0000000 282.2672216 282.2473350 
365.0000000 282.0708030 282.0509164 
366.0000000 281.8743845 281.8544979 
367.0000000 281.6779659 281.6580793 
368.0000000 281.4815474 281.4616608 
369.0000000 281.2851288 281.2652422 
370.0000000 281.0887103 281.0688236 
371.0000000 280.8922917 280.8724051 
372.0000000 280.6958732 280.6759865 
373.0000000 280.4994546 280.4795680 
374.0000000 280.3030361 280.2831494 
375.0000000 280.1066175 280.0867309 
376.0000000 279.9101990 279.8903123 
377.0000000 279.7137804 279.6938938 
378.0000000 279.5173619 279.4974752 
379.0000000 279.3209433 279.3010567 
380.0000000 279.1245248 279.1046381 
381.0000000 278.9281062 278.9082196 
382.0000000 278.7316876 278.7118010 
383.0000000 278.5352691 278.5153825 
384.0000000 278.3388505 278.3189639 
385.0000000 278.1424320 278.1225454 
386.0000000 277.9460134 277.9261268 
387.0000000 277.7495949 277.7297083 
388.0000000 277.5531763 277.5332897 
389.0000000 277.3567578 277.3368712 
390.0000000 277.1603392 277.1404526 
391.0000000 276.9639207 276.9440341 
392.0000000 276.7675021 276.7476155 
393.0000000 276.5710836 276.5511970 
394.0000000 276.3746650 276.3547784 
395.0000000 276.1782465 276.1583599 
396.0000000 275.9818279 275.9619413 
397.0000000 275.7854094 275.7655228 
398.0000000 275.5889908 275.5691042 
399.0000000 275.3925723 275.3726857 
400.0000000 275.1961537 275.1762671 
401.0000000 274.9997352 274.9798486 
402.0000000 274.8033166 274.7834300 
403.0000000 274.6068981 274.5870115 
404.0000000 274.4104795 274.3905929 
405.0000000 274.2140610 274.1941744 
406.0000000 274.0176424 273.9977558 
407.0000000 273.8212239 273.8013373 
408.0000000 273.6248053 273.6049187 
409.0000000 273.4283868 273.4085002 
410.0000000 273.2319682 273.2120816 
411.0000000 273.0355497 273.0156631 
412.0000000 272.8391311 272.8192445 
413.0000000 272.6427126 272.6228260 
414.0000000 272.4462940 272.4264074 
415.0000000 272.2498755 272.2299889 
416.0000000 272.0534569 272.0335703 
417.0000000 271.8570384 271.8371518 
418.0000000 271.6606198 271.6407332 
419.0000000 271.4642013 271.4443147 
420.0000000 271.2677827 271.2478961 
421.0000000 271.0713642 271.0514776 
422.0000000 270.8749456 270.8550590 
423.0000000 270.6785271 270.6586405 
424.0000000 270.4821085 270.4622219 
425.0000000 270.2856900 270.2658034 
426.0000000 270.0892714 270.0693848 
427.0000000 269.8928529 269.8729663 
428.0000000 269.6964343 269.6765477 
429.0000000 269.5000158 269.4801292 
430.0000000 269.3035972 269.2837106 
431.0000000 269.1071787 269.0872921 
432.0000000 268.9107601 268.8908735 
433.0000000 268.7143416 268.6944550 
434.0000000 268.5179230 268.4980364 
435.0000000 268.3215045 268.3016179 
436.0000000 268.1250859 268.1051993 
437.0000000 267.9286674 267.9087808 
438.0000000 267.7322488 267.7123622 
439.0000000 267.5358303 267.5159437 
440.0000000 267.3394117 267.3195251 
441.0000000 267.1429932 267.1231066 
442.0000000 266.9465746 266.9266880 
443.0000000 266.7501561 266.7302695 
444.0000000 266.5537375 266.5338509 
445.0000000 266.3573190 266.3374324 
446.0000000 266.1609004 266.1410138 
447.0000000 265.9644819 265.9445953 
448.0000000 265.7680633 265.7481767 
449.0000000 265.5716448 265.5517582 
450.0000000 265.3752262 265.3553396 
451.0000000 265.1788077 265.1589211 
452.0000000 264.9823891 264.9625025 
453.0000000 264.7859706 264.7660840 
454.0000000 264.5895520 264.5696654 
455.0000000 264.3931335 264.3732469 
456.0000000 264.1967149 264.1768283 
457.0000000 264.0002964 263.9804098 
458.0000000 263.8038778 263.7839912 
459.0000000 263.6074593 263.5875727 
460.0000000 263.4110407 263.3911541 
461.0000000 263.2146222 263.1947356 
462.0000000 263.0182036 262.9983170 
463.0000000 262.8217851 262.8018985 
464.0000000 262.6253665 262.6054799 
465.0000000 262.4289480 262.4090614 
466.0000000 262.2325294 262.2126428 
467.0000000 262.0361109 262.0162243 
468.0000000 261.8396923 261.8198057 
469.0000000 261.6432738 261.6233872 
470.0000000 261.4468552 261.4269686 
471.0000000 261.2504367 261.2305501 
472.0000000 261.0540181 261.0341315 
473.0000000 260.8575996 260.8377130 
474.0000000 260.6611810 260.6412944 
475.0000000 260.4647625 260.4448759 
476.0000000 260.2683439 260.2484573 
477.0000000 260.0719254 260.0520388 
478.0000000 259.8755068 259.8556202 
479.0000000 259.6790883 259.6592017 
480.0000000 259.4826697 259.4627831 
481.0000000 259.2862512 259.2663646 
482.0000000 259.0898326 259.0699460 
483.0000000 258.8934141 258.8735275 
484.0000000 258.6969955 258.6771089 
485.0000000 258.5005770 258.4806904 
486.0000000 258.3041584 258.2842718 
487.0000000 258.1077399 258.0878533 
488.0000000 257.9113213 257.8914347 
489.0000000 257.7149028 257.6950162 
490.0000000 257.5184842 257.4985976 
491.0000000 257.3220657 257.3021791 
492.0000000 257.1256471 257.1057605 
493.0000000 256.9292286 256.9093420 
494.0000000 256.7328100 256.7129234 
495.0000000 256.5363915 256.5165049 
496.0000000 256.3399729 256.3200863 
497.0000000 256.1435544 256.1236678 
498.0000000 255.9471358 255.9272492 
499.0000000 255.7507173 255.7308307 
500.0000000 255.5542987 255.5344121 
501.0000000 255.3578802 255.3379936 
502.0000000 255.1614616 255.1415750 
503.0000000 254.9650431 254.9451565 
504.0000000 254.7686245 254.7487379 
505.0000000 254.5722060 254.5523194 
506.0000000 254.3757874 254.3559008 
507.0000000 254.1793689 254.1594823 
508.0000000 253.9829503 253.9630637 
509.0000000 253.7865318 253.7666452 
510.0000000 253.5901132 253.5702266 
511.0000000 253.3936947 253.3738081 
512.0000000 253.1972761 253.1773895 
513.0000000 253.0008576 252.9809710 
514.0000000 252.8044390 252.7845524 
515.0000000 252.6080205 252.5881339 
516.0000000 252.4116019 252.3917153 
517.0000000 252.2151834 252.1952968 
518.0000000 252.0187648 251.9988782 
519.0000000 251.8223463 251.8024597 
520.0000000 251.6259277 251.6060411 
521.0000000 251.4295092 251.4096226 
522.0000000 251.2330906 251.2132040 
523.0000000 251.0366721 251.0167854 
524.0000000 250.8402535 250.8203669 
525.0000000 250.6438350 250.6239483 
526.0000000 250.4474164 250.4275298 
527.0000000 250.2509979 250.2311112 
528.0000000 250.0545793 250.0346927 
529.0000000 249.8581608 249.8382741 
530.0000000 249.6617422 249.6418556 
531.0000000 249.4653237 249.4454370 
532.0000000 249.2689051 249.2490185 
533.0000000 249.0724866 249.0525999 
534.0000000 248.8760680 248.8561814 
535.0000000 248.6796494 248.6597628 
536.0000000 248.4832309 248.4633443 
537.0000000 248.2868123 248.2669257 
538.0000000 248.0903938 248.0705072 
539.0000000 247.8939752 247.8740886 
540.0000000 247.6975567 247.6776701 
541.0000000 247.5011381 247.4812515 
542.0000000 247.3047196 247.2848330 
543.0000000 247.1083010 247.0884144 
544.0000000 246.9118825 246.8919959 
545.0000000 246.7154639 246.6955773 
546.0000000 246.5190454 246.4991588 
547.0000000 246.3226268 246.3027402 
548.0000000 246.1262083 246.1063217 
549.0000000 245.9297897 245.9099031 
550.0000000 245.7333712 245.7134846 
551.0000000 245.5369526 245.5170660 
552.0000000 245.3405341 245.3206475 
553.0000000 245.1441155 245.1242289 
554.0000000 244.9476970 244.9278104 
555.0000000 244.7512784 244.7313918 
556.0000000 244.5548599 244.5349733 
557.0000000 244.3584413 244.3385547 
558.0000000 244.1620228 244.1421362 
559.0000000 243.9656042 243.9457176 
560.0000000 243.7691857 243.7492991 
561.0000000 243.5727671 243.5528805 
562.0000000 243.3763486 243.3564620 
563.0000000 243.1799300 243.1600434 
564.0000000 242.9835115 242.9636249 
565.0000000 242.7870929 242.7672063 
566.0000000 242.5906744 242.5707878 
567.0000000 242.3942558 242.3743692 
568.0000000 242.1978373 242.1779507 
569.0000000 242.0014187 241.9815321 
570.0000000 241.8050002 241.7851136 
571.0000000 241.6085816 241.5886950 
572.0000000 241.4121631 241.3922765 
573.0000000 241.2157445 241.1958579 
574.0000000 241.0193260 240.9994394 
575.0000000 240.8229074 240.8030208 
576.0000000 240.6264889 240.6066023 
577.0000000 240.4300703 240.4101837 
578.0000000 240.2336518 240.2137652 
579.0000000 240.0372332 240.0173466 
580.0000000 239.8408147 239.8209281 
581.0000000 239.6443961 239.6245095 
582.0000000 239.4479776 239.4280910 
583.0000000 239.2515590 239.2316724 
584.0000000 239.0551405 239.0352539 
585.0000000 238.8587219 238.8388353 
586.0000000 238.6623034 238.6424168 
587.0000000 238.4658848 238.4459982 
588.0000000 238.2694663 238.2495797 
589.0000000 238.0730477 238.0531611 
590.0000000 237.8766292 237.8567426 
591.0000000 237.6802106 237.6603240 
592.0000000 237.4837921 237.4639055 
593.0000000 237.2873735 237.2674869 
594.0000000 237.0909550 237.0710684 
595.0000000 236.8945364 236.8746498 
596.0000000 236.6981179 236.6782313 
597.0000000 236.5016993 236.4818127 
598.0000000 236.3052808 236.2853942 
599.0000000 236.1088622 236.0889756 
600.0000000 235.9124437 235.8925571 
601.0000000 235.7160251 235.6961385 
602.0000000 235.5196066 235.4997200 
603.0000000 235.3231880 235.3033014 
604.0000000 235.1267695 235.1068829 
605.0000000 234.9303509 234.9104643 
606.0000000 234.7339324 234.7140458 
607.0000000 234.5375138 234.5176272 
608.0000000 234.3410953 234.3212087 
609.0000000 234.1446767 234.1247901 
610.0000000 233.9482582 233.9283716 
611.0000000 233.7518396 233.7319530 
612.0000000 233.5554211 233.5355345 
613.0000000 233.3590025 233.3391159 
614.0000000 233.1625840 233.1426974 
615.0000000 232.9661654 232.9462788 
616.0000000 232.7697469 232.7498603 
617.0000000 232.5733283 232.5534417 
618.0000000 232.3769098 232.3570232 
619.0000000 232.1804912 232.1606046 
620.0000000 231.9840727 231.9641861 
621.0000000 231.7876541 231.7677675 
622.0000000 231.5912356 231.5713490 
623.0000000 231.3948170 231.3749304 
624.0000000 231.1983985 231.1785119 
625.0000000 231.0019799 230.9820933 
626.0000000 230.8055614 230.7856748 
627.0000000 230.6091428 230.5892562 
628.0000000 230.4127243 230.3928377 
629.0000000 230.2163057 230.1964191 
630.0000000 230.0198872 230.0000006 
631.0000000 229.8234686 229.8035820 
632.0000000 229.6270501 229.6071635 
633.0000000 229.4306315 229.4107449 
634.0000000 229.2342130 229.2143264 
635.0000000 229.0377944 229.0179078 
636.0000000 228.8413759 228.8214893 
637.0000000 228.6449573 228.6250707 
638.0000000 228.4485388 228.4286522 
639.0000000 228.2521202 228.2322336 
640.0000000 228.0557017 228.0358151 
641.0000000 227.8592831 227.8393965 
642.0000000 227.6628646 227.6429780 
643.0000000 227.4664460 227.4465594 
644.0000000 227.2700275 227.2501409 
645.0000000 227.0736089 227.0537223 
646.0000000 226.8771904 226.8573038 
647.0000000 226.6807718 226.6608852 
648.0000000 226.4843533 226.4644667 
649.0000000 226.2879347 226.2680481 
650.0000000 226.0915162 226.0716296 
651.0000000 225.8950976 225.8752110 
652.0000000 225.6986791 225.6787925 
653.0000000 225.5022605 225.4823739 
654.0000000 225.3058420 225.2859554 
655.0000000 225.1094234 225.0895368 
656.0000000 224.9130049 224.8931183 
657.0000000 224.7165863 224.6966997 
658.0000000 224.5201678 224.5002812 
659.0000000 224.3237492 224.3038626 
660.0000000 224.1273307 224.1074441 
661.0000000 223.9309121 223.9110255 
662.0000000 223.7344936 223.7146070 
663.0000000 223.5380750 223.5181884 
664.0000000 223.3416565 223.3217699 
665.0000000 223.1452379 223.1253513 
666.0000000 222.9488194 222.9289328 
667.0000000 222.7524008 222.7325142 
668.0000000 222.5559823 222.5360957 
669.0000000 222.3595637 222.3396771 
670.0000000 222.1631452 222.1432586 
671.0000000 221.9667266 221.9468400 
672.0000000 221.7703081 221.7504215 
673.0000000 221.5738895 221.5540029 
674.0000000 221.3774710 221.3575843 
675.0000000 221.1810524 221.1611658 
676.0000000 220.9846339 220.9647472 
677.0000000 220.7882153 220.7683287 
678.0000000 220.5917968 220.5719101 
679.0000000 220.3953782 220.3754916 
680.0000000 220.1989597 220.1790730 
681.0000000 220.0025411 219.9826545 
682.0000000 219.8061226 219.7862359 
683.0000000 219.6097040 219.5898174 
684.0000000 219.4132855 219.3933988 
685.0000000 219.2168669 219.1969803 
686.0000000 219.0204483 219.0005617 
687.0000000 218.8240298 218.8041432 
688.0000000 218.6276112 218.6077246 
689.0000000 218.4311927 218.4113061 
690.0000000 218.2347741 218.2148875 
691.0000000 218.0383556 218.0184690 
692.0000000 217.8419370 217.8220504 
693.0000000 217.6455185 217.6256319 
694.0000000 217.4490999 217.4292133 
695.0000000 217.2526814 217.2327948 
696.0000000 217.0562628 217.0363762 
697.0000000 216.8598443 216.8399577 
698.0000000 216.6634257 216.6435391 
699.0000000 216.4670072 216.4471206 
700.0000000 216.2705886 216.2507020 
701.0000000 216.0741701 216.0542835 
702.0000000 215.8777515 215.8578649 
703.0000000 215.6813330 215.6614464 
704.0000000 215.4849144 215.4650278 
705.0000000 215.2884959 215.2686093 
706.0000000 215.0920773 215.0721907 
707.0000000 214.8956588 214.8757722 
708.0000000 214.6992402 214.6793536 
709.0000000 214.5028217 214.4829351 
710.0000000 214.3064031 214.2865165 
711.0000000 214.1099846 214.0900980 
712.0000000 213.9135660 213.8936794 
713.0000000 213.7171475 213.6972609 
714.0000000 213.5207289 213.5008423 
715.0000000 213.3243104 213.3044238 
716.0000000 213.1278918 213.1080052 
717.0000000 212.9314733 212.9115867 
718.0000000 212.7350547 212.7151681 
719.0000000 212.5386362 212.5187496 
720.0000000 212.3422176 212.3223310 
721.0000000 212.1457991 212.1259125 
722.0000000 211.9493805 211.9294939 
723.0000000 211.7529620 211.7330754 
724.0000000 211.5565434 211.5366568 
725.0000000 211.3601249 211.3402383 
726.0000000 211.1637063 211.1438197 
727.0000000 210.9672878 210.9474012 
728.0000000 210.7708692 210.7509826 
729.0000000 210.5744507 210.5545641 
730.0000000 210.3780321 210.3581455 
731.0000000 210.1816136 210.1617270 
732.0000000 209.9851950 209.9653084 
733.0000000 209.7887765 209.7688899 
734.0000000 209.5923579 209.5724713 
735.0000000 209.3959394 209.3760528 
736.0000000 209.1995208 209.1796342 
737.0000000 209.0031023 208.9832157 
738.0000000 208.8066837 208.7867971 
739.0000000 208.6102652 208.5903786 
740.0000000 208.4138466 208.3939600 
741.0000000 208.2174281 208.1975415 
742.0000000 208.0210095 208.0011229 
743.0000000 207.8245910 207.8047044 
744.0000000 207.6281724 207.6082858 
745.0000000 207.4317539 207.4118673 
746.0000000 207.2353353 207.2154487 
747.0000000 207.0389168 207.0190302 
748.0000000 206.8424982 206.8226116 
749.0000000 206.6460797 206.6261931 
750.0000000 206.4496611 206.4297745 
751.0000000 206.2532426 206.2333560 
752.0000000 206.0568240 206.0369374 
753.0000000 205.8604055 205.8405189 
754.0000000 205.6639869 205.6441003 
755.0000000 205.4675684 205.4476818 
756.0000000 205.2711498 205.2512632 
757.0000000 205.0747313 205.0548447 
758.0000000 204.8783127 204.8584261 
759.0000000 204.6818942 204.6620076 
760.0000000 204.4854756 204.4655890 
761.0000000 204.2890571 204.2691705 
762.0000000 204.0926385 204.0727519 
763.0000000 203.8962200 203.8763334 
764.0000000 203.6998014 203.6799148 
765.0000000 203.5033829 203.4834963 
766.0000000 203.3069643 203.2870777 
767.0000000 203.1105458 203.0906592 
768.0000000 202.9141272 202.8942406 
769.0000000 202.7177087 202.6978221 
770.0000000 202.5212901 202.5014035 
771.0000000 202.3248716 202.3049850 
772.0000000 202.1284530 202.1085664 
773.0000000 201.9320345 201.9121479 
774.0000000 201.7356159 201.7157293 
775.0000000 201.5391974 201.5193108 
776.0000000 201.3427788 201.3228922 
777.0000000 201.1463603 201.1264737 
778.0000000 200.9499417 200.9300551 
779.0000000 200.7535232 200.7336366 
780.0000000 200.5571046 200.5372180 
781.0000000 200.3606861 200.3407995 
782.0000000 200.1642675 200.1443809 
783.0000000 199.9678490 199.9479624 
784.0000000 199.7714304 199.7515438 
785.0000000 199.5750119 199.5551253 
786.0000000 199.3785933 199.3587067 
787.0000000 199.1821748 199.1622882 
788.0000000 198.9857562 198.9658696 
789.0000000 198.7893377 198.7694511 
790.0000000 198.5929191 198.5730325 
791.0000000 198.3965006 198.3766140 
792.0000000 198.2000820 198.1801954 
793.0000000 198.0036635 197.9837769 
794.0000000 197.8072449 197.7873583 
795.0000000 197.6108264 197.5909398 
796.0000000 197.4144078 197.3945212 
797.0000000 197.2179893 197.1981027 
798.0000000 197.0215707 197.0016841 
799.0000000 196.8251522 196.8052656 
800.0000000 196.6287336 196.6088470 
801.0000000 196.4323151 196.4124285 
802.0000000 196.2358965 196.2160099 
803.0000000 196.0394780 196.0195914 
804.0000000 195.8430594 195.8231728 
805.0000000 195.6466409 195.6267543 
806.0000000 195.4502223 195.4303357 
807.0000000 195.2538038 195.2339172 
808.0000000 195.0573852 195.0374986 
809.0000000 194.8609667 194.8410801 
810.0000000 194.6645481 194.6446615 
811.0000000 194.4681296 194.4482430 
812.0000000 194.2717110 194.2518244 
813.0000000 194.0752925 194.0554059 
814.0000000 193.8788739 193.8589873 
815.0000000 193.6824554 193.6625688 
816.0000000 193.4860368 193.4661502 
817.0000000 193.2896183 193.2697317 
818.0000000 193.0931997 193.0733131 
819.0000000 192.8967812 192.8768946 
820.0000000 192.7003626 192.6804760 
821.0000000 192.5039441 192.4840575 
822.0000000 192.3075255 192.2876389 
823.0000000 192.1111070 192.0912204 
824.0000000 191.9146884 191.8948018 
825.0000000 191.7182699 191.6983832 
826.0000000 191.5218513 191.5019647 
827.0000000 191.3254328 191.3055461 
828.0000000 191.1290142 191.1091276 
829.0000000 190.9325957 190.9127090 
830.0000000 190.7361771 190.7162905 
831.0000000 190.5397586 190.5198719 
832.0000000 190.3433400 190.3234534 
833.0000000 190.1469215 190.1270348 
834.0000000 189.9505029 189.9306163 
835.0000000 189.7540844 189.7341977 
836.0000000 189.5576658 189.5377792 
837.0000000 189.3612472 189.3413606 
838.0000000 189.1648287 189.1449421 
839.0000000 188.9684101 188.9485235 
840.0000000 188.7719916 188.7521050 
841.0000000 188.5755730 188.5556864 
842.0000000 188.3791545 188.3592679 
843.0000000 188.1827359 188.1628493 
844.0000000 187.9863174 187.9664308 
845.0000000 187.7898988 187.7700122 
846.0000000 187.5934803 187.5735937 
847.0000000 187.3970617 187.3771751 
848.0000000 187.2006432 187.1807566 
849.0000000 187.0042246 186.9843380 
850.0000000 186.8078061 186.7879195 
851.0000000 186.6113875 186.5915009 
852.0000000 186.4149690 186.3950824 
853.0000000 186.2185504 186.1986638 
854.0000000 186.0221319 186.0022453 
855.0000000 185.8257133 185.8058267 
856.0000000 185.6292948 185.6094082 
857.0000000 185.4328762 185.4129896 
858.0000000 185.2364577 185.2165711 
859.0000000 185.0400391 185.0201525 
860.0000000 184.8436206 184.8237340 
861.0000000 184.6472020 184.6273154 
862.0000000 184.4507835 184.4308969 
863.0000000 184.2543649 184.2344783 
864.0000000 184.0579464 184.0380598 
865.0000000 183.8615278 183.8416412 
866.0000000 183.6651093 183.6452227 
867.0000000 183.4686907 183.4488041 
868.0000000 183.2722722 183.2523856 
869.0000000 183.0758536 183.0559670 
870.0000000 182.8794351 182.8595485 
871.0000000 182.6830165 182.6631299 
872.0000000 182.4865980 182.4667114 
873.0000000 182.2901794 182.2702928 
874.0000000 182.0937609 182.0738743 
875.0000000 181.8973423 181.8774557 
876.0000000 181.7009238 181.6810372 
877.0000000 181.5045052 181.4846186 
878.0000000 181.3080867 181.2882001 
879.0000000 181.1116681 181.0917815 
880.0000000 180.9152496 180.8953630 
881.0000000 180.7188310 180.6989444 
882.0000000 180.5224125 180.5025259 
883.0000000 180.3259939 180.3061073 
884.0000000 180.1295754 180.1096888 
885.0000000 179.9331568 179.9132702 
886.0000000 179.7367383 179.7168517 
887.0000000 179.5403197 179.5204331 
888.0000000 179.3439012 179.3240146 
889.0000000 179.1474826 179.1275960 
890.0000000 178.9510641 178.9311775 
891.0000000 178.7546455 178.7347589 
892.0000000 178.5582270 178.5383404 
893.0000000 178.3618084 178.3419218 
894.0000000 178.1653899 178.1455033 
895.0000000 177.9689713 177.9490847 
896.0000000 177.7725528 177.7526662 
897.0000000 177.5761342 177.5562476 
898.0000000 177.3797157 177.3598291 
899.0000000 177.1832971 177.1634105 
900.0000000 176.9868786 176.9669920 
901.0000000 176.7904600 176.7705734 
902.0000000 176.5940415 176.5741549 
903.0000000 176.3976229 176.3777363 
904.0000000 176.2012044 176.1813178 
905.0000000 176.0047858 175.9848992 
906.0000000 175.8083673 175.7884807 
907.0000000 175.6119487 175.5920621 
908.0000000 175.4155302 175.3956436 
909.0000000 175.2191116 175.1992250 
910.0000000 175.0226931 175.0028065 
911.0000000 174.8262745 174.8063879 
912.0000000 174.6298560 174.6099694 
913.0000000 174.4334374 174.4135508 
914.0000000 174.2370189 174.2171323 
915.0000000 174.0406003 174.0207137 
916.0000000 173.8441818 173.8242952 
917.0000000 173.6477632 173.6278766 
918.0000000 173.4513447 173.4314581 
919.0000000 173.2549261 173.2350395 
920.0000000 173.0585076 173.0386210 
921.0000000 172.8620890 172.8422024 
922.0000000 172.6656705 172.6457839 
923.0000000 172.4692519 172.4493653 
924.0000000 172.2728334 172.2529468 
925.0000000 172.0764148 172.0565282 
926.0000000 171.8799963 171.8601097 
927.0000000 171.6835777 171.6636911 
928.0000000 171.4871592 171.4672726 
929.0000000 171.2907406 171.2708540 
930.0000000 171.0943221 171.0744355 
931.0000000 170.8979035 170.8780169 
932.0000000 170.7014850 170.6815984 
933.0000000 170.5050664 170.4851798 
934.0000000 170.3086479 170.2887613 
935.0000000 170.1122293 170.0923427 
936.0000000 169.9158108 169.8959242 
937.0000000 169.7193922 169.6995056 
938.0000000 169.5229737 169.5030871 
939.0000000 169.3265551 169.3066685 
940.0000000 169.1301366 169.1102500 
941.0000000 168.9337180 168.9138314 
942.0000000 168.7372995 168.7174129 
943.0000000 168.5408809 168.5209943 
944.0000000 168.3444624 168.3245758 
945.0000000 168.1480438 168.1281572 
946.0000000 167.9516253 167.9317387 
947.0000000 167.7552067 167.7353201 
948.0000000 167.5587882 167.5389016 
949.0000000 167.3623696 167.3424830 
950.0000000 167.1659511 167.1460645 
951.0000000 166.9695325 166.9496459 
952.0000000 166.7731140 166.7532274 
953.0000000 166.5766954 166.5568088 
954.0000000 166.3802769 166.3603903 
955.0000000 166.1838583 166.1639717 
956.0000000 165.9874398 165.9675532 
957.0000000 165.7910212 165.7711346 
958.0000000 165.5946027 165.5747161 
959.0000000 165.3981841 165.3782975 
960.0000000 165.2017656 165.1818790 
961.0000000 165.0053470 164.9854604 
962.0000000 164.8089285 164.7890419 
963.0000000 164.6125099 164.5926233 
964.0000000 164.4160914 164.3962048 
965.0000000 164.2196728 164.1997862 
966.0000000 164.0232543 164.0033677 
967.0000000 163.8268357 163.8069491 
968.0000000 163.6304172 163.6105306 
969.0000000 163.4339986 163.4141120 
970.0000000 163.2375801 163.2176935 
971.0000000 163.0411615 163.0212749 
972.0000000 162.8447430 162.8248564 
973.0000000 162.6483244 162.6284378 
974.0000000 162.4519059 162.4320193 
975.0000000 162.2554873 162.2356007 
976.0000000 162.0590688 162.0391822 
977.0000000 161.8626502 161.8427636 
978.0000000 161.6662317 161.6463450 
979.0000000 161.4698131 161.4499265 
980.0000000 161.2733946 161.2535079 
981.0000000 161.0769760 161.0570894 
982.0000000 160.8805575 160.8606708 
983.0000000 160.6841389 160.6642523 
984.0000000 160.4877204 160.4678337 
985.0000000 160.2913018 160.2714152 
986.0000000 160.0948833 160.0749966 
987.0000000 159.8984647 159.8785781 
988.0000000 159.7020462 159.6821595 
989.0000000 159.5056276 159.4857410 
990.0000000 159.3092090 159.2893224 
991.0000000 159.1127905 159.0929039 
992.0000000 158.9163719 158.8964853 
993.0000000 158.7199534 158.7000668 
994.0000000 158.5235348 158.5036482 
995.0000000 158.3271163 158.3072297 
996.0000000 158.1306977 158.1108111 
997.0000000 157.9342792 157.9143926 
998.0000000 157.7378606 157.7179740 
999.0000000 157.5414421 157.5215555 
1000.0000000 157.3450235 157.3251369 
1001.0000000 157.1486050 157.1287184 
1002.0000000 156.9521864 156.9322998 
1003.0000000 156.7557679 156.7358813 
1004.0000000 156.5593493 156.5394627 
1005.0000000 156.3629308 156.3430442 
1006.0000000 156.1665122 156.1466256 
1007.0000000 155.9700937 155.9502071 
1008.0000000 155.7736751 155.7537885 
1009.0000000 155.5772566 155.5573700 
1010.0000000 155.3808380 155.3609514 
1011.0000000 155.1844195 155.1645329 
1012.0000000 154.9880009 154.9681143 
1013.0000000 154.7915824 154.7716958 
1014.0000000 154.5951638 154.5752772 
1015.0000000 154.3987453 154.3788587 
1016.0000000 154.2023267 154.1824401 
1017.0000000 154.0059082 153.9860216 
1018.0000000 153.8094896 153.7896030 
1019.0000000 153.6130711 153.5931845 
1020.0000000 153.4166525 153.3967659 
1021.0000000 153.2202340 153.2003474 
1022.0000000 153.0238154 153.0039288 
1023.0000000 152.8273969 152.8075103 
1024.0000000 152.6309783 152.6110917 
1025.0000000 152.4345598 152.4146732 
1026.0000000 152.2381412 152.2182546 
1027.0000000 152.0417227 152.0218361 
1028.0000000 151.8453041 151.8254175 
1029.0000000 151.6488856 151.6289990 
1030.0000000 151.4524670 151.4325804 
1031.0000000 151.2560485 151.2361619 
1032.0000000 151.0596299 151.0397433 
1033.0000000 150.8632114 150.8433248 
1034.0000000 150.6667928 150.6469062 
1035.0000000 150.4703743 150.4504877 
1036.0000000 150.2739557 150.2540691 
1037.0000000 150.0775372 150.0576506 
1038.0000000 149.8811186 149.8612320 
1039.0000000 149.6847001 149.6648135 
1040.0000000 149.4882815 149.4683949 
1041.0000000 149.2918630 149.2719764 
1042.0000000 149.0954444 149.0755578 
1043.0000000 148.8990259 148.8791393 
1044.0000000 148.7026073 148.6827207 
1045.0000000 148.5061888 148.4863022 
1046.0000000 148.3097702 148.2898836 
1047.0000000 148.1133517 148.0934651 
1048.0000000 147.9169331 147.8970465 
1049.0000000 147.7205146 147.7006280 
1050.0000000 147.5240960 147.5042094 
1051.0000000 147.3276775 147.3077909 
1052.0000000 147.1312589 147.1113723 
1053.0000000 146.9348404 146.9149538 
1054.0000000 146.7384218 146.7185352 
1055.0000000 146.5420033 146.5221167 
1056.0000000 146.3455847 146.3256981 
1057.0000000 146.1491662 146.1292796 
1058.0000000 145.9527476 145.9328610 
1059.0000000 145.7563291 145.7364425 
1060.0000000 145.5599105 145.5400239 
1061.0000000 145.3634920 145.3436054 
1062.0000000 145.1670734 145.1471868 
1063.0000000 144.9706549 144.9507683 
1064.0000000 144.7742363 144.7543497 
1065.0000000 144.5778178 144.5579312 
1066.0000000 144.3813992 144.3615126 
1067.0000000 144.1849807 144.1650941 
1068.0000000 143.9885621 143.9686755 
1069.0000000 143.7921436 143.7722570 
1070.0000000 143.5957250 143.5758384 
1071.0000000 143.3993065 143.3794199 
1072.0000000 143.2028879 143.1830013 
1073.0000000 143.0064694 142.9865828 
1074.0000000 142.8100508 142.7901642 
1075.0000000 142.6136323 142.5937457 
1076.0000000 142.4172137 142.3973271 
1077.0000000 142.2207952 142.2009086 
1078.0000000 142.0243766 142.0044900 
1079.0000000 141.8279581 141.8080715 
1080.0000000 141.6315395 141.6116529 
1081.0000000 141.4351210 141.4152344 
1082.0000000 141.2387024 141.2188158 
1083.0000000 141.0422839 141.0223973 
1084.0000000 140.8458653 140.8259787 
1085.0000000 140.6494468 140.6295602 
1086.0000000 140.4530282 140.4331416 
1087.0000000 140.2566097 140.2367231 
1088.0000000 140.0601911 140.0403045 
1089.0000000 139.8637726 139.8438860 
1090.0000000 139.6673540 139.6474674 
1091.0000000 139.4709355 139.4510489 
1092.0000000 139.2745169 139.2546303 
1093.0000000 139.0780984 139.0582118 
1094.0000000 138.8816798 138.8617932 
1095.0000000 138.6852613 138.6653747 
1096.0000000 138.4888427 138.4689561 
1097.0000000 138.2924242 138.2725376 
1098.0000000 138.0960056 138.0761190 
1099.0000000 137.8995871 137.8797005 
1100.0000000 137.7031685 137.6832819 
1101.0000000 137.5067500 137.4868634 
1102.0000000 137.3103314 137.2904448 
1103.0000000 137.1139129 137.0940263 
1104.0000000 136.9174943 136.8976077 
1105.0000000 136.7210758 136.7011892 
1106.0000000 136.5246572 136.5047706 
1107.0000000 136.3282387 136.3083521 
1108.0000000 136.1318201 136.1119335 
1109.0000000 135.9354016 135.9155150 
1110.0000000 135.7389830 135.7190964 
1111.0000000 135.5425645 135.5226779 
1112.0000000 135.3461459 135.3262593 
1113.0000000 135.1497274 135.1298408 
1114.0000000 134.9533088 134.9334222 
1115.0000000 134.7568903 134.7370037 
1116.0000000 134.5604717 134.5405851 
1117.0000000 134.3640532 134.3441666 
1118.0000000 134.1676346 134.1477480 
1119.0000000 133.9712161 133.9513295 
1120.0000000 133.7747975 133.7549109 
1121.0000000 133.5783790 133.5584924 
1122.0000000 133.3819604 133.3620738 
1123.0000000 133.1855419 133.1656553 
1124.0000000 132.9891233 132.9692367 
1125.0000000 132.7927048 132.7728182 
1126.0000000 132.5962862 132.5763996 
1127.0000000 132.3998677 132.3799811 
1128.0000000 132.2034491 132.1835625 
1129.0000000 132.0070306 131.9871439 
1130.0000000 131.8106120 131.7907254 
1131.0000000 131.6141935 131.5943068 
1132.0000000 131.4177749 131.3978883 
1133.0000000 131.2213564 131.2014697 
1134.0000000 131.0249378 131.0050512 
1135.0000000 130.8285193 130.8086326 
1136.0000000 130.6321007 130.6122141 
1137.0000000 130.4356822 130.4157955 
1138.0000000 130.2392636 130.2193770 
1139.0000000 130.0428451 130.0229584 
1140.0000000 129.8464265 129.8265399 
1141.0000000 129.6500079 129.6301213 
1142.0000000 129.4535894 129.4337028 
1143.0000000 129.2571708 129.2372842 
1144.0000000 129.0607523 129.0408657 
1145.0000000 128.8643337 128.8444471 
1146.0000000 128.6679152 128.6480286 
1147.0000000 128.4714966 128.4516100 
1148.0000000 128.2750781 128.2551915 
1149.0000000 128.0786595 128.0587729 
1150.0000000 127.8822410 127.8623544 
1151.0000000 127.6858224 127.6659358 
1152.0000000 127.4894039 127.4695173 
1153.0000000 127.2929853 127.2730987 
1154.0000000 127.0965668 127.0766802 
1155.0000000 126.9001482 126.8802616 
1156.0000000 126.7037297 126.6838431 
1157.0000000 126.5073111 126.4874245 
1158.0000000 126.3108926 126.2910060 
1159.0000000 126.1144740 126.0945874 
1160.0000000 125.9180555 125.8981689 
1161.0000000 125.7216369 125.7017503 
1162.0000000 125.5252184 125.5053318 
1163.0000000 125.3287998 125.3089132 
1164.0000000 125.1323813 125.1124947 
1165.0000000 124.9359627 124.9160761 
1166.0000000 124.7395442 124.7196576 
1167.0000000 124.5431256 124.5232390 
1168.0000000 124.3467071 124.3268205 
1169.0000000 124.1502885 124.1304019 
1170.0000000 123.9538700 123.9339834 
1171.0000000 123.7574514 123.7375648 
1172.0000000 123.5610329 123.5411463 
1173.0000000 123.3646143 123.3447277 
1174.0000000 123.1681958 123.1483092 
1175.0000000 122.9717772 122.9518906 
1176.0000000 122.7753587 122.7554721 
1177.0000000 122.5789401 122.5590535 
1178.0000000 122.3825216 122.3626350 
1179.0000000 122.1861030 122.1662164 
1180.0000000 121.9896845 121.9697979 
1181.0000000 121.7932659 121.7733793 
1182.0000000 121.5968474 121.5769608 
1183.0000000 121.4004288 121.3805422 
1184.0000000 121.2040103 121.1841237 
1185.0000000 121.0075917 120.9877051 
1186.0000000 120.8111732 120.7912866 
1187.0000000 120.6147546 120.5948680 
1188.0000000 120.4183361 120.3984495 
1189.0000000 120.2219175 120.2020309 
1190.0000000 120.0254990 120.0056124 
1191.0000000 119.8290804 119.8091938 
1192.0000000 119.6326619 119.6127753 
1193.0000000 119.4362433 119.4163567 
1194.0000000 119.2398248 119.2199382 
1195.0000000 119.0434062 119.0235196 
1196.0000000 118.8469877 118.8271011 
1197.0000000 118.6505691 118.6306825 
1198.0000000 118.4541506 118.4342640 
1199.0000000 118.2577320 118.2378454 
1200.0000000 118.0613135 118.0414269 
1201.0000000 117.8648949 117.8450083 
1202.0000000 117.6684764 117.6485898 
1203.0000000 117.4720578 117.4521712 
1204.0000000 117.2756393 117.2557527 
1205.0000000 117.0792207 117.0593341 
1206.0000000 116.8828022 116.8629156 
1207.0000000 116.6863836 116.6664970 
1208.0000000 116.4899651 116.4700785 
1209.0000000 116.2935465 116.2736599 
1210.0000000 116.0971280 116.0772414 
1211.0000000 115.9007094 115.8808228 
1212.0000000 115.7042909 115.6844043 
1213.0000000 115.5078723 115.4879857 
1214.0000000 115.3114538 115.2915672 
1215.0000000 115.1150352 115.0951486 
1216.0000000 114.9186167 114.8987301 
1217.0000000 114.7221981 114.7023115 
1218.0000000 114.5257796 114.5058930 
1219.0000000 114.3293610 114.3094744 
1220.0000000 114.1329425 114.1130559 
1221.0000000 113.9365239 113.9166373 
1222.0000000 113.7401054 113.7202188 
1223.0000000 113.5436868 113.5238002 
1224.0000000 113.3472683 113.3273817 
1225.0000000 113.1508497 113.1309631 
1226.0000000 112.9544312 112.9345446 
1227.0000000 112.7580126 112.7381260 
1228.0000000 112.5615941 112.5417075 
1229.0000000 112.3651755 112.3452889 
1230.0000000 112.1687570 112.1488704 
1231.0000000 111.9723384 111.9524518 
1232.0000000 111.7759199 111.7560333 
1233.0000000 111.5795013 111.5596147 
1234.0000000 111.3830828 111.3631962 
1235.0000000 111.1866642 111.1667776 
1236.0000000 110.9902457 110.9703591 
1237.0000000 110.7938271 110.7739405 
1238.0000000 110.5974086 110.5775220 
1239.0000000 110.4009900 110.3811034 
1240.0000000 110.2045715 110.1846849 
1241.0000000 110.0081529 109.9882663 
1242.0000000 109.8117344 109.7918478 
1243.0000000 109.6153158 109.5954292 
1244.0000000 109.4188973 109.3990107 
1245.0000000 109.2224787 109.2025921 
1246.0000000 109.0260602 109.0061736 
1247.0000000 108.8296416 108.8097550 
1248.0000000 108.6332231 108.6133365 
1249.0000000 108.4368045 108.4169179 
1250.0000000 108.2403860 108.2204994 
1251.0000000 108.0439674 108.0240808 
1252.0000000 107.8475489 107.8276623 
1253.0000000 107.6511303 107.6312437 
1254.0000000 107.4547118 107.4348252 
1255.0000000 107.2582932 107.2384066 
1256.0000000 107.0618747 107.0419881 
1257.0000000 106.8654561 106.8455695 
1258.0000000 106.6690376 106.6491510 
1259.0000000 106.4726190 106.4527324 
1260.0000000 106.2762005 106.2563139 
1261.0000000 106.0797819 106.0598953 
1262.0000000 105.8833634 105.8634768 
1263.0000000 105.6869448 105.6670582 
1264.0000000 105.4905263 105.4706397 
1265.0000000 105.2941077 105.2742211 
1266.0000000 105.0976892 105.0778026 
1267.0000000 104.9012706 104.8813840 
1268.0000000 104.7048521 104.6849655 
1269.0000000 104.5084335 104.4885469 
1270.0000000 104.3120150 104.2921284 
1271.0000000 104.1155964 104.0957098 
1272.0000000 103.9191779 103.8992913 
1273.0000000 103.7227593 103.7028727 
1274.0000000 103.5263408 103.5064542 
1275.0000000 103.3299222 103.3100356 
1276.0000000 103.1335037 103.1136171 
1277.0000000 102.9370851 102.9171985 
1278.0000000 102.7406666 102.7207800 
1279.0000000 102.5442480 102.5243614 
1280.0000000 102.3478295 102.3279428 
1281.0000000 102.1514109 102.1315243 
1282.0000000 101.9549924 101.9351057 
1283.0000000 101.7585738 101.7386872 
1284.0000000 101.5621553 101.5422686 
1285.0000000 101.3657367 101.3458501 
1286.0000000 101.1693182 101.1494315 
1287.0000000 100.9728996 100.9530130 
1288.0000000 100.7764811 100.7565944 
1289.0000000 100.5800625 100.5601759 
1290.0000000 100.3836440 100.3637573 
1291.0000000 100.1872254 100.1673388 
1292.0000000 99.9908068 99.9709202 
1293.0000000 99.7943883 99.7745017 
1294.0000000 99.5979697 99.5780831 
1295.0000000 99.4015512 99.3816646 
1296.0000000 99.2051326 99.1852460 
1297.0000000 99.0087141 98.9888275 
1298.0000000 98.8122955 98.7924089 
1299.0000000 98.6158770 98.5959904 
1300.0000000 98.4194584 98.3995718 
1301.0000000 98.2230399 98.2031533 
1302.0000000 98.0266213 98.0067347 
1303.0000000 97.8302028 97.8103162 
1304.0000000 97.6337842 97.6138976 
1305.0000000 97.4373657 97.4174791 
1306.0000000 97.2409471 97.2210605 
1307.0000000 97.0445286 97.0246420 
1308.0000000 96.8481100 96.8282234 
1309.0000000 96.6516915 96.6318049 
1310.0000000 96.4552729 96.4353863 
1311.0000000 96.2588544 96.2389678 
1312.0000000 96.0624358 96.0425492 
1313.0000000 95.8660173 95.8461307 
1314.0000000 95.6695987 95.6497121 
1315.0000000 95.4731802 95.4532936 
1316.0000000 95.2767616 95.2568750 
1317.0000000 95.0803431 95.0604565 
1318.0000000 94.8839245 94.8640379 
1319.0000000 94.6875060 94.6676194 
1320.0000000 94.4910874 94.4712008 
1321.0000000 94.2946689 94.2747823 
1322.0000000 94.0982503 94.0783637 
1323.0000000 93.9018318 93.8819452 
1324.0000000 93.7054132 93.6855266 
1325.0000000 93.5089947 93.4891081 
1326.0000000 93.3125761 93.2926895 
1327.0000000 93.1161576 93.0962710 
1328.0000000 92.9197390 92.8998524 
1329.0000000 92.7233205 92.7034339 
1330.0000000 92.5269019 92.5070153 
1331.0000000 92.3304834 92.3105968 
1332.0000000 92.1340648 92.1141782 
1333.0000000 91.9376463 91.9177597 
1334.0000000 91.7412277 91.7213411 
1335.0000000 91.5448092 91.5249226 
1336.0000000 91.3483906 91.3285040 
1337.0000000 91.1519721 91.1320855 
1338.0000000 90.9555535 90.9356669 
1339.0000000 90.7591350 90.7392484 
1340.0000000 90.5627164 90.5428298 
1341.0000000 90.3662979 90.3464113 
1342.0000000 90.1698793 90.1499927 
1343.0000000 89.9734608 89.9535742 
1344.0000000 89.7770422 89.7571556 
1345.0000000 89.5806237 89.5607371 
1346.0000000 89.3842051 89.3643185 
1347.0000000 89.1877866 89.1679000 
1348.0000000 88.9913680 88.9714814 
1349.0000000 88.7949495 88.7750629 
1350.0000000 88.5985309 88.5786443 
1351.0000000 88.4021124 88.3822258 
1352.0000000 88.2056938 88.1858072 
1353.0000000 88.0092753 87.9893887 
1354.0000000 87.8128567 87.7929701 
1355.0000000 87.6164382 87.5965516 
1356.0000000 87.4200196 87.4001330 
1357.0000000 87.2236011 87.2037145 
1358.0000000 87.0271825 87.0072959 
1359.0000000 86.8307640 86.8108774 
1360.0000000 86.6343454 86.6144588 
1361.0000000 86.4379269 86.4180403 
1362.0000000 86.2415083 86.2216217 
1363.0000000 86.0450898 86.0252032 
1364.0000000 85.8486712 85.8287846 
1365.0000000 85.6522527 85.6323661 
1366.0000000 85.4558341 85.4359475 
1367.0000000 85.2594156 85.2395290 
1368.0000000 85.0629970 85.0431104 
1369.0000000 84.8665785 84.8466919 
1370.0000000 84.6701599 84.6502733 
1371.0000000 84.4737414 84.4538548 
1372.0000000 84.2773228 84.2574362 
1373.0000000 84.0809043 84.0610177 
1374.0000000 83.8844857 83.8645991 
1375.0000000 83.6880672 83.6681806 
1376.0000000 83.4916486 83.4717620 
1377.0000000 83.2952301 83.2753435 
1378.0000000 83.0988115 83.0789249 
1379.0000000 82.9023930 82.8825064 
1380.0000000 82.7059744 82.6860878 
1381.0000000 82.5095559 82.4896693 
1382.0000000 82.3131373 82.2932507 
1383.0000000 82.1167188 82.0968322 
1384.0000000 81.9203002 81.9004136 
1385.0000000 81.7238817 81.7039951 
1386.0000000 81.5274631 81.5075765 
1387.0000000 81.3310446 81.3111580 
1388.0000000 81.1346260 81.1147394 
1389.0000000 80.9382075 80.9183209 
1390.0000000 80.7417889 80.7219023 
1391.0000000 80.5453704 80.5254838 
1392.0000000 80.3489518 80.3290652 
1393.0000000 80.1525333 80.1326467 
1394.0000000 79.9561147 79.9362281 
1395.0000000 79.7596962 79.7398096 
1396.0000000 79.5632776 79.5433910 
1397.0000000 79.3668591 79.3469725 
1398.0000000 79.1704405 79.1505539 
1399.0000000 78.9740220 78.9541354 
1400.0000000 78.7776034 78.7577168 
1401.0000000 78.5811849 78.5612983 
1402.0000000 78.3847663 78.3648797 
1403.0000000 78.1883478 78.1684612 
1404.0000000 77.9919292 77.9720426 
1405.0000000 77.7955107 77.7756241 
1406.0000000 77.5990921 77.5792055 
1407.0000000 77.4026736 77.3827870 
1408.0000000 77.2062550 77.1863684 
1409.0000000 77.0098365 76.9899499 
1410.0000000 76.8134179 76.7935313 
1411.0000000 76.6169994 76.5971128 
1412.0000000 76.4205808 76.4006942 
1413.0000000 76.2241623 76.2042757 
1414.0000000 76.0277437 76.0078571 
1415.0000000 75.8313252 75.8114386 
1416.0000000 75.6349066 75.6150200 
1417.0000000 75.4384881 75.4186015 
1418.0000000 75.2420695 75.2221829 
1419.0000000 75.0456510 75.0257644 
1420.0000000 74.8492324 74.8293458 
1421.0000000 74.6528139 74.6329273 
1422.0000000 74.4563953 74.4365087 
1423.0000000 74.2599768 74.2400902 
1424.0000000 74.0635582 74.0436716 
1425.0000000 73.8671397 73.8472531 
1426.0000000 73.6707211 73.6508345 
1427.0000000 73.4743026 73.4544160 
1428.0000000 73.2778840 73.2579974 
1429.0000000 73.0814655 73.0615789 
1430.0000000 72.8850469 72.8651603 
1431.0000000 72.6886284 72.6687418 
1432.0000000 72.4922098 72.4723232 
1433.0000000 72.2957913 72.2759046 
1434.0000000 72.0993727 72.0794861 
1435.0000000 71.9029542 71.8830675 
1436.0000000 71.7065356 71.6866490 
1437.0000000 71.5101171 71.4902304 
1438.0000000 71.3136985 71.2938119 
1439.0000000 71.1172800 71.0973933 
1440.0000000 70.9208614 70.9009748 
1441.0000000 70.7244429 70.7045562 
1442.0000000 70.5280243 70.5081377 
1443.0000000 70.3316058 70.3117191 
1444.0000000 70.1351872 70.1153006 
1445.0000000 69.9387686 69.9188820 
1446.0000000 69.7423501 69.7224635 
1447.0000000 69.5459315 69.5260449 
1448.0000000 69.3495130 69.3296264 
1449.0000000 69.1530944 69.1332078 
1450.0000000 68.9566759 68.9367893 
1451.0000000 68.7602573 68.7403707 
1452.0000000 68.5638388 68.5439522 
1453.0000000 68.3674202 68.3475336 
1454.0000000 68.1710017 68.1511151 
1455.0000000 67.9745831 67.9546965 
1456.0000000 67.7781646 67.7582780 
1457.0000000 67.5817460 67.5618594 
1458.0000000 67.3853275 67.3654409 
1459.0000000 67.1889089 67.1690223 
1460.0000000 66.9924904 66.9726038 
1461.0000000 66.7960718 66.7761852 
1462.0000000 66.5996533 66.5797667 
1463.0000000 66.4032347 66.3833481 
1464.0000000 66.2068162 66.1869296 
1465.0000000 66.0103976 65.9905110 
1466.0000000 65.8139791 65.7940925 
1467.0000000 65.6175605 65.5976739 
1468.0000000 65.4211420 65.4012554 
1469.0000000 65.2247234 65.2048368 
1470.0000000 65.0283049 65.0084183 
1471.0000000 64.8318863 64.8119997 
1472.0000000 64.6354678 64.6155812 
1473.0000000 64.4390492 64.4191626 
1474.0000000 64.2426307 64.2227441 
1475.0000000 64.0462121 64.0263255 
1476.0000000 63.8497936 63.8299070 
1477.0000000 63.6533750 63.6334884 
1478.0000000 63.4569565 63.4370699 
1479.0000000 63.2605379 63.2406513 
1480.0000000 63.0641194 63.0442328 
1481.0000000 62.8677008 62.8478142 
1482.0000000 62.6712823 62.6513957 
1483.0000000 62.4748637 62.4549771 
1484.0000000 62.2784452 62.2585586 
1485.0000000 62.0820266 62.0621400 
1486.0000000 61.8856081 61.8657215 
1487.0000000 61.6891895 61.6693029 
1488.0000000 61.4927710 61.4728844 
1489.0000000 61.2963524 61.2764658 
1490.0000000 61.0999339 61.0800473 
1491.0000000 60.9035153 60.8836287 
1492.0000000 60.7070968 60.6872102 
1493.0000000 60.5106782 60.4907916 
1494.0000000 60.3142597 60.2943731 
1495.0000000 60.1178411 60.0979545 
1496.0000000 59.9214226 59.9015360 
1497.0000000 59.7250040 59.7051174 
1498.0000000 59.5285855 59.5086989 
1499.0000000 59.3321669 59.3122803 
1500.0000000 59.1357484 59.1158618 
1501.0000000 58.9393298 58.9194432 
1502.0000000 58.7429113 58.7230247 
1503.0000000 58.5464927 58.5266061 
1504.0000000 58.3500742 58.3301876 
1505.0000000 58.1536556 58.1337690 
1506.0000000 57.9572371 57.9373505 
1507.0000000 57.7608185 57.7409319 
1508.0000000 57.5644000 57.5445134 
1509.0000000 57.3679814 57.3480948 
1510.0000000 57.1715629 57.1516763 
1511.0000000 56.9751443 56.9552577 
1512.0000000 56.7787258 56.7588392 
1513.0000000 56.5823072 56.5624206 
1514.0000000 56.3858887 56.3660021 
1515.0000000 56.1894701 56.1695835 
1516.0000000 55.9930516 55.9731650 
1517.0000000 55.7966330 55.7767464 
1518.0000000 55.6002145 55.5803279 
1519.0000000 55.4037959 55.3839093 
1520.0000000 55.2073774 55.1874908 
1521.0000000 55.0109588 54.9910722 
1522.0000000 54.8145403 54.7946537 
1523.0000000 54.6181217 54.5982351 
1524.0000000 54.4217032 54.4018166 
1525.0000000 54.2252846 54.2053980 
1526.0000000 54.0288661 54.0089795 
1527.0000000 53.8324475 53.8125609 
1528.0000000 53.6360290 53.6161424 
1529.0000000 53.4396104 53.4197238 
1530.0000000 53.2431919 53.2233053 
1531.0000000 53.0467733 53.0268867 
1532.0000000 52.8503548 52.8304682 
1533.0000000 52.6539362 52.6340496 
1534.0000000 52.4575177 52.4376311 
1535.0000000 52.2610991 52.2412125 
1536.0000000 52.0646806 52.0447940 
1537.0000000 51.8682620 51.8483754 
1538.0000000 51.6718435 51.6519569 
1539.0000000 51.4754249 51.4555383 
1540.0000000 51.2790064 51.2591198 
1541.0000000 51.0825878 51.0627012 
1542.0000000 50.8861693 50.8662827 
1543.0000000 50.6897507 50.6698641 
1544.0000000 50.4933322 50.4734456 
1545.0000000 50.2969136 50.2770270 
1546.0000000 50.1004951 50.0806085 
1547.0000000 49.9040765 49.8841899 
1548.0000000 49.7076580 49.6877714 
1549.0000000 49.5112394 49.4913528 
1550.0000000 49.3148209 49.2949343 
1551.0000000 49.1184023 49.0985157 
1552.0000000 48.9219838 48.9020972 
1553.0000000 48.7255652 48.7056786 
1554.0000000 48.5291467 48.5092601 
1555.0000000 48.3327281 48.3128415 
1556.0000000 48.1363096 48.1164230 
1557.0000000 47.9398910 47.9200044 
1558.0000000 47.7434725 47.7235859 
1559.0000000 47.5470539 47.5271673 
1560.0000000 47.3506354 47.3307488 
1561.0000000 47.1542168 47.1343302 
1562.0000000 46.9577983 46.9379117 
1563.0000000 46.7613797 46.7414931 
1564.0000000 46.5649612 46.5450746 
1565.0000000 46.3685426 46.3486560 
1566.0000000 46.1721241 46.1522375 
1567.0000000 45.9757055 45.9558189 
1568.0000000 45.7792870 45.7594004 
1569.0000000 45.5828684 45.5629818 
1570.0000000 45.3864499 45.3665633 
1571.0000000 45.1900313 45.1701447 
1572.0000000 44.9936128 44.9737262 
1573.0000000 44.7971942 44.7773076 
1574.0000000 44.6007757 44.5808891 
1575.0000000 44.4043571 44.3844705 
1576.0000000 44.2079386 44.1880520 
1577.0000000 44.0115200 43.9916334 
1578.0000000 43.8151015 43.7952149 
1579.0000000 43.6186829 43.5987963 
1580.0000000 43.4222644 43.4023778 
1581.0000000 43.2258458 43.2059592 
1582.0000000 43.0294273 43.0095407 
1583.0000000 42.8330087 42.8131221 
1584.0000000 42.6365902 42.6167035 
1585.0000000 42.4401716 42.4202850 
1586.0000000 42.2437531 42.2238664 
1587.0000000 42.0473345 42.0274479 
1588.0000000 41.8509160 41.8310293 
1589.0000000 41.6544974 41.6346108 
1590.0000000 41.4580789 41.4381922 
1591.0000000 41.2616603 41.2417737 
1592.0000000 41.0652418 41.0453551 
1593.0000000 40.8688232 40.8489366 
1594.0000000 40.6724047 40.6525180 
1595.0000000 40.4759861 40.4560995 
1596.0000000 40.2795675 40.2596809 
1597.0000000 40.0831490 40.0632624 
1598.0000000 39.8867304 39.8668438 
1599.0000000 39.6903119 39.6704253 
1600.0000000 39.4938933 39.4740067 
1601.0000000 39.2974748 39.2775882 
1602.0000000 39.1010562 39.0811696 
1603.0000000 38.9046377 38.8847511 
1604.0000000 38.7082191 38.6883325 
1605.0000000 38.5118006 38.4919140 
1606.0000000 38.3153820 38.2954954 
1607.0000000 38.1189635 38.0990769 
1608.0000000 37.9225449 37.9026583 
1609.0000000 37.7261264 37.7062398 
1610.0000000 37.5297078 37.5098212 
1611.0000000 37.3332893 37.3134027 
1612.0000000 37.1368707 37.1169841 
1613.0000000 36.9404522 36.9205656 
1614.0000000 36.7440336 36.7241470 
1615.0000000 36.5476151 36.5277285 
1616.0000000 36.3511965 36.3313099 
1617.0000000 36.1547780 36.1348914 
1618.0000000 35.9583594 35.9384728 
1619.0000000 35.7619409 35.7420543 
1620.0000000 35.5655223 35.5456357 
1621.0000000 35.3691038 35.3492172 
1622.0000000 35.1726852 35.1527986 
1623.0000000 34.9762667 34.9563801 
1624.0000000 34.7798481 34.7599615 
1625.0000000 34.5834296 34.5635430 
1626.0000000 34.3870110 34.3671244 
1627.0000000 34.1905925 34.1707059 
1628.0000000 33.9941739 33.9742873 
1629.0000000 33.7977554 33.7778688 
1630.0000000 33.6013368 33.5814502 
1631.0000000 33.4049183 33.3850317 
1632.0000000 33.2084997 33.1886131 
1633.0000000 33.0120812 32.9921946 
1634.0000000 32.8156626 32.7957760 
1635.0000000 32.6192441 32.5993575 
1636.0000000 32.4228255 32.4029389 
1637.0000000 32.2264070 32.2065204 
1638.0000000 32.0299884 32.0101018 
1639.0000000 31.8335699 31.8136833 
1640.0000000 31.6371513 31.6172647 
1641.0000000 31.4407328 31.4208462 
1642.0000000 31.2443142 31.2244276 
1643.0000000 31.0478957 31.0280091 
1644.0000000 30.8514771 30.8315905 
1645.0000000 30.6550586 30.6351720 
1646.0000000 30.4586400 30.4387534 
1647.0000000 30.2622215 30.2423349 
1648.0000000 30.0658029 30.0459163 
1649.0000000 29.8693844 29.8494978 
1650.0000000 29.6729658 29.6530792 
1651.0000000 29.4765473 29.4566607 
1652.0000000 29.2801287 29.2602421 
1653.0000000 29.0837102 29.0638236 
1654.0000000 28.8872916 28.8674050 
1655.0000000 28.6908731 28.6709865 
1656.0000000 28.4944545 28.4745679 
1657.0000000 28.2980360 28.2781494 
1658.0000000 28.1016174 28.0817308 
1659.0000000 27.9051989 27.8853123 
1660.0000000 27.7087803 27.6888937 
1661.0000000 27.5123618 27.4924752 
1662.0000000 27.3159432 27.2960566 
1663.0000000 27.1195247 27.0996381 
1664.0000000 26.9231061 26.9032195 
1665.0000000 26.7266876 26.7068010 
1666.0000000 26.5302690 26.5103824 
1667.0000000 26.3338505 26.3139639 
1668.0000000 26.1374319 26.1175453 
1669.0000000 25.9410134 25.9211268 
1670.0000000 25.7445948 25.7247082 
1671.0000000 25.5481763 25.5282897 
1672.0000000 25.3517577 25.3318711 
1673.0000000 25.1553392 25.1354526 
1674.0000000 24.9589206 24.9390340 
1675.0000000 24.7625021 24.7426155 
1676.0000000 24.5660835 24.5461969 
1677.0000000 24.3696650 24.3497784 
1678.0000000 24.1732464 24.1533598 
1679.0000000 23.9768279 23.9569413 
1680.0000000 23.7804093 23.7605227 
1681.0000000 23.5839908 23.5641042 
1682.0000000 23.3875722 23.3676856 
1683.0000000 23.1911537 23.1712671 
1684.0000000 22.9947351 22.9748485 
1685.0000000 22.7983166 22.7784300 
1686.0000000 22.6018980 22.5820114 
1687.0000000 22.4054795 22.3855929 
1688.0000000 22.2090609 22.1891743 
1689.0000000 22.0126424 21.9927558 
1690.0000000 21.8162238 21.7963372 
1691.0000000 21.6198053 21.5999187 
1692.0000000 21.4233867 21.4035001 
1693.0000000 21.2269682 21.2070816 
1694.0000000 21.0305496 21.0106630 
1695.0000000 20.8341311 20.8142445 
1696.0000000 20.6377125 20.6178259 
1697.0000000 20.4412940 20.4214074 
1698.0000000 20.2448754 20.2249888 
1699.0000000 20.0484569 20.0285703 
1700.0000000 19.8520383 19.8321517 
1701.0000000 19.6556198 19.6357332 
1702.0000000 19.4592012 19.4393146 
1703.0000000 19.2627827 19.2428961 
1704.0000000 19.0663641 19.0464775 
1705.0000000 18.8699456 18.8500590 
1706.0000000 18.6735270 18.6536404 
1707.0000000 18.4771085 18.4572219 
1708.0000000 18.2806899 18.2608033 
1709.0000000 18.0842714 18.0643848 
1710.0000000 17.8878528 17.8679662 
1711.0000000 17.6914343 17.6715477 
1712.0000000 17.4950157 17.4751291 
1713.0000000 17.2985972 17.2787106 
1714.0000000 17.1021786 17.0822920 
1715.0000000 16.9057601 16.8858735 
1716.0000000 16.7093415 16.6894549 
1717.0000000 16.5129230 16.4930364 
1718.0000000 16.3165044 16.2966178 
1719.0000000 16.1200859 16.1001993 
1720.0000000 15.9236673 15.9037807 
1721.0000000 15.7272488 15.7073622 
1722.0000000 15.5308302 15.5109436 
1723.0000000 15.3344117 15.3145251 
1724.0000000 15.1379931 15.1181065 
1725.0000000 14.9415746 14.9216880 
1726.0000000 14.7451560 14.7252694 
1727.0000000 14.5487375 14.5288509 
1728.0000000 14.3523189 14.3324323 
1729.0000000 14.1559004 14.1360138 
1730.0000000 13.9594818 13.9395952 
1731.0000000 13.7630633 13.7431767 
1732.0000000 13.5666447 13.5467581 
1733.0000000 13.3702262 13.3503396 
1734.0000000 13.1738076 13.1539210 
1735.0000000 12.9773891 12.9575024 
1736.0000000 12.7809705 12.7610839 
1737.0000000 12.5845520 12.5646653 
1738.0000000 12.3881334 12.3682468 
1739.0000000 12.1917149 12.1718282 
1740.0000000 11.9952963 11.9754097 
1741.0000000 11.7988778 11.7789911 
1742.0000000 11.6024592 11.5825726 
1743.0000000 11.4060407 11.3861540 
1744.0000000 11.2096221 11.1897355 
1745.0000000 11.0132036 10.9933169 
1746.0000000 10.8167850 10.7968984 
1747.0000000 10.6203664 10.6004798 
1748.0000000 10.4239479 10.4040613 
1749.0000000 10.2275293 10.2076427 
1750.0000000 10.0311108 10.0112242 
1751.0000000 9.8346922 9.8148056 
1752.0000000 9.6382737 9.6183871 
1753.0000000 9.4418551 9.4219685 
1754.0000000 9.2454366 9.2255500 
1755.0000000 9.0490180 9.0291314 
1756.0000000 8.8525995 8.8327129 
1757.0000000 8.6561809 8.6362943 
1758.0000000 8.4597624 8.4398758 
1759.0000000 8.2633438 8.2434572 
1760.0000000 8.0669253 8.0470387 
1761.0000000 7.8705067 7.8506201 
1762.0000000 7.6740882 7.6542016 
1763.0000000 7.4776696 7.4577830 
1764.0000000 7.2812511 7.2613645 
1765.0000000 7.0848325 7.0649459 
1766.0000000 6.8884140 6.8685274 
1767.0000000 6.6919954 6.6721088 
1768.0000000 6.4955769 6.4756903 
1769.0000000 6.2991583 6.2792717 
1770.0000000 6.1027398 6.0828532 
1771.0000000 5.9063212 5.8864346 
1772.0000000 5.7099027 5.6900161 
1773.0000000 5.5134841 5.4935975 
1774.0000000 5.3170656 5.2971790 
1775.0000000 5.1206470 5.1007604 
1776.0000000 4.9242285 4.9043419 
1777.0000000 4.7278099 4.7079233 
1778.0000000 4.5313914 4.5115048 
1779.0000000 4.3349728 4.3150862 
1780.0000000 4.1385543 4.1186677 
1781.0000000 3.9421357 3.9222491 
1782.0000000 3.7457172 3.7258306 
1783.0000000 3.5492986 3.5294120 
1784.0000000 3.3528801 3.3329935 
1785.0000000 3.1564615 3.1365749 
1786.0000000 2.9600430 2.9401564 
1787.0000000 2.7636244 2.7437378 
1788.0000000 2.5672059 2.5473193 
1789.0000000 2.3707873 2.3509007 
1790.0000000 2.1743688 2.1544822 
1791.0000000 1.9779502 1.9580636 
1792.0000000 1.7815317 1.7616451 
1793.0000000 1.5851131 1.5652265 
1794.0000000 1.3886946 1.3688080 
1795.0000000 1.1922760 1.1723894 
1796.0000000 0.9958575 0.9759709 
1797.0000000 0.7994389 0.7795523 
1798.0000000 0.6030204 0.5831338 
1799.0000000 0.4066018 0.3867152 
1800.0000000 0.2101833 0.1902967 

