1.0000000 353.4557710 353.5208151 
2.0000000 353.2593525 353.3243966 
3.0000000 353.0629339 353.1279780 
4.0000000 352.8665154 352.9315595 
5.0000000 352.6700968 352.7351409 
6.0000000 352.4736783 352.5387224 
7.0000000 352.2772597 352.3423038 
8.0000000 352.0808412 352.1458853 
9.0000000 351.8844226 351.9494667 
10.0000000 351.6880041 351.7530482 
11.0000000 351.4915855 351.5566296 
12.0000000 351.2951670 351.3602111 
13.0000000 351.0987484 351.1637925 
14.0000000 350.9023299 350.9673740 
15.0000000 350.7059113 350.7709554 
16.0000000 350.5094928 350.5745369 
17.0000000 350.3130742 350.3781183 
18.0000000 350.1166557 350.1816998 
19.0000000 349.9202371 349.9852812 
20.0000000 349.7238186 349.7888627 
21.0000000 349.5274000 349.5924441 
22.0000000 349.3309815 349.3960256 
23.0000000 349.1345629 349.1996070 
24.0000000 348.9381443 349.0031885 
25.0000000 348.7417258 348.8067699 
26.0000000 348.5453072 348.6103514 
27.0000000 348.3488887 348.4139328 
28.0000000 348.1524701 348.2175143 
29.0000000 347.9560516 348.0210957 
30.0000000 347.7596330 347.8246772 
31.0000000 347.5632145 347.6282586 
32.0000000 347.3667959 347.4318401 
33.0000000 347.1703774 347.2354215 
34.0000000 346.9739588 347.0390030 
35.0000000 346.7775403 346.8425844 
36.0000000 346.5811217 346.6461659 
37.0000000 346.3847032 346.4497473 
38.0000000 346.1882846 346.2533288 
39.0000000 345.9918661 346.0569102 
40.0000000 345.7954475 345.8604917 
41.0000000 345.5990290 345.6640731 
42.0000000 345.4026104 345.4676546 
43.0000000 345.2061919 345.2712360 
44.0000000 345.0097733 345.0748175 
45.0000000 344.8133548 344.8783989 
46.0000000 344.6169362 344.6819804 
47.0000000 344.4205177 344.4855618 
48.0000000 344.2240991 344.2891433 
49.0000000 344.0276806 344.0927247 
50.0000000 343.8312620 343.8963062 
51.0000000 343.6348435 343.6998876 
52.0000000 343.4384249 343.5034691 
53.0000000 343.2420064 343.3070505 
54.0000000 343.0455878 343.1106320 
55.0000000 342.8491693 342.9142134 
56.0000000 342.6527507 342.7177949 
57.0000000 342.4563322 342.5213763 
58.0000000 342.2599136 342.3249578 
59.0000000 342.0634951 342.1285392 
60.0000000 341.8670765 341.9321207 
61.0000000 341.6706580 341.7357021 
62.0000000 341.4742394 341.5392836 
63.0000000 341.2778209 341.3428650 
64.0000000 341.0814023 341.1464465 
65.0000000 340.8849838 340.9500279 
66.0000000 340.6885652 340.7536094 
67.0000000 340.4921467 340.5571908 
68.0000000 340.2957281 340.3607723 
69.0000000 340.0993096 340.1643537 
70.0000000 339.9028910 339.9679351 
71.0000000 339.7064725 339.7715166 
72.0000000 339.5100539 339.5750980 
73.0000000 339.3136354 339.3786795 
74.0000000 339.1172168 339.1822609 
75.0000000 338.9207983 338.9858424 
76.0000000 338.7243797 338.7894238 
77.0000000 338.5279612 338.5930053 
78.0000000 338.3315426 338.3965867 
79.0000000 338.1351241 338.2001682 
80.0000000 337.9387055 338.0037496 
81.0000000 337.7422870 337.8073311 
82.0000000 337.5458684 337.6109125 
83.0000000 337.3494499 337.4144940 
84.0000000 337.1530313 337.2180754 
85.0000000 336.9566128 337.0216569 
86.0000000 336.7601942 336.8252383 
87.0000000 336.5637757 336.6288198 
88.0000000 336.3673571 336.4324012 
89.0000000 336.1709386 336.2359827 
90.0000000 335.9745200 336.0395641 
91.0000000 335.7781015 335.8431456 
92.0000000 335.5816829 335.6467270 
93.0000000 335.3852644 335.4503085 
94.0000000 335.1888458 335.2538899 
95.0000000 334.9924273 335.0574714 
96.0000000 334.7960087 334.8610528 
97.0000000 334.5995902 334.6646343 
98.0000000 334.4031716 334.4682157 
99.0000000 334.2067531 334.2717972 
100.0000000 334.0103345 334.0753786 
101.0000000 333.8139160 333.8789601 
102.0000000 333.6174974 333.6825415 
103.0000000 333.4210789 333.4861230 
104.0000000 333.2246603 333.2897044 
105.0000000 333.0282418 333.0932859 
106.0000000 332.8318232 332.8968673 
107.0000000 332.6354047 332.7004488 
108.0000000 332.4389861 332.5040302 
109.0000000 332.2425676 332.3076117 
110.0000000 332.0461490 332.1111931 
111.0000000 331.8497305 331.9147746 
112.0000000 331.6533119 331.7183560 
113.0000000 331.4568934 331.5219375 
114.0000000 331.2604748 331.3255189 
115.0000000 331.0640563 331.1291004 
116.0000000 330.8676377 330.9326818 
117.0000000 330.6712192 330.7362633 
118.0000000 330.4748006 330.5398447 
119.0000000 330.2783821 330.3434262 
120.0000000 330.0819635 330.1470076 
121.0000000 329.8855450 329.9505891 
122.0000000 329.6891264 329.7541705 
123.0000000 329.4927079 329.5577520 
124.0000000 329.2962893 329.3613334 
125.0000000 329.0998708 329.1649149 
126.0000000 328.9034522 328.9684963 
127.0000000 328.7070337 328.7720778 
128.0000000 328.5106151 328.5756592 
129.0000000 328.3141966 328.3792407 
130.0000000 328.1177780 328.1828221 
131.0000000 327.9213595 327.9864036 
132.0000000 327.7249409 327.7899850 
133.0000000 327.5285224 327.5935665 
134.0000000 327.3321038 327.3971479 
135.0000000 327.1356853 327.2007294 
136.0000000 326.9392667 327.0043108 
137.0000000 326.7428482 326.8078923 
138.0000000 326.5464296 326.6114737 
139.0000000 326.3500111 326.4150552 
140.0000000 326.1535925 326.2186366 
141.0000000 325.9571740 326.0222181 
142.0000000 325.7607554 325.8257995 
143.0000000 325.5643369 325.6293810 
144.0000000 325.3679183 325.4329624 
145.0000000 325.1714998 325.2365439 
146.0000000 324.9750812 325.0401253 
147.0000000 324.7786627 324.8437068 
148.0000000 324.5822441 324.6472882 
149.0000000 324.3858256 324.4508697 
150.0000000 324.1894070 324.2544511 
151.0000000 323.9929885 324.0580326 
152.0000000 323.7965699 323.8616140 
153.0000000 323.6001514 323.6651955 
154.0000000 323.4037328 323.4687769 
155.0000000 323.2073143 323.2723584 
156.0000000 323.0108957 323.0759398 
157.0000000 322.8144772 322.8795213 
158.0000000 322.6180586 322.6831027 
159.0000000 322.4216401 322.4866842 
160.0000000 322.2252215 322.2902656 
161.0000000 322.0288030 322.0938471 
162.0000000 321.8323844 321.8974285 
163.0000000 321.6359659 321.7010100 
164.0000000 321.4395473 321.5045914 
165.0000000 321.2431288 321.3081729 
166.0000000 321.0467102 321.1117543 
167.0000000 320.8502917 320.9153358 
168.0000000 320.6538731 320.7189172 
169.0000000 320.4574546 320.5224987 
170.0000000 320.2610360 320.3260801 
171.0000000 320.0646175 320.1296616 
172.0000000 319.8681989 319.9332430 
173.0000000 319.6717804 319.7368245 
174.0000000 319.4753618 319.5404059 
175.0000000 319.2789432 319.3439874 
176.0000000 319.0825247 319.1475688 
177.0000000 318.8861061 318.9511503 
178.0000000 318.6896876 318.7547317 
179.0000000 318.4932690 318.5583132 
180.0000000 318.2968505 318.3618946 
181.0000000 318.1004319 318.1654761 
182.0000000 317.9040134 317.9690575 
183.0000000 317.7075948 317.7726390 
184.0000000 317.5111763 317.5762204 
185.0000000 317.3147577 317.3798019 
186.0000000 317.1183392 317.1833833 
187.0000000 316.9219206 316.9869648 
188.0000000 316.7255021 316.7905462 
189.0000000 316.5290835 316.5941277 
190.0000000 316.3326650 316.3977091 
191.0000000 316.1362464 316.2012906 
192.0000000 315.9398279 316.0048720 
193.0000000 315.7434093 315.8084535 
194.0000000 315.5469908 315.6120349 
195.0000000 315.3505722 315.4156164 
196.0000000 315.1541537 315.2191978 
197.0000000 314.9577351 315.0227793 
198.0000000 314.7613166 314.8263607 
199.0000000 314.5648980 314.6299422 
200.0000000 314.3684795 314.4335236 
201.0000000 314.1720609 314.2371051 
202.0000000 313.9756424 314.0406865 
203.0000000 313.7792238 313.8442680 
204.0000000 313.5828053 313.6478494 
205.0000000 313.3863867 313.4514309 
206.0000000 313.1899682 313.2550123 
207.0000000 312.9935496 313.0585938 
208.0000000 312.7971311 312.8621752 
209.0000000 312.6007125 312.6657567 
210.0000000 312.4042940 312.4693381 
211.0000000 312.2078754 312.2729196 
212.0000000 312.0114569 312.0765010 
213.0000000 311.8150383 311.8800825 
214.0000000 311.6186198 311.6836639 
215.0000000 311.4222012 311.4872454 
216.0000000 311.2257827 311.2908268 
217.0000000 311.0293641 311.0944083 
218.0000000 310.8329456 310.8979897 
219.0000000 310.6365270 310.7015712 
220.0000000 310.4401085 310.5051526 
221.0000000 310.2436899 310.3087340 
222.0000000 310.0472714 310.1123155 
223.0000000 309.8508528 309.9158969 
224.0000000 309.6544343 309.7194784 
225.0000000 309.4580157 309.5230598 
226.0000000 309.2615972 309.3266413 
227.0000000 309.0651786 309.1302227 
228.0000000 308.8687601 308.9338042 
229.0000000 308.6723415 308.7373856 
230.0000000 308.4759230 308.5409671 
231.0000000 308.2795044 308.3445485 
232.0000000 308.0830859 308.1481300 
233.0000000 307.8866673 307.9517114 
234.0000000 307.6902488 307.7552929 
235.0000000 307.4938302 307.5588743 
236.0000000 307.2974117 307.3624558 
237.0000000 307.1009931 307.1660372 
238.0000000 306.9045746 306.9696187 
239.0000000 306.7081560 306.7732001 
240.0000000 306.5117375 306.5767816 
241.0000000 306.3153189 306.3803630 
242.0000000 306.1189004 306.1839445 
243.0000000 305.9224818 305.9875259 
244.0000000 305.7260633 305.7911074 
245.0000000 305.5296447 305.5946888 
246.0000000 305.3332262 305.3982703 
247.0000000 305.1368076 305.2018517 
248.0000000 304.9403891 305.0054332 
249.0000000 304.7439705 304.8090146 
250.0000000 304.5475520 304.6125961 
251.0000000 304.3511334 304.4161775 
252.0000000 304.1547149 304.2197590 
253.0000000 303.9582963 304.0233404 
254.0000000 303.7618778 303.8269219 
255.0000000 303.5654592 303.6305033 
256.0000000 303.3690407 303.4340848 
257.0000000 303.1726221 303.2376662 
258.0000000 302.9762036 303.0412477 
259.0000000 302.7797850 302.8448291 
260.0000000 302.5833665 302.6484106 
261.0000000 302.3869479 302.4519920 
262.0000000 302.1905294 302.2555735 
263.0000000 301.9941108 302.0591549 
264.0000000 301.7976923 301.8627364 
265.0000000 301.6012737 301.6663178 
266.0000000 301.4048552 301.4698993 
267.0000000 301.2084366 301.2734807 
268.0000000 301.0120181 301.0770622 
269.0000000 300.8155995 300.8806436 
270.0000000 300.6191810 300.6842251 
271.0000000 300.4227624 300.4878065 
272.0000000 300.2263439 300.2913880 
273.0000000 300.0299253 300.0949694 
274.0000000 299.8335068 299.8985509 
275.0000000 299.6370882 299.7021323 
276.0000000 299.4406697 299.5057138 
277.0000000 299.2442511 299.3092952 
278.0000000 299.0478326 299.1128767 
279.0000000 298.8514140 298.9164581 
280.0000000 298.6549955 298.7200396 
281.0000000 298.4585769 298.5236210 
282.0000000 298.2621584 298.3272025 
283.0000000 298.0657398 298.1307839 
284.0000000 297.8693213 297.9343654 
285.0000000 297.6729027 297.7379468 
286.0000000 297.4764842 297.5415283 
287.0000000 297.2800656 297.3451097 
288.0000000 297.0836471 297.1486912 
289.0000000 296.8872285 296.9522726 
290.0000000 296.6908100 296.7558541 
291.0000000 296.4943914 296.5594355 
292.0000000 296.2979729 296.3630170 
293.0000000 296.1015543 296.1665984 
294.0000000 295.9051358 295.9701799 
295.0000000 295.7087172 295.7737613 
296.0000000 295.5122987 295.5773428 
297.0000000 295.3158801 295.3809242 
298.0000000 295.1194616 295.1845057 
299.0000000 294.9230430 294.9880871 
300.0000000 294.7266245 294.7916686 
301.0000000 294.5302059 294.5952500 
302.0000000 294.3337874 294.3988315 
303.0000000 294.1373688 294.2024129 
304.0000000 293.9409503 294.0059944 
305.0000000 293.7445317 293.8095758 
306.0000000 293.5481132 293.6131573 
307.0000000 293.3516946 293.4167387 
308.0000000 293.1552761 293.2203202 
309.0000000 292.9588575 293.0239016 
310.0000000 292.7624390 292.8274831 
311.0000000 292.5660204 292.6310645 
312.0000000 292.3696019 292.4346460 
313.0000000 292.1731833 292.2382274 
314.0000000 291.9767648 292.0418089 
315.0000000 291.7803462 291.8453903 
316.0000000 291.5839277 291.6489718 
317.0000000 291.3875091 291.4525532 
318.0000000 291.1910906 291.2561347 
319.0000000 290.9946720 291.0597161 
320.0000000 290.7982535 290.8632976 
321.0000000 290.6018349 290.6668790 
322.0000000 290.4054164 290.4704605 
323.0000000 290.2089978 290.2740419 
324.0000000 290.0125793 290.0776234 
325.0000000 289.8161607 289.8812048 
326.0000000 289.6197422 289.6847863 
327.0000000 289.4233236 289.4883677 
328.0000000 289.2269050 289.2919492 
329.0000000 289.0304865 289.0955306 
330.0000000 288.8340679 288.8991121 
331.0000000 288.6376494 288.7026935 
332.0000000 288.4412308 288.5062750 
333.0000000 288.2448123 288.3098564 
334.0000000 288.0483937 288.1134379 
335.0000000 287.8519752 287.9170193 
336.0000000 287.6555566 287.7206008 
337.0000000 287.4591381 287.5241822 
338.0000000 287.2627195 287.3277637 
339.0000000 287.0663010 287.1313451 
340.0000000 286.8698824 286.9349266 
341.0000000 286.6734639 286.7385080 
342.0000000 286.4770453 286.5420895 
343.0000000 286.2806268 286.3456709 
344.0000000 286.0842082 286.1492524 
345.0000000 285.8877897 285.9528338 
346.0000000 285.6913711 285.7564153 
347.0000000 285.4949526 285.5599967 
348.0000000 285.2985340 285.3635782 
349.0000000 285.1021155 285.1671596 
350.0000000 284.9056969 284.9707411 
351.0000000 284.7092784 284.7743225 
352.0000000 284.5128598 284.5779040 
353.0000000 284.3164413 284.3814854 
354.0000000 284.1200227 284.1850669 
355.0000000 283.9236042 283.9886483 
356.0000000 283.7271856 283.7922298 
357.0000000 283.5307671 283.5958112 
358.0000000 283.3343485 283.3993927 
359.0000000 283.1379300 283.2029741 
360.0000000 282.9415114 283.0065556 
361.0000000 282.7450929 282.8101370 
362.0000000 282.5486743 282.6137185 
363.0000000 282.3522558 282.4172999 
364.0000000 282.1558372 282.2208814 
365.0000000 281.9594187 282.0244628 
366.0000000 281.7630001 281.8280443 
367.0000000 281.5665816 281.6316257 
368.0000000 281.3701630 281.4352072 
369.0000000 281.1737445 281.2387886 
370.0000000 280.9773259 281.0423701 
371.0000000 280.7809074 280.8459515 
372.0000000 280.5844888 280.6495329 
373.0000000 280.3880703 280.4531144 
374.0000000 280.1916517 280.2566958 
375.0000000 279.9952332 280.0602773 
376.0000000 279.7988146 279.8638587 
377.0000000 279.6023961 279.6674402 
378.0000000 279.4059775 279.4710216 
379.0000000 279.2095590 279.2746031 
380.0000000 279.0131404 279.0781845 
381.0000000 278.8167219 278.8817660 
382.0000000 278.6203033 278.6853474 
383.0000000 278.4238848 278.4889289 
384.0000000 278.2274662 278.2925103 
385.0000000 278.0310477 278.0960918 
386.0000000 277.8346291 277.8996732 
387.0000000 277.6382106 277.7032547 
388.0000000 277.4417920 277.5068361 
389.0000000 277.2453735 277.3104176 
390.0000000 277.0489549 277.1139990 
391.0000000 276.8525364 276.9175805 
392.0000000 276.6561178 276.7211619 
393.0000000 276.4596993 276.5247434 
394.0000000 276.2632807 276.3283248 
395.0000000 276.0668622 276.1319063 
396.0000000 275.8704436 275.9354877 
397.0000000 275.6740251 275.7390692 
398.0000000 275.4776065 275.5426506 
399.0000000 275.2811880 275.3462321 
400.0000000 275.0847694 275.1498135 
401.0000000 274.8883509 274.9533950 
402.0000000 274.6919323 274.7569764 
403.0000000 274.4955138 274.5605579 
404.0000000 274.2990952 274.3641393 
405.0000000 274.1026767 274.1677208 
406.0000000 273.9062581 273.9713022 
407.0000000 273.7098396 273.7748837 
408.0000000 273.5134210 273.5784651 
409.0000000 273.3170025 273.3820466 
410.0000000 273.1205839 273.1856280 
411.0000000 272.9241654 272.9892095 
412.0000000 272.7277468 272.7927909 
413.0000000 272.5313283 272.5963724 
414.0000000 272.3349097 272.3999538 
415.0000000 272.1384912 272.2035353 
416.0000000 271.9420726 272.0071167 
417.0000000 271.7456541 271.8106982 
418.0000000 271.5492355 271.6142796 
419.0000000 271.3528170 271.4178611 
420.0000000 271.1563984 271.2214425 
421.0000000 270.9599799 271.0250240 
422.0000000 270.7635613 270.8286054 
423.0000000 270.5671428 270.6321869 
424.0000000 270.3707242 270.4357683 
425.0000000 270.1743057 270.2393498 
426.0000000 269.9778871 270.0429312 
427.0000000 269.7814686 269.8465127 
428.0000000 269.5850500 269.6500941 
429.0000000 269.3886315 269.4536756 
430.0000000 269.1922129 269.2572570 
431.0000000 268.9957944 269.0608385 
432.0000000 268.7993758 268.8644199 
433.0000000 268.6029573 268.6680014 
434.0000000 268.4065387 268.4715828 
435.0000000 268.2101202 268.2751643 
436.0000000 268.0137016 268.0787457 
437.0000000 267.8172831 267.8823272 
438.0000000 267.6208645 267.6859086 
439.0000000 267.4244460 267.4894901 
440.0000000 267.2280274 267.2930715 
441.0000000 267.0316089 267.0966530 
442.0000000 266.8351903 266.9002344 
443.0000000 266.6387718 266.7038159 
444.0000000 266.4423532 266.5073973 
445.0000000 266.2459347 266.3109788 
446.0000000 266.0495161 266.1145602 
447.0000000 265.8530976 265.9181417 
448.0000000 265.6566790 265.7217231 
449.0000000 265.4602605 265.5253046 
450.0000000 265.2638419 265.3288860 
451.0000000 265.0674234 265.1324675 
452.0000000 264.8710048 264.9360489 
453.0000000 264.6745863 264.7396304 
454.0000000 264.4781677 264.5432118 
455.0000000 264.2817492 264.3467933 
456.0000000 264.0853306 264.1503747 
457.0000000 263.8889121 263.9539562 
458.0000000 263.6924935 263.7575376 
459.0000000 263.4960750 263.5611191 
460.0000000 263.2996564 263.3647005 
461.0000000 263.1032379 263.1682820 
462.0000000 262.9068193 262.9718634 
463.0000000 262.7104008 262.7754449 
464.0000000 262.5139822 262.5790263 
465.0000000 262.3175637 262.3826078 
466.0000000 262.1211451 262.1861892 
467.0000000 261.9247266 261.9897707 
468.0000000 261.7283080 261.7933521 
469.0000000 261.5318895 261.5969336 
470.0000000 261.3354709 261.4005150 
471.0000000 261.1390524 261.2040965 
472.0000000 260.9426338 261.0076779 
473.0000000 260.7462153 260.8112594 
474.0000000 260.5497967 260.6148408 
475.0000000 260.3533782 260.4184223 
476.0000000 260.1569596 260.2220037 
477.0000000 259.9605411 260.0255852 
478.0000000 259.7641225 259.8291666 
479.0000000 259.5677039 259.6327481 
480.0000000 259.3712854 259.4363295 
481.0000000 259.1748668 259.2399110 
482.0000000 258.9784483 259.0434924 
483.0000000 258.7820297 258.8470739 
484.0000000 258.5856112 258.6506553 
485.0000000 258.3891926 258.4542368 
486.0000000 258.1927741 258.2578182 
487.0000000 257.9963555 258.0613997 
488.0000000 257.7999370 257.8649811 
489.0000000 257.6035184 257.6685626 
490.0000000 257.4070999 257.4721440 
491.0000000 257.2106813 257.2757255 
492.0000000 257.0142628 257.0793069 
493.0000000 256.8178442 256.8828884 
494.0000000 256.6214257 256.6864698 
495.0000000 256.4250071 256.4900513 
496.0000000 256.2285886 256.2936327 
497.0000000 256.0321700 256.0972142 
498.0000000 255.8357515 255.9007956 
499.0000000 255.6393329 255.7043771 
500.0000000 255.4429144 255.5079585 
501.0000000 255.2464958 255.3115400 
502.0000000 255.0500773 255.1151214 
503.0000000 254.8536587 254.9187029 
504.0000000 254.6572402 254.7222843 
505.0000000 254.4608216 254.5258658 
506.0000000 254.2644031 254.3294472 
507.0000000 254.0679845 254.1330287 
508.0000000 253.8715660 253.9366101 
509.0000000 253.6751474 253.7401916 
510.0000000 253.4787289 253.5437730 
511.0000000 253.2823103 253.3473545 
512.0000000 253.0858918 253.1509359 
513.0000000 252.8894732 252.9545174 
514.0000000 252.6930547 252.7580988 
515.0000000 252.4966361 252.5616803 
516.0000000 252.3002176 252.3652617 
517.0000000 252.1037990 252.1688432 
518.0000000 251.9073805 251.9724246 
519.0000000 251.7109619 251.7760061 
520.0000000 251.5145434 251.5795875 
521.0000000 251.3181248 251.3831690 
522.0000000 251.1217063 251.1867504 
523.0000000 250.9252877 250.9903319 
524.0000000 250.7288692 250.7939133 
525.0000000 250.5324506 250.5974947 
526.0000000 250.3360321 250.4010762 
527.0000000 250.1396135 250.2046576 
528.0000000 249.9431950 250.0082391 
529.0000000 249.7467764 249.8118205 
530.0000000 249.5503579 249.6154020 
531.0000000 249.3539393 249.4189834 
532.0000000 249.1575208 249.2225649 
533.0000000 248.9611022 249.0261463 
534.0000000 248.7646837 248.8297278 
535.0000000 248.5682651 248.6333092 
536.0000000 248.3718466 248.4368907 
537.0000000 248.1754280 248.2404721 
538.0000000 247.9790095 248.0440536 
539.0000000 247.7825909 247.8476350 
540.0000000 247.5861724 247.6512165 
541.0000000 247.3897538 247.4547979 
542.0000000 247.1933353 247.2583794 
543.0000000 246.9969167 247.0619608 
544.0000000 246.8004982 246.8655423 
545.0000000 246.6040796 246.6691237 
546.0000000 246.4076611 246.4727052 
547.0000000 246.2112425 246.2762866 
548.0000000 246.0148240 246.0798681 
549.0000000 245.8184054 245.8834495 
550.0000000 245.6219869 245.6870310 
551.0000000 245.4255683 245.4906124 
552.0000000 245.2291498 245.2941939 
553.0000000 245.0327312 245.0977753 
554.0000000 244.8363127 244.9013568 
555.0000000 244.6398941 244.7049382 
556.0000000 244.4434756 244.5085197 
557.0000000 244.2470570 244.3121011 
558.0000000 244.0506385 244.1156826 
559.0000000 243.8542199 243.9192640 
560.0000000 243.6578014 243.7228455 
561.0000000 243.4613828 243.5264269 
562.0000000 243.2649643 243.3300084 
563.0000000 243.0685457 243.1335898 
564.0000000 242.8721272 242.9371713 
565.0000000 242.6757086 242.7407527 
566.0000000 242.4792901 242.5443342 
567.0000000 242.2828715 242.3479156 
568.0000000 242.0864530 242.1514971 
569.0000000 241.8900344 241.9550785 
570.0000000 241.6936159 241.7586600 
571.0000000 241.4971973 241.5622414 
572.0000000 241.3007788 241.3658229 
573.0000000 241.1043602 241.1694043 
574.0000000 240.9079417 240.9729858 
575.0000000 240.7115231 240.7765672 
576.0000000 240.5151046 240.5801487 
577.0000000 240.3186860 240.3837301 
578.0000000 240.1222675 240.1873116 
579.0000000 239.9258489 239.9908930 
580.0000000 239.7294304 239.7944745 
581.0000000 239.5330118 239.5980559 
582.0000000 239.3365933 239.4016374 
583.0000000 239.1401747 239.2052188 
584.0000000 238.9437562 239.0088003 
585.0000000 238.7473376 238.8123817 
586.0000000 238.5509191 238.6159632 
587.0000000 238.3545005 238.4195446 
588.0000000 238.1580820 238.2231261 
589.0000000 237.9616634 238.0267075 
590.0000000 237.7652449 237.8302890 
591.0000000 237.5688263 237.6338704 
592.0000000 237.3724078 237.4374519 
593.0000000 237.1759892 237.2410333 
594.0000000 236.9795707 237.0446148 
595.0000000 236.7831521 236.8481962 
596.0000000 236.5867336 236.6517777 
597.0000000 236.3903150 236.4553591 
598.0000000 236.1938965 236.2589406 
599.0000000 235.9974779 236.0625220 
600.0000000 235.8010594 235.8661035 
601.0000000 235.6046408 235.6696849 
602.0000000 235.4082223 235.4732664 
603.0000000 235.2118037 235.2768478 
604.0000000 235.0153852 235.0804293 
605.0000000 234.8189666 234.8840107 
606.0000000 234.6225481 234.6875922 
607.0000000 234.4261295 234.4911736 
608.0000000 234.2297110 234.2947551 
609.0000000 234.0332924 234.0983365 
610.0000000 233.8368739 233.9019180 
611.0000000 233.6404553 233.7054994 
612.0000000 233.4440368 233.5090809 
613.0000000 233.2476182 233.3126623 
614.0000000 233.0511997 233.1162438 
615.0000000 232.8547811 232.9198252 
616.0000000 232.6583626 232.7234067 
617.0000000 232.4619440 232.5269881 
618.0000000 232.2655255 232.3305696 
619.0000000 232.0691069 232.1341510 
620.0000000 231.8726884 231.9377325 
621.0000000 231.6762698 231.7413139 
622.0000000 231.4798513 231.5448954 
623.0000000 231.2834327 231.3484768 
624.0000000 231.0870142 231.1520583 
625.0000000 230.8905956 230.9556397 
626.0000000 230.6941771 230.7592212 
627.0000000 230.4977585 230.5628026 
628.0000000 230.3013400 230.3663841 
629.0000000 230.1049214 230.1699655 
630.0000000 229.9085028 229.9735470 
631.0000000 229.7120843 229.7771284 
632.0000000 229.5156657 229.5807099 
633.0000000 229.3192472 229.3842913 
634.0000000 229.1228286 229.1878728 
635.0000000 228.9264101 228.9914542 
636.0000000 228.7299915 228.7950357 
637.0000000 228.5335730 228.5986171 
638.0000000 228.3371544 228.4021986 
639.0000000 228.1407359 228.2057800 
640.0000000 227.9443173 228.0093615 
641.0000000 227.7478988 227.8129429 
642.0000000 227.5514802 227.6165244 
643.0000000 227.3550617 227.4201058 
644.0000000 227.1586431 227.2236873 
645.0000000 226.9622246 227.0272687 
646.0000000 226.7658060 226.8308502 
647.0000000 226.5693875 226.6344316 
648.0000000 226.3729689 226.4380131 
649.0000000 226.1765504 226.2415945 
650.0000000 225.9801318 226.0451760 
651.0000000 225.7837133 225.8487574 
652.0000000 225.5872947 225.6523389 
653.0000000 225.3908762 225.4559203 
654.0000000 225.1944576 225.2595018 
655.0000000 224.9980391 225.0630832 
656.0000000 224.8016205 224.8666647 
657.0000000 224.6052020 224.6702461 
658.0000000 224.4087834 224.4738276 
659.0000000 224.2123649 224.2774090 
660.0000000 224.0159463 224.0809905 
661.0000000 223.8195278 223.8845719 
662.0000000 223.6231092 223.6881534 
663.0000000 223.4266907 223.4917348 
664.0000000 223.2302721 223.2953163 
665.0000000 223.0338536 223.0988977 
666.0000000 222.8374350 222.9024792 
667.0000000 222.6410165 222.7060606 
668.0000000 222.4445979 222.5096421 
669.0000000 222.2481794 222.3132235 
670.0000000 222.0517608 222.1168050 
671.0000000 221.8553423 221.9203864 
672.0000000 221.6589237 221.7239679 
673.0000000 221.4625052 221.5275493 
674.0000000 221.2660866 221.3311308 
675.0000000 221.0696681 221.1347122 
676.0000000 220.8732495 220.9382936 
677.0000000 220.6768310 220.7418751 
678.0000000 220.4804124 220.5454565 
679.0000000 220.2839939 220.3490380 
680.0000000 220.0875753 220.1526194 
681.0000000 219.8911568 219.9562009 
682.0000000 219.6947382 219.7597823 
683.0000000 219.4983197 219.5633638 
684.0000000 219.3019011 219.3669452 
685.0000000 219.1054826 219.1705267 
686.0000000 218.9090640 218.9741081 
687.0000000 218.7126455 218.7776896 
688.0000000 218.5162269 218.5812710 
689.0000000 218.3198084 218.3848525 
690.0000000 218.1233898 218.1884339 
691.0000000 217.9269713 217.9920154 
692.0000000 217.7305527 217.7955968 
693.0000000 217.5341342 217.5991783 
694.0000000 217.3377156 217.4027597 
695.0000000 217.1412971 217.2063412 
696.0000000 216.9448785 217.0099226 
697.0000000 216.7484600 216.8135041 
698.0000000 216.5520414 216.6170855 
699.0000000 216.3556229 216.4206670 
700.0000000 216.1592043 216.2242484 
701.0000000 215.9627858 216.0278299 
702.0000000 215.7663672 215.8314113 
703.0000000 215.5699487 215.6349928 
704.0000000 215.3735301 215.4385742 
705.0000000 215.1771116 215.2421557 
706.0000000 214.9806930 215.0457371 
707.0000000 214.7842745 214.8493186 
708.0000000 214.5878559 214.6529000 
709.0000000 214.3914374 214.4564815 
710.0000000 214.1950188 214.2600629 
711.0000000 213.9986003 214.0636444 
712.0000000 213.8021817 213.8672258 
713.0000000 213.6057632 213.6708073 
714.0000000 213.4093446 213.4743887 
715.0000000 213.2129261 213.2779702 
716.0000000 213.0165075 213.0815516 
717.0000000 212.8200890 212.8851331 
718.0000000 212.6236704 212.6887145 
719.0000000 212.4272519 212.4922960 
720.0000000 212.2308333 212.2958774 
721.0000000 212.0344148 212.0994589 
722.0000000 211.8379962 211.9030403 
723.0000000 211.6415777 211.7066218 
724.0000000 211.4451591 211.5102032 
725.0000000 211.2487406 211.3137847 
726.0000000 211.0523220 211.1173661 
727.0000000 210.8559035 210.9209476 
728.0000000 210.6594849 210.7245290 
729.0000000 210.4630664 210.5281105 
730.0000000 210.2666478 210.3316919 
731.0000000 210.0702293 210.1352734 
732.0000000 209.8738107 209.9388548 
733.0000000 209.6773922 209.7424363 
734.0000000 209.4809736 209.5460177 
735.0000000 209.2845551 209.3495992 
736.0000000 209.0881365 209.1531806 
737.0000000 208.8917180 208.9567621 
738.0000000 208.6952994 208.7603435 
739.0000000 208.4988809 208.5639250 
740.0000000 208.3024623 208.3675064 
741.0000000 208.1060438 208.1710879 
742.0000000 207.9096252 207.9746693 
743.0000000 207.7132067 207.7782508 
744.0000000 207.5167881 207.5818322 
745.0000000 207.3203696 207.3854137 
746.0000000 207.1239510 207.1889951 
747.0000000 206.9275325 206.9925766 
748.0000000 206.7311139 206.7961580 
749.0000000 206.5346954 206.5997395 
750.0000000 206.3382768 206.4033209 
751.0000000 206.1418583 206.2069024 
752.0000000 205.9454397 206.0104838 
753.0000000 205.7490212 205.8140653 
754.0000000 205.5526026 205.6176467 
755.0000000 205.3561841 205.4212282 
756.0000000 205.1597655 205.2248096 
757.0000000 204.9633470 205.0283911 
758.0000000 204.7669284 204.8319725 
759.0000000 204.5705099 204.6355540 
760.0000000 204.3740913 204.4391354 
761.0000000 204.1776728 204.2427169 
762.0000000 203.9812542 204.0462983 
763.0000000 203.7848357 203.8498798 
764.0000000 203.5884171 203.6534612 
765.0000000 203.3919986 203.4570427 
766.0000000 203.1955800 203.2606241 
767.0000000 202.9991615 203.0642056 
768.0000000 202.8027429 202.8677870 
769.0000000 202.6063244 202.6713685 
770.0000000 202.4099058 202.4749499 
771.0000000 202.2134873 202.2785314 
772.0000000 202.0170687 202.0821128 
773.0000000 201.8206502 201.8856943 
774.0000000 201.6242316 201.6892757 
775.0000000 201.4278131 201.4928572 
776.0000000 201.2313945 201.2964386 
777.0000000 201.0349760 201.1000201 
778.0000000 200.8385574 200.9036015 
779.0000000 200.6421389 200.7071830 
780.0000000 200.4457203 200.5107644 
781.0000000 200.2493018 200.3143459 
782.0000000 200.0528832 200.1179273 
783.0000000 199.8564646 199.9215088 
784.0000000 199.6600461 199.7250902 
785.0000000 199.4636275 199.5286717 
786.0000000 199.2672090 199.3322531 
787.0000000 199.0707904 199.1358346 
788.0000000 198.8743719 198.9394160 
789.0000000 198.6779533 198.7429975 
790.0000000 198.4815348 198.5465789 
791.0000000 198.2851162 198.3501604 
792.0000000 198.0886977 198.1537418 
793.0000000 197.8922791 197.9573233 
794.0000000 197.6958606 197.7609047 
795.0000000 197.4994420 197.5644862 
796.0000000 197.3030235 197.3680676 
797.0000000 197.1066049 197.1716491 
798.0000000 196.9101864 196.9752305 
799.0000000 196.7137678 196.7788120 
800.0000000 196.5173493 196.5823934 
801.0000000 196.3209307 196.3859749 
802.0000000 196.1245122 196.1895563 
803.0000000 195.9280936 195.9931378 
804.0000000 195.7316751 195.7967192 
805.0000000 195.5352565 195.6003007 
806.0000000 195.3388380 195.4038821 
807.0000000 195.1424194 195.2074636 
808.0000000 194.9460009 195.0110450 
809.0000000 194.7495823 194.8146265 
810.0000000 194.5531638 194.6182079 
811.0000000 194.3567452 194.4217894 
812.0000000 194.1603267 194.2253708 
813.0000000 193.9639081 194.0289523 
814.0000000 193.7674896 193.8325337 
815.0000000 193.5710710 193.6361152 
816.0000000 193.3746525 193.4396966 
817.0000000 193.1782339 193.2432781 
818.0000000 192.9818154 193.0468595 
819.0000000 192.7853968 192.8504410 
820.0000000 192.5889783 192.6540224 
821.0000000 192.3925597 192.4576039 
822.0000000 192.1961412 192.2611853 
823.0000000 191.9997226 192.0647668 
824.0000000 191.8033041 191.8683482 
825.0000000 191.6068855 191.6719297 
826.0000000 191.4104670 191.4755111 
827.0000000 191.2140484 191.2790925 
828.0000000 191.0176299 191.0826740 
829.0000000 190.8212113 190.8862554 
830.0000000 190.6247928 190.6898369 
831.0000000 190.4283742 190.4934183 
832.0000000 190.2319557 190.2969998 
833.0000000 190.0355371 190.1005812 
834.0000000 189.8391186 189.9041627 
835.0000000 189.6427000 189.7077441 
836.0000000 189.4462815 189.5113256 
837.0000000 189.2498629 189.3149070 
838.0000000 189.0534444 189.1184885 
839.0000000 188.8570258 188.9220699 
840.0000000 188.6606073 188.7256514 
841.0000000 188.4641887 188.5292328 
842.0000000 188.2677702 188.3328143 
843.0000000 188.0713516 188.1363957 
844.0000000 187.8749331 187.9399772 
845.0000000 187.6785145 187.7435586 
846.0000000 187.4820960 187.5471401 
847.0000000 187.2856774 187.3507215 
848.0000000 187.0892589 187.1543030 
849.0000000 186.8928403 186.9578844 
850.0000000 186.6964218 186.7614659 
851.0000000 186.5000032 186.5650473 
852.0000000 186.3035847 186.3686288 
853.0000000 186.1071661 186.1722102 
854.0000000 185.9107476 185.9757917 
855.0000000 185.7143290 185.7793731 
856.0000000 185.5179105 185.5829546 
857.0000000 185.3214919 185.3865360 
858.0000000 185.1250734 185.1901175 
859.0000000 184.9286548 184.9936989 
860.0000000 184.7322363 184.7972804 
861.0000000 184.5358177 184.6008618 
862.0000000 184.3393992 184.4044433 
863.0000000 184.1429806 184.2080247 
864.0000000 183.9465621 184.0116062 
865.0000000 183.7501435 183.8151876 
866.0000000 183.5537250 183.6187691 
867.0000000 183.3573064 183.4223505 
868.0000000 183.1608879 183.2259320 
869.0000000 182.9644693 183.0295134 
870.0000000 182.7680508 182.8330949 
871.0000000 182.5716322 182.6366763 
872.0000000 182.3752137 182.4402578 
873.0000000 182.1787951 182.2438392 
874.0000000 181.9823766 182.0474207 
875.0000000 181.7859580 181.8510021 
876.0000000 181.5895395 181.6545836 
877.0000000 181.3931209 181.4581650 
878.0000000 181.1967024 181.2617465 
879.0000000 181.0002838 181.0653279 
880.0000000 180.8038653 180.8689094 
881.0000000 180.6074467 180.6724908 
882.0000000 180.4110282 180.4760723 
883.0000000 180.2146096 180.2796537 
884.0000000 180.0181911 180.0832352 
885.0000000 179.8217725 179.8868166 
886.0000000 179.6253540 179.6903981 
887.0000000 179.4289354 179.4939795 
888.0000000 179.2325169 179.2975610 
889.0000000 179.0360983 179.1011424 
890.0000000 178.8396798 178.9047239 
891.0000000 178.6432612 178.7083053 
892.0000000 178.4468427 178.5118868 
893.0000000 178.2504241 178.3154682 
894.0000000 178.0540056 178.1190497 
895.0000000 177.8575870 177.9226311 
896.0000000 177.6611685 177.7262126 
897.0000000 177.4647499 177.5297940 
898.0000000 177.2683314 177.3333755 
899.0000000 177.0719128 177.1369569 
900.0000000 176.8754943 176.9405384 
901.0000000 176.6790757 176.7441198 
902.0000000 176.4826572 176.5477013 
903.0000000 176.2862386 176.3512827 
904.0000000 176.0898201 176.1548642 
905.0000000 175.8934015 175.9584456 
906.0000000 175.6969830 175.7620271 
907.0000000 175.5005644 175.5656085 
908.0000000 175.3041459 175.3691900 
909.0000000 175.1077273 175.1727714 
910.0000000 174.9113088 174.9763529 
911.0000000 174.7148902 174.7799343 
912.0000000 174.5184717 174.5835158 
913.0000000 174.3220531 174.3870972 
914.0000000 174.1256346 174.1906787 
915.0000000 173.9292160 173.9942601 
916.0000000 173.7327975 173.7978416 
917.0000000 173.5363789 173.6014230 
918.0000000 173.3399604 173.4050045 
919.0000000 173.1435418 173.2085859 
920.0000000 172.9471233 173.0121674 
921.0000000 172.7507047 172.8157488 
922.0000000 172.5542862 172.6193303 
923.0000000 172.3578676 172.4229117 
924.0000000 172.1614491 172.2264932 
925.0000000 171.9650305 172.0300746 
926.0000000 171.7686120 171.8336561 
927.0000000 171.5721934 171.6372375 
928.0000000 171.3757749 171.4408190 
929.0000000 171.1793563 171.2444004 
930.0000000 170.9829378 171.0479819 
931.0000000 170.7865192 170.8515633 
932.0000000 170.5901007 170.6551448 
933.0000000 170.3936821 170.4587262 
934.0000000 170.1972635 170.2623077 
935.0000000 170.0008450 170.0658891 
936.0000000 169.8044264 169.8694706 
937.0000000 169.6080079 169.6730520 
938.0000000 169.4115893 169.4766335 
939.0000000 169.2151708 169.2802149 
940.0000000 169.0187522 169.0837964 
941.0000000 168.8223337 168.8873778 
942.0000000 168.6259151 168.6909593 
943.0000000 168.4294966 168.4945407 
944.0000000 168.2330780 168.2981222 
945.0000000 168.0366595 168.1017036 
946.0000000 167.8402409 167.9052851 
947.0000000 167.6438224 167.7088665 
948.0000000 167.4474038 167.5124480 
949.0000000 167.2509853 167.3160294 
950.0000000 167.0545667 167.1196109 
951.0000000 166.8581482 166.9231923 
952.0000000 166.6617296 166.7267738 
953.0000000 166.4653111 166.5303552 
954.0000000 166.2688925 166.3339367 
955.0000000 166.0724740 166.1375181 
956.0000000 165.8760554 165.9410996 
957.0000000 165.6796369 165.7446810 
958.0000000 165.4832183 165.5482625 
959.0000000 165.2867998 165.3518439 
960.0000000 165.0903812 165.1554254 
961.0000000 164.8939627 164.9590068 
962.0000000 164.6975441 164.7625883 
963.0000000 164.5011256 164.5661697 
964.0000000 164.3047070 164.3697512 
965.0000000 164.1082885 164.1733326 
966.0000000 163.9118699 163.9769141 
967.0000000 163.7154514 163.7804955 
968.0000000 163.5190328 163.5840770 
969.0000000 163.3226143 163.3876584 
970.0000000 163.1261957 163.1912399 
971.0000000 162.9297772 162.9948213 
972.0000000 162.7333586 162.7984028 
973.0000000 162.5369401 162.6019842 
974.0000000 162.3405215 162.4055657 
975.0000000 162.1441030 162.2091471 
976.0000000 161.9476844 162.0127286 
977.0000000 161.7512659 161.8163100 
978.0000000 161.5548473 161.6198915 
979.0000000 161.3584288 161.4234729 
980.0000000 161.1620102 161.2270543 
981.0000000 160.9655917 161.0306358 
982.0000000 160.7691731 160.8342172 
983.0000000 160.5727546 160.6377987 
984.0000000 160.3763360 160.4413801 
985.0000000 160.1799175 160.2449616 
986.0000000 159.9834989 160.0485430 
987.0000000 159.7870804 159.8521245 
988.0000000 159.5906618 159.6557059 
989.0000000 159.3942433 159.4592874 
990.0000000 159.1978247 159.2628688 
991.0000000 159.0014062 159.0664503 
992.0000000 158.8049876 158.8700317 
993.0000000 158.6085691 158.6736132 
994.0000000 158.4121505 158.4771946 
995.0000000 158.2157320 158.2807761 
996.0000000 158.0193134 158.0843575 
997.0000000 157.8228949 157.8879390 
998.0000000 157.6264763 157.6915204 
999.0000000 157.4300578 157.4951019 
1000.0000000 157.2336392 157.2986833 
1001.0000000 157.0372207 157.1022648 
1002.0000000 156.8408021 156.9058462 
1003.0000000 156.6443836 156.7094277 
1004.0000000 156.4479650 156.5130091 
1005.0000000 156.2515465 156.3165906 
1006.0000000 156.0551279 156.1201720 
1007.0000000 155.8587094 155.9237535 
1008.0000000 155.6622908 155.7273349 
1009.0000000 155.4658723 155.5309164 
1010.0000000 155.2694537 155.3344978 
1011.0000000 155.0730352 155.1380793 
1012.0000000 154.8766166 154.9416607 
1013.0000000 154.6801981 154.7452422 
1014.0000000 154.4837795 154.5488236 
1015.0000000 154.2873610 154.3524051 
1016.0000000 154.0909424 154.1559865 
1017.0000000 153.8945239 153.9595680 
1018.0000000 153.6981053 153.7631494 
1019.0000000 153.5016868 153.5667309 
1020.0000000 153.3052682 153.3703123 
1021.0000000 153.1088497 153.1738938 
1022.0000000 152.9124311 152.9774752 
1023.0000000 152.7160126 152.7810567 
1024.0000000 152.5195940 152.5846381 
1025.0000000 152.3231755 152.3882196 
1026.0000000 152.1267569 152.1918010 
1027.0000000 151.9303384 151.9953825 
1028.0000000 151.7339198 151.7989639 
1029.0000000 151.5375013 151.6025454 
1030.0000000 151.3410827 151.4061268 
1031.0000000 151.1446642 151.2097083 
1032.0000000 150.9482456 151.0132897 
1033.0000000 150.7518271 150.8168712 
1034.0000000 150.5554085 150.6204526 
1035.0000000 150.3589900 150.4240341 
1036.0000000 150.1625714 150.2276155 
1037.0000000 149.9661529 150.0311970 
1038.0000000 149.7697343 149.8347784 
1039.0000000 149.5733158 149.6383599 
1040.0000000 149.3768972 149.4419413 
1041.0000000 149.1804787 149.2455228 
1042.0000000 148.9840601 149.0491042 
1043.0000000 148.7876416 148.8526857 
1044.0000000 148.5912230 148.6562671 
1045.0000000 148.3948045 148.4598486 
1046.0000000 148.1983859 148.2634300 
1047.0000000 148.0019674 148.0670115 
1048.0000000 147.8055488 147.8705929 
1049.0000000 147.6091303 147.6741744 
1050.0000000 147.4127117 147.4777558 
1051.0000000 147.2162932 147.2813373 
1052.0000000 147.0198746 147.0849187 
1053.0000000 146.8234561 146.8885002 
1054.0000000 146.6270375 146.6920816 
1055.0000000 146.4306190 146.4956631 
1056.0000000 146.2342004 146.2992445 
1057.0000000 146.0377819 146.1028260 
1058.0000000 145.8413633 145.9064074 
1059.0000000 145.6449448 145.7099889 
1060.0000000 145.4485262 145.5135703 
1061.0000000 145.2521077 145.3171518 
1062.0000000 145.0556891 145.1207332 
1063.0000000 144.8592706 144.9243147 
1064.0000000 144.6628520 144.7278961 
1065.0000000 144.4664335 144.5314776 
1066.0000000 144.2700149 144.3350590 
1067.0000000 144.0735964 144.1386405 
1068.0000000 143.8771778 143.9422219 
1069.0000000 143.6807593 143.7458034 
1070.0000000 143.4843407 143.5493848 
1071.0000000 143.2879222 143.3529663 
1072.0000000 143.0915036 143.1565477 
1073.0000000 142.8950851 142.9601292 
1074.0000000 142.6986665 142.7637106 
1075.0000000 142.5022480 142.5672921 
1076.0000000 142.3058294 142.3708735 
1077.0000000 142.1094109 142.1744550 
1078.0000000 141.9129923 141.9780364 
1079.0000000 141.7165738 141.7816179 
1080.0000000 141.5201552 141.5851993 
1081.0000000 141.3237367 141.3887808 
1082.0000000 141.1273181 141.1923622 
1083.0000000 140.9308996 140.9959437 
1084.0000000 140.7344810 140.7995251 
1085.0000000 140.5380624 140.6031066 
1086.0000000 140.3416439 140.4066880 
1087.0000000 140.1452253 140.2102695 
1088.0000000 139.9488068 140.0138509 
1089.0000000 139.7523882 139.8174324 
1090.0000000 139.5559697 139.6210138 
1091.0000000 139.3595511 139.4245953 
1092.0000000 139.1631326 139.2281767 
1093.0000000 138.9667140 139.0317582 
1094.0000000 138.7702955 138.8353396 
1095.0000000 138.5738769 138.6389211 
1096.0000000 138.3774584 138.4425025 
1097.0000000 138.1810398 138.2460840 
1098.0000000 137.9846213 138.0496654 
1099.0000000 137.7882027 137.8532469 
1100.0000000 137.5917842 137.6568283 
1101.0000000 137.3953656 137.4604098 
1102.0000000 137.1989471 137.2639912 
1103.0000000 137.0025285 137.0675727 
1104.0000000 136.8061100 136.8711541 
1105.0000000 136.6096914 136.6747356 
1106.0000000 136.4132729 136.4783170 
1107.0000000 136.2168543 136.2818985 
1108.0000000 136.0204358 136.0854799 
1109.0000000 135.8240172 135.8890614 
1110.0000000 135.6275987 135.6926428 
1111.0000000 135.4311801 135.4962243 
1112.0000000 135.2347616 135.2998057 
1113.0000000 135.0383430 135.1033872 
1114.0000000 134.8419245 134.9069686 
1115.0000000 134.6455059 134.7105501 
1116.0000000 134.4490874 134.5141315 
1117.0000000 134.2526688 134.3177130 
1118.0000000 134.0562503 134.1212944 
1119.0000000 133.8598317 133.9248759 
1120.0000000 133.6634132 133.7284573 
1121.0000000 133.4669946 133.5320388 
1122.0000000 133.2705761 133.3356202 
1123.0000000 133.0741575 133.1392017 
1124.0000000 132.8777390 132.9427831 
1125.0000000 132.6813204 132.7463646 
1126.0000000 132.4849019 132.5499460 
1127.0000000 132.2884833 132.3535275 
1128.0000000 132.0920648 132.1571089 
1129.0000000 131.8956462 131.9606904 
1130.0000000 131.6992277 131.7642718 
1131.0000000 131.5028091 131.5678532 
1132.0000000 131.3063906 131.3714347 
1133.0000000 131.1099720 131.1750161 
1134.0000000 130.9135535 130.9785976 
1135.0000000 130.7171349 130.7821790 
1136.0000000 130.5207164 130.5857605 
1137.0000000 130.3242978 130.3893419 
1138.0000000 130.1278793 130.1929234 
1139.0000000 129.9314607 129.9965048 
1140.0000000 129.7350422 129.8000863 
1141.0000000 129.5386236 129.6036677 
1142.0000000 129.3422051 129.4072492 
1143.0000000 129.1457865 129.2108306 
1144.0000000 128.9493680 129.0144121 
1145.0000000 128.7529494 128.8179935 
1146.0000000 128.5565309 128.6215750 
1147.0000000 128.3601123 128.4251564 
1148.0000000 128.1636938 128.2287379 
1149.0000000 127.9672752 128.0323193 
1150.0000000 127.7708567 127.8359008 
1151.0000000 127.5744381 127.6394822 
1152.0000000 127.3780196 127.4430637 
1153.0000000 127.1816010 127.2466451 
1154.0000000 126.9851825 127.0502266 
1155.0000000 126.7887639 126.8538080 
1156.0000000 126.5923454 126.6573895 
1157.0000000 126.3959268 126.4609709 
1158.0000000 126.1995083 126.2645524 
1159.0000000 126.0030897 126.0681338 
1160.0000000 125.8066712 125.8717153 
1161.0000000 125.6102526 125.6752967 
1162.0000000 125.4138341 125.4788782 
1163.0000000 125.2174155 125.2824596 
1164.0000000 125.0209970 125.0860411 
1165.0000000 124.8245784 124.8896225 
1166.0000000 124.6281599 124.6932040 
1167.0000000 124.4317413 124.4967854 
1168.0000000 124.2353228 124.3003669 
1169.0000000 124.0389042 124.1039483 
1170.0000000 123.8424857 123.9075298 
1171.0000000 123.6460671 123.7111112 
1172.0000000 123.4496486 123.5146927 
1173.0000000 123.2532300 123.3182741 
1174.0000000 123.0568115 123.1218556 
1175.0000000 122.8603929 122.9254370 
1176.0000000 122.6639744 122.7290185 
1177.0000000 122.4675558 122.5325999 
1178.0000000 122.2711373 122.3361814 
1179.0000000 122.0747187 122.1397628 
1180.0000000 121.8783002 121.9433443 
1181.0000000 121.6818816 121.7469257 
1182.0000000 121.4854631 121.5505072 
1183.0000000 121.2890445 121.3540886 
1184.0000000 121.0926260 121.1576701 
1185.0000000 120.8962074 120.9612515 
1186.0000000 120.6997889 120.7648330 
1187.0000000 120.5033703 120.5684144 
1188.0000000 120.3069518 120.3719959 
1189.0000000 120.1105332 120.1755773 
1190.0000000 119.9141147 119.9791588 
1191.0000000 119.7176961 119.7827402 
1192.0000000 119.5212776 119.5863217 
1193.0000000 119.3248590 119.3899031 
1194.0000000 119.1284405 119.1934846 
1195.0000000 118.9320219 118.9970660 
1196.0000000 118.7356034 118.8006475 
1197.0000000 118.5391848 118.6042289 
1198.0000000 118.3427663 118.4078104 
1199.0000000 118.1463477 118.2113918 
1200.0000000 117.9499292 118.0149733 
1201.0000000 117.7535106 117.8185547 
1202.0000000 117.5570921 117.6221362 
1203.0000000 117.3606735 117.4257176 
1204.0000000 117.1642550 117.2292991 
1205.0000000 116.9678364 117.0328805 
1206.0000000 116.7714179 116.8364620 
1207.0000000 116.5749993 116.6400434 
1208.0000000 116.3785808 116.4436249 
1209.0000000 116.1821622 116.2472063 
1210.0000000 115.9857437 116.0507878 
1211.0000000 115.7893251 115.8543692 
1212.0000000 115.5929066 115.6579507 
1213.0000000 115.3964880 115.4615321 
1214.0000000 115.2000695 115.2651136 
1215.0000000 115.0036509 115.0686950 
1216.0000000 114.8072324 114.8722765 
1217.0000000 114.6108138 114.6758579 
1218.0000000 114.4143953 114.4794394 
1219.0000000 114.2179767 114.2830208 
1220.0000000 114.0215582 114.0866023 
1221.0000000 113.8251396 113.8901837 
1222.0000000 113.6287211 113.6937652 
1223.0000000 113.4323025 113.4973466 
1224.0000000 113.2358840 113.3009281 
1225.0000000 113.0394654 113.1045095 
1226.0000000 112.8430469 112.9080910 
1227.0000000 112.6466283 112.7116724 
1228.0000000 112.4502098 112.5152539 
1229.0000000 112.2537912 112.3188353 
1230.0000000 112.0573727 112.1224168 
1231.0000000 111.8609541 111.9259982 
1232.0000000 111.6645356 111.7295797 
1233.0000000 111.4681170 111.5331611 
1234.0000000 111.2716985 111.3367426 
1235.0000000 111.0752799 111.1403240 
1236.0000000 110.8788614 110.9439055 
1237.0000000 110.6824428 110.7474869 
1238.0000000 110.4860242 110.5510684 
1239.0000000 110.2896057 110.3546498 
1240.0000000 110.0931871 110.1582313 
1241.0000000 109.8967686 109.9618127 
1242.0000000 109.7003500 109.7653942 
1243.0000000 109.5039315 109.5689756 
1244.0000000 109.3075129 109.3725571 
1245.0000000 109.1110944 109.1761385 
1246.0000000 108.9146758 108.9797200 
1247.0000000 108.7182573 108.7833014 
1248.0000000 108.5218387 108.5868829 
1249.0000000 108.3254202 108.3904643 
1250.0000000 108.1290016 108.1940458 
1251.0000000 107.9325831 107.9976272 
1252.0000000 107.7361645 107.8012087 
1253.0000000 107.5397460 107.6047901 
1254.0000000 107.3433274 107.4083716 
1255.0000000 107.1469089 107.2119530 
1256.0000000 106.9504903 107.0155345 
1257.0000000 106.7540718 106.8191159 
1258.0000000 106.5576532 106.6226974 
1259.0000000 106.3612347 106.4262788 
1260.0000000 106.1648161 106.2298603 
1261.0000000 105.9683976 106.0334417 
1262.0000000 105.7719790 105.8370232 
1263.0000000 105.5755605 105.6406046 
1264.0000000 105.3791419 105.4441861 
1265.0000000 105.1827234 105.2477675 
1266.0000000 104.9863048 105.0513490 
1267.0000000 104.7898863 104.8549304 
1268.0000000 104.5934677 104.6585119 
1269.0000000 104.3970492 104.4620933 
1270.0000000 104.2006306 104.2656748 
1271.0000000 104.0042121 104.0692562 
1272.0000000 103.8077935 103.8728377 
1273.0000000 103.6113750 103.6764191 
1274.0000000 103.4149564 103.4800006 
1275.0000000 103.2185379 103.2835820 
1276.0000000 103.0221193 103.0871635 
1277.0000000 102.8257008 102.8907449 
1278.0000000 102.6292822 102.6943264 
1279.0000000 102.4328637 102.4979078 
1280.0000000 102.2364451 102.3014893 
1281.0000000 102.0400266 102.1050707 
1282.0000000 101.8436080 101.9086521 
1283.0000000 101.6471895 101.7122336 
1284.0000000 101.4507709 101.5158150 
1285.0000000 101.2543524 101.3193965 
1286.0000000 101.0579338 101.1229779 
1287.0000000 100.8615153 100.9265594 
1288.0000000 100.6650967 100.7301408 
1289.0000000 100.4686782 100.5337223 
1290.0000000 100.2722596 100.3373037 
1291.0000000 100.0758411 100.1408852 
1292.0000000 99.8794225 99.9444666 
1293.0000000 99.6830040 99.7480481 
1294.0000000 99.4865854 99.5516295 
1295.0000000 99.2901669 99.3552110 
1296.0000000 99.0937483 99.1587924 
1297.0000000 98.8973298 98.9623739 
1298.0000000 98.7009112 98.7659553 
1299.0000000 98.5044927 98.5695368 
1300.0000000 98.3080741 98.3731182 
1301.0000000 98.1116556 98.1766997 
1302.0000000 97.9152370 97.9802811 
1303.0000000 97.7188185 97.7838626 
1304.0000000 97.5223999 97.5874440 
1305.0000000 97.3259814 97.3910255 
1306.0000000 97.1295628 97.1946069 
1307.0000000 96.9331443 96.9981884 
1308.0000000 96.7367257 96.8017698 
1309.0000000 96.5403072 96.6053513 
1310.0000000 96.3438886 96.4089327 
1311.0000000 96.1474701 96.2125142 
1312.0000000 95.9510515 96.0160956 
1313.0000000 95.7546330 95.8196771 
1314.0000000 95.5582144 95.6232585 
1315.0000000 95.3617959 95.4268400 
1316.0000000 95.1653773 95.2304214 
1317.0000000 94.9689588 95.0340029 
1318.0000000 94.7725402 94.8375843 
1319.0000000 94.5761217 94.6411658 
1320.0000000 94.3797031 94.4447472 
1321.0000000 94.1832846 94.2483287 
1322.0000000 93.9868660 94.0519101 
1323.0000000 93.7904475 93.8554916 
1324.0000000 93.5940289 93.6590730 
1325.0000000 93.3976104 93.4626545 
1326.0000000 93.2011918 93.2662359 
1327.0000000 93.0047733 93.0698174 
1328.0000000 92.8083547 92.8733988 
1329.0000000 92.6119362 92.6769803 
1330.0000000 92.4155176 92.4805617 
1331.0000000 92.2190991 92.2841432 
1332.0000000 92.0226805 92.0877246 
1333.0000000 91.8262620 91.8913061 
1334.0000000 91.6298434 91.6948875 
1335.0000000 91.4334249 91.4984690 
1336.0000000 91.2370063 91.3020504 
1337.0000000 91.0405878 91.1056319 
1338.0000000 90.8441692 90.9092133 
1339.0000000 90.6477507 90.7127948 
1340.0000000 90.4513321 90.5163762 
1341.0000000 90.2549136 90.3199577 
1342.0000000 90.0584950 90.1235391 
1343.0000000 89.8620765 89.9271206 
1344.0000000 89.6656579 89.7307020 
1345.0000000 89.4692394 89.5342835 
1346.0000000 89.2728208 89.3378649 
1347.0000000 89.0764023 89.1414464 
1348.0000000 88.8799837 88.9450278 
1349.0000000 88.6835652 88.7486093 
1350.0000000 88.4871466 88.5521907 
1351.0000000 88.2907281 88.3557722 
1352.0000000 88.0943095 88.1593536 
1353.0000000 87.8978910 87.9629351 
1354.0000000 87.7014724 87.7665165 
1355.0000000 87.5050539 87.5700980 
1356.0000000 87.3086353 87.3736794 
1357.0000000 87.1122168 87.1772609 
1358.0000000 86.9157982 86.9808423 
1359.0000000 86.7193797 86.7844238 
1360.0000000 86.5229611 86.5880052 
1361.0000000 86.3265426 86.3915867 
1362.0000000 86.1301240 86.1951681 
1363.0000000 85.9337055 85.9987496 
1364.0000000 85.7372869 85.8023310 
1365.0000000 85.5408684 85.6059125 
1366.0000000 85.3444498 85.4094939 
1367.0000000 85.1480313 85.2130754 
1368.0000000 84.9516127 85.0166568 
1369.0000000 84.7551942 84.8202383 
1370.0000000 84.5587756 84.6238197 
1371.0000000 84.3623571 84.4274012 
1372.0000000 84.1659385 84.2309826 
1373.0000000 83.9695200 84.0345641 
1374.0000000 83.7731014 83.8381455 
1375.0000000 83.5766829 83.6417270 
1376.0000000 83.3802643 83.4453084 
1377.0000000 83.1838458 83.2488899 
1378.0000000 82.9874272 83.0524713 
1379.0000000 82.7910087 82.8560528 
1380.0000000 82.5945901 82.6596342 
1381.0000000 82.3981716 82.4632157 
1382.0000000 82.2017530 82.2667971 
1383.0000000 82.0053345 82.0703786 
1384.0000000 81.8089159 81.8739600 
1385.0000000 81.6124974 81.6775415 
1386.0000000 81.4160788 81.4811229 
1387.0000000 81.2196603 81.2847044 
1388.0000000 81.0232417 81.0882858 
1389.0000000 80.8268231 80.8918673 
1390.0000000 80.6304046 80.6954487 
1391.0000000 80.4339860 80.4990302 
1392.0000000 80.2375675 80.3026116 
1393.0000000 80.0411489 80.1061931 
1394.0000000 79.8447304 79.9097745 
1395.0000000 79.6483118 79.7133560 
1396.0000000 79.4518933 79.5169374 
1397.0000000 79.2554747 79.3205189 
1398.0000000 79.0590562 79.1241003 
1399.0000000 78.8626376 78.9276818 
1400.0000000 78.6662191 78.7312632 
1401.0000000 78.4698005 78.5348447 
1402.0000000 78.2733820 78.3384261 
1403.0000000 78.0769634 78.1420076 
1404.0000000 77.8805449 77.9455890 
1405.0000000 77.6841263 77.7491705 
1406.0000000 77.4877078 77.5527519 
1407.0000000 77.2912892 77.3563334 
1408.0000000 77.0948707 77.1599148 
1409.0000000 76.8984521 76.9634963 
1410.0000000 76.7020336 76.7670777 
1411.0000000 76.5056150 76.5706592 
1412.0000000 76.3091965 76.3742406 
1413.0000000 76.1127779 76.1778221 
1414.0000000 75.9163594 75.9814035 
1415.0000000 75.7199408 75.7849850 
1416.0000000 75.5235223 75.5885664 
1417.0000000 75.3271037 75.3921479 
1418.0000000 75.1306852 75.1957293 
1419.0000000 74.9342666 74.9993108 
1420.0000000 74.7378481 74.8028922 
1421.0000000 74.5414295 74.6064737 
1422.0000000 74.3450110 74.4100551 
1423.0000000 74.1485924 74.2136366 
1424.0000000 73.9521739 74.0172180 
1425.0000000 73.7557553 73.8207995 
1426.0000000 73.5593368 73.6243809 
1427.0000000 73.3629182 73.4279624 
1428.0000000 73.1664997 73.2315438 
1429.0000000 72.9700811 73.0351253 
1430.0000000 72.7736626 72.8387067 
1431.0000000 72.5772440 72.6422882 
1432.0000000 72.3808255 72.4458696 
1433.0000000 72.1844069 72.2494511 
1434.0000000 71.9879884 72.0530325 
1435.0000000 71.7915698 71.8566139 
1436.0000000 71.5951513 71.6601954 
1437.0000000 71.3987327 71.4637768 
1438.0000000 71.2023142 71.2673583 
1439.0000000 71.0058956 71.0709397 
1440.0000000 70.8094771 70.8745212 
1441.0000000 70.6130585 70.6781026 
1442.0000000 70.4166400 70.4816841 
1443.0000000 70.2202214 70.2852655 
1444.0000000 70.0238029 70.0888470 
1445.0000000 69.8273843 69.8924284 
1446.0000000 69.6309658 69.6960099 
1447.0000000 69.4345472 69.4995913 
1448.0000000 69.2381287 69.3031728 
1449.0000000 69.0417101 69.1067542 
1450.0000000 68.8452916 68.9103357 
1451.0000000 68.6488730 68.7139171 
1452.0000000 68.4524545 68.5174986 
1453.0000000 68.2560359 68.3210800 
1454.0000000 68.0596174 68.1246615 
1455.0000000 67.8631988 67.9282429 
1456.0000000 67.6667803 67.7318244 
1457.0000000 67.4703617 67.5354058 
1458.0000000 67.2739432 67.3389873 
1459.0000000 67.0775246 67.1425687 
1460.0000000 66.8811061 66.9461502 
1461.0000000 66.6846875 66.7497316 
1462.0000000 66.4882690 66.5533131 
1463.0000000 66.2918504 66.3568945 
1464.0000000 66.0954319 66.1604760 
1465.0000000 65.8990133 65.9640574 
1466.0000000 65.7025948 65.7676389 
1467.0000000 65.5061762 65.5712203 
1468.0000000 65.3097577 65.3748018 
1469.0000000 65.1133391 65.1783832 
1470.0000000 64.9169206 64.9819647 
1471.0000000 64.7205020 64.7855461 
1472.0000000 64.5240835 64.5891276 
1473.0000000 64.3276649 64.3927090 
1474.0000000 64.1312464 64.1962905 
1475.0000000 63.9348278 63.9998719 
1476.0000000 63.7384093 63.8034534 
1477.0000000 63.5419907 63.6070348 
1478.0000000 63.3455722 63.4106163 
1479.0000000 63.1491536 63.2141977 
1480.0000000 62.9527351 63.0177792 
1481.0000000 62.7563165 62.8213606 
1482.0000000 62.5598980 62.6249421 
1483.0000000 62.3634794 62.4285235 
1484.0000000 62.1670609 62.2321050 
1485.0000000 61.9706423 62.0356864 
1486.0000000 61.7742238 61.8392679 
1487.0000000 61.5778052 61.6428493 
1488.0000000 61.3813867 61.4464308 
1489.0000000 61.1849681 61.2500122 
1490.0000000 60.9885496 61.0535937 
1491.0000000 60.7921310 60.8571751 
1492.0000000 60.5957125 60.6607566 
1493.0000000 60.3992939 60.4643380 
1494.0000000 60.2028754 60.2679195 
1495.0000000 60.0064568 60.0715009 
1496.0000000 59.8100383 59.8750824 
1497.0000000 59.6136197 59.6786638 
1498.0000000 59.4172012 59.4822453 
1499.0000000 59.2207826 59.2858267 
1500.0000000 59.0243641 59.0894082 
1501.0000000 58.8279455 58.8929896 
1502.0000000 58.6315270 58.6965711 
1503.0000000 58.4351084 58.5001525 
1504.0000000 58.2386899 58.3037340 
1505.0000000 58.0422713 58.1073154 
1506.0000000 57.8458528 57.9108969 
1507.0000000 57.6494342 57.7144783 
1508.0000000 57.4530157 57.5180598 
1509.0000000 57.2565971 57.3216412 
1510.0000000 57.0601786 57.1252227 
1511.0000000 56.8637600 56.9288041 
1512.0000000 56.6673415 56.7323856 
1513.0000000 56.4709229 56.5359670 
1514.0000000 56.2745044 56.3395485 
1515.0000000 56.0780858 56.1431299 
1516.0000000 55.8816673 55.9467114 
1517.0000000 55.6852487 55.7502928 
1518.0000000 55.4888302 55.5538743 
1519.0000000 55.2924116 55.3574557 
1520.0000000 55.0959931 55.1610372 
1521.0000000 54.8995745 54.9646186 
1522.0000000 54.7031560 54.7682001 
1523.0000000 54.5067374 54.5717815 
1524.0000000 54.3103189 54.3753630 
1525.0000000 54.1139003 54.1789444 
1526.0000000 53.9174818 53.9825259 
1527.0000000 53.7210632 53.7861073 
1528.0000000 53.5246447 53.5896888 
1529.0000000 53.3282261 53.3932702 
1530.0000000 53.1318076 53.1968517 
1531.0000000 52.9353890 53.0004331 
1532.0000000 52.7389705 52.8040146 
1533.0000000 52.5425519 52.6075960 
1534.0000000 52.3461334 52.4111775 
1535.0000000 52.1497148 52.2147589 
1536.0000000 51.9532963 52.0183404 
1537.0000000 51.7568777 51.8219218 
1538.0000000 51.5604592 51.6255033 
1539.0000000 51.3640406 51.4290847 
1540.0000000 51.1676220 51.2326662 
1541.0000000 50.9712035 51.0362476 
1542.0000000 50.7747849 50.8398291 
1543.0000000 50.5783664 50.6434105 
1544.0000000 50.3819478 50.4469920 
1545.0000000 50.1855293 50.2505734 
1546.0000000 49.9891107 50.0541549 
1547.0000000 49.7926922 49.8577363 
1548.0000000 49.5962736 49.6613178 
1549.0000000 49.3998551 49.4648992 
1550.0000000 49.2034365 49.2684807 
1551.0000000 49.0070180 49.0720621 
1552.0000000 48.8105994 48.8756436 
1553.0000000 48.6141809 48.6792250 
1554.0000000 48.4177623 48.4828065 
1555.0000000 48.2213438 48.2863879 
1556.0000000 48.0249252 48.0899694 
1557.0000000 47.8285067 47.8935508 
1558.0000000 47.6320881 47.6971323 
1559.0000000 47.4356696 47.5007137 
1560.0000000 47.2392510 47.3042952 
1561.0000000 47.0428325 47.1078766 
1562.0000000 46.8464139 46.9114581 
1563.0000000 46.6499954 46.7150395 
1564.0000000 46.4535768 46.5186210 
1565.0000000 46.2571583 46.3222024 
1566.0000000 46.0607397 46.1257839 
1567.0000000 45.8643212 45.9293653 
1568.0000000 45.6679026 45.7329468 
1569.0000000 45.4714841 45.5365282 
1570.0000000 45.2750655 45.3401097 
1571.0000000 45.0786470 45.1436911 
1572.0000000 44.8822284 44.9472726 
1573.0000000 44.6858099 44.7508540 
1574.0000000 44.4893913 44.5544355 
1575.0000000 44.2929728 44.3580169 
1576.0000000 44.0965542 44.1615984 
1577.0000000 43.9001357 43.9651798 
1578.0000000 43.7037171 43.7687613 
1579.0000000 43.5072986 43.5723427 
1580.0000000 43.3108800 43.3759242 
1581.0000000 43.1144615 43.1795056 
1582.0000000 42.9180429 42.9830871 
1583.0000000 42.7216244 42.7866685 
1584.0000000 42.5252058 42.5902500 
1585.0000000 42.3287873 42.3938314 
1586.0000000 42.1323687 42.1974128 
1587.0000000 41.9359502 42.0009943 
1588.0000000 41.7395316 41.8045757 
1589.0000000 41.5431131 41.6081572 
1590.0000000 41.3466945 41.4117386 
1591.0000000 41.1502760 41.2153201 
1592.0000000 40.9538574 41.0189015 
1593.0000000 40.7574389 40.8224830 
1594.0000000 40.5610203 40.6260644 
1595.0000000 40.3646018 40.4296459 
1596.0000000 40.1681832 40.2332273 
1597.0000000 39.9717647 40.0368088 
1598.0000000 39.7753461 39.8403902 
1599.0000000 39.5789276 39.6439717 
1600.0000000 39.3825090 39.4475531 
1601.0000000 39.1860905 39.2511346 
1602.0000000 38.9896719 39.0547160 
1603.0000000 38.7932534 38.8582975 
1604.0000000 38.5968348 38.6618789 
1605.0000000 38.4004163 38.4654604 
1606.0000000 38.2039977 38.2690418 
1607.0000000 38.0075792 38.0726233 
1608.0000000 37.8111606 37.8762047 
1609.0000000 37.6147421 37.6797862 
1610.0000000 37.4183235 37.4833676 
1611.0000000 37.2219050 37.2869491 
1612.0000000 37.0254864 37.0905305 
1613.0000000 36.8290679 36.8941120 
1614.0000000 36.6326493 36.6976934 
1615.0000000 36.4362308 36.5012749 
1616.0000000 36.2398122 36.3048563 
1617.0000000 36.0433937 36.1084378 
1618.0000000 35.8469751 35.9120192 
1619.0000000 35.6505566 35.7156007 
1620.0000000 35.4541380 35.5191821 
1621.0000000 35.2577195 35.3227636 
1622.0000000 35.0613009 35.1263450 
1623.0000000 34.8648824 34.9299265 
1624.0000000 34.6684638 34.7335079 
1625.0000000 34.4720453 34.5370894 
1626.0000000 34.2756267 34.3406708 
1627.0000000 34.0792082 34.1442523 
1628.0000000 33.8827896 33.9478337 
1629.0000000 33.6863711 33.7514152 
1630.0000000 33.4899525 33.5549966 
1631.0000000 33.2935340 33.3585781 
1632.0000000 33.0971154 33.1621595 
1633.0000000 32.9006969 32.9657410 
1634.0000000 32.7042783 32.7693224 
1635.0000000 32.5078598 32.5729039 
1636.0000000 32.3114412 32.3764853 
1637.0000000 32.1150227 32.1800668 
1638.0000000 31.9186041 31.9836482 
1639.0000000 31.7221856 31.7872297 
1640.0000000 31.5257670 31.5908111 
1641.0000000 31.3293485 31.3943926 
1642.0000000 31.1329299 31.1979740 
1643.0000000 30.9365114 31.0015555 
1644.0000000 30.7400928 30.8051369 
1645.0000000 30.5436743 30.6087184 
1646.0000000 30.3472557 30.4122998 
1647.0000000 30.1508372 30.2158813 
1648.0000000 29.9544186 30.0194627 
1649.0000000 29.7580001 29.8230442 
1650.0000000 29.5615815 29.6266256 
1651.0000000 29.3651630 29.4302071 
1652.0000000 29.1687444 29.2337885 
1653.0000000 28.9723259 29.0373700 
1654.0000000 28.7759073 28.8409514 
1655.0000000 28.5794888 28.6445329 
1656.0000000 28.3830702 28.4481143 
1657.0000000 28.1866517 28.2516958 
1658.0000000 27.9902331 28.0552772 
1659.0000000 27.7938146 27.8588587 
1660.0000000 27.5973960 27.6624401 
1661.0000000 27.4009775 27.4660216 
1662.0000000 27.2045589 27.2696030 
1663.0000000 27.0081404 27.0731845 
1664.0000000 26.8117218 26.8767659 
1665.0000000 26.6153033 26.6803474 
1666.0000000 26.4188847 26.4839288 
1667.0000000 26.2224662 26.2875103 
1668.0000000 26.0260476 26.0910917 
1669.0000000 25.8296291 25.8946732 
1670.0000000 25.6332105 25.6982546 
1671.0000000 25.4367920 25.5018361 
1672.0000000 25.2403734 25.3054175 
1673.0000000 25.0439549 25.1089990 
1674.0000000 24.8475363 24.9125804 
1675.0000000 24.6511178 24.7161619 
1676.0000000 24.4546992 24.5197433 
1677.0000000 24.2582807 24.3233248 
1678.0000000 24.0618621 24.1269062 
1679.0000000 23.8654436 23.9304877 
1680.0000000 23.6690250 23.7340691 
1681.0000000 23.4726065 23.5376506 
1682.0000000 23.2761879 23.3412320 
1683.0000000 23.0797694 23.1448135 
1684.0000000 22.8833508 22.9483949 
1685.0000000 22.6869323 22.7519764 
1686.0000000 22.4905137 22.5555578 
1687.0000000 22.2940952 22.3591393 
1688.0000000 22.0976766 22.1627207 
1689.0000000 21.9012581 21.9663022 
1690.0000000 21.7048395 21.7698836 
1691.0000000 21.5084210 21.5734651 
1692.0000000 21.3120024 21.3770465 
1693.0000000 21.1155838 21.1806280 
1694.0000000 20.9191653 20.9842094 
1695.0000000 20.7227467 20.7877909 
1696.0000000 20.5263282 20.5913723 
1697.0000000 20.3299096 20.3949538 
1698.0000000 20.1334911 20.1985352 
1699.0000000 19.9370725 20.0021167 
1700.0000000 19.7406540 19.8056981 
1701.0000000 19.5442354 19.6092796 
1702.0000000 19.3478169 19.4128610 
1703.0000000 19.1513983 19.2164425 
1704.0000000 18.9549798 19.0200239 
1705.0000000 18.7585612 18.8236054 
1706.0000000 18.5621427 18.6271868 
1707.0000000 18.3657241 18.4307683 
1708.0000000 18.1693056 18.2343497 
1709.0000000 17.9728870 18.0379312 
1710.0000000 17.7764685 17.8415126 
1711.0000000 17.5800499 17.6450941 
1712.0000000 17.3836314 17.4486755 
1713.0000000 17.1872128 17.2522570 
1714.0000000 16.9907943 17.0558384 
1715.0000000 16.7943757 16.8594199 
1716.0000000 16.5979572 16.6630013 
1717.0000000 16.4015386 16.4665828 
1718.0000000 16.2051201 16.2701642 
1719.0000000 16.0087015 16.0737457 
1720.0000000 15.8122830 15.8773271 
1721.0000000 15.6158644 15.6809086 
1722.0000000 15.4194459 15.4844900 
1723.0000000 15.2230273 15.2880715 
1724.0000000 15.0266088 15.0916529 
1725.0000000 14.8301902 14.8952344 
1726.0000000 14.6337717 14.6988158 
1727.0000000 14.4373531 14.5023973 
1728.0000000 14.2409346 14.3059787 
1729.0000000 14.0445160 14.1095602 
1730.0000000 13.8480975 13.9131416 
1731.0000000 13.6516789 13.7167231 
1732.0000000 13.4552604 13.5203045 
1733.0000000 13.2588418 13.3238860 
1734.0000000 13.0624233 13.1274674 
1735.0000000 12.8660047 12.9310489 
1736.0000000 12.6695862 12.7346303 
1737.0000000 12.4731676 12.5382117 
1738.0000000 12.2767491 12.3417932 
1739.0000000 12.0803305 12.1453746 
1740.0000000 11.8839120 11.9489561 
1741.0000000 11.6874934 11.7525375 
1742.0000000 11.4910749 11.5561190 
1743.0000000 11.2946563 11.3597004 
1744.0000000 11.0982378 11.1632819 
1745.0000000 10.9018192 10.9668633 
1746.0000000 10.7054007 10.7704448 
1747.0000000 10.5089821 10.5740262 
1748.0000000 10.3125636 10.3776077 
1749.0000000 10.1161450 10.1811891 
1750.0000000 9.9197265 9.9847706 
1751.0000000 9.7233079 9.7883520 
1752.0000000 9.5268894 9.5919335 
1753.0000000 9.3304708 9.3955149 
1754.0000000 9.1340523 9.1990964 
1755.0000000 8.9376337 9.0026778 
1756.0000000 8.7412152 8.8062593 
1757.0000000 8.5447966 8.6098407 
1758.0000000 8.3483781 8.4134222 
1759.0000000 8.1519595 8.2170036 
1760.0000000 7.9555410 8.0205851 
1761.0000000 7.7591224 7.8241665 
1762.0000000 7.5627039 7.6277480 
1763.0000000 7.3662853 7.4313294 
1764.0000000 7.1698668 7.2349109 
1765.0000000 6.9734482 7.0384923 
1766.0000000 6.7770297 6.8420738 
1767.0000000 6.5806111 6.6456552 
1768.0000000 6.3841926 6.4492367 
1769.0000000 6.1877740 6.2528181 
1770.0000000 5.9913555 6.0563996 
1771.0000000 5.7949369 5.8599810 
1772.0000000 5.5985184 5.6635625 
1773.0000000 5.4020998 5.4671439 
1774.0000000 5.2056813 5.2707254 
1775.0000000 5.0092627 5.0743068 
1776.0000000 4.8128442 4.8778883 
1777.0000000 4.6164256 4.6814697 
1778.0000000 4.4200071 4.4850512 
1779.0000000 4.2235885 4.2886326 
1780.0000000 4.0271700 4.0922141 
1781.0000000 3.8307514 3.8957955 
1782.0000000 3.6343329 3.6993770 
1783.0000000 3.4379143 3.5029584 
1784.0000000 3.2414958 3.3065399 
1785.0000000 3.0450772 3.1101213 
1786.0000000 2.8486587 2.9137028 
1787.0000000 2.6522401 2.7172842 
1788.0000000 2.4558216 2.5208657 
1789.0000000 2.2594030 2.3244471 
1790.0000000 2.0629845 2.1280286 
1791.0000000 1.8665659 1.9316100 
1792.0000000 1.6701474 1.7351915 
1793.0000000 1.4737288 1.5387729 
1794.0000000 1.2773103 1.3423544 
1795.0000000 1.0808917 1.1459358 
1796.0000000 0.8844732 0.9495173 
1797.0000000 0.6880546 0.7530987 
1798.0000000 0.4916361 0.5566802 
1799.0000000 0.2952175 0.3602616 
1800.0000000 0.0987990 0.1638431 

