1.0000000 353.4865203 353.5737870 
2.0000000 353.2901018 353.3773684 
3.0000000 353.0936832 353.1809499 
4.0000000 352.8972647 352.9845313 
5.0000000 352.7008461 352.7881128 
6.0000000 352.5044276 352.5916942 
7.0000000 352.3080090 352.3952757 
8.0000000 352.1115905 352.1988571 
9.0000000 351.9151719 352.0024386 
10.0000000 351.7187534 351.8060200 
11.0000000 351.5223348 351.6096015 
12.0000000 351.3259163 351.4131829 
13.0000000 351.1294977 351.2167644 
14.0000000 350.9330792 351.0203458 
15.0000000 350.7366606 350.8239273 
16.0000000 350.5402421 350.6275087 
17.0000000 350.3438235 350.4310902 
18.0000000 350.1474050 350.2346716 
19.0000000 349.9509864 350.0382531 
20.0000000 349.7545679 349.8418345 
21.0000000 349.5581493 349.6454160 
22.0000000 349.3617308 349.4489974 
23.0000000 349.1653122 349.2525789 
24.0000000 348.9688937 349.0561603 
25.0000000 348.7724751 348.8597418 
26.0000000 348.5760566 348.6633232 
27.0000000 348.3796380 348.4669047 
28.0000000 348.1832195 348.2704861 
29.0000000 347.9868009 348.0740676 
30.0000000 347.7903824 347.8776490 
31.0000000 347.5939638 347.6812305 
32.0000000 347.3975453 347.4848119 
33.0000000 347.2011267 347.2883934 
34.0000000 347.0047082 347.0919748 
35.0000000 346.8082896 346.8955563 
36.0000000 346.6118711 346.6991377 
37.0000000 346.4154525 346.5027192 
38.0000000 346.2190340 346.3063006 
39.0000000 346.0226154 346.1098821 
40.0000000 345.8261969 345.9134635 
41.0000000 345.6297783 345.7170450 
42.0000000 345.4333598 345.5206264 
43.0000000 345.2369412 345.3242079 
44.0000000 345.0405227 345.1277893 
45.0000000 344.8441041 344.9313708 
46.0000000 344.6476856 344.7349522 
47.0000000 344.4512670 344.5385337 
48.0000000 344.2548485 344.3421151 
49.0000000 344.0584299 344.1456966 
50.0000000 343.8620114 343.9492780 
51.0000000 343.6655928 343.7528595 
52.0000000 343.4691743 343.5564409 
53.0000000 343.2727557 343.3600224 
54.0000000 343.0763372 343.1636038 
55.0000000 342.8799186 342.9671853 
56.0000000 342.6835001 342.7707667 
57.0000000 342.4870815 342.5743482 
58.0000000 342.2906630 342.3779296 
59.0000000 342.0942444 342.1815111 
60.0000000 341.8978259 341.9850925 
61.0000000 341.7014073 341.7886740 
62.0000000 341.5049888 341.5922554 
63.0000000 341.3085702 341.3958369 
64.0000000 341.1121517 341.1994183 
65.0000000 340.9157331 341.0029998 
66.0000000 340.7193146 340.8065812 
67.0000000 340.5228960 340.6101627 
68.0000000 340.3264775 340.4137441 
69.0000000 340.1300589 340.2173256 
70.0000000 339.9336404 340.0209070 
71.0000000 339.7372218 339.8244885 
72.0000000 339.5408033 339.6280699 
73.0000000 339.3443847 339.4316514 
74.0000000 339.1479662 339.2352328 
75.0000000 338.9515476 339.0388143 
76.0000000 338.7551291 338.8423957 
77.0000000 338.5587105 338.6459772 
78.0000000 338.3622920 338.4495586 
79.0000000 338.1658734 338.2531401 
80.0000000 337.9694549 338.0567215 
81.0000000 337.7730363 337.8603030 
82.0000000 337.5766178 337.6638844 
83.0000000 337.3801992 337.4674659 
84.0000000 337.1837807 337.2710473 
85.0000000 336.9873621 337.0746288 
86.0000000 336.7909436 336.8782102 
87.0000000 336.5945250 336.6817917 
88.0000000 336.3981065 336.4853731 
89.0000000 336.2016879 336.2889546 
90.0000000 336.0052694 336.0925360 
91.0000000 335.8088508 335.8961175 
92.0000000 335.6124323 335.6996989 
93.0000000 335.4160137 335.5032804 
94.0000000 335.2195952 335.3068618 
95.0000000 335.0231766 335.1104433 
96.0000000 334.8267581 334.9140247 
97.0000000 334.6303395 334.7176061 
98.0000000 334.4339210 334.5211876 
99.0000000 334.2375024 334.3247690 
100.0000000 334.0410839 334.1283505 
101.0000000 333.8446653 333.9319319 
102.0000000 333.6482468 333.7355134 
103.0000000 333.4518282 333.5390948 
104.0000000 333.2554097 333.3426763 
105.0000000 333.0589911 333.1462577 
106.0000000 332.8625726 332.9498392 
107.0000000 332.6661540 332.7534206 
108.0000000 332.4697355 332.5570021 
109.0000000 332.2733169 332.3605835 
110.0000000 332.0768984 332.1641650 
111.0000000 331.8804798 331.9677464 
112.0000000 331.6840613 331.7713279 
113.0000000 331.4876427 331.5749093 
114.0000000 331.2912242 331.3784908 
115.0000000 331.0948056 331.1820722 
116.0000000 330.8983871 330.9856537 
117.0000000 330.7019685 330.7892351 
118.0000000 330.5055500 330.5928166 
119.0000000 330.3091314 330.3963980 
120.0000000 330.1127128 330.1999795 
121.0000000 329.9162943 330.0035609 
122.0000000 329.7198757 329.8071424 
123.0000000 329.5234572 329.6107238 
124.0000000 329.3270386 329.4143053 
125.0000000 329.1306201 329.2178867 
126.0000000 328.9342015 329.0214682 
127.0000000 328.7377830 328.8250496 
128.0000000 328.5413644 328.6286311 
129.0000000 328.3449459 328.4322125 
130.0000000 328.1485273 328.2357940 
131.0000000 327.9521088 328.0393754 
132.0000000 327.7556902 327.8429569 
133.0000000 327.5592717 327.6465383 
134.0000000 327.3628531 327.4501198 
135.0000000 327.1664346 327.2537012 
136.0000000 326.9700160 327.0572827 
137.0000000 326.7735975 326.8608641 
138.0000000 326.5771789 326.6644456 
139.0000000 326.3807604 326.4680270 
140.0000000 326.1843418 326.2716085 
141.0000000 325.9879233 326.0751899 
142.0000000 325.7915047 325.8787714 
143.0000000 325.5950862 325.6823528 
144.0000000 325.3986676 325.4859343 
145.0000000 325.2022491 325.2895157 
146.0000000 325.0058305 325.0930972 
147.0000000 324.8094120 324.8966786 
148.0000000 324.6129934 324.7002601 
149.0000000 324.4165749 324.5038415 
150.0000000 324.2201563 324.3074230 
151.0000000 324.0237378 324.1110044 
152.0000000 323.8273192 323.9145859 
153.0000000 323.6309007 323.7181673 
154.0000000 323.4344821 323.5217488 
155.0000000 323.2380636 323.3253302 
156.0000000 323.0416450 323.1289117 
157.0000000 322.8452265 322.9324931 
158.0000000 322.6488079 322.7360746 
159.0000000 322.4523894 322.5396560 
160.0000000 322.2559708 322.3432375 
161.0000000 322.0595523 322.1468189 
162.0000000 321.8631337 321.9504004 
163.0000000 321.6667152 321.7539818 
164.0000000 321.4702966 321.5575633 
165.0000000 321.2738781 321.3611447 
166.0000000 321.0774595 321.1647262 
167.0000000 320.8810410 320.9683076 
168.0000000 320.6846224 320.7718891 
169.0000000 320.4882039 320.5754705 
170.0000000 320.2917853 320.3790520 
171.0000000 320.0953668 320.1826334 
172.0000000 319.8989482 319.9862149 
173.0000000 319.7025297 319.7897963 
174.0000000 319.5061111 319.5933778 
175.0000000 319.3096926 319.3969592 
176.0000000 319.1132740 319.2005407 
177.0000000 318.9168555 319.0041221 
178.0000000 318.7204369 318.8077036 
179.0000000 318.5240184 318.6112850 
180.0000000 318.3275998 318.4148665 
181.0000000 318.1311813 318.2184479 
182.0000000 317.9347627 318.0220294 
183.0000000 317.7383442 317.8256108 
184.0000000 317.5419256 317.6291923 
185.0000000 317.3455071 317.4327737 
186.0000000 317.1490885 317.2363552 
187.0000000 316.9526700 317.0399366 
188.0000000 316.7562514 316.8435181 
189.0000000 316.5598329 316.6470995 
190.0000000 316.3634143 316.4506810 
191.0000000 316.1669958 316.2542624 
192.0000000 315.9705772 316.0578439 
193.0000000 315.7741587 315.8614253 
194.0000000 315.5777401 315.6650068 
195.0000000 315.3813216 315.4685882 
196.0000000 315.1849030 315.2721697 
197.0000000 314.9884845 315.0757511 
198.0000000 314.7920659 314.8793326 
199.0000000 314.5956474 314.6829140 
200.0000000 314.3992288 314.4864955 
201.0000000 314.2028103 314.2900769 
202.0000000 314.0063917 314.0936584 
203.0000000 313.8099732 313.8972398 
204.0000000 313.6135546 313.7008213 
205.0000000 313.4171361 313.5044027 
206.0000000 313.2207175 313.3079842 
207.0000000 313.0242990 313.1115656 
208.0000000 312.8278804 312.9151471 
209.0000000 312.6314619 312.7187285 
210.0000000 312.4350433 312.5223100 
211.0000000 312.2386248 312.3258914 
212.0000000 312.0422062 312.1294729 
213.0000000 311.8457877 311.9330543 
214.0000000 311.6493691 311.7366358 
215.0000000 311.4529506 311.5402172 
216.0000000 311.2565320 311.3437987 
217.0000000 311.0601135 311.1473801 
218.0000000 310.8636949 310.9509616 
219.0000000 310.6672764 310.7545430 
220.0000000 310.4708578 310.5581245 
221.0000000 310.2744393 310.3617059 
222.0000000 310.0780207 310.1652874 
223.0000000 309.8816022 309.9688688 
224.0000000 309.6851836 309.7724503 
225.0000000 309.4887651 309.5760317 
226.0000000 309.2923465 309.3796132 
227.0000000 309.0959280 309.1831946 
228.0000000 308.8995094 308.9867761 
229.0000000 308.7030909 308.7903575 
230.0000000 308.5066723 308.5939390 
231.0000000 308.3102538 308.3975204 
232.0000000 308.1138352 308.2011019 
233.0000000 307.9174167 308.0046833 
234.0000000 307.7209981 307.8082648 
235.0000000 307.5245796 307.6118462 
236.0000000 307.3281610 307.4154277 
237.0000000 307.1317425 307.2190091 
238.0000000 306.9353239 307.0225906 
239.0000000 306.7389054 306.8261720 
240.0000000 306.5424868 306.6297535 
241.0000000 306.3460683 306.4333349 
242.0000000 306.1496497 306.2369164 
243.0000000 305.9532312 306.0404978 
244.0000000 305.7568126 305.8440793 
245.0000000 305.5603941 305.6476607 
246.0000000 305.3639755 305.4512422 
247.0000000 305.1675570 305.2548236 
248.0000000 304.9711384 305.0584051 
249.0000000 304.7747199 304.8619865 
250.0000000 304.5783013 304.6655679 
251.0000000 304.3818828 304.4691494 
252.0000000 304.1854642 304.2727308 
253.0000000 303.9890457 304.0763123 
254.0000000 303.7926271 303.8798937 
255.0000000 303.5962086 303.6834752 
256.0000000 303.3997900 303.4870566 
257.0000000 303.2033715 303.2906381 
258.0000000 303.0069529 303.0942195 
259.0000000 302.8105344 302.8978010 
260.0000000 302.6141158 302.7013824 
261.0000000 302.4176973 302.5049639 
262.0000000 302.2212787 302.3085453 
263.0000000 302.0248602 302.1121268 
264.0000000 301.8284416 301.9157082 
265.0000000 301.6320231 301.7192897 
266.0000000 301.4356045 301.5228711 
267.0000000 301.2391860 301.3264526 
268.0000000 301.0427674 301.1300340 
269.0000000 300.8463489 300.9336155 
270.0000000 300.6499303 300.7371969 
271.0000000 300.4535118 300.5407784 
272.0000000 300.2570932 300.3443598 
273.0000000 300.0606746 300.1479413 
274.0000000 299.8642561 299.9515227 
275.0000000 299.6678375 299.7551042 
276.0000000 299.4714190 299.5586856 
277.0000000 299.2750004 299.3622671 
278.0000000 299.0785819 299.1658485 
279.0000000 298.8821633 298.9694300 
280.0000000 298.6857448 298.7730114 
281.0000000 298.4893262 298.5765929 
282.0000000 298.2929077 298.3801743 
283.0000000 298.0964891 298.1837558 
284.0000000 297.9000706 297.9873372 
285.0000000 297.7036520 297.7909187 
286.0000000 297.5072335 297.5945001 
287.0000000 297.3108149 297.3980816 
288.0000000 297.1143964 297.2016630 
289.0000000 296.9179778 297.0052445 
290.0000000 296.7215593 296.8088259 
291.0000000 296.5251407 296.6124074 
292.0000000 296.3287222 296.4159888 
293.0000000 296.1323036 296.2195703 
294.0000000 295.9358851 296.0231517 
295.0000000 295.7394665 295.8267332 
296.0000000 295.5430480 295.6303146 
297.0000000 295.3466294 295.4338961 
298.0000000 295.1502109 295.2374775 
299.0000000 294.9537923 295.0410590 
300.0000000 294.7573738 294.8446404 
301.0000000 294.5609552 294.6482219 
302.0000000 294.3645367 294.4518033 
303.0000000 294.1681181 294.2553848 
304.0000000 293.9716996 294.0589662 
305.0000000 293.7752810 293.8625477 
306.0000000 293.5788625 293.6661291 
307.0000000 293.3824439 293.4697106 
308.0000000 293.1860254 293.2732920 
309.0000000 292.9896068 293.0768735 
310.0000000 292.7931883 292.8804549 
311.0000000 292.5967697 292.6840364 
312.0000000 292.4003512 292.4876178 
313.0000000 292.2039326 292.2911993 
314.0000000 292.0075141 292.0947807 
315.0000000 291.8110955 291.8983622 
316.0000000 291.6146770 291.7019436 
317.0000000 291.4182584 291.5055251 
318.0000000 291.2218399 291.3091065 
319.0000000 291.0254213 291.1126880 
320.0000000 290.8290028 290.9162694 
321.0000000 290.6325842 290.7198509 
322.0000000 290.4361657 290.5234323 
323.0000000 290.2397471 290.3270138 
324.0000000 290.0433286 290.1305952 
325.0000000 289.8469100 289.9341767 
326.0000000 289.6504915 289.7377581 
327.0000000 289.4540729 289.5413396 
328.0000000 289.2576544 289.3449210 
329.0000000 289.0612358 289.1485025 
330.0000000 288.8648173 288.9520839 
331.0000000 288.6683987 288.7556654 
332.0000000 288.4719802 288.5592468 
333.0000000 288.2755616 288.3628283 
334.0000000 288.0791431 288.1664097 
335.0000000 287.8827245 287.9699912 
336.0000000 287.6863060 287.7735726 
337.0000000 287.4898874 287.5771541 
338.0000000 287.2934689 287.3807355 
339.0000000 287.0970503 287.1843170 
340.0000000 286.9006318 286.9878984 
341.0000000 286.7042132 286.7914799 
342.0000000 286.5077947 286.5950613 
343.0000000 286.3113761 286.3986428 
344.0000000 286.1149576 286.2022242 
345.0000000 285.9185390 286.0058057 
346.0000000 285.7221205 285.8093871 
347.0000000 285.5257019 285.6129686 
348.0000000 285.3292834 285.4165500 
349.0000000 285.1328648 285.2201315 
350.0000000 284.9364463 285.0237129 
351.0000000 284.7400277 284.8272944 
352.0000000 284.5436092 284.6308758 
353.0000000 284.3471906 284.4344573 
354.0000000 284.1507721 284.2380387 
355.0000000 283.9543535 284.0416202 
356.0000000 283.7579350 283.8452016 
357.0000000 283.5615164 283.6487831 
358.0000000 283.3650979 283.4523645 
359.0000000 283.1686793 283.2559460 
360.0000000 282.9722608 283.0595274 
361.0000000 282.7758422 282.8631089 
362.0000000 282.5794237 282.6666903 
363.0000000 282.3830051 282.4702718 
364.0000000 282.1865866 282.2738532 
365.0000000 281.9901680 282.0774347 
366.0000000 281.7937495 281.8810161 
367.0000000 281.5973309 281.6845976 
368.0000000 281.4009124 281.4881790 
369.0000000 281.2044938 281.2917605 
370.0000000 281.0080753 281.0953419 
371.0000000 280.8116567 280.8989234 
372.0000000 280.6152382 280.7025048 
373.0000000 280.4188196 280.5060863 
374.0000000 280.2224011 280.3096677 
375.0000000 280.0259825 280.1132492 
376.0000000 279.8295640 279.9168306 
377.0000000 279.6331454 279.7204121 
378.0000000 279.4367269 279.5239935 
379.0000000 279.2403083 279.3275750 
380.0000000 279.0438898 279.1311564 
381.0000000 278.8474712 278.9347379 
382.0000000 278.6510527 278.7383193 
383.0000000 278.4546341 278.5419008 
384.0000000 278.2582156 278.3454822 
385.0000000 278.0617970 278.1490637 
386.0000000 277.8653785 277.9526451 
387.0000000 277.6689599 277.7562266 
388.0000000 277.4725414 277.5598080 
389.0000000 277.2761228 277.3633895 
390.0000000 277.0797043 277.1669709 
391.0000000 276.8832857 276.9705524 
392.0000000 276.6868672 276.7741338 
393.0000000 276.4904486 276.5777153 
394.0000000 276.2940301 276.3812967 
395.0000000 276.0976115 276.1848782 
396.0000000 275.9011930 275.9884596 
397.0000000 275.7047744 275.7920411 
398.0000000 275.5083559 275.5956225 
399.0000000 275.3119373 275.3992040 
400.0000000 275.1155188 275.2027854 
401.0000000 274.9191002 275.0063668 
402.0000000 274.7226817 274.8099483 
403.0000000 274.5262631 274.6135297 
404.0000000 274.3298446 274.4171112 
405.0000000 274.1334260 274.2206926 
406.0000000 273.9370075 274.0242741 
407.0000000 273.7405889 273.8278555 
408.0000000 273.5441704 273.6314370 
409.0000000 273.3477518 273.4350184 
410.0000000 273.1513333 273.2385999 
411.0000000 272.9549147 273.0421813 
412.0000000 272.7584962 272.8457628 
413.0000000 272.5620776 272.6493442 
414.0000000 272.3656591 272.4529257 
415.0000000 272.1692405 272.2565071 
416.0000000 271.9728220 272.0600886 
417.0000000 271.7764034 271.8636700 
418.0000000 271.5799849 271.6672515 
419.0000000 271.3835663 271.4708329 
420.0000000 271.1871478 271.2744144 
421.0000000 270.9907292 271.0779958 
422.0000000 270.7943107 270.8815773 
423.0000000 270.5978921 270.6851587 
424.0000000 270.4014735 270.4887402 
425.0000000 270.2050550 270.2923216 
426.0000000 270.0086364 270.0959031 
427.0000000 269.8122179 269.8994845 
428.0000000 269.6157993 269.7030660 
429.0000000 269.4193808 269.5066474 
430.0000000 269.2229622 269.3102289 
431.0000000 269.0265437 269.1138103 
432.0000000 268.8301251 268.9173918 
433.0000000 268.6337066 268.7209732 
434.0000000 268.4372880 268.5245547 
435.0000000 268.2408695 268.3281361 
436.0000000 268.0444509 268.1317176 
437.0000000 267.8480324 267.9352990 
438.0000000 267.6516138 267.7388805 
439.0000000 267.4551953 267.5424619 
440.0000000 267.2587767 267.3460434 
441.0000000 267.0623582 267.1496248 
442.0000000 266.8659396 266.9532063 
443.0000000 266.6695211 266.7567877 
444.0000000 266.4731025 266.5603692 
445.0000000 266.2766840 266.3639506 
446.0000000 266.0802654 266.1675321 
447.0000000 265.8838469 265.9711135 
448.0000000 265.6874283 265.7746950 
449.0000000 265.4910098 265.5782764 
450.0000000 265.2945912 265.3818579 
451.0000000 265.0981727 265.1854393 
452.0000000 264.9017541 264.9890208 
453.0000000 264.7053356 264.7926022 
454.0000000 264.5089170 264.5961837 
455.0000000 264.3124985 264.3997651 
456.0000000 264.1160799 264.2033466 
457.0000000 263.9196614 264.0069280 
458.0000000 263.7232428 263.8105095 
459.0000000 263.5268243 263.6140909 
460.0000000 263.3304057 263.4176724 
461.0000000 263.1339872 263.2212538 
462.0000000 262.9375686 263.0248353 
463.0000000 262.7411501 262.8284167 
464.0000000 262.5447315 262.6319982 
465.0000000 262.3483130 262.4355796 
466.0000000 262.1518944 262.2391611 
467.0000000 261.9554759 262.0427425 
468.0000000 261.7590573 261.8463240 
469.0000000 261.5626388 261.6499054 
470.0000000 261.3662202 261.4534869 
471.0000000 261.1698017 261.2570683 
472.0000000 260.9733831 261.0606498 
473.0000000 260.7769646 260.8642312 
474.0000000 260.5805460 260.6678127 
475.0000000 260.3841275 260.4713941 
476.0000000 260.1877089 260.2749756 
477.0000000 259.9912904 260.0785570 
478.0000000 259.7948718 259.8821385 
479.0000000 259.5984533 259.6857199 
480.0000000 259.4020347 259.4893014 
481.0000000 259.2056162 259.2928828 
482.0000000 259.0091976 259.0964643 
483.0000000 258.8127791 258.9000457 
484.0000000 258.6163605 258.7036272 
485.0000000 258.4199420 258.5072086 
486.0000000 258.2235234 258.3107901 
487.0000000 258.0271049 258.1143715 
488.0000000 257.8306863 257.9179530 
489.0000000 257.6342678 257.7215344 
490.0000000 257.4378492 257.5251159 
491.0000000 257.2414307 257.3286973 
492.0000000 257.0450121 257.1322788 
493.0000000 256.8485936 256.9358602 
494.0000000 256.6521750 256.7394417 
495.0000000 256.4557565 256.5430231 
496.0000000 256.2593379 256.3466046 
497.0000000 256.0629194 256.1501860 
498.0000000 255.8665008 255.9537675 
499.0000000 255.6700823 255.7573489 
500.0000000 255.4736637 255.5609304 
501.0000000 255.2772452 255.3645118 
502.0000000 255.0808266 255.1680933 
503.0000000 254.8844081 254.9716747 
504.0000000 254.6879895 254.7752562 
505.0000000 254.4915710 254.5788376 
506.0000000 254.2951524 254.3824191 
507.0000000 254.0987339 254.1860005 
508.0000000 253.9023153 253.9895820 
509.0000000 253.7058968 253.7931634 
510.0000000 253.5094782 253.5967449 
511.0000000 253.3130597 253.4003263 
512.0000000 253.1166411 253.2039078 
513.0000000 252.9202226 253.0074892 
514.0000000 252.7238040 252.8110707 
515.0000000 252.5273855 252.6146521 
516.0000000 252.3309669 252.4182336 
517.0000000 252.1345484 252.2218150 
518.0000000 251.9381298 252.0253965 
519.0000000 251.7417113 251.8289779 
520.0000000 251.5452927 251.6325594 
521.0000000 251.3488742 251.4361408 
522.0000000 251.1524556 251.2397223 
523.0000000 250.9560371 251.0433037 
524.0000000 250.7596185 250.8468852 
525.0000000 250.5632000 250.6504666 
526.0000000 250.3667814 250.4540481 
527.0000000 250.1703629 250.2576295 
528.0000000 249.9739443 250.0612110 
529.0000000 249.7775258 249.8647924 
530.0000000 249.5811072 249.6683739 
531.0000000 249.3846887 249.4719553 
532.0000000 249.1882701 249.2755368 
533.0000000 248.9918516 249.0791182 
534.0000000 248.7954330 248.8826997 
535.0000000 248.5990145 248.6862811 
536.0000000 248.4025959 248.4898626 
537.0000000 248.2061774 248.2934440 
538.0000000 248.0097588 248.0970255 
539.0000000 247.8133403 247.9006069 
540.0000000 247.6169217 247.7041884 
541.0000000 247.4205032 247.5077698 
542.0000000 247.2240846 247.3113513 
543.0000000 247.0276661 247.1149327 
544.0000000 246.8312475 246.9185142 
545.0000000 246.6348290 246.7220956 
546.0000000 246.4384104 246.5256771 
547.0000000 246.2419919 246.3292585 
548.0000000 246.0455733 246.1328400 
549.0000000 245.8491548 245.9364214 
550.0000000 245.6527362 245.7400029 
551.0000000 245.4563177 245.5435843 
552.0000000 245.2598991 245.3471657 
553.0000000 245.0634806 245.1507472 
554.0000000 244.8670620 244.9543286 
555.0000000 244.6706435 244.7579101 
556.0000000 244.4742249 244.5614915 
557.0000000 244.2778064 244.3650730 
558.0000000 244.0813878 244.1686544 
559.0000000 243.8849693 243.9722359 
560.0000000 243.6885507 243.7758173 
561.0000000 243.4921322 243.5793988 
562.0000000 243.2957136 243.3829802 
563.0000000 243.0992951 243.1865617 
564.0000000 242.9028765 242.9901431 
565.0000000 242.7064580 242.7937246 
566.0000000 242.5100394 242.5973060 
567.0000000 242.3136209 242.4008875 
568.0000000 242.1172023 242.2044689 
569.0000000 241.9207838 242.0080504 
570.0000000 241.7243652 241.8116318 
571.0000000 241.5279467 241.6152133 
572.0000000 241.3315281 241.4187947 
573.0000000 241.1351096 241.2223762 
574.0000000 240.9386910 241.0259576 
575.0000000 240.7422724 240.8295391 
576.0000000 240.5458539 240.6331205 
577.0000000 240.3494353 240.4367020 
578.0000000 240.1530168 240.2402834 
579.0000000 239.9565982 240.0438649 
580.0000000 239.7601797 239.8474463 
581.0000000 239.5637611 239.6510278 
582.0000000 239.3673426 239.4546092 
583.0000000 239.1709240 239.2581907 
584.0000000 238.9745055 239.0617721 
585.0000000 238.7780869 238.8653536 
586.0000000 238.5816684 238.6689350 
587.0000000 238.3852498 238.4725165 
588.0000000 238.1888313 238.2760979 
589.0000000 237.9924127 238.0796794 
590.0000000 237.7959942 237.8832608 
591.0000000 237.5995756 237.6868423 
592.0000000 237.4031571 237.4904237 
593.0000000 237.2067385 237.2940052 
594.0000000 237.0103200 237.0975866 
595.0000000 236.8139014 236.9011681 
596.0000000 236.6174829 236.7047495 
597.0000000 236.4210643 236.5083310 
598.0000000 236.2246458 236.3119124 
599.0000000 236.0282272 236.1154939 
600.0000000 235.8318087 235.9190753 
601.0000000 235.6353901 235.7226568 
602.0000000 235.4389716 235.5262382 
603.0000000 235.2425530 235.3298197 
604.0000000 235.0461345 235.1334011 
605.0000000 234.8497159 234.9369826 
606.0000000 234.6532974 234.7405640 
607.0000000 234.4568788 234.5441455 
608.0000000 234.2604603 234.3477269 
609.0000000 234.0640417 234.1513084 
610.0000000 233.8676232 233.9548898 
611.0000000 233.6712046 233.7584713 
612.0000000 233.4747861 233.5620527 
613.0000000 233.2783675 233.3656342 
614.0000000 233.0819490 233.1692156 
615.0000000 232.8855304 232.9727971 
616.0000000 232.6891119 232.7763785 
617.0000000 232.4926933 232.5799600 
618.0000000 232.2962748 232.3835414 
619.0000000 232.0998562 232.1871229 
620.0000000 231.9034377 231.9907043 
621.0000000 231.7070191 231.7942858 
622.0000000 231.5106006 231.5978672 
623.0000000 231.3141820 231.4014487 
624.0000000 231.1177635 231.2050301 
625.0000000 230.9213449 231.0086116 
626.0000000 230.7249264 230.8121930 
627.0000000 230.5285078 230.6157745 
628.0000000 230.3320893 230.4193559 
629.0000000 230.1356707 230.2229374 
630.0000000 229.9392522 230.0265188 
631.0000000 229.7428336 229.8301003 
632.0000000 229.5464151 229.6336817 
633.0000000 229.3499965 229.4372632 
634.0000000 229.1535780 229.2408446 
635.0000000 228.9571594 229.0444261 
636.0000000 228.7607409 228.8480075 
637.0000000 228.5643223 228.6515890 
638.0000000 228.3679038 228.4551704 
639.0000000 228.1714852 228.2587519 
640.0000000 227.9750667 228.0623333 
641.0000000 227.7786481 227.8659148 
642.0000000 227.5822296 227.6694962 
643.0000000 227.3858110 227.4730777 
644.0000000 227.1893925 227.2766591 
645.0000000 226.9929739 227.0802406 
646.0000000 226.7965554 226.8838220 
647.0000000 226.6001368 226.6874035 
648.0000000 226.4037183 226.4909849 
649.0000000 226.2072997 226.2945664 
650.0000000 226.0108812 226.0981478 
651.0000000 225.8144626 225.9017293 
652.0000000 225.6180441 225.7053107 
653.0000000 225.4216255 225.5088922 
654.0000000 225.2252070 225.3124736 
655.0000000 225.0287884 225.1160551 
656.0000000 224.8323699 224.9196365 
657.0000000 224.6359513 224.7232180 
658.0000000 224.4395328 224.5267994 
659.0000000 224.2431142 224.3303809 
660.0000000 224.0466957 224.1339623 
661.0000000 223.8502771 223.9375438 
662.0000000 223.6538586 223.7411252 
663.0000000 223.4574400 223.5447067 
664.0000000 223.2610215 223.3482881 
665.0000000 223.0646029 223.1518696 
666.0000000 222.8681844 222.9554510 
667.0000000 222.6717658 222.7590325 
668.0000000 222.4753473 222.5626139 
669.0000000 222.2789287 222.3661954 
670.0000000 222.0825102 222.1697768 
671.0000000 221.8860916 221.9733583 
672.0000000 221.6896731 221.7769397 
673.0000000 221.4932545 221.5805212 
674.0000000 221.2968360 221.3841026 
675.0000000 221.1004174 221.1876841 
676.0000000 220.9039989 220.9912655 
677.0000000 220.7075803 220.7948470 
678.0000000 220.5111618 220.5984284 
679.0000000 220.3147432 220.4020099 
680.0000000 220.1183247 220.2055913 
681.0000000 219.9219061 220.0091728 
682.0000000 219.7254876 219.8127542 
683.0000000 219.5290690 219.6163357 
684.0000000 219.3326505 219.4199171 
685.0000000 219.1362319 219.2234986 
686.0000000 218.9398134 219.0270800 
687.0000000 218.7433948 218.8306615 
688.0000000 218.5469763 218.6342429 
689.0000000 218.3505577 218.4378244 
690.0000000 218.1541392 218.2414058 
691.0000000 217.9577206 218.0449873 
692.0000000 217.7613021 217.8485687 
693.0000000 217.5648835 217.6521502 
694.0000000 217.3684650 217.4557316 
695.0000000 217.1720464 217.2593131 
696.0000000 216.9756279 217.0628945 
697.0000000 216.7792093 216.8664760 
698.0000000 216.5827908 216.6700574 
699.0000000 216.3863722 216.4736389 
700.0000000 216.1899537 216.2772203 
701.0000000 215.9935351 216.0808018 
702.0000000 215.7971166 215.8843832 
703.0000000 215.6006980 215.6879647 
704.0000000 215.4042795 215.4915461 
705.0000000 215.2078609 215.2951275 
706.0000000 215.0114424 215.0987090 
707.0000000 214.8150238 214.9022904 
708.0000000 214.6186053 214.7058719 
709.0000000 214.4221867 214.5094533 
710.0000000 214.2257682 214.3130348 
711.0000000 214.0293496 214.1166162 
712.0000000 213.8329311 213.9201977 
713.0000000 213.6365125 213.7237791 
714.0000000 213.4400940 213.5273606 
715.0000000 213.2436754 213.3309420 
716.0000000 213.0472569 213.1345235 
717.0000000 212.8508383 212.9381049 
718.0000000 212.6544198 212.7416864 
719.0000000 212.4580012 212.5452678 
720.0000000 212.2615827 212.3488493 
721.0000000 212.0651641 212.1524307 
722.0000000 211.8687456 211.9560122 
723.0000000 211.6723270 211.7595936 
724.0000000 211.4759085 211.5631751 
725.0000000 211.2794899 211.3667565 
726.0000000 211.0830714 211.1703380 
727.0000000 210.8866528 210.9739194 
728.0000000 210.6902342 210.7775009 
729.0000000 210.4938157 210.5810823 
730.0000000 210.2973971 210.3846638 
731.0000000 210.1009786 210.1882452 
732.0000000 209.9045600 209.9918267 
733.0000000 209.7081415 209.7954081 
734.0000000 209.5117229 209.5989896 
735.0000000 209.3153044 209.4025710 
736.0000000 209.1188858 209.2061525 
737.0000000 208.9224673 209.0097339 
738.0000000 208.7260487 208.8133154 
739.0000000 208.5296302 208.6168968 
740.0000000 208.3332116 208.4204783 
741.0000000 208.1367931 208.2240597 
742.0000000 207.9403745 208.0276412 
743.0000000 207.7439560 207.8312226 
744.0000000 207.5475374 207.6348041 
745.0000000 207.3511189 207.4383855 
746.0000000 207.1547003 207.2419670 
747.0000000 206.9582818 207.0455484 
748.0000000 206.7618632 206.8491299 
749.0000000 206.5654447 206.6527113 
750.0000000 206.3690261 206.4562928 
751.0000000 206.1726076 206.2598742 
752.0000000 205.9761890 206.0634557 
753.0000000 205.7797705 205.8670371 
754.0000000 205.5833519 205.6706186 
755.0000000 205.3869334 205.4742000 
756.0000000 205.1905148 205.2777815 
757.0000000 204.9940963 205.0813629 
758.0000000 204.7976777 204.8849444 
759.0000000 204.6012592 204.6885258 
760.0000000 204.4048406 204.4921073 
761.0000000 204.2084221 204.2956887 
762.0000000 204.0120035 204.0992702 
763.0000000 203.8155850 203.9028516 
764.0000000 203.6191664 203.7064331 
765.0000000 203.4227479 203.5100145 
766.0000000 203.2263293 203.3135960 
767.0000000 203.0299108 203.1171774 
768.0000000 202.8334922 202.9207589 
769.0000000 202.6370737 202.7243403 
770.0000000 202.4406551 202.5279218 
771.0000000 202.2442366 202.3315032 
772.0000000 202.0478180 202.1350847 
773.0000000 201.8513995 201.9386661 
774.0000000 201.6549809 201.7422476 
775.0000000 201.4585624 201.5458290 
776.0000000 201.2621438 201.3494105 
777.0000000 201.0657253 201.1529919 
778.0000000 200.8693067 200.9565734 
779.0000000 200.6728882 200.7601548 
780.0000000 200.4764696 200.5637363 
781.0000000 200.2800511 200.3673177 
782.0000000 200.0836325 200.1708992 
783.0000000 199.8872140 199.9744806 
784.0000000 199.6907954 199.7780621 
785.0000000 199.4943769 199.5816435 
786.0000000 199.2979583 199.3852250 
787.0000000 199.1015398 199.1888064 
788.0000000 198.9051212 198.9923879 
789.0000000 198.7087027 198.7959693 
790.0000000 198.5122841 198.5995508 
791.0000000 198.3158656 198.4031322 
792.0000000 198.1194470 198.2067137 
793.0000000 197.9230285 198.0102951 
794.0000000 197.7266099 197.8138766 
795.0000000 197.5301914 197.6174580 
796.0000000 197.3337728 197.4210395 
797.0000000 197.1373543 197.2246209 
798.0000000 196.9409357 197.0282024 
799.0000000 196.7445172 196.8317838 
800.0000000 196.5480986 196.6353653 
801.0000000 196.3516801 196.4389467 
802.0000000 196.1552615 196.2425282 
803.0000000 195.9588430 196.0461096 
804.0000000 195.7624244 195.8496911 
805.0000000 195.5660059 195.6532725 
806.0000000 195.3695873 195.4568540 
807.0000000 195.1731688 195.2604354 
808.0000000 194.9767502 195.0640169 
809.0000000 194.7803317 194.8675983 
810.0000000 194.5839131 194.6711798 
811.0000000 194.3874946 194.4747612 
812.0000000 194.1910760 194.2783427 
813.0000000 193.9946575 194.0819241 
814.0000000 193.7982389 193.8855056 
815.0000000 193.6018204 193.6890870 
816.0000000 193.4054018 193.4926685 
817.0000000 193.2089833 193.2962499 
818.0000000 193.0125647 193.0998314 
819.0000000 192.8161462 192.9034128 
820.0000000 192.6197276 192.7069943 
821.0000000 192.4233091 192.5105757 
822.0000000 192.2268905 192.3141572 
823.0000000 192.0304720 192.1177386 
824.0000000 191.8340534 191.9213201 
825.0000000 191.6376349 191.7249015 
826.0000000 191.4412163 191.5284830 
827.0000000 191.2447978 191.3320644 
828.0000000 191.0483792 191.1356459 
829.0000000 190.8519607 190.9392273 
830.0000000 190.6555421 190.7428088 
831.0000000 190.4591236 190.5463902 
832.0000000 190.2627050 190.3499717 
833.0000000 190.0662865 190.1535531 
834.0000000 189.8698679 189.9571346 
835.0000000 189.6734494 189.7607160 
836.0000000 189.4770308 189.5642975 
837.0000000 189.2806123 189.3678789 
838.0000000 189.0841937 189.1714604 
839.0000000 188.8877752 188.9750418 
840.0000000 188.6913566 188.7786233 
841.0000000 188.4949381 188.5822047 
842.0000000 188.2985195 188.3857862 
843.0000000 188.1021010 188.1893676 
844.0000000 187.9056824 187.9929491 
845.0000000 187.7092639 187.7965305 
846.0000000 187.5128453 187.6001120 
847.0000000 187.3164268 187.4036934 
848.0000000 187.1200082 187.2072749 
849.0000000 186.9235897 187.0108563 
850.0000000 186.7271711 186.8144378 
851.0000000 186.5307526 186.6180192 
852.0000000 186.3343340 186.4216007 
853.0000000 186.1379155 186.2251821 
854.0000000 185.9414969 186.0287636 
855.0000000 185.7450784 185.8323450 
856.0000000 185.5486598 185.6359264 
857.0000000 185.3522413 185.4395079 
858.0000000 185.1558227 185.2430893 
859.0000000 184.9594042 185.0466708 
860.0000000 184.7629856 184.8502522 
861.0000000 184.5665671 184.6538337 
862.0000000 184.3701485 184.4574151 
863.0000000 184.1737300 184.2609966 
864.0000000 183.9773114 184.0645780 
865.0000000 183.7808929 183.8681595 
866.0000000 183.5844743 183.6717409 
867.0000000 183.3880558 183.4753224 
868.0000000 183.1916372 183.2789038 
869.0000000 182.9952187 183.0824853 
870.0000000 182.7988001 182.8860667 
871.0000000 182.6023816 182.6896482 
872.0000000 182.4059630 182.4932296 
873.0000000 182.2095445 182.2968111 
874.0000000 182.0131259 182.1003925 
875.0000000 181.8167074 181.9039740 
876.0000000 181.6202888 181.7075554 
877.0000000 181.4238703 181.5111369 
878.0000000 181.2274517 181.3147183 
879.0000000 181.0310331 181.1182998 
880.0000000 180.8346146 180.9218812 
881.0000000 180.6381960 180.7254627 
882.0000000 180.4417775 180.5290441 
883.0000000 180.2453589 180.3326256 
884.0000000 180.0489404 180.1362070 
885.0000000 179.8525218 179.9397885 
886.0000000 179.6561033 179.7433699 
887.0000000 179.4596847 179.5469514 
888.0000000 179.2632662 179.3505328 
889.0000000 179.0668476 179.1541143 
890.0000000 178.8704291 178.9576957 
891.0000000 178.6740105 178.7612772 
892.0000000 178.4775920 178.5648586 
893.0000000 178.2811734 178.3684401 
894.0000000 178.0847549 178.1720215 
895.0000000 177.8883363 177.9756030 
896.0000000 177.6919178 177.7791844 
897.0000000 177.4954992 177.5827659 
898.0000000 177.2990807 177.3863473 
899.0000000 177.1026621 177.1899288 
900.0000000 176.9062436 176.9935102 
901.0000000 176.7098250 176.7970917 
902.0000000 176.5134065 176.6006731 
903.0000000 176.3169879 176.4042546 
904.0000000 176.1205694 176.2078360 
905.0000000 175.9241508 176.0114175 
906.0000000 175.7277323 175.8149989 
907.0000000 175.5313137 175.6185804 
908.0000000 175.3348952 175.4221618 
909.0000000 175.1384766 175.2257433 
910.0000000 174.9420581 175.0293247 
911.0000000 174.7456395 174.8329062 
912.0000000 174.5492210 174.6364876 
913.0000000 174.3528024 174.4400691 
914.0000000 174.1563839 174.2436505 
915.0000000 173.9599653 174.0472320 
916.0000000 173.7635468 173.8508134 
917.0000000 173.5671282 173.6543949 
918.0000000 173.3707097 173.4579763 
919.0000000 173.1742911 173.2615578 
920.0000000 172.9778726 173.0651392 
921.0000000 172.7814540 172.8687207 
922.0000000 172.5850355 172.6723021 
923.0000000 172.3886169 172.4758836 
924.0000000 172.1921984 172.2794650 
925.0000000 171.9957798 172.0830465 
926.0000000 171.7993613 171.8866279 
927.0000000 171.6029427 171.6902094 
928.0000000 171.4065242 171.4937908 
929.0000000 171.2101056 171.2973723 
930.0000000 171.0136871 171.1009537 
931.0000000 170.8172685 170.9045352 
932.0000000 170.6208500 170.7081166 
933.0000000 170.4244314 170.5116981 
934.0000000 170.2280129 170.3152795 
935.0000000 170.0315943 170.1188610 
936.0000000 169.8351758 169.9224424 
937.0000000 169.6387572 169.7260239 
938.0000000 169.4423387 169.5296053 
939.0000000 169.2459201 169.3331868 
940.0000000 169.0495016 169.1367682 
941.0000000 168.8530830 168.9403497 
942.0000000 168.6566645 168.7439311 
943.0000000 168.4602459 168.5475126 
944.0000000 168.2638274 168.3510940 
945.0000000 168.0674088 168.1546755 
946.0000000 167.8709903 167.9582569 
947.0000000 167.6745717 167.7618384 
948.0000000 167.4781532 167.5654198 
949.0000000 167.2817346 167.3690013 
950.0000000 167.0853161 167.1725827 
951.0000000 166.8888975 166.9761642 
952.0000000 166.6924790 166.7797456 
953.0000000 166.4960604 166.5833271 
954.0000000 166.2996419 166.3869085 
955.0000000 166.1032233 166.1904900 
956.0000000 165.9068048 165.9940714 
957.0000000 165.7103862 165.7976529 
958.0000000 165.5139677 165.6012343 
959.0000000 165.3175491 165.4048158 
960.0000000 165.1211306 165.2083972 
961.0000000 164.9247120 165.0119787 
962.0000000 164.7282935 164.8155601 
963.0000000 164.5318749 164.6191416 
964.0000000 164.3354564 164.4227230 
965.0000000 164.1390378 164.2263045 
966.0000000 163.9426193 164.0298859 
967.0000000 163.7462007 163.8334674 
968.0000000 163.5497822 163.6370488 
969.0000000 163.3533636 163.4406303 
970.0000000 163.1569451 163.2442117 
971.0000000 162.9605265 163.0477932 
972.0000000 162.7641080 162.8513746 
973.0000000 162.5676894 162.6549561 
974.0000000 162.3712709 162.4585375 
975.0000000 162.1748523 162.2621190 
976.0000000 161.9784338 162.0657004 
977.0000000 161.7820152 161.8692819 
978.0000000 161.5855967 161.6728633 
979.0000000 161.3891781 161.4764448 
980.0000000 161.1927596 161.2800262 
981.0000000 160.9963410 161.0836077 
982.0000000 160.7999225 160.8871891 
983.0000000 160.6035039 160.6907706 
984.0000000 160.4070854 160.4943520 
985.0000000 160.2106668 160.2979335 
986.0000000 160.0142483 160.1015149 
987.0000000 159.8178297 159.9050964 
988.0000000 159.6214112 159.7086778 
989.0000000 159.4249926 159.5122593 
990.0000000 159.2285741 159.3158407 
991.0000000 159.0321555 159.1194222 
992.0000000 158.8357370 158.9230036 
993.0000000 158.6393184 158.7265851 
994.0000000 158.4428999 158.5301665 
995.0000000 158.2464813 158.3337480 
996.0000000 158.0500628 158.1373294 
997.0000000 157.8536442 157.9409109 
998.0000000 157.6572257 157.7444923 
999.0000000 157.4608071 157.5480738 
1000.0000000 157.2643886 157.3516552 
1001.0000000 157.0679700 157.1552367 
1002.0000000 156.8715515 156.9588181 
1003.0000000 156.6751329 156.7623996 
1004.0000000 156.4787144 156.5659810 
1005.0000000 156.2822958 156.3695625 
1006.0000000 156.0858773 156.1731439 
1007.0000000 155.8894587 155.9767253 
1008.0000000 155.6930402 155.7803068 
1009.0000000 155.4966216 155.5838882 
1010.0000000 155.3002031 155.3874697 
1011.0000000 155.1037845 155.1910511 
1012.0000000 154.9073660 154.9946326 
1013.0000000 154.7109474 154.7982140 
1014.0000000 154.5145289 154.6017955 
1015.0000000 154.3181103 154.4053769 
1016.0000000 154.1216918 154.2089584 
1017.0000000 153.9252732 154.0125398 
1018.0000000 153.7288547 153.8161213 
1019.0000000 153.5324361 153.6197027 
1020.0000000 153.3360176 153.4232842 
1021.0000000 153.1395990 153.2268656 
1022.0000000 152.9431805 153.0304471 
1023.0000000 152.7467619 152.8340285 
1024.0000000 152.5503434 152.6376100 
1025.0000000 152.3539248 152.4411914 
1026.0000000 152.1575063 152.2447729 
1027.0000000 151.9610877 152.0483543 
1028.0000000 151.7646692 151.8519358 
1029.0000000 151.5682506 151.6555172 
1030.0000000 151.3718321 151.4590987 
1031.0000000 151.1754135 151.2626801 
1032.0000000 150.9789949 151.0662616 
1033.0000000 150.7825764 150.8698430 
1034.0000000 150.5861578 150.6734245 
1035.0000000 150.3897393 150.4770059 
1036.0000000 150.1933207 150.2805874 
1037.0000000 149.9969022 150.0841688 
1038.0000000 149.8004836 149.8877503 
1039.0000000 149.6040651 149.6913317 
1040.0000000 149.4076465 149.4949132 
1041.0000000 149.2112280 149.2984946 
1042.0000000 149.0148094 149.1020761 
1043.0000000 148.8183909 148.9056575 
1044.0000000 148.6219723 148.7092390 
1045.0000000 148.4255538 148.5128204 
1046.0000000 148.2291352 148.3164019 
1047.0000000 148.0327167 148.1199833 
1048.0000000 147.8362981 147.9235648 
1049.0000000 147.6398796 147.7271462 
1050.0000000 147.4434610 147.5307277 
1051.0000000 147.2470425 147.3343091 
1052.0000000 147.0506239 147.1378906 
1053.0000000 146.8542054 146.9414720 
1054.0000000 146.6577868 146.7450535 
1055.0000000 146.4613683 146.5486349 
1056.0000000 146.2649497 146.3522164 
1057.0000000 146.0685312 146.1557978 
1058.0000000 145.8721126 145.9593793 
1059.0000000 145.6756941 145.7629607 
1060.0000000 145.4792755 145.5665422 
1061.0000000 145.2828570 145.3701236 
1062.0000000 145.0864384 145.1737051 
1063.0000000 144.8900199 144.9772865 
1064.0000000 144.6936013 144.7808680 
1065.0000000 144.4971828 144.5844494 
1066.0000000 144.3007642 144.3880309 
1067.0000000 144.1043457 144.1916123 
1068.0000000 143.9079271 143.9951938 
1069.0000000 143.7115086 143.7987752 
1070.0000000 143.5150900 143.6023567 
1071.0000000 143.3186715 143.4059381 
1072.0000000 143.1222529 143.2095196 
1073.0000000 142.9258344 143.0131010 
1074.0000000 142.7294158 142.8166825 
1075.0000000 142.5329973 142.6202639 
1076.0000000 142.3365787 142.4238454 
1077.0000000 142.1401602 142.2274268 
1078.0000000 141.9437416 142.0310083 
1079.0000000 141.7473231 141.8345897 
1080.0000000 141.5509045 141.6381712 
1081.0000000 141.3544860 141.4417526 
1082.0000000 141.1580674 141.2453341 
1083.0000000 140.9616489 141.0489155 
1084.0000000 140.7652303 140.8524970 
1085.0000000 140.5688118 140.6560784 
1086.0000000 140.3723932 140.4596599 
1087.0000000 140.1759747 140.2632413 
1088.0000000 139.9795561 140.0668228 
1089.0000000 139.7831376 139.8704042 
1090.0000000 139.5867190 139.6739857 
1091.0000000 139.3903005 139.4775671 
1092.0000000 139.1938819 139.2811486 
1093.0000000 138.9974634 139.0847300 
1094.0000000 138.8010448 138.8883115 
1095.0000000 138.6046263 138.6918929 
1096.0000000 138.4082077 138.4954744 
1097.0000000 138.2117892 138.2990558 
1098.0000000 138.0153706 138.1026373 
1099.0000000 137.8189521 137.9062187 
1100.0000000 137.6225335 137.7098002 
1101.0000000 137.4261150 137.5133816 
1102.0000000 137.2296964 137.3169631 
1103.0000000 137.0332779 137.1205445 
1104.0000000 136.8368593 136.9241260 
1105.0000000 136.6404408 136.7277074 
1106.0000000 136.4440222 136.5312889 
1107.0000000 136.2476037 136.3348703 
1108.0000000 136.0511851 136.1384518 
1109.0000000 135.8547666 135.9420332 
1110.0000000 135.6583480 135.7456147 
1111.0000000 135.4619295 135.5491961 
1112.0000000 135.2655109 135.3527776 
1113.0000000 135.0690924 135.1563590 
1114.0000000 134.8726738 134.9599405 
1115.0000000 134.6762553 134.7635219 
1116.0000000 134.4798367 134.5671034 
1117.0000000 134.2834182 134.3706848 
1118.0000000 134.0869996 134.1742663 
1119.0000000 133.8905811 133.9778477 
1120.0000000 133.6941625 133.7814292 
1121.0000000 133.4977440 133.5850106 
1122.0000000 133.3013254 133.3885921 
1123.0000000 133.1049069 133.1921735 
1124.0000000 132.9084883 132.9957550 
1125.0000000 132.7120698 132.7993364 
1126.0000000 132.5156512 132.6029179 
1127.0000000 132.3192327 132.4064993 
1128.0000000 132.1228141 132.2100808 
1129.0000000 131.9263956 132.0136622 
1130.0000000 131.7299770 131.8172437 
1131.0000000 131.5335585 131.6208251 
1132.0000000 131.3371399 131.4244066 
1133.0000000 131.1407214 131.2279880 
1134.0000000 130.9443028 131.0315695 
1135.0000000 130.7478843 130.8351509 
1136.0000000 130.5514657 130.6387324 
1137.0000000 130.3550472 130.4423138 
1138.0000000 130.1586286 130.2458953 
1139.0000000 129.9622101 130.0494767 
1140.0000000 129.7657915 129.8530582 
1141.0000000 129.5693730 129.6566396 
1142.0000000 129.3729544 129.4602211 
1143.0000000 129.1765359 129.2638025 
1144.0000000 128.9801173 129.0673840 
1145.0000000 128.7836988 128.8709654 
1146.0000000 128.5872802 128.6745469 
1147.0000000 128.3908617 128.4781283 
1148.0000000 128.1944431 128.2817098 
1149.0000000 127.9980246 128.0852912 
1150.0000000 127.8016060 127.8888727 
1151.0000000 127.6051875 127.6924541 
1152.0000000 127.4087689 127.4960356 
1153.0000000 127.2123504 127.2996170 
1154.0000000 127.0159318 127.1031985 
1155.0000000 126.8195133 126.9067799 
1156.0000000 126.6230947 126.7103614 
1157.0000000 126.4266762 126.5139428 
1158.0000000 126.2302576 126.3175243 
1159.0000000 126.0338391 126.1211057 
1160.0000000 125.8374205 125.9246871 
1161.0000000 125.6410020 125.7282686 
1162.0000000 125.4445834 125.5318500 
1163.0000000 125.2481649 125.3354315 
1164.0000000 125.0517463 125.1390129 
1165.0000000 124.8553278 124.9425944 
1166.0000000 124.6589092 124.7461758 
1167.0000000 124.4624907 124.5497573 
1168.0000000 124.2660721 124.3533387 
1169.0000000 124.0696536 124.1569202 
1170.0000000 123.8732350 123.9605016 
1171.0000000 123.6768165 123.7640831 
1172.0000000 123.4803979 123.5676645 
1173.0000000 123.2839794 123.3712460 
1174.0000000 123.0875608 123.1748274 
1175.0000000 122.8911423 122.9784089 
1176.0000000 122.6947237 122.7819903 
1177.0000000 122.4983052 122.5855718 
1178.0000000 122.3018866 122.3891532 
1179.0000000 122.1054681 122.1927347 
1180.0000000 121.9090495 121.9963161 
1181.0000000 121.7126310 121.7998976 
1182.0000000 121.5162124 121.6034790 
1183.0000000 121.3197938 121.4070605 
1184.0000000 121.1233753 121.2106419 
1185.0000000 120.9269567 121.0142234 
1186.0000000 120.7305382 120.8178048 
1187.0000000 120.5341196 120.6213863 
1188.0000000 120.3377011 120.4249677 
1189.0000000 120.1412825 120.2285492 
1190.0000000 119.9448640 120.0321306 
1191.0000000 119.7484454 119.8357121 
1192.0000000 119.5520269 119.6392935 
1193.0000000 119.3556083 119.4428750 
1194.0000000 119.1591898 119.2464564 
1195.0000000 118.9627712 119.0500379 
1196.0000000 118.7663527 118.8536193 
1197.0000000 118.5699341 118.6572008 
1198.0000000 118.3735156 118.4607822 
1199.0000000 118.1770970 118.2643637 
1200.0000000 117.9806785 118.0679451 
1201.0000000 117.7842599 117.8715266 
1202.0000000 117.5878414 117.6751080 
1203.0000000 117.3914228 117.4786895 
1204.0000000 117.1950043 117.2822709 
1205.0000000 116.9985857 117.0858524 
1206.0000000 116.8021672 116.8894338 
1207.0000000 116.6057486 116.6930153 
1208.0000000 116.4093301 116.4965967 
1209.0000000 116.2129115 116.3001782 
1210.0000000 116.0164930 116.1037596 
1211.0000000 115.8200744 115.9073411 
1212.0000000 115.6236559 115.7109225 
1213.0000000 115.4272373 115.5145040 
1214.0000000 115.2308188 115.3180854 
1215.0000000 115.0344002 115.1216669 
1216.0000000 114.8379817 114.9252483 
1217.0000000 114.6415631 114.7288298 
1218.0000000 114.4451446 114.5324112 
1219.0000000 114.2487260 114.3359927 
1220.0000000 114.0523075 114.1395741 
1221.0000000 113.8558889 113.9431556 
1222.0000000 113.6594704 113.7467370 
1223.0000000 113.4630518 113.5503185 
1224.0000000 113.2666333 113.3538999 
1225.0000000 113.0702147 113.1574814 
1226.0000000 112.8737962 112.9610628 
1227.0000000 112.6773776 112.7646443 
1228.0000000 112.4809591 112.5682257 
1229.0000000 112.2845405 112.3718072 
1230.0000000 112.0881220 112.1753886 
1231.0000000 111.8917034 111.9789701 
1232.0000000 111.6952849 111.7825515 
1233.0000000 111.4988663 111.5861330 
1234.0000000 111.3024478 111.3897144 
1235.0000000 111.1060292 111.1932959 
1236.0000000 110.9096107 110.9968773 
1237.0000000 110.7131921 110.8004588 
1238.0000000 110.5167736 110.6040402 
1239.0000000 110.3203550 110.4076217 
1240.0000000 110.1239365 110.2112031 
1241.0000000 109.9275179 110.0147846 
1242.0000000 109.7310994 109.8183660 
1243.0000000 109.5346808 109.6219475 
1244.0000000 109.3382623 109.4255289 
1245.0000000 109.1418437 109.2291104 
1246.0000000 108.9454252 109.0326918 
1247.0000000 108.7490066 108.8362733 
1248.0000000 108.5525881 108.6398547 
1249.0000000 108.3561695 108.4434362 
1250.0000000 108.1597510 108.2470176 
1251.0000000 107.9633324 108.0505991 
1252.0000000 107.7669139 107.8541805 
1253.0000000 107.5704953 107.6577620 
1254.0000000 107.3740768 107.4613434 
1255.0000000 107.1776582 107.2649249 
1256.0000000 106.9812397 107.0685063 
1257.0000000 106.7848211 106.8720878 
1258.0000000 106.5884026 106.6756692 
1259.0000000 106.3919840 106.4792507 
1260.0000000 106.1955655 106.2828321 
1261.0000000 105.9991469 106.0864136 
1262.0000000 105.8027284 105.8899950 
1263.0000000 105.6063098 105.6935765 
1264.0000000 105.4098913 105.4971579 
1265.0000000 105.2134727 105.3007394 
1266.0000000 105.0170542 105.1043208 
1267.0000000 104.8206356 104.9079023 
1268.0000000 104.6242171 104.7114837 
1269.0000000 104.4277985 104.5150652 
1270.0000000 104.2313800 104.3186466 
1271.0000000 104.0349614 104.1222281 
1272.0000000 103.8385429 103.9258095 
1273.0000000 103.6421243 103.7293910 
1274.0000000 103.4457058 103.5329724 
1275.0000000 103.2492872 103.3365539 
1276.0000000 103.0528687 103.1401353 
1277.0000000 102.8564501 102.9437168 
1278.0000000 102.6600316 102.7472982 
1279.0000000 102.4636130 102.5508797 
1280.0000000 102.2671945 102.3544611 
1281.0000000 102.0707759 102.1580426 
1282.0000000 101.8743574 101.9616240 
1283.0000000 101.6779388 101.7652055 
1284.0000000 101.4815203 101.5687869 
1285.0000000 101.2851017 101.3723684 
1286.0000000 101.0886832 101.1759498 
1287.0000000 100.8922646 100.9795313 
1288.0000000 100.6958461 100.7831127 
1289.0000000 100.4994275 100.5866942 
1290.0000000 100.3030090 100.3902756 
1291.0000000 100.1065904 100.1938571 
1292.0000000 99.9101719 99.9974385 
1293.0000000 99.7137533 99.8010200 
1294.0000000 99.5173348 99.6046014 
1295.0000000 99.3209162 99.4081829 
1296.0000000 99.1244977 99.2117643 
1297.0000000 98.9280791 99.0153458 
1298.0000000 98.7316606 98.8189272 
1299.0000000 98.5352420 98.6225087 
1300.0000000 98.3388235 98.4260901 
1301.0000000 98.1424049 98.2296716 
1302.0000000 97.9459864 98.0332530 
1303.0000000 97.7495678 97.8368345 
1304.0000000 97.5531493 97.6404159 
1305.0000000 97.3567307 97.4439974 
1306.0000000 97.1603122 97.2475788 
1307.0000000 96.9638936 97.0511603 
1308.0000000 96.7674751 96.8547417 
1309.0000000 96.5710565 96.6583232 
1310.0000000 96.3746380 96.4619046 
1311.0000000 96.1782194 96.2654860 
1312.0000000 95.9818009 96.0690675 
1313.0000000 95.7853823 95.8726489 
1314.0000000 95.5889638 95.6762304 
1315.0000000 95.3925452 95.4798118 
1316.0000000 95.1961267 95.2833933 
1317.0000000 94.9997081 95.0869747 
1318.0000000 94.8032896 94.8905562 
1319.0000000 94.6068710 94.6941376 
1320.0000000 94.4104525 94.4977191 
1321.0000000 94.2140339 94.3013005 
1322.0000000 94.0176154 94.1048820 
1323.0000000 93.8211968 93.9084634 
1324.0000000 93.6247783 93.7120449 
1325.0000000 93.4283597 93.5156263 
1326.0000000 93.2319412 93.3192078 
1327.0000000 93.0355226 93.1227892 
1328.0000000 92.8391041 92.9263707 
1329.0000000 92.6426855 92.7299521 
1330.0000000 92.4462670 92.5335336 
1331.0000000 92.2498484 92.3371150 
1332.0000000 92.0534299 92.1406965 
1333.0000000 91.8570113 91.9442779 
1334.0000000 91.6605927 91.7478594 
1335.0000000 91.4641742 91.5514408 
1336.0000000 91.2677556 91.3550223 
1337.0000000 91.0713371 91.1586037 
1338.0000000 90.8749185 90.9621852 
1339.0000000 90.6785000 90.7657666 
1340.0000000 90.4820814 90.5693481 
1341.0000000 90.2856629 90.3729295 
1342.0000000 90.0892443 90.1765110 
1343.0000000 89.8928258 89.9800924 
1344.0000000 89.6964072 89.7836739 
1345.0000000 89.4999887 89.5872553 
1346.0000000 89.3035701 89.3908368 
1347.0000000 89.1071516 89.1944182 
1348.0000000 88.9107330 88.9979997 
1349.0000000 88.7143145 88.8015811 
1350.0000000 88.5178959 88.6051626 
1351.0000000 88.3214774 88.4087440 
1352.0000000 88.1250588 88.2123255 
1353.0000000 87.9286403 88.0159069 
1354.0000000 87.7322217 87.8194884 
1355.0000000 87.5358032 87.6230698 
1356.0000000 87.3393846 87.4266513 
1357.0000000 87.1429661 87.2302327 
1358.0000000 86.9465475 87.0338142 
1359.0000000 86.7501290 86.8373956 
1360.0000000 86.5537104 86.6409771 
1361.0000000 86.3572919 86.4445585 
1362.0000000 86.1608733 86.2481400 
1363.0000000 85.9644548 86.0517214 
1364.0000000 85.7680362 85.8553029 
1365.0000000 85.5716177 85.6588843 
1366.0000000 85.3751991 85.4624658 
1367.0000000 85.1787806 85.2660472 
1368.0000000 84.9823620 85.0696287 
1369.0000000 84.7859435 84.8732101 
1370.0000000 84.5895249 84.6767916 
1371.0000000 84.3931064 84.4803730 
1372.0000000 84.1966878 84.2839545 
1373.0000000 84.0002693 84.0875359 
1374.0000000 83.8038507 83.8911174 
1375.0000000 83.6074322 83.6946988 
1376.0000000 83.4110136 83.4982803 
1377.0000000 83.2145951 83.3018617 
1378.0000000 83.0181765 83.1054432 
1379.0000000 82.8217580 82.9090246 
1380.0000000 82.6253394 82.7126061 
1381.0000000 82.4289209 82.5161875 
1382.0000000 82.2325023 82.3197690 
1383.0000000 82.0360838 82.1233504 
1384.0000000 81.8396652 81.9269319 
1385.0000000 81.6432467 81.7305133 
1386.0000000 81.4468281 81.5340948 
1387.0000000 81.2504096 81.3376762 
1388.0000000 81.0539910 81.1412577 
1389.0000000 80.8575725 80.9448391 
1390.0000000 80.6611539 80.7484206 
1391.0000000 80.4647354 80.5520020 
1392.0000000 80.2683168 80.3555835 
1393.0000000 80.0718983 80.1591649 
1394.0000000 79.8754797 79.9627464 
1395.0000000 79.6790612 79.7663278 
1396.0000000 79.4826426 79.5699093 
1397.0000000 79.2862241 79.3734907 
1398.0000000 79.0898055 79.1770722 
1399.0000000 78.8933870 78.9806536 
1400.0000000 78.6969684 78.7842351 
1401.0000000 78.5005499 78.5878165 
1402.0000000 78.3041313 78.3913980 
1403.0000000 78.1077128 78.1949794 
1404.0000000 77.9112942 77.9985609 
1405.0000000 77.7148757 77.8021423 
1406.0000000 77.5184571 77.6057238 
1407.0000000 77.3220386 77.4093052 
1408.0000000 77.1256200 77.2128867 
1409.0000000 76.9292015 77.0164681 
1410.0000000 76.7327829 76.8200496 
1411.0000000 76.5363644 76.6236310 
1412.0000000 76.3399458 76.4272125 
1413.0000000 76.1435273 76.2307939 
1414.0000000 75.9471087 76.0343754 
1415.0000000 75.7506902 75.8379568 
1416.0000000 75.5542716 75.6415383 
1417.0000000 75.3578531 75.4451197 
1418.0000000 75.1614345 75.2487012 
1419.0000000 74.9650160 75.0522826 
1420.0000000 74.7685974 74.8558641 
1421.0000000 74.5721789 74.6594455 
1422.0000000 74.3757603 74.4630270 
1423.0000000 74.1793418 74.2666084 
1424.0000000 73.9829232 74.0701899 
1425.0000000 73.7865047 73.8737713 
1426.0000000 73.5900861 73.6773528 
1427.0000000 73.3936676 73.4809342 
1428.0000000 73.1972490 73.2845157 
1429.0000000 73.0008305 73.0880971 
1430.0000000 72.8044119 72.8916786 
1431.0000000 72.6079934 72.6952600 
1432.0000000 72.4115748 72.4988415 
1433.0000000 72.2151563 72.3024229 
1434.0000000 72.0187377 72.1060044 
1435.0000000 71.8223192 71.9095858 
1436.0000000 71.6259006 71.7131673 
1437.0000000 71.4294821 71.5167487 
1438.0000000 71.2330635 71.3203302 
1439.0000000 71.0366450 71.1239116 
1440.0000000 70.8402264 70.9274931 
1441.0000000 70.6438079 70.7310745 
1442.0000000 70.4473893 70.5346560 
1443.0000000 70.2509708 70.3382374 
1444.0000000 70.0545522 70.1418189 
1445.0000000 69.8581337 69.9454003 
1446.0000000 69.6617151 69.7489818 
1447.0000000 69.4652966 69.5525632 
1448.0000000 69.2688780 69.3561447 
1449.0000000 69.0724595 69.1597261 
1450.0000000 68.8760409 68.9633076 
1451.0000000 68.6796224 68.7668890 
1452.0000000 68.4832038 68.5704705 
1453.0000000 68.2867853 68.3740519 
1454.0000000 68.0903667 68.1776334 
1455.0000000 67.8939482 67.9812148 
1456.0000000 67.6975296 67.7847963 
1457.0000000 67.5011111 67.5883777 
1458.0000000 67.3046925 67.3919592 
1459.0000000 67.1082740 67.1955406 
1460.0000000 66.9118554 66.9991221 
1461.0000000 66.7154369 66.8027035 
1462.0000000 66.5190183 66.6062849 
1463.0000000 66.3225998 66.4098664 
1464.0000000 66.1261812 66.2134478 
1465.0000000 65.9297627 66.0170293 
1466.0000000 65.7333441 65.8206107 
1467.0000000 65.5369256 65.6241922 
1468.0000000 65.3405070 65.4277736 
1469.0000000 65.1440885 65.2313551 
1470.0000000 64.9476699 65.0349365 
1471.0000000 64.7512514 64.8385180 
1472.0000000 64.5548328 64.6420994 
1473.0000000 64.3584143 64.4456809 
1474.0000000 64.1619957 64.2492623 
1475.0000000 63.9655772 64.0528438 
1476.0000000 63.7691586 63.8564252 
1477.0000000 63.5727401 63.6600067 
1478.0000000 63.3763215 63.4635881 
1479.0000000 63.1799030 63.2671696 
1480.0000000 62.9834844 63.0707510 
1481.0000000 62.7870659 62.8743325 
1482.0000000 62.5906473 62.6779139 
1483.0000000 62.3942288 62.4814954 
1484.0000000 62.1978102 62.2850768 
1485.0000000 62.0013917 62.0886583 
1486.0000000 61.8049731 61.8922397 
1487.0000000 61.6085545 61.6958212 
1488.0000000 61.4121360 61.4994026 
1489.0000000 61.2157174 61.3029841 
1490.0000000 61.0192989 61.1065655 
1491.0000000 60.8228803 60.9101470 
1492.0000000 60.6264618 60.7137284 
1493.0000000 60.4300432 60.5173099 
1494.0000000 60.2336247 60.3208913 
1495.0000000 60.0372061 60.1244728 
1496.0000000 59.8407876 59.9280542 
1497.0000000 59.6443690 59.7316357 
1498.0000000 59.4479505 59.5352171 
1499.0000000 59.2515319 59.3387986 
1500.0000000 59.0551134 59.1423800 
1501.0000000 58.8586948 58.9459615 
1502.0000000 58.6622763 58.7495429 
1503.0000000 58.4658577 58.5531244 
1504.0000000 58.2694392 58.3567058 
1505.0000000 58.0730206 58.1602873 
1506.0000000 57.8766021 57.9638687 
1507.0000000 57.6801835 57.7674502 
1508.0000000 57.4837650 57.5710316 
1509.0000000 57.2873464 57.3746131 
1510.0000000 57.0909279 57.1781945 
1511.0000000 56.8945093 56.9817760 
1512.0000000 56.6980908 56.7853574 
1513.0000000 56.5016722 56.5889389 
1514.0000000 56.3052537 56.3925203 
1515.0000000 56.1088351 56.1961018 
1516.0000000 55.9124166 55.9996832 
1517.0000000 55.7159980 55.8032647 
1518.0000000 55.5195795 55.6068461 
1519.0000000 55.3231609 55.4104276 
1520.0000000 55.1267424 55.2140090 
1521.0000000 54.9303238 55.0175905 
1522.0000000 54.7339053 54.8211719 
1523.0000000 54.5374867 54.6247534 
1524.0000000 54.3410682 54.4283348 
1525.0000000 54.1446496 54.2319163 
1526.0000000 53.9482311 54.0354977 
1527.0000000 53.7518125 53.8390792 
1528.0000000 53.5553940 53.6426606 
1529.0000000 53.3589754 53.4462421 
1530.0000000 53.1625569 53.2498235 
1531.0000000 52.9661383 53.0534050 
1532.0000000 52.7697198 52.8569864 
1533.0000000 52.5733012 52.6605679 
1534.0000000 52.3768827 52.4641493 
1535.0000000 52.1804641 52.2677308 
1536.0000000 51.9840456 52.0713122 
1537.0000000 51.7876270 51.8748937 
1538.0000000 51.5912085 51.6784751 
1539.0000000 51.3947899 51.4820566 
1540.0000000 51.1983714 51.2856380 
1541.0000000 51.0019528 51.0892195 
1542.0000000 50.8055343 50.8928009 
1543.0000000 50.6091157 50.6963824 
1544.0000000 50.4126972 50.4999638 
1545.0000000 50.2162786 50.3035453 
1546.0000000 50.0198601 50.1071267 
1547.0000000 49.8234415 49.9107082 
1548.0000000 49.6270230 49.7142896 
1549.0000000 49.4306044 49.5178711 
1550.0000000 49.2341859 49.3214525 
1551.0000000 49.0377673 49.1250340 
1552.0000000 48.8413488 48.9286154 
1553.0000000 48.6449302 48.7321969 
1554.0000000 48.4485117 48.5357783 
1555.0000000 48.2520931 48.3393598 
1556.0000000 48.0556746 48.1429412 
1557.0000000 47.8592560 47.9465227 
1558.0000000 47.6628375 47.7501041 
1559.0000000 47.4664189 47.5536856 
1560.0000000 47.2700004 47.3572670 
1561.0000000 47.0735818 47.1608485 
1562.0000000 46.8771633 46.9644299 
1563.0000000 46.6807447 46.7680114 
1564.0000000 46.4843262 46.5715928 
1565.0000000 46.2879076 46.3751743 
1566.0000000 46.0914891 46.1787557 
1567.0000000 45.8950705 45.9823372 
1568.0000000 45.6986520 45.7859186 
1569.0000000 45.5022334 45.5895001 
1570.0000000 45.3058149 45.3930815 
1571.0000000 45.1093963 45.1966630 
1572.0000000 44.9129778 45.0002444 
1573.0000000 44.7165592 44.8038259 
1574.0000000 44.5201407 44.6074073 
1575.0000000 44.3237221 44.4109888 
1576.0000000 44.1273036 44.2145702 
1577.0000000 43.9308850 44.0181517 
1578.0000000 43.7344665 43.8217331 
1579.0000000 43.5380479 43.6253146 
1580.0000000 43.3416294 43.4288960 
1581.0000000 43.1452108 43.2324775 
1582.0000000 42.9487923 43.0360589 
1583.0000000 42.7523737 42.8396404 
1584.0000000 42.5559552 42.6432218 
1585.0000000 42.3595366 42.4468033 
1586.0000000 42.1631181 42.2503847 
1587.0000000 41.9666995 42.0539662 
1588.0000000 41.7702810 41.8575476 
1589.0000000 41.5738624 41.6611291 
1590.0000000 41.3774439 41.4647105 
1591.0000000 41.1810253 41.2682920 
1592.0000000 40.9846068 41.0718734 
1593.0000000 40.7881882 40.8754549 
1594.0000000 40.5917697 40.6790363 
1595.0000000 40.3953511 40.4826178 
1596.0000000 40.1989326 40.2861992 
1597.0000000 40.0025140 40.0897807 
1598.0000000 39.8060955 39.8933621 
1599.0000000 39.6096769 39.6969436 
1600.0000000 39.4132584 39.5005250 
1601.0000000 39.2168398 39.3041065 
1602.0000000 39.0204213 39.1076879 
1603.0000000 38.8240027 38.9112694 
1604.0000000 38.6275842 38.7148508 
1605.0000000 38.4311656 38.5184323 
1606.0000000 38.2347471 38.3220137 
1607.0000000 38.0383285 38.1255952 
1608.0000000 37.8419100 37.9291766 
1609.0000000 37.6454914 37.7327581 
1610.0000000 37.4490729 37.5363395 
1611.0000000 37.2526543 37.3399210 
1612.0000000 37.0562358 37.1435024 
1613.0000000 36.8598172 36.9470839 
1614.0000000 36.6633987 36.7506653 
1615.0000000 36.4669801 36.5542467 
1616.0000000 36.2705616 36.3578282 
1617.0000000 36.0741430 36.1614096 
1618.0000000 35.8777245 35.9649911 
1619.0000000 35.6813059 35.7685725 
1620.0000000 35.4848874 35.5721540 
1621.0000000 35.2884688 35.3757354 
1622.0000000 35.0920503 35.1793169 
1623.0000000 34.8956317 34.9828983 
1624.0000000 34.6992132 34.7864798 
1625.0000000 34.5027946 34.5900612 
1626.0000000 34.3063761 34.3936427 
1627.0000000 34.1099575 34.1972241 
1628.0000000 33.9135390 34.0008056 
1629.0000000 33.7171204 33.8043870 
1630.0000000 33.5207019 33.6079685 
1631.0000000 33.3242833 33.4115499 
1632.0000000 33.1278648 33.2151314 
1633.0000000 32.9314462 33.0187128 
1634.0000000 32.7350277 32.8222943 
1635.0000000 32.5386091 32.6258757 
1636.0000000 32.3421906 32.4294572 
1637.0000000 32.1457720 32.2330386 
1638.0000000 31.9493534 32.0366201 
1639.0000000 31.7529349 31.8402015 
1640.0000000 31.5565163 31.6437830 
1641.0000000 31.3600978 31.4473644 
1642.0000000 31.1636792 31.2509459 
1643.0000000 30.9672607 31.0545273 
1644.0000000 30.7708421 30.8581088 
1645.0000000 30.5744236 30.6616902 
1646.0000000 30.3780050 30.4652717 
1647.0000000 30.1815865 30.2688531 
1648.0000000 29.9851679 30.0724346 
1649.0000000 29.7887494 29.8760160 
1650.0000000 29.5923308 29.6795975 
1651.0000000 29.3959123 29.4831789 
1652.0000000 29.1994937 29.2867604 
1653.0000000 29.0030752 29.0903418 
1654.0000000 28.8066566 28.8939233 
1655.0000000 28.6102381 28.6975047 
1656.0000000 28.4138195 28.5010862 
1657.0000000 28.2174010 28.3046676 
1658.0000000 28.0209824 28.1082491 
1659.0000000 27.8245639 27.9118305 
1660.0000000 27.6281453 27.7154120 
1661.0000000 27.4317268 27.5189934 
1662.0000000 27.2353082 27.3225749 
1663.0000000 27.0388897 27.1261563 
1664.0000000 26.8424711 26.9297378 
1665.0000000 26.6460526 26.7333192 
1666.0000000 26.4496340 26.5369007 
1667.0000000 26.2532155 26.3404821 
1668.0000000 26.0567969 26.1440636 
1669.0000000 25.8603784 25.9476450 
1670.0000000 25.6639598 25.7512265 
1671.0000000 25.4675413 25.5548079 
1672.0000000 25.2711227 25.3583894 
1673.0000000 25.0747042 25.1619708 
1674.0000000 24.8782856 24.9655523 
1675.0000000 24.6818671 24.7691337 
1676.0000000 24.4854485 24.5727152 
1677.0000000 24.2890300 24.3762966 
1678.0000000 24.0926114 24.1798781 
1679.0000000 23.8961929 23.9834595 
1680.0000000 23.6997743 23.7870410 
1681.0000000 23.5033558 23.5906224 
1682.0000000 23.3069372 23.3942039 
1683.0000000 23.1105187 23.1977853 
1684.0000000 22.9141001 23.0013668 
1685.0000000 22.7176816 22.8049482 
1686.0000000 22.5212630 22.6085297 
1687.0000000 22.3248445 22.4121111 
1688.0000000 22.1284259 22.2156926 
1689.0000000 21.9320074 22.0192740 
1690.0000000 21.7355888 21.8228555 
1691.0000000 21.5391703 21.6264369 
1692.0000000 21.3427517 21.4300184 
1693.0000000 21.1463332 21.2335998 
1694.0000000 20.9499146 21.0371813 
1695.0000000 20.7534961 20.8407627 
1696.0000000 20.5570775 20.6443442 
1697.0000000 20.3606590 20.4479256 
1698.0000000 20.1642404 20.2515071 
1699.0000000 19.9678219 20.0550885 
1700.0000000 19.7714033 19.8586700 
1701.0000000 19.5749848 19.6622514 
1702.0000000 19.3785662 19.4658329 
1703.0000000 19.1821477 19.2694143 
1704.0000000 18.9857291 19.0729958 
1705.0000000 18.7893106 18.8765772 
1706.0000000 18.5928920 18.6801587 
1707.0000000 18.3964735 18.4837401 
1708.0000000 18.2000549 18.2873216 
1709.0000000 18.0036364 18.0909030 
1710.0000000 17.8072178 17.8944845 
1711.0000000 17.6107993 17.6980659 
1712.0000000 17.4143807 17.5016474 
1713.0000000 17.2179622 17.3052288 
1714.0000000 17.0215436 17.1088103 
1715.0000000 16.8251251 16.9123917 
1716.0000000 16.6287065 16.7159732 
1717.0000000 16.4322880 16.5195546 
1718.0000000 16.2358694 16.3231361 
1719.0000000 16.0394509 16.1267175 
1720.0000000 15.8430323 15.9302990 
1721.0000000 15.6466138 15.7338804 
1722.0000000 15.4501952 15.5374619 
1723.0000000 15.2537767 15.3410433 
1724.0000000 15.0573581 15.1446248 
1725.0000000 14.8609396 14.9482062 
1726.0000000 14.6645210 14.7517877 
1727.0000000 14.4681025 14.5553691 
1728.0000000 14.2716839 14.3589506 
1729.0000000 14.0752654 14.1625320 
1730.0000000 13.8788468 13.9661135 
1731.0000000 13.6824283 13.7696949 
1732.0000000 13.4860097 13.5732764 
1733.0000000 13.2895912 13.3768578 
1734.0000000 13.0931726 13.1804393 
1735.0000000 12.8967541 12.9840207 
1736.0000000 12.7003355 12.7876022 
1737.0000000 12.5039170 12.5911836 
1738.0000000 12.3074984 12.3947651 
1739.0000000 12.1110799 12.1983465 
1740.0000000 11.9146613 12.0019280 
1741.0000000 11.7182428 11.8055094 
1742.0000000 11.5218242 11.6090909 
1743.0000000 11.3254057 11.4126723 
1744.0000000 11.1289871 11.2162538 
1745.0000000 10.9325686 11.0198352 
1746.0000000 10.7361500 10.8234167 
1747.0000000 10.5397315 10.6269981 
1748.0000000 10.3433129 10.4305796 
1749.0000000 10.1468944 10.2341610 
1750.0000000 9.9504758 10.0377425 
1751.0000000 9.7540573 9.8413239 
1752.0000000 9.5576387 9.6449054 
1753.0000000 9.3612202 9.4484868 
1754.0000000 9.1648016 9.2520683 
1755.0000000 8.9683831 9.0556497 
1756.0000000 8.7719645 8.8592312 
1757.0000000 8.5755460 8.6628126 
1758.0000000 8.3791274 8.4663941 
1759.0000000 8.1827089 8.2699755 
1760.0000000 7.9862903 8.0735570 
1761.0000000 7.7898718 7.8771384 
1762.0000000 7.5934532 7.6807199 
1763.0000000 7.3970347 7.4843013 
1764.0000000 7.2006161 7.2878828 
1765.0000000 7.0041976 7.0914642 
1766.0000000 6.8077790 6.8950456 
1767.0000000 6.6113605 6.6986271 
1768.0000000 6.4149419 6.5022085 
1769.0000000 6.2185234 6.3057900 
1770.0000000 6.0221048 6.1093714 
1771.0000000 5.8256863 5.9129529 
1772.0000000 5.6292677 5.7165343 
1773.0000000 5.4328492 5.5201158 
1774.0000000 5.2364306 5.3236972 
1775.0000000 5.0400121 5.1272787 
1776.0000000 4.8435935 4.9308601 
1777.0000000 4.6471750 4.7344416 
1778.0000000 4.4507564 4.5380230 
1779.0000000 4.2543379 4.3416045 
1780.0000000 4.0579193 4.1451859 
1781.0000000 3.8615008 3.9487674 
1782.0000000 3.6650822 3.7523488 
1783.0000000 3.4686637 3.5559303 
1784.0000000 3.2722451 3.3595117 
1785.0000000 3.0758266 3.1630932 
1786.0000000 2.8794080 2.9666746 
1787.0000000 2.6829895 2.7702561 
1788.0000000 2.4865709 2.5738375 
1789.0000000 2.2901523 2.3774190 
1790.0000000 2.0937338 2.1810004 
1791.0000000 1.8973152 1.9845819 
1792.0000000 1.7008967 1.7881633 
1793.0000000 1.5044781 1.5917448 
1794.0000000 1.3080596 1.3953262 
1795.0000000 1.1116410 1.1989077 
1796.0000000 0.9152225 1.0024891 
1797.0000000 0.7188039 0.8060706 
1798.0000000 0.5223854 0.6096520 
1799.0000000 0.3259668 0.4132335 
1800.0000000 0.1295483 0.2168149 

