1.0000000 353.6343668 353.6493403 
2.0000000 353.4379482 353.4529217 
3.0000000 353.2415297 353.2565032 
4.0000000 353.0451111 353.0600846 
5.0000000 352.8486926 352.8636661 
6.0000000 352.6522740 352.6672475 
7.0000000 352.4558555 352.4708290 
8.0000000 352.2594369 352.2744104 
9.0000000 352.0630184 352.0779919 
10.0000000 351.8665998 351.8815733 
11.0000000 351.6701813 351.6851548 
12.0000000 351.4737627 351.4887362 
13.0000000 351.2773442 351.2923177 
14.0000000 351.0809256 351.0958991 
15.0000000 350.8845071 350.8994806 
16.0000000 350.6880885 350.7030620 
17.0000000 350.4916700 350.5066435 
18.0000000 350.2952514 350.3102249 
19.0000000 350.0988329 350.1138064 
20.0000000 349.9024143 349.9173878 
21.0000000 349.7059958 349.7209693 
22.0000000 349.5095772 349.5245507 
23.0000000 349.3131587 349.3281322 
24.0000000 349.1167401 349.1317136 
25.0000000 348.9203216 348.9352951 
26.0000000 348.7239030 348.7388765 
27.0000000 348.5274845 348.5424580 
28.0000000 348.3310659 348.3460394 
29.0000000 348.1346474 348.1496209 
30.0000000 347.9382288 347.9532023 
31.0000000 347.7418103 347.7567838 
32.0000000 347.5453917 347.5603652 
33.0000000 347.3489732 347.3639467 
34.0000000 347.1525546 347.1675281 
35.0000000 346.9561361 346.9711096 
36.0000000 346.7597175 346.7746910 
37.0000000 346.5632990 346.5782725 
38.0000000 346.3668804 346.3818539 
39.0000000 346.1704619 346.1854354 
40.0000000 345.9740433 345.9890168 
41.0000000 345.7776248 345.7925983 
42.0000000 345.5812062 345.5961797 
43.0000000 345.3847877 345.3997612 
44.0000000 345.1883691 345.2033426 
45.0000000 344.9919506 345.0069241 
46.0000000 344.7955320 344.8105055 
47.0000000 344.5991135 344.6140870 
48.0000000 344.4026949 344.4176684 
49.0000000 344.2062764 344.2212499 
50.0000000 344.0098578 344.0248313 
51.0000000 343.8134393 343.8284128 
52.0000000 343.6170207 343.6319942 
53.0000000 343.4206022 343.4355757 
54.0000000 343.2241836 343.2391571 
55.0000000 343.0277651 343.0427386 
56.0000000 342.8313465 342.8463200 
57.0000000 342.6349280 342.6499015 
58.0000000 342.4385094 342.4534829 
59.0000000 342.2420909 342.2570643 
60.0000000 342.0456723 342.0606458 
61.0000000 341.8492538 341.8642272 
62.0000000 341.6528352 341.6678087 
63.0000000 341.4564167 341.4713901 
64.0000000 341.2599981 341.2749716 
65.0000000 341.0635796 341.0785530 
66.0000000 340.8671610 340.8821345 
67.0000000 340.6707425 340.6857159 
68.0000000 340.4743239 340.4892974 
69.0000000 340.2779054 340.2928788 
70.0000000 340.0814868 340.0964603 
71.0000000 339.8850683 339.9000417 
72.0000000 339.6886497 339.7036232 
73.0000000 339.4922312 339.5072046 
74.0000000 339.2958126 339.3107861 
75.0000000 339.0993941 339.1143675 
76.0000000 338.9029755 338.9179490 
77.0000000 338.7065570 338.7215304 
78.0000000 338.5101384 338.5251119 
79.0000000 338.3137199 338.3286933 
80.0000000 338.1173013 338.1322748 
81.0000000 337.9208828 337.9358562 
82.0000000 337.7244642 337.7394377 
83.0000000 337.5280457 337.5430191 
84.0000000 337.3316271 337.3466006 
85.0000000 337.1352086 337.1501820 
86.0000000 336.9387900 336.9537635 
87.0000000 336.7423715 336.7573449 
88.0000000 336.5459529 336.5609264 
89.0000000 336.3495344 336.3645078 
90.0000000 336.1531158 336.1680893 
91.0000000 335.9566973 335.9716707 
92.0000000 335.7602787 335.7752522 
93.0000000 335.5638602 335.5788336 
94.0000000 335.3674416 335.3824151 
95.0000000 335.1710231 335.1859965 
96.0000000 334.9746045 334.9895780 
97.0000000 334.7781860 334.7931594 
98.0000000 334.5817674 334.5967409 
99.0000000 334.3853489 334.4003223 
100.0000000 334.1889303 334.2039038 
101.0000000 333.9925118 334.0074852 
102.0000000 333.7960932 333.8110667 
103.0000000 333.5996747 333.6146481 
104.0000000 333.4032561 333.4182296 
105.0000000 333.2068376 333.2218110 
106.0000000 333.0104190 333.0253925 
107.0000000 332.8140005 332.8289739 
108.0000000 332.6175819 332.6325554 
109.0000000 332.4211634 332.4361368 
110.0000000 332.2247448 332.2397183 
111.0000000 332.0283263 332.0432997 
112.0000000 331.8319077 331.8468812 
113.0000000 331.6354892 331.6504626 
114.0000000 331.4390706 331.4540441 
115.0000000 331.2426520 331.2576255 
116.0000000 331.0462335 331.0612070 
117.0000000 330.8498149 330.8647884 
118.0000000 330.6533964 330.6683699 
119.0000000 330.4569778 330.4719513 
120.0000000 330.2605593 330.2755328 
121.0000000 330.0641407 330.0791142 
122.0000000 329.8677222 329.8826957 
123.0000000 329.6713036 329.6862771 
124.0000000 329.4748851 329.4898586 
125.0000000 329.2784665 329.2934400 
126.0000000 329.0820480 329.0970215 
127.0000000 328.8856294 328.9006029 
128.0000000 328.6892109 328.7041844 
129.0000000 328.4927923 328.5077658 
130.0000000 328.2963738 328.3113473 
131.0000000 328.0999552 328.1149287 
132.0000000 327.9035367 327.9185102 
133.0000000 327.7071181 327.7220916 
134.0000000 327.5106996 327.5256731 
135.0000000 327.3142810 327.3292545 
136.0000000 327.1178625 327.1328360 
137.0000000 326.9214439 326.9364174 
138.0000000 326.7250254 326.7399989 
139.0000000 326.5286068 326.5435803 
140.0000000 326.3321883 326.3471618 
141.0000000 326.1357697 326.1507432 
142.0000000 325.9393512 325.9543247 
143.0000000 325.7429326 325.7579061 
144.0000000 325.5465141 325.5614876 
145.0000000 325.3500955 325.3650690 
146.0000000 325.1536770 325.1686505 
147.0000000 324.9572584 324.9722319 
148.0000000 324.7608399 324.7758134 
149.0000000 324.5644213 324.5793948 
150.0000000 324.3680028 324.3829763 
151.0000000 324.1715842 324.1865577 
152.0000000 323.9751657 323.9901392 
153.0000000 323.7787471 323.7937206 
154.0000000 323.5823286 323.5973021 
155.0000000 323.3859100 323.4008835 
156.0000000 323.1894915 323.2044650 
157.0000000 322.9930729 323.0080464 
158.0000000 322.7966544 322.8116279 
159.0000000 322.6002358 322.6152093 
160.0000000 322.4038173 322.4187908 
161.0000000 322.2073987 322.2223722 
162.0000000 322.0109802 322.0259537 
163.0000000 321.8145616 321.8295351 
164.0000000 321.6181431 321.6331166 
165.0000000 321.4217245 321.4366980 
166.0000000 321.2253060 321.2402795 
167.0000000 321.0288874 321.0438609 
168.0000000 320.8324689 320.8474424 
169.0000000 320.6360503 320.6510238 
170.0000000 320.4396318 320.4546053 
171.0000000 320.2432132 320.2581867 
172.0000000 320.0467947 320.0617682 
173.0000000 319.8503761 319.8653496 
174.0000000 319.6539576 319.6689311 
175.0000000 319.4575390 319.4725125 
176.0000000 319.2611205 319.2760940 
177.0000000 319.0647019 319.0796754 
178.0000000 318.8682834 318.8832569 
179.0000000 318.6718648 318.6868383 
180.0000000 318.4754463 318.4904198 
181.0000000 318.2790277 318.2940012 
182.0000000 318.0826092 318.0975827 
183.0000000 317.8861906 317.9011641 
184.0000000 317.6897721 317.7047456 
185.0000000 317.4933535 317.5083270 
186.0000000 317.2969350 317.3119085 
187.0000000 317.1005164 317.1154899 
188.0000000 316.9040979 316.9190714 
189.0000000 316.7076793 316.7226528 
190.0000000 316.5112608 316.5262343 
191.0000000 316.3148422 316.3298157 
192.0000000 316.1184237 316.1333972 
193.0000000 315.9220051 315.9369786 
194.0000000 315.7255866 315.7405601 
195.0000000 315.5291680 315.5441415 
196.0000000 315.3327495 315.3477230 
197.0000000 315.1363309 315.1513044 
198.0000000 314.9399124 314.9548859 
199.0000000 314.7434938 314.7584673 
200.0000000 314.5470753 314.5620488 
201.0000000 314.3506567 314.3656302 
202.0000000 314.1542382 314.1692117 
203.0000000 313.9578196 313.9727931 
204.0000000 313.7614011 313.7763746 
205.0000000 313.5649825 313.5799560 
206.0000000 313.3685640 313.3835375 
207.0000000 313.1721454 313.1871189 
208.0000000 312.9757269 312.9907004 
209.0000000 312.7793083 312.7942818 
210.0000000 312.5828898 312.5978633 
211.0000000 312.3864712 312.4014447 
212.0000000 312.1900527 312.2050261 
213.0000000 311.9936341 312.0086076 
214.0000000 311.7972156 311.8121890 
215.0000000 311.6007970 311.6157705 
216.0000000 311.4043785 311.4193519 
217.0000000 311.2079599 311.2229334 
218.0000000 311.0115414 311.0265148 
219.0000000 310.8151228 310.8300963 
220.0000000 310.6187043 310.6336777 
221.0000000 310.4222857 310.4372592 
222.0000000 310.2258672 310.2408406 
223.0000000 310.0294486 310.0444221 
224.0000000 309.8330301 309.8480035 
225.0000000 309.6366115 309.6515850 
226.0000000 309.4401930 309.4551664 
227.0000000 309.2437744 309.2587479 
228.0000000 309.0473559 309.0623293 
229.0000000 308.8509373 308.8659108 
230.0000000 308.6545188 308.6694922 
231.0000000 308.4581002 308.4730737 
232.0000000 308.2616817 308.2766551 
233.0000000 308.0652631 308.0802366 
234.0000000 307.8688446 307.8838180 
235.0000000 307.6724260 307.6873995 
236.0000000 307.4760075 307.4909809 
237.0000000 307.2795889 307.2945624 
238.0000000 307.0831704 307.0981438 
239.0000000 306.8867518 306.9017253 
240.0000000 306.6903333 306.7053067 
241.0000000 306.4939147 306.5088882 
242.0000000 306.2974962 306.3124696 
243.0000000 306.1010776 306.1160511 
244.0000000 305.9046591 305.9196325 
245.0000000 305.7082405 305.7232140 
246.0000000 305.5118220 305.5267954 
247.0000000 305.3154034 305.3303769 
248.0000000 305.1189849 305.1339583 
249.0000000 304.9225663 304.9375398 
250.0000000 304.7261478 304.7411212 
251.0000000 304.5297292 304.5447027 
252.0000000 304.3333107 304.3482841 
253.0000000 304.1368921 304.1518656 
254.0000000 303.9404736 303.9554470 
255.0000000 303.7440550 303.7590285 
256.0000000 303.5476365 303.5626099 
257.0000000 303.3512179 303.3661914 
258.0000000 303.1547994 303.1697728 
259.0000000 302.9583808 302.9733543 
260.0000000 302.7619623 302.7769357 
261.0000000 302.5655437 302.5805172 
262.0000000 302.3691252 302.3840986 
263.0000000 302.1727066 302.1876801 
264.0000000 301.9762881 301.9912615 
265.0000000 301.7798695 301.7948430 
266.0000000 301.5834509 301.5984244 
267.0000000 301.3870324 301.4020059 
268.0000000 301.1906138 301.2055873 
269.0000000 300.9941953 301.0091688 
270.0000000 300.7977767 300.8127502 
271.0000000 300.6013582 300.6163317 
272.0000000 300.4049396 300.4199131 
273.0000000 300.2085211 300.2234946 
274.0000000 300.0121025 300.0270760 
275.0000000 299.8156840 299.8306575 
276.0000000 299.6192654 299.6342389 
277.0000000 299.4228469 299.4378204 
278.0000000 299.2264283 299.2414018 
279.0000000 299.0300098 299.0449833 
280.0000000 298.8335912 298.8485647 
281.0000000 298.6371727 298.6521462 
282.0000000 298.4407541 298.4557276 
283.0000000 298.2443356 298.2593091 
284.0000000 298.0479170 298.0628905 
285.0000000 297.8514985 297.8664720 
286.0000000 297.6550799 297.6700534 
287.0000000 297.4586614 297.4736349 
288.0000000 297.2622428 297.2772163 
289.0000000 297.0658243 297.0807978 
290.0000000 296.8694057 296.8843792 
291.0000000 296.6729872 296.6879607 
292.0000000 296.4765686 296.4915421 
293.0000000 296.2801501 296.2951236 
294.0000000 296.0837315 296.0987050 
295.0000000 295.8873130 295.9022865 
296.0000000 295.6908944 295.7058679 
297.0000000 295.4944759 295.5094494 
298.0000000 295.2980573 295.3130308 
299.0000000 295.1016388 295.1166123 
300.0000000 294.9052202 294.9201937 
301.0000000 294.7088017 294.7237752 
302.0000000 294.5123831 294.5273566 
303.0000000 294.3159646 294.3309381 
304.0000000 294.1195460 294.1345195 
305.0000000 293.9231275 293.9381010 
306.0000000 293.7267089 293.7416824 
307.0000000 293.5302904 293.5452639 
308.0000000 293.3338718 293.3488453 
309.0000000 293.1374533 293.1524268 
310.0000000 292.9410347 292.9560082 
311.0000000 292.7446162 292.7595897 
312.0000000 292.5481976 292.5631711 
313.0000000 292.3517791 292.3667526 
314.0000000 292.1553605 292.1703340 
315.0000000 291.9589420 291.9739155 
316.0000000 291.7625234 291.7774969 
317.0000000 291.5661049 291.5810784 
318.0000000 291.3696863 291.3846598 
319.0000000 291.1732678 291.1882413 
320.0000000 290.9768492 290.9918227 
321.0000000 290.7804307 290.7954042 
322.0000000 290.5840121 290.5989856 
323.0000000 290.3875936 290.4025671 
324.0000000 290.1911750 290.2061485 
325.0000000 289.9947565 290.0097300 
326.0000000 289.7983379 289.8133114 
327.0000000 289.6019194 289.6168929 
328.0000000 289.4055008 289.4204743 
329.0000000 289.2090823 289.2240558 
330.0000000 289.0126637 289.0276372 
331.0000000 288.8162452 288.8312187 
332.0000000 288.6198266 288.6348001 
333.0000000 288.4234081 288.4383816 
334.0000000 288.2269895 288.2419630 
335.0000000 288.0305710 288.0455445 
336.0000000 287.8341524 287.8491259 
337.0000000 287.6377339 287.6527074 
338.0000000 287.4413153 287.4562888 
339.0000000 287.2448968 287.2598703 
340.0000000 287.0484782 287.0634517 
341.0000000 286.8520597 286.8670332 
342.0000000 286.6556411 286.6706146 
343.0000000 286.4592226 286.4741961 
344.0000000 286.2628040 286.2777775 
345.0000000 286.0663855 286.0813590 
346.0000000 285.8699669 285.8849404 
347.0000000 285.6735484 285.6885219 
348.0000000 285.4771298 285.4921033 
349.0000000 285.2807113 285.2956848 
350.0000000 285.0842927 285.0992662 
351.0000000 284.8878742 284.9028477 
352.0000000 284.6914556 284.7064291 
353.0000000 284.4950371 284.5100106 
354.0000000 284.2986185 284.3135920 
355.0000000 284.1022000 284.1171735 
356.0000000 283.9057814 283.9207549 
357.0000000 283.7093629 283.7243364 
358.0000000 283.5129443 283.5279178 
359.0000000 283.3165258 283.3314993 
360.0000000 283.1201072 283.1350807 
361.0000000 282.9236887 282.9386622 
362.0000000 282.7272701 282.7422436 
363.0000000 282.5308516 282.5458250 
364.0000000 282.3344330 282.3494065 
365.0000000 282.1380145 282.1529879 
366.0000000 281.9415959 281.9565694 
367.0000000 281.7451774 281.7601508 
368.0000000 281.5487588 281.5637323 
369.0000000 281.3523403 281.3673137 
370.0000000 281.1559217 281.1708952 
371.0000000 280.9595032 280.9744766 
372.0000000 280.7630846 280.7780581 
373.0000000 280.5666661 280.5816395 
374.0000000 280.3702475 280.3852210 
375.0000000 280.1738290 280.1888024 
376.0000000 279.9774104 279.9923839 
377.0000000 279.7809919 279.7959653 
378.0000000 279.5845733 279.5995468 
379.0000000 279.3881548 279.4031282 
380.0000000 279.1917362 279.2067097 
381.0000000 278.9953177 279.0102911 
382.0000000 278.7988991 278.8138726 
383.0000000 278.6024806 278.6174540 
384.0000000 278.4060620 278.4210355 
385.0000000 278.2096435 278.2246169 
386.0000000 278.0132249 278.0281984 
387.0000000 277.8168064 277.8317798 
388.0000000 277.6203878 277.6353613 
389.0000000 277.4239693 277.4389427 
390.0000000 277.2275507 277.2425242 
391.0000000 277.0311322 277.0461056 
392.0000000 276.8347136 276.8496871 
393.0000000 276.6382951 276.6532685 
394.0000000 276.4418765 276.4568500 
395.0000000 276.2454580 276.2604314 
396.0000000 276.0490394 276.0640129 
397.0000000 275.8526209 275.8675943 
398.0000000 275.6562023 275.6711758 
399.0000000 275.4597838 275.4747572 
400.0000000 275.2633652 275.2783387 
401.0000000 275.0669467 275.0819201 
402.0000000 274.8705281 274.8855016 
403.0000000 274.6741096 274.6890830 
404.0000000 274.4776910 274.4926645 
405.0000000 274.2812725 274.2962459 
406.0000000 274.0848539 274.0998274 
407.0000000 273.8884354 273.9034088 
408.0000000 273.6920168 273.7069903 
409.0000000 273.4955983 273.5105717 
410.0000000 273.2991797 273.3141532 
411.0000000 273.1027612 273.1177346 
412.0000000 272.9063426 272.9213161 
413.0000000 272.7099241 272.7248975 
414.0000000 272.5135055 272.5284790 
415.0000000 272.3170870 272.3320604 
416.0000000 272.1206684 272.1356419 
417.0000000 271.9242498 271.9392233 
418.0000000 271.7278313 271.7428048 
419.0000000 271.5314127 271.5463862 
420.0000000 271.3349942 271.3499677 
421.0000000 271.1385756 271.1535491 
422.0000000 270.9421571 270.9571306 
423.0000000 270.7457385 270.7607120 
424.0000000 270.5493200 270.5642935 
425.0000000 270.3529014 270.3678749 
426.0000000 270.1564829 270.1714564 
427.0000000 269.9600643 269.9750378 
428.0000000 269.7636458 269.7786193 
429.0000000 269.5672272 269.5822007 
430.0000000 269.3708087 269.3857822 
431.0000000 269.1743901 269.1893636 
432.0000000 268.9779716 268.9929451 
433.0000000 268.7815530 268.7965265 
434.0000000 268.5851345 268.6001080 
435.0000000 268.3887159 268.4036894 
436.0000000 268.1922974 268.2072709 
437.0000000 267.9958788 268.0108523 
438.0000000 267.7994603 267.8144338 
439.0000000 267.6030417 267.6180152 
440.0000000 267.4066232 267.4215967 
441.0000000 267.2102046 267.2251781 
442.0000000 267.0137861 267.0287596 
443.0000000 266.8173675 266.8323410 
444.0000000 266.6209490 266.6359225 
445.0000000 266.4245304 266.4395039 
446.0000000 266.2281119 266.2430854 
447.0000000 266.0316933 266.0466668 
448.0000000 265.8352748 265.8502483 
449.0000000 265.6388562 265.6538297 
450.0000000 265.4424377 265.4574112 
451.0000000 265.2460191 265.2609926 
452.0000000 265.0496006 265.0645741 
453.0000000 264.8531820 264.8681555 
454.0000000 264.6567635 264.6717370 
455.0000000 264.4603449 264.4753184 
456.0000000 264.2639264 264.2788999 
457.0000000 264.0675078 264.0824813 
458.0000000 263.8710893 263.8860628 
459.0000000 263.6746707 263.6896442 
460.0000000 263.4782522 263.4932257 
461.0000000 263.2818336 263.2968071 
462.0000000 263.0854151 263.1003886 
463.0000000 262.8889965 262.9039700 
464.0000000 262.6925780 262.7075515 
465.0000000 262.4961594 262.5111329 
466.0000000 262.2997409 262.3147144 
467.0000000 262.1033223 262.1182958 
468.0000000 261.9069038 261.9218773 
469.0000000 261.7104852 261.7254587 
470.0000000 261.5140667 261.5290402 
471.0000000 261.3176481 261.3326216 
472.0000000 261.1212296 261.1362031 
473.0000000 260.9248110 260.9397845 
474.0000000 260.7283925 260.7433660 
475.0000000 260.5319739 260.5469474 
476.0000000 260.3355554 260.3505289 
477.0000000 260.1391368 260.1541103 
478.0000000 259.9427183 259.9576918 
479.0000000 259.7462997 259.7612732 
480.0000000 259.5498812 259.5648547 
481.0000000 259.3534626 259.3684361 
482.0000000 259.1570441 259.1720176 
483.0000000 258.9606255 258.9755990 
484.0000000 258.7642070 258.7791805 
485.0000000 258.5677884 258.5827619 
486.0000000 258.3713699 258.3863434 
487.0000000 258.1749513 258.1899248 
488.0000000 257.9785328 257.9935063 
489.0000000 257.7821142 257.7970877 
490.0000000 257.5856957 257.6006692 
491.0000000 257.3892771 257.4042506 
492.0000000 257.1928586 257.2078321 
493.0000000 256.9964400 257.0114135 
494.0000000 256.8000215 256.8149950 
495.0000000 256.6036029 256.6185764 
496.0000000 256.4071844 256.4221579 
497.0000000 256.2107658 256.2257393 
498.0000000 256.0143473 256.0293208 
499.0000000 255.8179287 255.8329022 
500.0000000 255.6215102 255.6364837 
501.0000000 255.4250916 255.4400651 
502.0000000 255.2286731 255.2436466 
503.0000000 255.0322545 255.0472280 
504.0000000 254.8358360 254.8508095 
505.0000000 254.6394174 254.6543909 
506.0000000 254.4429989 254.4579724 
507.0000000 254.2465803 254.2615538 
508.0000000 254.0501618 254.0651353 
509.0000000 253.8537432 253.8687167 
510.0000000 253.6573247 253.6722982 
511.0000000 253.4609061 253.4758796 
512.0000000 253.2644876 253.2794611 
513.0000000 253.0680690 253.0830425 
514.0000000 252.8716505 252.8866239 
515.0000000 252.6752319 252.6902054 
516.0000000 252.4788134 252.4937868 
517.0000000 252.2823948 252.2973683 
518.0000000 252.0859763 252.1009497 
519.0000000 251.8895577 251.9045312 
520.0000000 251.6931392 251.7081126 
521.0000000 251.4967206 251.5116941 
522.0000000 251.3003021 251.3152755 
523.0000000 251.1038835 251.1188570 
524.0000000 250.9074650 250.9224384 
525.0000000 250.7110464 250.7260199 
526.0000000 250.5146279 250.5296013 
527.0000000 250.3182093 250.3331828 
528.0000000 250.1217908 250.1367642 
529.0000000 249.9253722 249.9403457 
530.0000000 249.7289537 249.7439271 
531.0000000 249.5325351 249.5475086 
532.0000000 249.3361166 249.3510900 
533.0000000 249.1396980 249.1546715 
534.0000000 248.9432795 248.9582529 
535.0000000 248.7468609 248.7618344 
536.0000000 248.5504424 248.5654158 
537.0000000 248.3540238 248.3689973 
538.0000000 248.1576053 248.1725787 
539.0000000 247.9611867 247.9761602 
540.0000000 247.7647682 247.7797416 
541.0000000 247.5683496 247.5833231 
542.0000000 247.3719311 247.3869045 
543.0000000 247.1755125 247.1904860 
544.0000000 246.9790940 246.9940674 
545.0000000 246.7826754 246.7976489 
546.0000000 246.5862569 246.6012303 
547.0000000 246.3898383 246.4048118 
548.0000000 246.1934198 246.2083932 
549.0000000 245.9970012 246.0119747 
550.0000000 245.8005827 245.8155561 
551.0000000 245.6041641 245.6191376 
552.0000000 245.4077456 245.4227190 
553.0000000 245.2113270 245.2263005 
554.0000000 245.0149085 245.0298819 
555.0000000 244.8184899 244.8334634 
556.0000000 244.6220714 244.6370448 
557.0000000 244.4256528 244.4406263 
558.0000000 244.2292343 244.2442077 
559.0000000 244.0328157 244.0477892 
560.0000000 243.8363972 243.8513706 
561.0000000 243.6399786 243.6549521 
562.0000000 243.4435601 243.4585335 
563.0000000 243.2471415 243.2621150 
564.0000000 243.0507230 243.0656964 
565.0000000 242.8543044 242.8692779 
566.0000000 242.6578859 242.6728593 
567.0000000 242.4614673 242.4764408 
568.0000000 242.2650488 242.2800222 
569.0000000 242.0686302 242.0836037 
570.0000000 241.8722116 241.8871851 
571.0000000 241.6757931 241.6907666 
572.0000000 241.4793745 241.4943480 
573.0000000 241.2829560 241.2979295 
574.0000000 241.0865374 241.1015109 
575.0000000 240.8901189 240.9050924 
576.0000000 240.6937003 240.7086738 
577.0000000 240.4972818 240.5122553 
578.0000000 240.3008632 240.3158367 
579.0000000 240.1044447 240.1194182 
580.0000000 239.9080261 239.9229996 
581.0000000 239.7116076 239.7265811 
582.0000000 239.5151890 239.5301625 
583.0000000 239.3187705 239.3337440 
584.0000000 239.1223519 239.1373254 
585.0000000 238.9259334 238.9409069 
586.0000000 238.7295148 238.7444883 
587.0000000 238.5330963 238.5480698 
588.0000000 238.3366777 238.3516512 
589.0000000 238.1402592 238.1552327 
590.0000000 237.9438406 237.9588141 
591.0000000 237.7474221 237.7623956 
592.0000000 237.5510035 237.5659770 
593.0000000 237.3545850 237.3695585 
594.0000000 237.1581664 237.1731399 
595.0000000 236.9617479 236.9767214 
596.0000000 236.7653293 236.7803028 
597.0000000 236.5689108 236.5838843 
598.0000000 236.3724922 236.3874657 
599.0000000 236.1760737 236.1910472 
600.0000000 235.9796551 235.9946286 
601.0000000 235.7832366 235.7982101 
602.0000000 235.5868180 235.6017915 
603.0000000 235.3903995 235.4053730 
604.0000000 235.1939809 235.2089544 
605.0000000 234.9975624 235.0125359 
606.0000000 234.8011438 234.8161173 
607.0000000 234.6047253 234.6196988 
608.0000000 234.4083067 234.4232802 
609.0000000 234.2118882 234.2268617 
610.0000000 234.0154696 234.0304431 
611.0000000 233.8190511 233.8340246 
612.0000000 233.6226325 233.6376060 
613.0000000 233.4262140 233.4411875 
614.0000000 233.2297954 233.2447689 
615.0000000 233.0333769 233.0483504 
616.0000000 232.8369583 232.8519318 
617.0000000 232.6405398 232.6555133 
618.0000000 232.4441212 232.4590947 
619.0000000 232.2477027 232.2626762 
620.0000000 232.0512841 232.0662576 
621.0000000 231.8548656 231.8698391 
622.0000000 231.6584470 231.6734205 
623.0000000 231.4620285 231.4770020 
624.0000000 231.2656099 231.2805834 
625.0000000 231.0691914 231.0841649 
626.0000000 230.8727728 230.8877463 
627.0000000 230.6763543 230.6913278 
628.0000000 230.4799357 230.4949092 
629.0000000 230.2835172 230.2984907 
630.0000000 230.0870986 230.1020721 
631.0000000 229.8906801 229.9056536 
632.0000000 229.6942615 229.7092350 
633.0000000 229.4978430 229.5128165 
634.0000000 229.3014244 229.3163979 
635.0000000 229.1050059 229.1199794 
636.0000000 228.9085873 228.9235608 
637.0000000 228.7121688 228.7271423 
638.0000000 228.5157502 228.5307237 
639.0000000 228.3193317 228.3343052 
640.0000000 228.1229131 228.1378866 
641.0000000 227.9264946 227.9414681 
642.0000000 227.7300760 227.7450495 
643.0000000 227.5336575 227.5486310 
644.0000000 227.3372389 227.3522124 
645.0000000 227.1408204 227.1557939 
646.0000000 226.9444018 226.9593753 
647.0000000 226.7479833 226.7629568 
648.0000000 226.5515647 226.5665382 
649.0000000 226.3551462 226.3701197 
650.0000000 226.1587276 226.1737011 
651.0000000 225.9623091 225.9772826 
652.0000000 225.7658905 225.7808640 
653.0000000 225.5694720 225.5844455 
654.0000000 225.3730534 225.3880269 
655.0000000 225.1766349 225.1916084 
656.0000000 224.9802163 224.9951898 
657.0000000 224.7837978 224.7987713 
658.0000000 224.5873792 224.6023527 
659.0000000 224.3909607 224.4059342 
660.0000000 224.1945421 224.2095156 
661.0000000 223.9981236 224.0130971 
662.0000000 223.8017050 223.8166785 
663.0000000 223.6052865 223.6202600 
664.0000000 223.4088679 223.4238414 
665.0000000 223.2124494 223.2274229 
666.0000000 223.0160308 223.0310043 
667.0000000 222.8196123 222.8345857 
668.0000000 222.6231937 222.6381672 
669.0000000 222.4267752 222.4417486 
670.0000000 222.2303566 222.2453301 
671.0000000 222.0339381 222.0489115 
672.0000000 221.8375195 221.8524930 
673.0000000 221.6411010 221.6560744 
674.0000000 221.4446824 221.4596559 
675.0000000 221.2482639 221.2632373 
676.0000000 221.0518453 221.0668188 
677.0000000 220.8554268 220.8704002 
678.0000000 220.6590082 220.6739817 
679.0000000 220.4625897 220.4775631 
680.0000000 220.2661711 220.2811446 
681.0000000 220.0697526 220.0847260 
682.0000000 219.8733340 219.8883075 
683.0000000 219.6769155 219.6918889 
684.0000000 219.4804969 219.4954704 
685.0000000 219.2840784 219.2990518 
686.0000000 219.0876598 219.1026333 
687.0000000 218.8912413 218.9062147 
688.0000000 218.6948227 218.7097962 
689.0000000 218.4984042 218.5133776 
690.0000000 218.3019856 218.3169591 
691.0000000 218.1055671 218.1205405 
692.0000000 217.9091485 217.9241220 
693.0000000 217.7127300 217.7277034 
694.0000000 217.5163114 217.5312849 
695.0000000 217.3198929 217.3348663 
696.0000000 217.1234743 217.1384478 
697.0000000 216.9270558 216.9420292 
698.0000000 216.7306372 216.7456107 
699.0000000 216.5342187 216.5491921 
700.0000000 216.3378001 216.3527736 
701.0000000 216.1413816 216.1563550 
702.0000000 215.9449630 215.9599365 
703.0000000 215.7485445 215.7635179 
704.0000000 215.5521259 215.5670994 
705.0000000 215.3557074 215.3706808 
706.0000000 215.1592888 215.1742623 
707.0000000 214.9628703 214.9778437 
708.0000000 214.7664517 214.7814252 
709.0000000 214.5700332 214.5850066 
710.0000000 214.3736146 214.3885881 
711.0000000 214.1771961 214.1921695 
712.0000000 213.9807775 213.9957510 
713.0000000 213.7843590 213.7993324 
714.0000000 213.5879404 213.6029139 
715.0000000 213.3915219 213.4064953 
716.0000000 213.1951033 213.2100768 
717.0000000 212.9986848 213.0136582 
718.0000000 212.8022662 212.8172397 
719.0000000 212.6058477 212.6208211 
720.0000000 212.4094291 212.4244026 
721.0000000 212.2130105 212.2279840 
722.0000000 212.0165920 212.0315655 
723.0000000 211.8201734 211.8351469 
724.0000000 211.6237549 211.6387284 
725.0000000 211.4273363 211.4423098 
726.0000000 211.2309178 211.2458913 
727.0000000 211.0344992 211.0494727 
728.0000000 210.8380807 210.8530542 
729.0000000 210.6416621 210.6566356 
730.0000000 210.4452436 210.4602171 
731.0000000 210.2488250 210.2637985 
732.0000000 210.0524065 210.0673800 
733.0000000 209.8559879 209.8709614 
734.0000000 209.6595694 209.6745429 
735.0000000 209.4631508 209.4781243 
736.0000000 209.2667323 209.2817058 
737.0000000 209.0703137 209.0852872 
738.0000000 208.8738952 208.8888687 
739.0000000 208.6774766 208.6924501 
740.0000000 208.4810581 208.4960316 
741.0000000 208.2846395 208.2996130 
742.0000000 208.0882210 208.1031945 
743.0000000 207.8918024 207.9067759 
744.0000000 207.6953839 207.7103574 
745.0000000 207.4989653 207.5139388 
746.0000000 207.3025468 207.3175203 
747.0000000 207.1061282 207.1211017 
748.0000000 206.9097097 206.9246832 
749.0000000 206.7132911 206.7282646 
750.0000000 206.5168726 206.5318461 
751.0000000 206.3204540 206.3354275 
752.0000000 206.1240355 206.1390090 
753.0000000 205.9276169 205.9425904 
754.0000000 205.7311984 205.7461719 
755.0000000 205.5347798 205.5497533 
756.0000000 205.3383613 205.3533348 
757.0000000 205.1419427 205.1569162 
758.0000000 204.9455242 204.9604977 
759.0000000 204.7491056 204.7640791 
760.0000000 204.5526871 204.5676606 
761.0000000 204.3562685 204.3712420 
762.0000000 204.1598500 204.1748235 
763.0000000 203.9634314 203.9784049 
764.0000000 203.7670129 203.7819864 
765.0000000 203.5705943 203.5855678 
766.0000000 203.3741758 203.3891493 
767.0000000 203.1777572 203.1927307 
768.0000000 202.9813387 202.9963122 
769.0000000 202.7849201 202.7998936 
770.0000000 202.5885016 202.6034751 
771.0000000 202.3920830 202.4070565 
772.0000000 202.1956645 202.2106380 
773.0000000 201.9992459 202.0142194 
774.0000000 201.8028274 201.8178009 
775.0000000 201.6064088 201.6213823 
776.0000000 201.4099903 201.4249638 
777.0000000 201.2135717 201.2285452 
778.0000000 201.0171532 201.0321267 
779.0000000 200.8207346 200.8357081 
780.0000000 200.6243161 200.6392896 
781.0000000 200.4278975 200.4428710 
782.0000000 200.2314790 200.2464525 
783.0000000 200.0350604 200.0500339 
784.0000000 199.8386419 199.8536154 
785.0000000 199.6422233 199.6571968 
786.0000000 199.4458048 199.4607783 
787.0000000 199.2493862 199.2643597 
788.0000000 199.0529677 199.0679412 
789.0000000 198.8565491 198.8715226 
790.0000000 198.6601306 198.6751041 
791.0000000 198.4637120 198.4786855 
792.0000000 198.2672935 198.2822670 
793.0000000 198.0708749 198.0858484 
794.0000000 197.8744564 197.8894299 
795.0000000 197.6780378 197.6930113 
796.0000000 197.4816193 197.4965928 
797.0000000 197.2852007 197.3001742 
798.0000000 197.0887822 197.1037557 
799.0000000 196.8923636 196.9073371 
800.0000000 196.6959451 196.7109186 
801.0000000 196.4995265 196.5145000 
802.0000000 196.3031080 196.3180815 
803.0000000 196.1066894 196.1216629 
804.0000000 195.9102709 195.9252444 
805.0000000 195.7138523 195.7288258 
806.0000000 195.5174338 195.5324073 
807.0000000 195.3210152 195.3359887 
808.0000000 195.1245967 195.1395702 
809.0000000 194.9281781 194.9431516 
810.0000000 194.7317596 194.7467331 
811.0000000 194.5353410 194.5503145 
812.0000000 194.3389225 194.3538960 
813.0000000 194.1425039 194.1574774 
814.0000000 193.9460854 193.9610589 
815.0000000 193.7496668 193.7646403 
816.0000000 193.5532483 193.5682218 
817.0000000 193.3568297 193.3718032 
818.0000000 193.1604112 193.1753846 
819.0000000 192.9639926 192.9789661 
820.0000000 192.7675741 192.7825475 
821.0000000 192.5711555 192.5861290 
822.0000000 192.3747370 192.3897104 
823.0000000 192.1783184 192.1932919 
824.0000000 191.9818999 191.9968733 
825.0000000 191.7854813 191.8004548 
826.0000000 191.5890628 191.6040362 
827.0000000 191.3926442 191.4076177 
828.0000000 191.1962257 191.2111991 
829.0000000 190.9998071 191.0147806 
830.0000000 190.8033886 190.8183620 
831.0000000 190.6069700 190.6219435 
832.0000000 190.4105515 190.4255249 
833.0000000 190.2141329 190.2291064 
834.0000000 190.0177144 190.0326878 
835.0000000 189.8212958 189.8362693 
836.0000000 189.6248773 189.6398507 
837.0000000 189.4284587 189.4434322 
838.0000000 189.2320402 189.2470136 
839.0000000 189.0356216 189.0505951 
840.0000000 188.8392031 188.8541765 
841.0000000 188.6427845 188.6577580 
842.0000000 188.4463660 188.4613394 
843.0000000 188.2499474 188.2649209 
844.0000000 188.0535289 188.0685023 
845.0000000 187.8571103 187.8720838 
846.0000000 187.6606918 187.6756652 
847.0000000 187.4642732 187.4792467 
848.0000000 187.2678547 187.2828281 
849.0000000 187.0714361 187.0864096 
850.0000000 186.8750176 186.8899910 
851.0000000 186.6785990 186.6935725 
852.0000000 186.4821805 186.4971539 
853.0000000 186.2857619 186.3007354 
854.0000000 186.0893434 186.1043168 
855.0000000 185.8929248 185.9078983 
856.0000000 185.6965063 185.7114797 
857.0000000 185.5000877 185.5150612 
858.0000000 185.3036692 185.3186426 
859.0000000 185.1072506 185.1222241 
860.0000000 184.9108321 184.9258055 
861.0000000 184.7144135 184.7293870 
862.0000000 184.5179950 184.5329684 
863.0000000 184.3215764 184.3365499 
864.0000000 184.1251579 184.1401313 
865.0000000 183.9287393 183.9437128 
866.0000000 183.7323208 183.7472942 
867.0000000 183.5359022 183.5508757 
868.0000000 183.3394837 183.3544571 
869.0000000 183.1430651 183.1580386 
870.0000000 182.9466466 182.9616200 
871.0000000 182.7502280 182.7652015 
872.0000000 182.5538094 182.5687829 
873.0000000 182.3573909 182.3723644 
874.0000000 182.1609723 182.1759458 
875.0000000 181.9645538 181.9795273 
876.0000000 181.7681352 181.7831087 
877.0000000 181.5717167 181.5866902 
878.0000000 181.3752981 181.3902716 
879.0000000 181.1788796 181.1938531 
880.0000000 180.9824610 180.9974345 
881.0000000 180.7860425 180.8010160 
882.0000000 180.5896239 180.6045974 
883.0000000 180.3932054 180.4081789 
884.0000000 180.1967868 180.2117603 
885.0000000 180.0003683 180.0153418 
886.0000000 179.8039497 179.8189232 
887.0000000 179.6075312 179.6225047 
888.0000000 179.4111126 179.4260861 
889.0000000 179.2146941 179.2296676 
890.0000000 179.0182755 179.0332490 
891.0000000 178.8218570 178.8368305 
892.0000000 178.6254384 178.6404119 
893.0000000 178.4290199 178.4439934 
894.0000000 178.2326013 178.2475748 
895.0000000 178.0361828 178.0511563 
896.0000000 177.8397642 177.8547377 
897.0000000 177.6433457 177.6583192 
898.0000000 177.4469271 177.4619006 
899.0000000 177.2505086 177.2654821 
900.0000000 177.0540900 177.0690635 
901.0000000 176.8576715 176.8726450 
902.0000000 176.6612529 176.6762264 
903.0000000 176.4648344 176.4798079 
904.0000000 176.2684158 176.2833893 
905.0000000 176.0719973 176.0869708 
906.0000000 175.8755787 175.8905522 
907.0000000 175.6791602 175.6941337 
908.0000000 175.4827416 175.4977151 
909.0000000 175.2863231 175.3012966 
910.0000000 175.0899045 175.1048780 
911.0000000 174.8934860 174.9084595 
912.0000000 174.6970674 174.7120409 
913.0000000 174.5006489 174.5156224 
914.0000000 174.3042303 174.3192038 
915.0000000 174.1078118 174.1227853 
916.0000000 173.9113932 173.9263667 
917.0000000 173.7149747 173.7299482 
918.0000000 173.5185561 173.5335296 
919.0000000 173.3221376 173.3371111 
920.0000000 173.1257190 173.1406925 
921.0000000 172.9293005 172.9442740 
922.0000000 172.7328819 172.7478554 
923.0000000 172.5364634 172.5514369 
924.0000000 172.3400448 172.3550183 
925.0000000 172.1436263 172.1585998 
926.0000000 171.9472077 171.9621812 
927.0000000 171.7507892 171.7657627 
928.0000000 171.5543706 171.5693441 
929.0000000 171.3579521 171.3729256 
930.0000000 171.1615335 171.1765070 
931.0000000 170.9651150 170.9800885 
932.0000000 170.7686964 170.7836699 
933.0000000 170.5722779 170.5872514 
934.0000000 170.3758593 170.3908328 
935.0000000 170.1794408 170.1944143 
936.0000000 169.9830222 169.9979957 
937.0000000 169.7866037 169.8015772 
938.0000000 169.5901851 169.6051586 
939.0000000 169.3937666 169.4087401 
940.0000000 169.1973480 169.2123215 
941.0000000 169.0009295 169.0159030 
942.0000000 168.8045109 168.8194844 
943.0000000 168.6080924 168.6230659 
944.0000000 168.4116738 168.4266473 
945.0000000 168.2152553 168.2302288 
946.0000000 168.0188367 168.0338102 
947.0000000 167.8224182 167.8373917 
948.0000000 167.6259996 167.6409731 
949.0000000 167.4295811 167.4445546 
950.0000000 167.2331625 167.2481360 
951.0000000 167.0367440 167.0517175 
952.0000000 166.8403254 166.8552989 
953.0000000 166.6439069 166.6588804 
954.0000000 166.4474883 166.4624618 
955.0000000 166.2510698 166.2660433 
956.0000000 166.0546512 166.0696247 
957.0000000 165.8582327 165.8732062 
958.0000000 165.6618141 165.6767876 
959.0000000 165.4653956 165.4803691 
960.0000000 165.2689770 165.2839505 
961.0000000 165.0725585 165.0875320 
962.0000000 164.8761399 164.8911134 
963.0000000 164.6797214 164.6946949 
964.0000000 164.4833028 164.4982763 
965.0000000 164.2868843 164.3018578 
966.0000000 164.0904657 164.1054392 
967.0000000 163.8940472 163.9090207 
968.0000000 163.6976286 163.7126021 
969.0000000 163.5012101 163.5161835 
970.0000000 163.3047915 163.3197650 
971.0000000 163.1083730 163.1233464 
972.0000000 162.9119544 162.9269279 
973.0000000 162.7155359 162.7305093 
974.0000000 162.5191173 162.5340908 
975.0000000 162.3226988 162.3376722 
976.0000000 162.1262802 162.1412537 
977.0000000 161.9298617 161.9448351 
978.0000000 161.7334431 161.7484166 
979.0000000 161.5370246 161.5519980 
980.0000000 161.3406060 161.3555795 
981.0000000 161.1441875 161.1591609 
982.0000000 160.9477689 160.9627424 
983.0000000 160.7513504 160.7663238 
984.0000000 160.5549318 160.5699053 
985.0000000 160.3585133 160.3734867 
986.0000000 160.1620947 160.1770682 
987.0000000 159.9656762 159.9806496 
988.0000000 159.7692576 159.7842311 
989.0000000 159.5728391 159.5878125 
990.0000000 159.3764205 159.3913940 
991.0000000 159.1800020 159.1949754 
992.0000000 158.9835834 158.9985569 
993.0000000 158.7871649 158.8021383 
994.0000000 158.5907463 158.6057198 
995.0000000 158.3943278 158.4093012 
996.0000000 158.1979092 158.2128827 
997.0000000 158.0014907 158.0164641 
998.0000000 157.8050721 157.8200456 
999.0000000 157.6086536 157.6236270 
1000.0000000 157.4122350 157.4272085 
1001.0000000 157.2158165 157.2307899 
1002.0000000 157.0193979 157.0343714 
1003.0000000 156.8229794 156.8379528 
1004.0000000 156.6265608 156.6415343 
1005.0000000 156.4301423 156.4451157 
1006.0000000 156.2337237 156.2486972 
1007.0000000 156.0373052 156.0522786 
1008.0000000 155.8408866 155.8558601 
1009.0000000 155.6444681 155.6594415 
1010.0000000 155.4480495 155.4630230 
1011.0000000 155.2516310 155.2666044 
1012.0000000 155.0552124 155.0701859 
1013.0000000 154.8587939 154.8737673 
1014.0000000 154.6623753 154.6773488 
1015.0000000 154.4659568 154.4809302 
1016.0000000 154.2695382 154.2845117 
1017.0000000 154.0731197 154.0880931 
1018.0000000 153.8767011 153.8916746 
1019.0000000 153.6802826 153.6952560 
1020.0000000 153.4838640 153.4988375 
1021.0000000 153.2874455 153.3024189 
1022.0000000 153.0910269 153.1060004 
1023.0000000 152.8946084 152.9095818 
1024.0000000 152.6981898 152.7131633 
1025.0000000 152.5017712 152.5167447 
1026.0000000 152.3053527 152.3203262 
1027.0000000 152.1089341 152.1239076 
1028.0000000 151.9125156 151.9274891 
1029.0000000 151.7160970 151.7310705 
1030.0000000 151.5196785 151.5346520 
1031.0000000 151.3232599 151.3382334 
1032.0000000 151.1268414 151.1418149 
1033.0000000 150.9304228 150.9453963 
1034.0000000 150.7340043 150.7489778 
1035.0000000 150.5375857 150.5525592 
1036.0000000 150.3411672 150.3561407 
1037.0000000 150.1447486 150.1597221 
1038.0000000 149.9483301 149.9633036 
1039.0000000 149.7519115 149.7668850 
1040.0000000 149.5554930 149.5704665 
1041.0000000 149.3590744 149.3740479 
1042.0000000 149.1626559 149.1776294 
1043.0000000 148.9662373 148.9812108 
1044.0000000 148.7698188 148.7847923 
1045.0000000 148.5734002 148.5883737 
1046.0000000 148.3769817 148.3919552 
1047.0000000 148.1805631 148.1955366 
1048.0000000 147.9841446 147.9991181 
1049.0000000 147.7877260 147.8026995 
1050.0000000 147.5913075 147.6062810 
1051.0000000 147.3948889 147.4098624 
1052.0000000 147.1984704 147.2134439 
1053.0000000 147.0020518 147.0170253 
1054.0000000 146.8056333 146.8206068 
1055.0000000 146.6092147 146.6241882 
1056.0000000 146.4127962 146.4277697 
1057.0000000 146.2163776 146.2313511 
1058.0000000 146.0199591 146.0349326 
1059.0000000 145.8235405 145.8385140 
1060.0000000 145.6271220 145.6420955 
1061.0000000 145.4307034 145.4456769 
1062.0000000 145.2342849 145.2492584 
1063.0000000 145.0378663 145.0528398 
1064.0000000 144.8414478 144.8564213 
1065.0000000 144.6450292 144.6600027 
1066.0000000 144.4486107 144.4635842 
1067.0000000 144.2521921 144.2671656 
1068.0000000 144.0557736 144.0707471 
1069.0000000 143.8593550 143.8743285 
1070.0000000 143.6629365 143.6779100 
1071.0000000 143.4665179 143.4814914 
1072.0000000 143.2700994 143.2850729 
1073.0000000 143.0736808 143.0886543 
1074.0000000 142.8772623 142.8922358 
1075.0000000 142.6808437 142.6958172 
1076.0000000 142.4844252 142.4993987 
1077.0000000 142.2880066 142.3029801 
1078.0000000 142.0915881 142.1065616 
1079.0000000 141.8951695 141.9101430 
1080.0000000 141.6987510 141.7137245 
1081.0000000 141.5023324 141.5173059 
1082.0000000 141.3059139 141.3208874 
1083.0000000 141.1094953 141.1244688 
1084.0000000 140.9130768 140.9280503 
1085.0000000 140.7166582 140.7316317 
1086.0000000 140.5202397 140.5352132 
1087.0000000 140.3238211 140.3387946 
1088.0000000 140.1274026 140.1423761 
1089.0000000 139.9309840 139.9459575 
1090.0000000 139.7345655 139.7495390 
1091.0000000 139.5381469 139.5531204 
1092.0000000 139.3417284 139.3567019 
1093.0000000 139.1453098 139.1602833 
1094.0000000 138.9488913 138.9638648 
1095.0000000 138.7524727 138.7674462 
1096.0000000 138.5560542 138.5710277 
1097.0000000 138.3596356 138.3746091 
1098.0000000 138.1632171 138.1781906 
1099.0000000 137.9667985 137.9817720 
1100.0000000 137.7703800 137.7853535 
1101.0000000 137.5739614 137.5889349 
1102.0000000 137.3775429 137.3925164 
1103.0000000 137.1811243 137.1960978 
1104.0000000 136.9847058 136.9996793 
1105.0000000 136.7882872 136.8032607 
1106.0000000 136.5918687 136.6068422 
1107.0000000 136.3954501 136.4104236 
1108.0000000 136.1990316 136.2140051 
1109.0000000 136.0026130 136.0175865 
1110.0000000 135.8061945 135.8211680 
1111.0000000 135.6097759 135.6247494 
1112.0000000 135.4133574 135.4283309 
1113.0000000 135.2169388 135.2319123 
1114.0000000 135.0205203 135.0354938 
1115.0000000 134.8241017 134.8390752 
1116.0000000 134.6276832 134.6426567 
1117.0000000 134.4312646 134.4462381 
1118.0000000 134.2348461 134.2498196 
1119.0000000 134.0384275 134.0534010 
1120.0000000 133.8420090 133.8569825 
1121.0000000 133.6455904 133.6605639 
1122.0000000 133.4491719 133.4641453 
1123.0000000 133.2527533 133.2677268 
1124.0000000 133.0563348 133.0713082 
1125.0000000 132.8599162 132.8748897 
1126.0000000 132.6634977 132.6784711 
1127.0000000 132.4670791 132.4820526 
1128.0000000 132.2706606 132.2856340 
1129.0000000 132.0742420 132.0892155 
1130.0000000 131.8778235 131.8927969 
1131.0000000 131.6814049 131.6963784 
1132.0000000 131.4849864 131.4999598 
1133.0000000 131.2885678 131.3035413 
1134.0000000 131.0921493 131.1071227 
1135.0000000 130.8957307 130.9107042 
1136.0000000 130.6993122 130.7142856 
1137.0000000 130.5028936 130.5178671 
1138.0000000 130.3064751 130.3214485 
1139.0000000 130.1100565 130.1250300 
1140.0000000 129.9136380 129.9286114 
1141.0000000 129.7172194 129.7321929 
1142.0000000 129.5208009 129.5357743 
1143.0000000 129.3243823 129.3393558 
1144.0000000 129.1279638 129.1429372 
1145.0000000 128.9315452 128.9465187 
1146.0000000 128.7351267 128.7501001 
1147.0000000 128.5387081 128.5536816 
1148.0000000 128.3422896 128.3572630 
1149.0000000 128.1458710 128.1608445 
1150.0000000 127.9494525 127.9644259 
1151.0000000 127.7530339 127.7680074 
1152.0000000 127.5566154 127.5715888 
1153.0000000 127.3601968 127.3751703 
1154.0000000 127.1637783 127.1787517 
1155.0000000 126.9673597 126.9823332 
1156.0000000 126.7709412 126.7859146 
1157.0000000 126.5745226 126.5894961 
1158.0000000 126.3781041 126.3930775 
1159.0000000 126.1816855 126.1966590 
1160.0000000 125.9852670 126.0002404 
1161.0000000 125.7888484 125.8038219 
1162.0000000 125.5924299 125.6074033 
1163.0000000 125.3960113 125.4109848 
1164.0000000 125.1995928 125.2145662 
1165.0000000 125.0031742 125.0181477 
1166.0000000 124.8067557 124.8217291 
1167.0000000 124.6103371 124.6253106 
1168.0000000 124.4139186 124.4288920 
1169.0000000 124.2175000 124.2324735 
1170.0000000 124.0210815 124.0360549 
1171.0000000 123.8246629 123.8396364 
1172.0000000 123.6282444 123.6432178 
1173.0000000 123.4318258 123.4467993 
1174.0000000 123.2354073 123.2503807 
1175.0000000 123.0389887 123.0539622 
1176.0000000 122.8425701 122.8575436 
1177.0000000 122.6461516 122.6611251 
1178.0000000 122.4497330 122.4647065 
1179.0000000 122.2533145 122.2682880 
1180.0000000 122.0568959 122.0718694 
1181.0000000 121.8604774 121.8754509 
1182.0000000 121.6640588 121.6790323 
1183.0000000 121.4676403 121.4826138 
1184.0000000 121.2712217 121.2861952 
1185.0000000 121.0748032 121.0897767 
1186.0000000 120.8783846 120.8933581 
1187.0000000 120.6819661 120.6969396 
1188.0000000 120.4855475 120.5005210 
1189.0000000 120.2891290 120.3041025 
1190.0000000 120.0927104 120.1076839 
1191.0000000 119.8962919 119.9112654 
1192.0000000 119.6998733 119.7148468 
1193.0000000 119.5034548 119.5184283 
1194.0000000 119.3070362 119.3220097 
1195.0000000 119.1106177 119.1255912 
1196.0000000 118.9141991 118.9291726 
1197.0000000 118.7177806 118.7327541 
1198.0000000 118.5213620 118.5363355 
1199.0000000 118.3249435 118.3399170 
1200.0000000 118.1285249 118.1434984 
1201.0000000 117.9321064 117.9470799 
1202.0000000 117.7356878 117.7506613 
1203.0000000 117.5392693 117.5542428 
1204.0000000 117.3428507 117.3578242 
1205.0000000 117.1464322 117.1614057 
1206.0000000 116.9500136 116.9649871 
1207.0000000 116.7535951 116.7685686 
1208.0000000 116.5571765 116.5721500 
1209.0000000 116.3607580 116.3757315 
1210.0000000 116.1643394 116.1793129 
1211.0000000 115.9679209 115.9828944 
1212.0000000 115.7715023 115.7864758 
1213.0000000 115.5750838 115.5900573 
1214.0000000 115.3786652 115.3936387 
1215.0000000 115.1822467 115.1972202 
1216.0000000 114.9858281 115.0008016 
1217.0000000 114.7894096 114.8043831 
1218.0000000 114.5929910 114.6079645 
1219.0000000 114.3965725 114.4115460 
1220.0000000 114.2001539 114.2151274 
1221.0000000 114.0037354 114.0187089 
1222.0000000 113.8073168 113.8222903 
1223.0000000 113.6108983 113.6258718 
1224.0000000 113.4144797 113.4294532 
1225.0000000 113.2180612 113.2330347 
1226.0000000 113.0216426 113.0366161 
1227.0000000 112.8252241 112.8401976 
1228.0000000 112.6288055 112.6437790 
1229.0000000 112.4323870 112.4473605 
1230.0000000 112.2359684 112.2509419 
1231.0000000 112.0395499 112.0545234 
1232.0000000 111.8431313 111.8581048 
1233.0000000 111.6467128 111.6616863 
1234.0000000 111.4502942 111.4652677 
1235.0000000 111.2538757 111.2688492 
1236.0000000 111.0574571 111.0724306 
1237.0000000 110.8610386 110.8760121 
1238.0000000 110.6646200 110.6795935 
1239.0000000 110.4682015 110.4831750 
1240.0000000 110.2717829 110.2867564 
1241.0000000 110.0753644 110.0903379 
1242.0000000 109.8789458 109.8939193 
1243.0000000 109.6825273 109.6975008 
1244.0000000 109.4861087 109.5010822 
1245.0000000 109.2896902 109.3046637 
1246.0000000 109.0932716 109.1082451 
1247.0000000 108.8968531 108.9118266 
1248.0000000 108.7004345 108.7154080 
1249.0000000 108.5040160 108.5189895 
1250.0000000 108.3075974 108.3225709 
1251.0000000 108.1111789 108.1261524 
1252.0000000 107.9147603 107.9297338 
1253.0000000 107.7183418 107.7333153 
1254.0000000 107.5219232 107.5368967 
1255.0000000 107.3255047 107.3404782 
1256.0000000 107.1290861 107.1440596 
1257.0000000 106.9326676 106.9476411 
1258.0000000 106.7362490 106.7512225 
1259.0000000 106.5398305 106.5548040 
1260.0000000 106.3434119 106.3583854 
1261.0000000 106.1469934 106.1619669 
1262.0000000 105.9505748 105.9655483 
1263.0000000 105.7541563 105.7691298 
1264.0000000 105.5577377 105.5727112 
1265.0000000 105.3613192 105.3762927 
1266.0000000 105.1649006 105.1798741 
1267.0000000 104.9684821 104.9834556 
1268.0000000 104.7720635 104.7870370 
1269.0000000 104.5756450 104.5906185 
1270.0000000 104.3792264 104.3941999 
1271.0000000 104.1828079 104.1977814 
1272.0000000 103.9863893 104.0013628 
1273.0000000 103.7899708 103.8049442 
1274.0000000 103.5935522 103.6085257 
1275.0000000 103.3971337 103.4121071 
1276.0000000 103.2007151 103.2156886 
1277.0000000 103.0042966 103.0192700 
1278.0000000 102.8078780 102.8228515 
1279.0000000 102.6114595 102.6264329 
1280.0000000 102.4150409 102.4300144 
1281.0000000 102.2186224 102.2335958 
1282.0000000 102.0222038 102.0371773 
1283.0000000 101.8257853 101.8407587 
1284.0000000 101.6293667 101.6443402 
1285.0000000 101.4329482 101.4479216 
1286.0000000 101.2365296 101.2515031 
1287.0000000 101.0401111 101.0550845 
1288.0000000 100.8436925 100.8586660 
1289.0000000 100.6472740 100.6622474 
1290.0000000 100.4508554 100.4658289 
1291.0000000 100.2544369 100.2694103 
1292.0000000 100.0580183 100.0729918 
1293.0000000 99.8615998 99.8765732 
1294.0000000 99.6651812 99.6801547 
1295.0000000 99.4687627 99.4837361 
1296.0000000 99.2723441 99.2873176 
1297.0000000 99.0759256 99.0908990 
1298.0000000 98.8795070 98.8944805 
1299.0000000 98.6830885 98.6980619 
1300.0000000 98.4866699 98.5016434 
1301.0000000 98.2902514 98.3052248 
1302.0000000 98.0938328 98.1088063 
1303.0000000 97.8974143 97.9123877 
1304.0000000 97.7009957 97.7159692 
1305.0000000 97.5045772 97.5195506 
1306.0000000 97.3081586 97.3231321 
1307.0000000 97.1117401 97.1267135 
1308.0000000 96.9153215 96.9302950 
1309.0000000 96.7189030 96.7338764 
1310.0000000 96.5224844 96.5374579 
1311.0000000 96.3260659 96.3410393 
1312.0000000 96.1296473 96.1446208 
1313.0000000 95.9332288 95.9482022 
1314.0000000 95.7368102 95.7517837 
1315.0000000 95.5403917 95.5553651 
1316.0000000 95.3439731 95.3589466 
1317.0000000 95.1475546 95.1625280 
1318.0000000 94.9511360 94.9661095 
1319.0000000 94.7547175 94.7696909 
1320.0000000 94.5582989 94.5732724 
1321.0000000 94.3618804 94.3768538 
1322.0000000 94.1654618 94.1804353 
1323.0000000 93.9690433 93.9840167 
1324.0000000 93.7726247 93.7875982 
1325.0000000 93.5762062 93.5911796 
1326.0000000 93.3797876 93.3947611 
1327.0000000 93.1833690 93.1983425 
1328.0000000 92.9869505 93.0019240 
1329.0000000 92.7905319 92.8055054 
1330.0000000 92.5941134 92.6090869 
1331.0000000 92.3976948 92.4126683 
1332.0000000 92.2012763 92.2162498 
1333.0000000 92.0048577 92.0198312 
1334.0000000 91.8084392 91.8234127 
1335.0000000 91.6120206 91.6269941 
1336.0000000 91.4156021 91.4305756 
1337.0000000 91.2191835 91.2341570 
1338.0000000 91.0227650 91.0377385 
1339.0000000 90.8263464 90.8413199 
1340.0000000 90.6299279 90.6449014 
1341.0000000 90.4335093 90.4484828 
1342.0000000 90.2370908 90.2520643 
1343.0000000 90.0406722 90.0556457 
1344.0000000 89.8442537 89.8592272 
1345.0000000 89.6478351 89.6628086 
1346.0000000 89.4514166 89.4663901 
1347.0000000 89.2549980 89.2699715 
1348.0000000 89.0585795 89.0735530 
1349.0000000 88.8621609 88.8771344 
1350.0000000 88.6657424 88.6807159 
1351.0000000 88.4693238 88.4842973 
1352.0000000 88.2729053 88.2878788 
1353.0000000 88.0764867 88.0914602 
1354.0000000 87.8800682 87.8950417 
1355.0000000 87.6836496 87.6986231 
1356.0000000 87.4872311 87.5022046 
1357.0000000 87.2908125 87.3057860 
1358.0000000 87.0943940 87.1093675 
1359.0000000 86.8979754 86.9129489 
1360.0000000 86.7015569 86.7165304 
1361.0000000 86.5051383 86.5201118 
1362.0000000 86.3087198 86.3236933 
1363.0000000 86.1123012 86.1272747 
1364.0000000 85.9158827 85.9308562 
1365.0000000 85.7194641 85.7344376 
1366.0000000 85.5230456 85.5380191 
1367.0000000 85.3266270 85.3416005 
1368.0000000 85.1302085 85.1451820 
1369.0000000 84.9337899 84.9487634 
1370.0000000 84.7373714 84.7523449 
1371.0000000 84.5409528 84.5559263 
1372.0000000 84.3445343 84.3595078 
1373.0000000 84.1481157 84.1630892 
1374.0000000 83.9516972 83.9666707 
1375.0000000 83.7552786 83.7702521 
1376.0000000 83.5588601 83.5738336 
1377.0000000 83.3624415 83.3774150 
1378.0000000 83.1660230 83.1809965 
1379.0000000 82.9696044 82.9845779 
1380.0000000 82.7731859 82.7881594 
1381.0000000 82.5767673 82.5917408 
1382.0000000 82.3803488 82.3953223 
1383.0000000 82.1839302 82.1989037 
1384.0000000 81.9875117 82.0024852 
1385.0000000 81.7910931 81.8060666 
1386.0000000 81.5946746 81.6096481 
1387.0000000 81.3982560 81.4132295 
1388.0000000 81.2018375 81.2168110 
1389.0000000 81.0054189 81.0203924 
1390.0000000 80.8090004 80.8239739 
1391.0000000 80.6125818 80.6275553 
1392.0000000 80.4161633 80.4311368 
1393.0000000 80.2197447 80.2347182 
1394.0000000 80.0233262 80.0382997 
1395.0000000 79.8269076 79.8418811 
1396.0000000 79.6304891 79.6454626 
1397.0000000 79.4340705 79.4490440 
1398.0000000 79.2376520 79.2526255 
1399.0000000 79.0412334 79.0562069 
1400.0000000 78.8448149 78.8597884 
1401.0000000 78.6483963 78.6633698 
1402.0000000 78.4519778 78.4669513 
1403.0000000 78.2555592 78.2705327 
1404.0000000 78.0591407 78.0741142 
1405.0000000 77.8627221 77.8776956 
1406.0000000 77.6663036 77.6812771 
1407.0000000 77.4698850 77.4848585 
1408.0000000 77.2734665 77.2884400 
1409.0000000 77.0770479 77.0920214 
1410.0000000 76.8806294 76.8956029 
1411.0000000 76.6842108 76.6991843 
1412.0000000 76.4877923 76.5027658 
1413.0000000 76.2913737 76.3063472 
1414.0000000 76.0949552 76.1099287 
1415.0000000 75.8985366 75.9135101 
1416.0000000 75.7021181 75.7170916 
1417.0000000 75.5056995 75.5206730 
1418.0000000 75.3092810 75.3242545 
1419.0000000 75.1128624 75.1278359 
1420.0000000 74.9164439 74.9314174 
1421.0000000 74.7200253 74.7349988 
1422.0000000 74.5236068 74.5385803 
1423.0000000 74.3271882 74.3421617 
1424.0000000 74.1307697 74.1457431 
1425.0000000 73.9343511 73.9493246 
1426.0000000 73.7379326 73.7529060 
1427.0000000 73.5415140 73.5564875 
1428.0000000 73.3450955 73.3600689 
1429.0000000 73.1486769 73.1636504 
1430.0000000 72.9522584 72.9672318 
1431.0000000 72.7558398 72.7708133 
1432.0000000 72.5594213 72.5743947 
1433.0000000 72.3630027 72.3779762 
1434.0000000 72.1665842 72.1815576 
1435.0000000 71.9701656 71.9851391 
1436.0000000 71.7737471 71.7887205 
1437.0000000 71.5773285 71.5923020 
1438.0000000 71.3809100 71.3958834 
1439.0000000 71.1844914 71.1994649 
1440.0000000 70.9880729 71.0030463 
1441.0000000 70.7916543 70.8066278 
1442.0000000 70.5952358 70.6102092 
1443.0000000 70.3988172 70.4137907 
1444.0000000 70.2023987 70.2173721 
1445.0000000 70.0059801 70.0209536 
1446.0000000 69.8095616 69.8245350 
1447.0000000 69.6131430 69.6281165 
1448.0000000 69.4167245 69.4316979 
1449.0000000 69.2203059 69.2352794 
1450.0000000 69.0238874 69.0388608 
1451.0000000 68.8274688 68.8424423 
1452.0000000 68.6310503 68.6460237 
1453.0000000 68.4346317 68.4496052 
1454.0000000 68.2382132 68.2531866 
1455.0000000 68.0417946 68.0567681 
1456.0000000 67.8453761 67.8603495 
1457.0000000 67.6489575 67.6639310 
1458.0000000 67.4525390 67.4675124 
1459.0000000 67.2561204 67.2710939 
1460.0000000 67.0597019 67.0746753 
1461.0000000 66.8632833 66.8782568 
1462.0000000 66.6668648 66.6818382 
1463.0000000 66.4704462 66.4854197 
1464.0000000 66.2740277 66.2890011 
1465.0000000 66.0776091 66.0925826 
1466.0000000 65.8811906 65.8961640 
1467.0000000 65.6847720 65.6997455 
1468.0000000 65.4883535 65.5033269 
1469.0000000 65.2919349 65.3069084 
1470.0000000 65.0955164 65.1104898 
1471.0000000 64.8990978 64.9140713 
1472.0000000 64.7026793 64.7176527 
1473.0000000 64.5062607 64.5212342 
1474.0000000 64.3098422 64.3248156 
1475.0000000 64.1134236 64.1283971 
1476.0000000 63.9170051 63.9319785 
1477.0000000 63.7205865 63.7355600 
1478.0000000 63.5241680 63.5391414 
1479.0000000 63.3277494 63.3427229 
1480.0000000 63.1313308 63.1463043 
1481.0000000 62.9349123 62.9498858 
1482.0000000 62.7384937 62.7534672 
1483.0000000 62.5420752 62.5570487 
1484.0000000 62.3456566 62.3606301 
1485.0000000 62.1492381 62.1642116 
1486.0000000 61.9528195 61.9677930 
1487.0000000 61.7564010 61.7713745 
1488.0000000 61.5599824 61.5749559 
1489.0000000 61.3635639 61.3785374 
1490.0000000 61.1671453 61.1821188 
1491.0000000 60.9707268 60.9857003 
1492.0000000 60.7743082 60.7892817 
1493.0000000 60.5778897 60.5928632 
1494.0000000 60.3814711 60.3964446 
1495.0000000 60.1850526 60.2000261 
1496.0000000 59.9886340 60.0036075 
1497.0000000 59.7922155 59.8071890 
1498.0000000 59.5957969 59.6107704 
1499.0000000 59.3993784 59.4143519 
1500.0000000 59.2029598 59.2179333 
1501.0000000 59.0065413 59.0215148 
1502.0000000 58.8101227 58.8250962 
1503.0000000 58.6137042 58.6286777 
1504.0000000 58.4172856 58.4322591 
1505.0000000 58.2208671 58.2358406 
1506.0000000 58.0244485 58.0394220 
1507.0000000 57.8280300 57.8430035 
1508.0000000 57.6316114 57.6465849 
1509.0000000 57.4351929 57.4501664 
1510.0000000 57.2387743 57.2537478 
1511.0000000 57.0423558 57.0573293 
1512.0000000 56.8459372 56.8609107 
1513.0000000 56.6495187 56.6644922 
1514.0000000 56.4531001 56.4680736 
1515.0000000 56.2566816 56.2716551 
1516.0000000 56.0602630 56.0752365 
1517.0000000 55.8638445 55.8788180 
1518.0000000 55.6674259 55.6823994 
1519.0000000 55.4710074 55.4859809 
1520.0000000 55.2745888 55.2895623 
1521.0000000 55.0781703 55.0931438 
1522.0000000 54.8817517 54.8967252 
1523.0000000 54.6853332 54.7003067 
1524.0000000 54.4889146 54.5038881 
1525.0000000 54.2924961 54.3074696 
1526.0000000 54.0960775 54.1110510 
1527.0000000 53.8996590 53.9146325 
1528.0000000 53.7032404 53.7182139 
1529.0000000 53.5068219 53.5217954 
1530.0000000 53.3104033 53.3253768 
1531.0000000 53.1139848 53.1289583 
1532.0000000 52.9175662 52.9325397 
1533.0000000 52.7211477 52.7361212 
1534.0000000 52.5247291 52.5397026 
1535.0000000 52.3283106 52.3432841 
1536.0000000 52.1318920 52.1468655 
1537.0000000 51.9354735 51.9504470 
1538.0000000 51.7390549 51.7540284 
1539.0000000 51.5426364 51.5576099 
1540.0000000 51.3462178 51.3611913 
1541.0000000 51.1497993 51.1647728 
1542.0000000 50.9533807 50.9683542 
1543.0000000 50.7569622 50.7719357 
1544.0000000 50.5605436 50.5755171 
1545.0000000 50.3641251 50.3790986 
1546.0000000 50.1677065 50.1826800 
1547.0000000 49.9712880 49.9862615 
1548.0000000 49.7748694 49.7898429 
1549.0000000 49.5784509 49.5934244 
1550.0000000 49.3820323 49.3970058 
1551.0000000 49.1856138 49.2005873 
1552.0000000 48.9891952 49.0041687 
1553.0000000 48.7927767 48.8077502 
1554.0000000 48.5963581 48.6113316 
1555.0000000 48.3999396 48.4149131 
1556.0000000 48.2035210 48.2184945 
1557.0000000 48.0071025 48.0220760 
1558.0000000 47.8106839 47.8256574 
1559.0000000 47.6142654 47.6292389 
1560.0000000 47.4178468 47.4328203 
1561.0000000 47.2214283 47.2364018 
1562.0000000 47.0250097 47.0399832 
1563.0000000 46.8285912 46.8435647 
1564.0000000 46.6321726 46.6471461 
1565.0000000 46.4357541 46.4507276 
1566.0000000 46.2393355 46.2543090 
1567.0000000 46.0429170 46.0578905 
1568.0000000 45.8464984 45.8614719 
1569.0000000 45.6500799 45.6650534 
1570.0000000 45.4536613 45.4686348 
1571.0000000 45.2572428 45.2722163 
1572.0000000 45.0608242 45.0757977 
1573.0000000 44.8644057 44.8793792 
1574.0000000 44.6679871 44.6829606 
1575.0000000 44.4715686 44.4865421 
1576.0000000 44.2751500 44.2901235 
1577.0000000 44.0787315 44.0937049 
1578.0000000 43.8823129 43.8972864 
1579.0000000 43.6858944 43.7008678 
1580.0000000 43.4894758 43.5044493 
1581.0000000 43.2930573 43.3080307 
1582.0000000 43.0966387 43.1116122 
1583.0000000 42.9002202 42.9151936 
1584.0000000 42.7038016 42.7187751 
1585.0000000 42.5073831 42.5223565 
1586.0000000 42.3109645 42.3259380 
1587.0000000 42.1145460 42.1295194 
1588.0000000 41.9181274 41.9331009 
1589.0000000 41.7217089 41.7366823 
1590.0000000 41.5252903 41.5402638 
1591.0000000 41.3288718 41.3438452 
1592.0000000 41.1324532 41.1474267 
1593.0000000 40.9360347 40.9510081 
1594.0000000 40.7396161 40.7545896 
1595.0000000 40.5431976 40.5581710 
1596.0000000 40.3467790 40.3617525 
1597.0000000 40.1503605 40.1653339 
1598.0000000 39.9539419 39.9689154 
1599.0000000 39.7575234 39.7724968 
1600.0000000 39.5611048 39.5760783 
1601.0000000 39.3646863 39.3796597 
1602.0000000 39.1682677 39.1832412 
1603.0000000 38.9718492 38.9868226 
1604.0000000 38.7754306 38.7904041 
1605.0000000 38.5790121 38.5939855 
1606.0000000 38.3825935 38.3975670 
1607.0000000 38.1861750 38.2011484 
1608.0000000 37.9897564 38.0047299 
1609.0000000 37.7933379 37.8083113 
1610.0000000 37.5969193 37.6118928 
1611.0000000 37.4005008 37.4154742 
1612.0000000 37.2040822 37.2190557 
1613.0000000 37.0076637 37.0226371 
1614.0000000 36.8112451 36.8262186 
1615.0000000 36.6148266 36.6298000 
1616.0000000 36.4184080 36.4333815 
1617.0000000 36.2219895 36.2369629 
1618.0000000 36.0255709 36.0405444 
1619.0000000 35.8291524 35.8441258 
1620.0000000 35.6327338 35.6477073 
1621.0000000 35.4363153 35.4512887 
1622.0000000 35.2398967 35.2548702 
1623.0000000 35.0434782 35.0584516 
1624.0000000 34.8470596 34.8620331 
1625.0000000 34.6506411 34.6656145 
1626.0000000 34.4542225 34.4691960 
1627.0000000 34.2578040 34.2727774 
1628.0000000 34.0613854 34.0763589 
1629.0000000 33.8649669 33.8799403 
1630.0000000 33.6685483 33.6835218 
1631.0000000 33.4721297 33.4871032 
1632.0000000 33.2757112 33.2906847 
1633.0000000 33.0792926 33.0942661 
1634.0000000 32.8828741 32.8978476 
1635.0000000 32.6864555 32.7014290 
1636.0000000 32.4900370 32.5050105 
1637.0000000 32.2936184 32.3085919 
1638.0000000 32.0971999 32.1121734 
1639.0000000 31.9007813 31.9157548 
1640.0000000 31.7043628 31.7193363 
1641.0000000 31.5079442 31.5229177 
1642.0000000 31.3115257 31.3264992 
1643.0000000 31.1151071 31.1300806 
1644.0000000 30.9186886 30.9336621 
1645.0000000 30.7222700 30.7372435 
1646.0000000 30.5258515 30.5408250 
1647.0000000 30.3294329 30.3444064 
1648.0000000 30.1330144 30.1479879 
1649.0000000 29.9365958 29.9515693 
1650.0000000 29.7401773 29.7551508 
1651.0000000 29.5437587 29.5587322 
1652.0000000 29.3473402 29.3623137 
1653.0000000 29.1509216 29.1658951 
1654.0000000 28.9545031 28.9694766 
1655.0000000 28.7580845 28.7730580 
1656.0000000 28.5616660 28.5766395 
1657.0000000 28.3652474 28.3802209 
1658.0000000 28.1688289 28.1838024 
1659.0000000 27.9724103 27.9873838 
1660.0000000 27.7759918 27.7909653 
1661.0000000 27.5795732 27.5945467 
1662.0000000 27.3831547 27.3981282 
1663.0000000 27.1867361 27.2017096 
1664.0000000 26.9903176 27.0052911 
1665.0000000 26.7938990 26.8088725 
1666.0000000 26.5974805 26.6124540 
1667.0000000 26.4010619 26.4160354 
1668.0000000 26.2046434 26.2196169 
1669.0000000 26.0082248 26.0231983 
1670.0000000 25.8118063 25.8267798 
1671.0000000 25.6153877 25.6303612 
1672.0000000 25.4189692 25.4339427 
1673.0000000 25.2225506 25.2375241 
1674.0000000 25.0261321 25.0411056 
1675.0000000 24.8297135 24.8446870 
1676.0000000 24.6332950 24.6482685 
1677.0000000 24.4368764 24.4518499 
1678.0000000 24.2404579 24.2554314 
1679.0000000 24.0440393 24.0590128 
1680.0000000 23.8476208 23.8625943 
1681.0000000 23.6512022 23.6661757 
1682.0000000 23.4547837 23.4697572 
1683.0000000 23.2583651 23.2733386 
1684.0000000 23.0619466 23.0769201 
1685.0000000 22.8655280 22.8805015 
1686.0000000 22.6691095 22.6840830 
1687.0000000 22.4726909 22.4876644 
1688.0000000 22.2762724 22.2912459 
1689.0000000 22.0798538 22.0948273 
1690.0000000 21.8834353 21.8984088 
1691.0000000 21.6870167 21.7019902 
1692.0000000 21.4905982 21.5055717 
1693.0000000 21.2941796 21.3091531 
1694.0000000 21.0977611 21.1127346 
1695.0000000 20.9013425 20.9163160 
1696.0000000 20.7049240 20.7198975 
1697.0000000 20.5085054 20.5234789 
1698.0000000 20.3120869 20.3270604 
1699.0000000 20.1156683 20.1306418 
1700.0000000 19.9192498 19.9342233 
1701.0000000 19.7228312 19.7378047 
1702.0000000 19.5264127 19.5413862 
1703.0000000 19.3299941 19.3449676 
1704.0000000 19.1335756 19.1485491 
1705.0000000 18.9371570 18.9521305 
1706.0000000 18.7407385 18.7557120 
1707.0000000 18.5443199 18.5592934 
1708.0000000 18.3479014 18.3628749 
1709.0000000 18.1514828 18.1664563 
1710.0000000 17.9550643 17.9700378 
1711.0000000 17.7586457 17.7736192 
1712.0000000 17.5622272 17.5772007 
1713.0000000 17.3658086 17.3807821 
1714.0000000 17.1693901 17.1843636 
1715.0000000 16.9729715 16.9879450 
1716.0000000 16.7765530 16.7915265 
1717.0000000 16.5801344 16.5951079 
1718.0000000 16.3837159 16.3986894 
1719.0000000 16.1872973 16.2022708 
1720.0000000 15.9908788 16.0058523 
1721.0000000 15.7944602 15.8094337 
1722.0000000 15.5980417 15.6130152 
1723.0000000 15.4016231 15.4165966 
1724.0000000 15.2052046 15.2201781 
1725.0000000 15.0087860 15.0237595 
1726.0000000 14.8123675 14.8273410 
1727.0000000 14.6159489 14.6309224 
1728.0000000 14.4195304 14.4345038 
1729.0000000 14.2231118 14.2380853 
1730.0000000 14.0266933 14.0416667 
1731.0000000 13.8302747 13.8452482 
1732.0000000 13.6338562 13.6488296 
1733.0000000 13.4374376 13.4524111 
1734.0000000 13.2410191 13.2559925 
1735.0000000 13.0446005 13.0595740 
1736.0000000 12.8481820 12.8631554 
1737.0000000 12.6517634 12.6667369 
1738.0000000 12.4553449 12.4703183 
1739.0000000 12.2589263 12.2738998 
1740.0000000 12.0625078 12.0774812 
1741.0000000 11.8660892 11.8810627 
1742.0000000 11.6696707 11.6846441 
1743.0000000 11.4732521 11.4882256 
1744.0000000 11.2768336 11.2918070 
1745.0000000 11.0804150 11.0953885 
1746.0000000 10.8839965 10.8989699 
1747.0000000 10.6875779 10.7025514 
1748.0000000 10.4911594 10.5061328 
1749.0000000 10.2947408 10.3097143 
1750.0000000 10.0983223 10.1132957 
1751.0000000 9.9019037 9.9168772 
1752.0000000 9.7054852 9.7204586 
1753.0000000 9.5090666 9.5240401 
1754.0000000 9.3126481 9.3276215 
1755.0000000 9.1162295 9.1312030 
1756.0000000 8.9198110 8.9347844 
1757.0000000 8.7233924 8.7383659 
1758.0000000 8.5269739 8.5419473 
1759.0000000 8.3305553 8.3455288 
1760.0000000 8.1341368 8.1491102 
1761.0000000 7.9377182 7.9526917 
1762.0000000 7.7412997 7.7562731 
1763.0000000 7.5448811 7.5598546 
1764.0000000 7.3484626 7.3634360 
1765.0000000 7.1520440 7.1670175 
1766.0000000 6.9556255 6.9705989 
1767.0000000 6.7592069 6.7741804 
1768.0000000 6.5627884 6.5777618 
1769.0000000 6.3663698 6.3813433 
1770.0000000 6.1699513 6.1849247 
1771.0000000 5.9735327 5.9885062 
1772.0000000 5.7771142 5.7920876 
1773.0000000 5.5806956 5.5956691 
1774.0000000 5.3842771 5.3992505 
1775.0000000 5.1878585 5.2028320 
1776.0000000 4.9914400 5.0064134 
1777.0000000 4.7950214 4.8099949 
1778.0000000 4.5986029 4.6135763 
1779.0000000 4.4021843 4.4171578 
1780.0000000 4.2057658 4.2207392 
1781.0000000 4.0093472 4.0243207 
1782.0000000 3.8129286 3.8279021 
1783.0000000 3.6165101 3.6314836 
1784.0000000 3.4200915 3.4350650 
1785.0000000 3.2236730 3.2386465 
1786.0000000 3.0272544 3.0422279 
1787.0000000 2.8308359 2.8458094 
1788.0000000 2.6344173 2.6493908 
1789.0000000 2.4379988 2.4529723 
1790.0000000 2.2415802 2.2565537 
1791.0000000 2.0451617 2.0601352 
1792.0000000 1.8487431 1.8637166 
1793.0000000 1.6523246 1.6672981 
1794.0000000 1.4559060 1.4708795 
1795.0000000 1.2594875 1.2744610 
1796.0000000 1.0630689 1.0780424 
1797.0000000 0.8666504 0.8816239 
1798.0000000 0.6702318 0.6852053 
1799.0000000 0.4738133 0.4887868 
1800.0000000 0.2773947 0.2923682 

