1.0000000 353.5411646 353.4756144 
2.0000000 353.3447460 353.2791959 
3.0000000 353.1483275 353.0827773 
4.0000000 352.9519089 352.8863588 
5.0000000 352.7554904 352.6899402 
6.0000000 352.5590718 352.4935217 
7.0000000 352.3626533 352.2971031 
8.0000000 352.1662347 352.1006846 
9.0000000 351.9698162 351.9042660 
10.0000000 351.7733976 351.7078475 
11.0000000 351.5769791 351.5114289 
12.0000000 351.3805605 351.3150104 
13.0000000 351.1841420 351.1185918 
14.0000000 350.9877234 350.9221733 
15.0000000 350.7913049 350.7257547 
16.0000000 350.5948863 350.5293362 
17.0000000 350.3984678 350.3329176 
18.0000000 350.2020492 350.1364991 
19.0000000 350.0056307 349.9400805 
20.0000000 349.8092121 349.7436620 
21.0000000 349.6127936 349.5472434 
22.0000000 349.4163750 349.3508249 
23.0000000 349.2199565 349.1544063 
24.0000000 349.0235379 348.9579878 
25.0000000 348.8271194 348.7615692 
26.0000000 348.6307008 348.5651507 
27.0000000 348.4342823 348.3687321 
28.0000000 348.2378637 348.1723136 
29.0000000 348.0414452 347.9758950 
30.0000000 347.8450266 347.7794765 
31.0000000 347.6486081 347.5830579 
32.0000000 347.4521895 347.3866394 
33.0000000 347.2557710 347.1902208 
34.0000000 347.0593524 346.9938023 
35.0000000 346.8629339 346.7973837 
36.0000000 346.6665153 346.6009652 
37.0000000 346.4700968 346.4045466 
38.0000000 346.2736782 346.2081281 
39.0000000 346.0772597 346.0117095 
40.0000000 345.8808411 345.8152910 
41.0000000 345.6844226 345.6188724 
42.0000000 345.4880040 345.4224539 
43.0000000 345.2915855 345.2260353 
44.0000000 345.0951669 345.0296168 
45.0000000 344.8987484 344.8331982 
46.0000000 344.7023298 344.6367797 
47.0000000 344.5059113 344.4403611 
48.0000000 344.3094927 344.2439426 
49.0000000 344.1130742 344.0475240 
50.0000000 343.9166556 343.8511055 
51.0000000 343.7202371 343.6546869 
52.0000000 343.5238185 343.4582684 
53.0000000 343.3274000 343.2618498 
54.0000000 343.1309814 343.0654313 
55.0000000 342.9345629 342.8690127 
56.0000000 342.7381443 342.6725942 
57.0000000 342.5417258 342.4761756 
58.0000000 342.3453072 342.2797571 
59.0000000 342.1488887 342.0833385 
60.0000000 341.9524701 341.8869200 
61.0000000 341.7560516 341.6905014 
62.0000000 341.5596330 341.4940829 
63.0000000 341.3632145 341.2976643 
64.0000000 341.1667959 341.1012458 
65.0000000 340.9703774 340.9048272 
66.0000000 340.7739588 340.7084087 
67.0000000 340.5775403 340.5119901 
68.0000000 340.3811217 340.3155716 
69.0000000 340.1847032 340.1191530 
70.0000000 339.9882846 339.9227345 
71.0000000 339.7918661 339.7263159 
72.0000000 339.5954475 339.5298974 
73.0000000 339.3990290 339.3334788 
74.0000000 339.2026104 339.1370603 
75.0000000 339.0061919 338.9406417 
76.0000000 338.8097733 338.7442232 
77.0000000 338.6133548 338.5478046 
78.0000000 338.4169362 338.3513861 
79.0000000 338.2205177 338.1549675 
80.0000000 338.0240991 337.9585490 
81.0000000 337.8276806 337.7621304 
82.0000000 337.6312620 337.5657119 
83.0000000 337.4348435 337.3692933 
84.0000000 337.2384249 337.1728748 
85.0000000 337.0420064 336.9764562 
86.0000000 336.8455878 336.7800377 
87.0000000 336.6491693 336.5836191 
88.0000000 336.4527507 336.3872006 
89.0000000 336.2563322 336.1907820 
90.0000000 336.0599136 335.9943635 
91.0000000 335.8634951 335.7979449 
92.0000000 335.6670765 335.6015264 
93.0000000 335.4706580 335.4051078 
94.0000000 335.2742394 335.2086893 
95.0000000 335.0778209 335.0122707 
96.0000000 334.8814023 334.8158522 
97.0000000 334.6849838 334.6194336 
98.0000000 334.4885652 334.4230151 
99.0000000 334.2921467 334.2265965 
100.0000000 334.0957281 334.0301780 
101.0000000 333.8993096 333.8337594 
102.0000000 333.7028910 333.6373409 
103.0000000 333.5064725 333.4409223 
104.0000000 333.3100539 333.2445038 
105.0000000 333.1136354 333.0480852 
106.0000000 332.9172168 332.8516667 
107.0000000 332.7207983 332.6552481 
108.0000000 332.5243797 332.4588296 
109.0000000 332.3279612 332.2624110 
110.0000000 332.1315426 332.0659925 
111.0000000 331.9351241 331.8695739 
112.0000000 331.7387055 331.6731554 
113.0000000 331.5422870 331.4767368 
114.0000000 331.3458684 331.2803183 
115.0000000 331.1494499 331.0838997 
116.0000000 330.9530313 330.8874812 
117.0000000 330.7566127 330.6910626 
118.0000000 330.5601942 330.4946440 
119.0000000 330.3637756 330.2982255 
120.0000000 330.1673571 330.1018069 
121.0000000 329.9709385 329.9053884 
122.0000000 329.7745200 329.7089698 
123.0000000 329.5781014 329.5125513 
124.0000000 329.3816829 329.3161327 
125.0000000 329.1852643 329.1197142 
126.0000000 328.9888458 328.9232956 
127.0000000 328.7924272 328.7268771 
128.0000000 328.5960087 328.5304585 
129.0000000 328.3995901 328.3340400 
130.0000000 328.2031716 328.1376214 
131.0000000 328.0067530 327.9412029 
132.0000000 327.8103345 327.7447843 
133.0000000 327.6139159 327.5483658 
134.0000000 327.4174974 327.3519472 
135.0000000 327.2210788 327.1555287 
136.0000000 327.0246603 326.9591101 
137.0000000 326.8282417 326.7626916 
138.0000000 326.6318232 326.5662730 
139.0000000 326.4354046 326.3698545 
140.0000000 326.2389861 326.1734359 
141.0000000 326.0425675 325.9770174 
142.0000000 325.8461490 325.7805988 
143.0000000 325.6497304 325.5841803 
144.0000000 325.4533119 325.3877617 
145.0000000 325.2568933 325.1913432 
146.0000000 325.0604748 324.9949246 
147.0000000 324.8640562 324.7985061 
148.0000000 324.6676377 324.6020875 
149.0000000 324.4712191 324.4056690 
150.0000000 324.2748006 324.2092504 
151.0000000 324.0783820 324.0128319 
152.0000000 323.8819635 323.8164133 
153.0000000 323.6855449 323.6199948 
154.0000000 323.4891264 323.4235762 
155.0000000 323.2927078 323.2271577 
156.0000000 323.0962893 323.0307391 
157.0000000 322.8998707 322.8343206 
158.0000000 322.7034522 322.6379020 
159.0000000 322.5070336 322.4414835 
160.0000000 322.3106151 322.2450649 
161.0000000 322.1141965 322.0486464 
162.0000000 321.9177780 321.8522278 
163.0000000 321.7213594 321.6558093 
164.0000000 321.5249409 321.4593907 
165.0000000 321.3285223 321.2629722 
166.0000000 321.1321038 321.0665536 
167.0000000 320.9356852 320.8701351 
168.0000000 320.7392667 320.6737165 
169.0000000 320.5428481 320.4772980 
170.0000000 320.3464296 320.2808794 
171.0000000 320.1500110 320.0844609 
172.0000000 319.9535925 319.8880423 
173.0000000 319.7571739 319.6916238 
174.0000000 319.5607554 319.4952052 
175.0000000 319.3643368 319.2987867 
176.0000000 319.1679183 319.1023681 
177.0000000 318.9714997 318.9059496 
178.0000000 318.7750812 318.7095310 
179.0000000 318.5786626 318.5131125 
180.0000000 318.3822441 318.3166939 
181.0000000 318.1858255 318.1202754 
182.0000000 317.9894070 317.9238568 
183.0000000 317.7929884 317.7274383 
184.0000000 317.5965699 317.5310197 
185.0000000 317.4001513 317.3346012 
186.0000000 317.2037328 317.1381826 
187.0000000 317.0073142 316.9417641 
188.0000000 316.8108957 316.7453455 
189.0000000 316.6144771 316.5489270 
190.0000000 316.4180586 316.3525084 
191.0000000 316.2216400 316.1560899 
192.0000000 316.0252215 315.9596713 
193.0000000 315.8288029 315.7632528 
194.0000000 315.6323844 315.5668342 
195.0000000 315.4359658 315.3704157 
196.0000000 315.2395473 315.1739971 
197.0000000 315.0431287 314.9775786 
198.0000000 314.8467102 314.7811600 
199.0000000 314.6502916 314.5847415 
200.0000000 314.4538731 314.3883229 
201.0000000 314.2574545 314.1919044 
202.0000000 314.0610360 313.9954858 
203.0000000 313.8646174 313.7990673 
204.0000000 313.6681989 313.6026487 
205.0000000 313.4717803 313.4062302 
206.0000000 313.2753618 313.2098116 
207.0000000 313.0789432 313.0133931 
208.0000000 312.8825247 312.8169745 
209.0000000 312.6861061 312.6205560 
210.0000000 312.4896876 312.4241374 
211.0000000 312.2932690 312.2277189 
212.0000000 312.0968505 312.0313003 
213.0000000 311.9004319 311.8348818 
214.0000000 311.7040134 311.6384632 
215.0000000 311.5075948 311.4420447 
216.0000000 311.3111763 311.2456261 
217.0000000 311.1147577 311.0492076 
218.0000000 310.9183392 310.8527890 
219.0000000 310.7219206 310.6563705 
220.0000000 310.5255021 310.4599519 
221.0000000 310.3290835 310.2635334 
222.0000000 310.1326650 310.0671148 
223.0000000 309.9362464 309.8706963 
224.0000000 309.7398279 309.6742777 
225.0000000 309.5434093 309.4778592 
226.0000000 309.3469908 309.2814406 
227.0000000 309.1505722 309.0850221 
228.0000000 308.9541537 308.8886035 
229.0000000 308.7577351 308.6921850 
230.0000000 308.5613166 308.4957664 
231.0000000 308.3648980 308.2993479 
232.0000000 308.1684795 308.1029293 
233.0000000 307.9720609 307.9065108 
234.0000000 307.7756424 307.7100922 
235.0000000 307.5792238 307.5136737 
236.0000000 307.3828053 307.3172551 
237.0000000 307.1863867 307.1208366 
238.0000000 306.9899682 306.9244180 
239.0000000 306.7935496 306.7279995 
240.0000000 306.5971311 306.5315809 
241.0000000 306.4007125 306.3351624 
242.0000000 306.2042940 306.1387438 
243.0000000 306.0078754 305.9423253 
244.0000000 305.8114569 305.7459067 
245.0000000 305.6150383 305.5494882 
246.0000000 305.4186198 305.3530696 
247.0000000 305.2222012 305.1566511 
248.0000000 305.0257827 304.9602325 
249.0000000 304.8293641 304.7638140 
250.0000000 304.6329456 304.5673954 
251.0000000 304.4365270 304.3709769 
252.0000000 304.2401085 304.1745583 
253.0000000 304.0436899 303.9781398 
254.0000000 303.8472714 303.7817212 
255.0000000 303.6508528 303.5853027 
256.0000000 303.4544343 303.3888841 
257.0000000 303.2580157 303.1924656 
258.0000000 303.0615972 302.9960470 
259.0000000 302.8651786 302.7996285 
260.0000000 302.6687601 302.6032099 
261.0000000 302.4723415 302.4067914 
262.0000000 302.2759230 302.2103728 
263.0000000 302.0795044 302.0139543 
264.0000000 301.8830859 301.8175357 
265.0000000 301.6866673 301.6211172 
266.0000000 301.4902488 301.4246986 
267.0000000 301.2938302 301.2282801 
268.0000000 301.0974116 301.0318615 
269.0000000 300.9009931 300.8354429 
270.0000000 300.7045745 300.6390244 
271.0000000 300.5081560 300.4426058 
272.0000000 300.3117374 300.2461873 
273.0000000 300.1153189 300.0497687 
274.0000000 299.9189003 299.8533502 
275.0000000 299.7224818 299.6569316 
276.0000000 299.5260632 299.4605131 
277.0000000 299.3296447 299.2640945 
278.0000000 299.1332261 299.0676760 
279.0000000 298.9368076 298.8712574 
280.0000000 298.7403890 298.6748389 
281.0000000 298.5439705 298.4784203 
282.0000000 298.3475519 298.2820018 
283.0000000 298.1511334 298.0855832 
284.0000000 297.9547148 297.8891647 
285.0000000 297.7582963 297.6927461 
286.0000000 297.5618777 297.4963276 
287.0000000 297.3654592 297.2999090 
288.0000000 297.1690406 297.1034905 
289.0000000 296.9726221 296.9070719 
290.0000000 296.7762035 296.7106534 
291.0000000 296.5797850 296.5142348 
292.0000000 296.3833664 296.3178163 
293.0000000 296.1869479 296.1213977 
294.0000000 295.9905293 295.9249792 
295.0000000 295.7941108 295.7285606 
296.0000000 295.5976922 295.5321421 
297.0000000 295.4012737 295.3357235 
298.0000000 295.2048551 295.1393050 
299.0000000 295.0084366 294.9428864 
300.0000000 294.8120180 294.7464679 
301.0000000 294.6155995 294.5500493 
302.0000000 294.4191809 294.3536308 
303.0000000 294.2227624 294.1572122 
304.0000000 294.0263438 293.9607937 
305.0000000 293.8299253 293.7643751 
306.0000000 293.6335067 293.5679566 
307.0000000 293.4370882 293.3715380 
308.0000000 293.2406696 293.1751195 
309.0000000 293.0442511 292.9787009 
310.0000000 292.8478325 292.7822824 
311.0000000 292.6514140 292.5858638 
312.0000000 292.4549954 292.3894453 
313.0000000 292.2585769 292.1930267 
314.0000000 292.0621583 291.9966082 
315.0000000 291.8657398 291.8001896 
316.0000000 291.6693212 291.6037711 
317.0000000 291.4729027 291.4073525 
318.0000000 291.2764841 291.2109340 
319.0000000 291.0800656 291.0145154 
320.0000000 290.8836470 290.8180969 
321.0000000 290.6872285 290.6216783 
322.0000000 290.4908099 290.4252598 
323.0000000 290.2943914 290.2288412 
324.0000000 290.0979728 290.0324227 
325.0000000 289.9015543 289.8360041 
326.0000000 289.7051357 289.6395856 
327.0000000 289.5087172 289.4431670 
328.0000000 289.3122986 289.2467485 
329.0000000 289.1158801 289.0503299 
330.0000000 288.9194615 288.8539114 
331.0000000 288.7230430 288.6574928 
332.0000000 288.5266244 288.4610743 
333.0000000 288.3302059 288.2646557 
334.0000000 288.1337873 288.0682372 
335.0000000 287.9373688 287.8718186 
336.0000000 287.7409502 287.6754001 
337.0000000 287.5445317 287.4789815 
338.0000000 287.3481131 287.2825630 
339.0000000 287.1516946 287.0861444 
340.0000000 286.9552760 286.8897259 
341.0000000 286.7588575 286.6933073 
342.0000000 286.5624389 286.4968888 
343.0000000 286.3660204 286.3004702 
344.0000000 286.1696018 286.1040517 
345.0000000 285.9731833 285.9076331 
346.0000000 285.7767647 285.7112146 
347.0000000 285.5803462 285.5147960 
348.0000000 285.3839276 285.3183775 
349.0000000 285.1875091 285.1219589 
350.0000000 284.9910905 284.9255404 
351.0000000 284.7946720 284.7291218 
352.0000000 284.5982534 284.5327033 
353.0000000 284.4018349 284.3362847 
354.0000000 284.2054163 284.1398662 
355.0000000 284.0089978 283.9434476 
356.0000000 283.8125792 283.7470291 
357.0000000 283.6161607 283.5506105 
358.0000000 283.4197421 283.3541920 
359.0000000 283.2233236 283.1577734 
360.0000000 283.0269050 282.9613549 
361.0000000 282.8304865 282.7649363 
362.0000000 282.6340679 282.5685178 
363.0000000 282.4376494 282.3720992 
364.0000000 282.2412308 282.1756807 
365.0000000 282.0448123 281.9792621 
366.0000000 281.8483937 281.7828436 
367.0000000 281.6519752 281.5864250 
368.0000000 281.4555566 281.3900065 
369.0000000 281.2591381 281.1935879 
370.0000000 281.0627195 280.9971694 
371.0000000 280.8663010 280.8007508 
372.0000000 280.6698824 280.6043323 
373.0000000 280.4734639 280.4079137 
374.0000000 280.2770453 280.2114952 
375.0000000 280.0806268 280.0150766 
376.0000000 279.8842082 279.8186581 
377.0000000 279.6877897 279.6222395 
378.0000000 279.4913711 279.4258210 
379.0000000 279.2949526 279.2294024 
380.0000000 279.0985340 279.0329839 
381.0000000 278.9021155 278.8365653 
382.0000000 278.7056969 278.6401468 
383.0000000 278.5092784 278.4437282 
384.0000000 278.3128598 278.2473097 
385.0000000 278.1164413 278.0508911 
386.0000000 277.9200227 277.8544726 
387.0000000 277.7236042 277.6580540 
388.0000000 277.5271856 277.4616355 
389.0000000 277.3307671 277.2652169 
390.0000000 277.1343485 277.0687984 
391.0000000 276.9379300 276.8723798 
392.0000000 276.7415114 276.6759613 
393.0000000 276.5450929 276.4795427 
394.0000000 276.3486743 276.2831242 
395.0000000 276.1522558 276.0867056 
396.0000000 275.9558372 275.8902871 
397.0000000 275.7594187 275.6938685 
398.0000000 275.5630001 275.4974500 
399.0000000 275.3665816 275.3010314 
400.0000000 275.1701630 275.1046129 
401.0000000 274.9737445 274.9081943 
402.0000000 274.7773259 274.7117758 
403.0000000 274.5809074 274.5153572 
404.0000000 274.3844888 274.3189387 
405.0000000 274.1880703 274.1225201 
406.0000000 273.9916517 273.9261016 
407.0000000 273.7952332 273.7296830 
408.0000000 273.5988146 273.5332645 
409.0000000 273.4023961 273.3368459 
410.0000000 273.2059775 273.1404274 
411.0000000 273.0095590 272.9440088 
412.0000000 272.8131404 272.7475903 
413.0000000 272.6167219 272.5511717 
414.0000000 272.4203033 272.3547532 
415.0000000 272.2238848 272.1583346 
416.0000000 272.0274662 271.9619161 
417.0000000 271.8310477 271.7654975 
418.0000000 271.6346291 271.5690790 
419.0000000 271.4382106 271.3726604 
420.0000000 271.2417920 271.1762418 
421.0000000 271.0453734 270.9798233 
422.0000000 270.8489549 270.7834047 
423.0000000 270.6525363 270.5869862 
424.0000000 270.4561178 270.3905676 
425.0000000 270.2596992 270.1941491 
426.0000000 270.0632807 269.9977305 
427.0000000 269.8668621 269.8013120 
428.0000000 269.6704436 269.6048934 
429.0000000 269.4740250 269.4084749 
430.0000000 269.2776065 269.2120563 
431.0000000 269.0811879 269.0156378 
432.0000000 268.8847694 268.8192192 
433.0000000 268.6883508 268.6228007 
434.0000000 268.4919323 268.4263821 
435.0000000 268.2955137 268.2299636 
436.0000000 268.0990952 268.0335450 
437.0000000 267.9026766 267.8371265 
438.0000000 267.7062581 267.6407079 
439.0000000 267.5098395 267.4442894 
440.0000000 267.3134210 267.2478708 
441.0000000 267.1170024 267.0514523 
442.0000000 266.9205839 266.8550337 
443.0000000 266.7241653 266.6586152 
444.0000000 266.5277468 266.4621966 
445.0000000 266.3313282 266.2657781 
446.0000000 266.1349097 266.0693595 
447.0000000 265.9384911 265.8729410 
448.0000000 265.7420726 265.6765224 
449.0000000 265.5456540 265.4801039 
450.0000000 265.3492355 265.2836853 
451.0000000 265.1528169 265.0872668 
452.0000000 264.9563984 264.8908482 
453.0000000 264.7599798 264.6944297 
454.0000000 264.5635613 264.4980111 
455.0000000 264.3671427 264.3015926 
456.0000000 264.1707242 264.1051740 
457.0000000 263.9743056 263.9087555 
458.0000000 263.7778871 263.7123369 
459.0000000 263.5814685 263.5159184 
460.0000000 263.3850500 263.3194998 
461.0000000 263.1886314 263.1230813 
462.0000000 262.9922129 262.9266627 
463.0000000 262.7957943 262.7302442 
464.0000000 262.5993758 262.5338256 
465.0000000 262.4029572 262.3374071 
466.0000000 262.2065387 262.1409885 
467.0000000 262.0101201 261.9445700 
468.0000000 261.8137016 261.7481514 
469.0000000 261.6172830 261.5517329 
470.0000000 261.4208645 261.3553143 
471.0000000 261.2244459 261.1588958 
472.0000000 261.0280274 260.9624772 
473.0000000 260.8316088 260.7660587 
474.0000000 260.6351903 260.5696401 
475.0000000 260.4387717 260.3732216 
476.0000000 260.2423532 260.1768030 
477.0000000 260.0459346 259.9803845 
478.0000000 259.8495161 259.7839659 
479.0000000 259.6530975 259.5875474 
480.0000000 259.4566790 259.3911288 
481.0000000 259.2602604 259.1947103 
482.0000000 259.0638419 258.9982917 
483.0000000 258.8674233 258.8018732 
484.0000000 258.6710048 258.6054546 
485.0000000 258.4745862 258.4090361 
486.0000000 258.2781677 258.2126175 
487.0000000 258.0817491 258.0161990 
488.0000000 257.8853306 257.8197804 
489.0000000 257.6889120 257.6233619 
490.0000000 257.4924935 257.4269433 
491.0000000 257.2960749 257.2305248 
492.0000000 257.0996564 257.0341062 
493.0000000 256.9032378 256.8376877 
494.0000000 256.7068193 256.6412691 
495.0000000 256.5104007 256.4448506 
496.0000000 256.3139822 256.2484320 
497.0000000 256.1175636 256.0520135 
498.0000000 255.9211451 255.8555949 
499.0000000 255.7247265 255.6591764 
500.0000000 255.5283080 255.4627578 
501.0000000 255.3318894 255.2663393 
502.0000000 255.1354709 255.0699207 
503.0000000 254.9390523 254.8735022 
504.0000000 254.7426338 254.6770836 
505.0000000 254.5462152 254.4806651 
506.0000000 254.3497967 254.2842465 
507.0000000 254.1533781 254.0878280 
508.0000000 253.9569596 253.8914094 
509.0000000 253.7605410 253.6949909 
510.0000000 253.5641225 253.4985723 
511.0000000 253.3677039 253.3021538 
512.0000000 253.1712854 253.1057352 
513.0000000 252.9748668 252.9093167 
514.0000000 252.7784483 252.7128981 
515.0000000 252.5820297 252.5164796 
516.0000000 252.3856112 252.3200610 
517.0000000 252.1891926 252.1236425 
518.0000000 251.9927741 251.9272239 
519.0000000 251.7963555 251.7308054 
520.0000000 251.5999370 251.5343868 
521.0000000 251.4035184 251.3379683 
522.0000000 251.2070999 251.1415497 
523.0000000 251.0106813 250.9451312 
524.0000000 250.8142628 250.7487126 
525.0000000 250.6178442 250.5522941 
526.0000000 250.4214257 250.3558755 
527.0000000 250.2250071 250.1594570 
528.0000000 250.0285886 249.9630384 
529.0000000 249.8321700 249.7666199 
530.0000000 249.6357515 249.5702013 
531.0000000 249.4393329 249.3737828 
532.0000000 249.2429144 249.1773642 
533.0000000 249.0464958 248.9809457 
534.0000000 248.8500773 248.7845271 
535.0000000 248.6536587 248.5881086 
536.0000000 248.4572402 248.3916900 
537.0000000 248.2608216 248.1952715 
538.0000000 248.0644031 247.9988529 
539.0000000 247.8679845 247.8024344 
540.0000000 247.6715660 247.6060158 
541.0000000 247.4751474 247.4095973 
542.0000000 247.2787289 247.2131787 
543.0000000 247.0823103 247.0167602 
544.0000000 246.8858918 246.8203416 
545.0000000 246.6894732 246.6239231 
546.0000000 246.4930547 246.4275045 
547.0000000 246.2966361 246.2310860 
548.0000000 246.1002176 246.0346674 
549.0000000 245.9037990 245.8382489 
550.0000000 245.7073805 245.6418303 
551.0000000 245.5109619 245.4454118 
552.0000000 245.3145434 245.2489932 
553.0000000 245.1181248 245.0525747 
554.0000000 244.9217063 244.8561561 
555.0000000 244.7252877 244.6597376 
556.0000000 244.5288692 244.4633190 
557.0000000 244.3324506 244.2669005 
558.0000000 244.1360321 244.0704819 
559.0000000 243.9396135 243.8740634 
560.0000000 243.7431950 243.6776448 
561.0000000 243.5467764 243.4812263 
562.0000000 243.3503579 243.2848077 
563.0000000 243.1539393 243.0883892 
564.0000000 242.9575208 242.8919706 
565.0000000 242.7611022 242.6955521 
566.0000000 242.5646837 242.4991335 
567.0000000 242.3682651 242.3027150 
568.0000000 242.1718466 242.1062964 
569.0000000 241.9754280 241.9098779 
570.0000000 241.7790095 241.7134593 
571.0000000 241.5825909 241.5170408 
572.0000000 241.3861723 241.3206222 
573.0000000 241.1897538 241.1242036 
574.0000000 240.9933352 240.9277851 
575.0000000 240.7969167 240.7313665 
576.0000000 240.6004981 240.5349480 
577.0000000 240.4040796 240.3385294 
578.0000000 240.2076610 240.1421109 
579.0000000 240.0112425 239.9456923 
580.0000000 239.8148239 239.7492738 
581.0000000 239.6184054 239.5528552 
582.0000000 239.4219868 239.3564367 
583.0000000 239.2255683 239.1600181 
584.0000000 239.0291497 238.9635996 
585.0000000 238.8327312 238.7671810 
586.0000000 238.6363126 238.5707625 
587.0000000 238.4398941 238.3743439 
588.0000000 238.2434755 238.1779254 
589.0000000 238.0470570 237.9815068 
590.0000000 237.8506384 237.7850883 
591.0000000 237.6542199 237.5886697 
592.0000000 237.4578013 237.3922512 
593.0000000 237.2613828 237.1958326 
594.0000000 237.0649642 236.9994141 
595.0000000 236.8685457 236.8029955 
596.0000000 236.6721271 236.6065770 
597.0000000 236.4757086 236.4101584 
598.0000000 236.2792900 236.2137399 
599.0000000 236.0828715 236.0173213 
600.0000000 235.8864529 235.8209028 
601.0000000 235.6900344 235.6244842 
602.0000000 235.4936158 235.4280657 
603.0000000 235.2971973 235.2316471 
604.0000000 235.1007787 235.0352286 
605.0000000 234.9043602 234.8388100 
606.0000000 234.7079416 234.6423915 
607.0000000 234.5115231 234.4459729 
608.0000000 234.3151045 234.2495544 
609.0000000 234.1186860 234.0531358 
610.0000000 233.9222674 233.8567173 
611.0000000 233.7258489 233.6602987 
612.0000000 233.5294303 233.4638802 
613.0000000 233.3330118 233.2674616 
614.0000000 233.1365932 233.0710431 
615.0000000 232.9401747 232.8746245 
616.0000000 232.7437561 232.6782060 
617.0000000 232.5473376 232.4817874 
618.0000000 232.3509190 232.2853689 
619.0000000 232.1545005 232.0889503 
620.0000000 231.9580819 231.8925318 
621.0000000 231.7616634 231.6961132 
622.0000000 231.5652448 231.4996947 
623.0000000 231.3688263 231.3032761 
624.0000000 231.1724077 231.1068576 
625.0000000 230.9759892 230.9104390 
626.0000000 230.7795706 230.7140205 
627.0000000 230.5831521 230.5176019 
628.0000000 230.3867335 230.3211834 
629.0000000 230.1903150 230.1247648 
630.0000000 229.9938964 229.9283463 
631.0000000 229.7974779 229.7319277 
632.0000000 229.6010593 229.5355092 
633.0000000 229.4046408 229.3390906 
634.0000000 229.2082222 229.1426721 
635.0000000 229.0118037 228.9462535 
636.0000000 228.8153851 228.7498350 
637.0000000 228.6189666 228.5534164 
638.0000000 228.4225480 228.3569979 
639.0000000 228.2261295 228.1605793 
640.0000000 228.0297109 227.9641608 
641.0000000 227.8332924 227.7677422 
642.0000000 227.6368738 227.5713237 
643.0000000 227.4404553 227.3749051 
644.0000000 227.2440367 227.1784866 
645.0000000 227.0476182 226.9820680 
646.0000000 226.8511996 226.7856495 
647.0000000 226.6547811 226.5892309 
648.0000000 226.4583625 226.3928124 
649.0000000 226.2619440 226.1963938 
650.0000000 226.0655254 225.9999753 
651.0000000 225.8691069 225.8035567 
652.0000000 225.6726883 225.6071382 
653.0000000 225.4762698 225.4107196 
654.0000000 225.2798512 225.2143011 
655.0000000 225.0834327 225.0178825 
656.0000000 224.8870141 224.8214640 
657.0000000 224.6905956 224.6250454 
658.0000000 224.4941770 224.4286269 
659.0000000 224.2977585 224.2322083 
660.0000000 224.1013399 224.0357898 
661.0000000 223.9049214 223.8393712 
662.0000000 223.7085028 223.6429527 
663.0000000 223.5120843 223.4465341 
664.0000000 223.3156657 223.2501156 
665.0000000 223.1192472 223.0536970 
666.0000000 222.9228286 222.8572785 
667.0000000 222.7264101 222.6608599 
668.0000000 222.5299915 222.4644414 
669.0000000 222.3335730 222.2680228 
670.0000000 222.1371544 222.0716043 
671.0000000 221.9407359 221.8751857 
672.0000000 221.7443173 221.6787672 
673.0000000 221.5478988 221.4823486 
674.0000000 221.3514802 221.2859301 
675.0000000 221.1550617 221.0895115 
676.0000000 220.9586431 220.8930930 
677.0000000 220.7622246 220.6966744 
678.0000000 220.5658060 220.5002559 
679.0000000 220.3693875 220.3038373 
680.0000000 220.1729689 220.1074188 
681.0000000 219.9765504 219.9110002 
682.0000000 219.7801318 219.7145817 
683.0000000 219.5837133 219.5181631 
684.0000000 219.3872947 219.3217446 
685.0000000 219.1908762 219.1253260 
686.0000000 218.9944576 218.9289075 
687.0000000 218.7980391 218.7324889 
688.0000000 218.6016205 218.5360704 
689.0000000 218.4052020 218.3396518 
690.0000000 218.2087834 218.1432333 
691.0000000 218.0123649 217.9468147 
692.0000000 217.8159463 217.7503962 
693.0000000 217.6195278 217.5539776 
694.0000000 217.4231092 217.3575591 
695.0000000 217.2266907 217.1611405 
696.0000000 217.0302721 216.9647220 
697.0000000 216.8338536 216.7683034 
698.0000000 216.6374350 216.5718849 
699.0000000 216.4410165 216.3754663 
700.0000000 216.2445979 216.1790478 
701.0000000 216.0481794 215.9826292 
702.0000000 215.8517608 215.7862107 
703.0000000 215.6553423 215.5897921 
704.0000000 215.4589237 215.3933736 
705.0000000 215.2625052 215.1969550 
706.0000000 215.0660866 215.0005365 
707.0000000 214.8696681 214.8041179 
708.0000000 214.6732495 214.6076994 
709.0000000 214.4768310 214.4112808 
710.0000000 214.2804124 214.2148623 
711.0000000 214.0839939 214.0184437 
712.0000000 213.8875753 213.8220252 
713.0000000 213.6911568 213.6256066 
714.0000000 213.4947382 213.4291881 
715.0000000 213.2983197 213.2327695 
716.0000000 213.1019011 213.0363510 
717.0000000 212.9054826 212.8399324 
718.0000000 212.7090640 212.6435139 
719.0000000 212.5126455 212.4470953 
720.0000000 212.3162269 212.2506768 
721.0000000 212.1198084 212.0542582 
722.0000000 211.9233898 211.8578397 
723.0000000 211.7269712 211.6614211 
724.0000000 211.5305527 211.4650025 
725.0000000 211.3341341 211.2685840 
726.0000000 211.1377156 211.0721654 
727.0000000 210.9412970 210.8757469 
728.0000000 210.7448785 210.6793283 
729.0000000 210.5484599 210.4829098 
730.0000000 210.3520414 210.2864912 
731.0000000 210.1556228 210.0900727 
732.0000000 209.9592043 209.8936541 
733.0000000 209.7627857 209.6972356 
734.0000000 209.5663672 209.5008170 
735.0000000 209.3699486 209.3043985 
736.0000000 209.1735301 209.1079799 
737.0000000 208.9771115 208.9115614 
738.0000000 208.7806930 208.7151428 
739.0000000 208.5842744 208.5187243 
740.0000000 208.3878559 208.3223057 
741.0000000 208.1914373 208.1258872 
742.0000000 207.9950188 207.9294686 
743.0000000 207.7986002 207.7330501 
744.0000000 207.6021817 207.5366315 
745.0000000 207.4057631 207.3402130 
746.0000000 207.2093446 207.1437944 
747.0000000 207.0129260 206.9473759 
748.0000000 206.8165075 206.7509573 
749.0000000 206.6200889 206.5545388 
750.0000000 206.4236704 206.3581202 
751.0000000 206.2272518 206.1617017 
752.0000000 206.0308333 205.9652831 
753.0000000 205.8344147 205.7688646 
754.0000000 205.6379962 205.5724460 
755.0000000 205.4415776 205.3760275 
756.0000000 205.2451591 205.1796089 
757.0000000 205.0487405 204.9831904 
758.0000000 204.8523220 204.7867718 
759.0000000 204.6559034 204.5903533 
760.0000000 204.4594849 204.3939347 
761.0000000 204.2630663 204.1975162 
762.0000000 204.0666478 204.0010976 
763.0000000 203.8702292 203.8046791 
764.0000000 203.6738107 203.6082605 
765.0000000 203.4773921 203.4118420 
766.0000000 203.2809736 203.2154234 
767.0000000 203.0845550 203.0190049 
768.0000000 202.8881365 202.8225863 
769.0000000 202.6917179 202.6261678 
770.0000000 202.4952994 202.4297492 
771.0000000 202.2988808 202.2333307 
772.0000000 202.1024623 202.0369121 
773.0000000 201.9060437 201.8404936 
774.0000000 201.7096252 201.6440750 
775.0000000 201.5132066 201.4476565 
776.0000000 201.3167881 201.2512379 
777.0000000 201.1203695 201.0548194 
778.0000000 200.9239510 200.8584008 
779.0000000 200.7275324 200.6619823 
780.0000000 200.5311139 200.4655637 
781.0000000 200.3346953 200.2691452 
782.0000000 200.1382768 200.0727266 
783.0000000 199.9418582 199.8763081 
784.0000000 199.7454397 199.6798895 
785.0000000 199.5490211 199.4834710 
786.0000000 199.3526026 199.2870524 
787.0000000 199.1561840 199.0906339 
788.0000000 198.9597655 198.8942153 
789.0000000 198.7633469 198.6977968 
790.0000000 198.5669284 198.5013782 
791.0000000 198.3705098 198.3049597 
792.0000000 198.1740913 198.1085411 
793.0000000 197.9776727 197.9121226 
794.0000000 197.7812542 197.7157040 
795.0000000 197.5848356 197.5192855 
796.0000000 197.3884171 197.3228669 
797.0000000 197.1919985 197.1264484 
798.0000000 196.9955800 196.9300298 
799.0000000 196.7991614 196.7336113 
800.0000000 196.6027429 196.5371927 
801.0000000 196.4063243 196.3407742 
802.0000000 196.2099058 196.1443556 
803.0000000 196.0134872 195.9479371 
804.0000000 195.8170687 195.7515185 
805.0000000 195.6206501 195.5551000 
806.0000000 195.4242316 195.3586814 
807.0000000 195.2278130 195.1622629 
808.0000000 195.0313945 194.9658443 
809.0000000 194.8349759 194.7694258 
810.0000000 194.6385574 194.5730072 
811.0000000 194.4421388 194.3765887 
812.0000000 194.2457203 194.1801701 
813.0000000 194.0493017 193.9837516 
814.0000000 193.8528832 193.7873330 
815.0000000 193.6564646 193.5909145 
816.0000000 193.4600461 193.3944959 
817.0000000 193.2636275 193.1980774 
818.0000000 193.0672090 193.0016588 
819.0000000 192.8707904 192.8052403 
820.0000000 192.6743719 192.6088217 
821.0000000 192.4779533 192.4124032 
822.0000000 192.2815348 192.2159846 
823.0000000 192.0851162 192.0195661 
824.0000000 191.8886977 191.8231475 
825.0000000 191.6922791 191.6267290 
826.0000000 191.4958606 191.4303104 
827.0000000 191.2994420 191.2338919 
828.0000000 191.1030235 191.0374733 
829.0000000 190.9066049 190.8410548 
830.0000000 190.7101864 190.6446362 
831.0000000 190.5137678 190.4482177 
832.0000000 190.3173493 190.2517991 
833.0000000 190.1209307 190.0553806 
834.0000000 189.9245122 189.8589620 
835.0000000 189.7280936 189.6625435 
836.0000000 189.5316751 189.4661249 
837.0000000 189.3352565 189.2697064 
838.0000000 189.1388380 189.0732878 
839.0000000 188.9424194 188.8768693 
840.0000000 188.7460009 188.6804507 
841.0000000 188.5495823 188.4840322 
842.0000000 188.3531638 188.2876136 
843.0000000 188.1567452 188.0911951 
844.0000000 187.9603267 187.8947765 
845.0000000 187.7639081 187.6983580 
846.0000000 187.5674896 187.5019394 
847.0000000 187.3710710 187.3055209 
848.0000000 187.1746525 187.1091023 
849.0000000 186.9782339 186.9126838 
850.0000000 186.7818154 186.7162652 
851.0000000 186.5853968 186.5198467 
852.0000000 186.3889783 186.3234281 
853.0000000 186.1925597 186.1270096 
854.0000000 185.9961412 185.9305910 
855.0000000 185.7997226 185.7341725 
856.0000000 185.6033041 185.5377539 
857.0000000 185.4068855 185.3413354 
858.0000000 185.2104670 185.1449168 
859.0000000 185.0140484 184.9484983 
860.0000000 184.8176299 184.7520797 
861.0000000 184.6212113 184.5556612 
862.0000000 184.4247928 184.3592426 
863.0000000 184.2283742 184.1628241 
864.0000000 184.0319557 183.9664055 
865.0000000 183.8355371 183.7699870 
866.0000000 183.6391186 183.5735684 
867.0000000 183.4427000 183.3771499 
868.0000000 183.2462815 183.1807313 
869.0000000 183.0498629 182.9843128 
870.0000000 182.8534444 182.7878942 
871.0000000 182.6570258 182.5914757 
872.0000000 182.4606073 182.3950571 
873.0000000 182.2641887 182.1986386 
874.0000000 182.0677702 182.0022200 
875.0000000 181.8713516 181.8058014 
876.0000000 181.6749330 181.6093829 
877.0000000 181.4785145 181.4129643 
878.0000000 181.2820959 181.2165458 
879.0000000 181.0856774 181.0201272 
880.0000000 180.8892588 180.8237087 
881.0000000 180.6928403 180.6272901 
882.0000000 180.4964217 180.4308716 
883.0000000 180.3000032 180.2344530 
884.0000000 180.1035846 180.0380345 
885.0000000 179.9071661 179.8416159 
886.0000000 179.7107475 179.6451974 
887.0000000 179.5143290 179.4487788 
888.0000000 179.3179104 179.2523603 
889.0000000 179.1214919 179.0559417 
890.0000000 178.9250733 178.8595232 
891.0000000 178.7286548 178.6631046 
892.0000000 178.5322362 178.4666861 
893.0000000 178.3358177 178.2702675 
894.0000000 178.1393991 178.0738490 
895.0000000 177.9429806 177.8774304 
896.0000000 177.7465620 177.6810119 
897.0000000 177.5501435 177.4845933 
898.0000000 177.3537249 177.2881748 
899.0000000 177.1573064 177.0917562 
900.0000000 176.9608878 176.8953377 
901.0000000 176.7644693 176.6989191 
902.0000000 176.5680507 176.5025006 
903.0000000 176.3716322 176.3060820 
904.0000000 176.1752136 176.1096635 
905.0000000 175.9787951 175.9132449 
906.0000000 175.7823765 175.7168264 
907.0000000 175.5859580 175.5204078 
908.0000000 175.3895394 175.3239893 
909.0000000 175.1931209 175.1275707 
910.0000000 174.9967023 174.9311522 
911.0000000 174.8002838 174.7347336 
912.0000000 174.6038652 174.5383151 
913.0000000 174.4074467 174.3418965 
914.0000000 174.2110281 174.1454780 
915.0000000 174.0146096 173.9490594 
916.0000000 173.8181910 173.7526409 
917.0000000 173.6217725 173.5562223 
918.0000000 173.4253539 173.3598038 
919.0000000 173.2289354 173.1633852 
920.0000000 173.0325168 172.9669667 
921.0000000 172.8360983 172.7705481 
922.0000000 172.6396797 172.5741296 
923.0000000 172.4432612 172.3777110 
924.0000000 172.2468426 172.1812925 
925.0000000 172.0504241 171.9848739 
926.0000000 171.8540055 171.7884554 
927.0000000 171.6575870 171.5920368 
928.0000000 171.4611684 171.3956183 
929.0000000 171.2647499 171.1991997 
930.0000000 171.0683313 171.0027812 
931.0000000 170.8719128 170.8063626 
932.0000000 170.6754942 170.6099441 
933.0000000 170.4790757 170.4135255 
934.0000000 170.2826571 170.2171070 
935.0000000 170.0862386 170.0206884 
936.0000000 169.8898200 169.8242699 
937.0000000 169.6934015 169.6278513 
938.0000000 169.4969829 169.4314328 
939.0000000 169.3005644 169.2350142 
940.0000000 169.1041458 169.0385957 
941.0000000 168.9077273 168.8421771 
942.0000000 168.7113087 168.6457586 
943.0000000 168.5148902 168.4493400 
944.0000000 168.3184716 168.2529215 
945.0000000 168.1220531 168.0565029 
946.0000000 167.9256345 167.8600844 
947.0000000 167.7292160 167.6636658 
948.0000000 167.5327974 167.4672473 
949.0000000 167.3363789 167.2708287 
950.0000000 167.1399603 167.0744102 
951.0000000 166.9435418 166.8779916 
952.0000000 166.7471232 166.6815731 
953.0000000 166.5507047 166.4851545 
954.0000000 166.3542861 166.2887360 
955.0000000 166.1578676 166.0923174 
956.0000000 165.9614490 165.8958989 
957.0000000 165.7650305 165.6994803 
958.0000000 165.5686119 165.5030618 
959.0000000 165.3721934 165.3066432 
960.0000000 165.1757748 165.1102247 
961.0000000 164.9793563 164.9138061 
962.0000000 164.7829377 164.7173876 
963.0000000 164.5865192 164.5209690 
964.0000000 164.3901006 164.3245505 
965.0000000 164.1936821 164.1281319 
966.0000000 163.9972635 163.9317134 
967.0000000 163.8008450 163.7352948 
968.0000000 163.6044264 163.5388763 
969.0000000 163.4080079 163.3424577 
970.0000000 163.2115893 163.1460392 
971.0000000 163.0151708 162.9496206 
972.0000000 162.8187522 162.7532021 
973.0000000 162.6223337 162.5567835 
974.0000000 162.4259151 162.3603650 
975.0000000 162.2294966 162.1639464 
976.0000000 162.0330780 161.9675279 
977.0000000 161.8366595 161.7711093 
978.0000000 161.6402409 161.5746908 
979.0000000 161.4438224 161.3782722 
980.0000000 161.2474038 161.1818537 
981.0000000 161.0509853 160.9854351 
982.0000000 160.8545667 160.7890166 
983.0000000 160.6581482 160.5925980 
984.0000000 160.4617296 160.3961795 
985.0000000 160.2653111 160.1997609 
986.0000000 160.0688925 160.0033424 
987.0000000 159.8724740 159.8069238 
988.0000000 159.6760554 159.6105053 
989.0000000 159.4796369 159.4140867 
990.0000000 159.2832183 159.2176682 
991.0000000 159.0867998 159.0212496 
992.0000000 158.8903812 158.8248311 
993.0000000 158.6939627 158.6284125 
994.0000000 158.4975441 158.4319940 
995.0000000 158.3011256 158.2355754 
996.0000000 158.1047070 158.0391569 
997.0000000 157.9082885 157.8427383 
998.0000000 157.7118699 157.6463198 
999.0000000 157.5154514 157.4499012 
1000.0000000 157.3190328 157.2534827 
1001.0000000 157.1226143 157.0570641 
1002.0000000 156.9261957 156.8606456 
1003.0000000 156.7297772 156.6642270 
1004.0000000 156.5333586 156.4678085 
1005.0000000 156.3369401 156.2713899 
1006.0000000 156.1405215 156.0749714 
1007.0000000 155.9441030 155.8785528 
1008.0000000 155.7476844 155.6821343 
1009.0000000 155.5512659 155.4857157 
1010.0000000 155.3548473 155.2892972 
1011.0000000 155.1584288 155.0928786 
1012.0000000 154.9620102 154.8964601 
1013.0000000 154.7655917 154.7000415 
1014.0000000 154.5691731 154.5036230 
1015.0000000 154.3727546 154.3072044 
1016.0000000 154.1763360 154.1107859 
1017.0000000 153.9799175 153.9143673 
1018.0000000 153.7834989 153.7179488 
1019.0000000 153.5870804 153.5215302 
1020.0000000 153.3906618 153.3251117 
1021.0000000 153.1942433 153.1286931 
1022.0000000 152.9978247 152.9322746 
1023.0000000 152.8014062 152.7358560 
1024.0000000 152.6049876 152.5394375 
1025.0000000 152.4085691 152.3430189 
1026.0000000 152.2121505 152.1466004 
1027.0000000 152.0157319 151.9501818 
1028.0000000 151.8193134 151.7537632 
1029.0000000 151.6228948 151.5573447 
1030.0000000 151.4264763 151.3609261 
1031.0000000 151.2300577 151.1645076 
1032.0000000 151.0336392 150.9680890 
1033.0000000 150.8372206 150.7716705 
1034.0000000 150.6408021 150.5752519 
1035.0000000 150.4443835 150.3788334 
1036.0000000 150.2479650 150.1824148 
1037.0000000 150.0515464 149.9859963 
1038.0000000 149.8551279 149.7895777 
1039.0000000 149.6587093 149.5931592 
1040.0000000 149.4622908 149.3967406 
1041.0000000 149.2658722 149.2003221 
1042.0000000 149.0694537 149.0039035 
1043.0000000 148.8730351 148.8074850 
1044.0000000 148.6766166 148.6110664 
1045.0000000 148.4801980 148.4146479 
1046.0000000 148.2837795 148.2182293 
1047.0000000 148.0873609 148.0218108 
1048.0000000 147.8909424 147.8253922 
1049.0000000 147.6945238 147.6289737 
1050.0000000 147.4981053 147.4325551 
1051.0000000 147.3016867 147.2361366 
1052.0000000 147.1052682 147.0397180 
1053.0000000 146.9088496 146.8432995 
1054.0000000 146.7124311 146.6468809 
1055.0000000 146.5160125 146.4504624 
1056.0000000 146.3195940 146.2540438 
1057.0000000 146.1231754 146.0576253 
1058.0000000 145.9267569 145.8612067 
1059.0000000 145.7303383 145.6647882 
1060.0000000 145.5339198 145.4683696 
1061.0000000 145.3375012 145.2719511 
1062.0000000 145.1410827 145.0755325 
1063.0000000 144.9446641 144.8791140 
1064.0000000 144.7482456 144.6826954 
1065.0000000 144.5518270 144.4862769 
1066.0000000 144.3554085 144.2898583 
1067.0000000 144.1589899 144.0934398 
1068.0000000 143.9625714 143.8970212 
1069.0000000 143.7661528 143.7006027 
1070.0000000 143.5697343 143.5041841 
1071.0000000 143.3733157 143.3077656 
1072.0000000 143.1768972 143.1113470 
1073.0000000 142.9804786 142.9149285 
1074.0000000 142.7840601 142.7185099 
1075.0000000 142.5876415 142.5220914 
1076.0000000 142.3912230 142.3256728 
1077.0000000 142.1948044 142.1292543 
1078.0000000 141.9983859 141.9328357 
1079.0000000 141.8019673 141.7364172 
1080.0000000 141.6055488 141.5399986 
1081.0000000 141.4091302 141.3435801 
1082.0000000 141.2127117 141.1471615 
1083.0000000 141.0162931 140.9507430 
1084.0000000 140.8198746 140.7543244 
1085.0000000 140.6234560 140.5579059 
1086.0000000 140.4270375 140.3614873 
1087.0000000 140.2306189 140.1650688 
1088.0000000 140.0342004 139.9686502 
1089.0000000 139.8377818 139.7722317 
1090.0000000 139.6413633 139.5758131 
1091.0000000 139.4449447 139.3793946 
1092.0000000 139.2485262 139.1829760 
1093.0000000 139.0521076 138.9865575 
1094.0000000 138.8556891 138.7901389 
1095.0000000 138.6592705 138.5937204 
1096.0000000 138.4628520 138.3973018 
1097.0000000 138.2664334 138.2008833 
1098.0000000 138.0700149 138.0044647 
1099.0000000 137.8735963 137.8080462 
1100.0000000 137.6771778 137.6116276 
1101.0000000 137.4807592 137.4152091 
1102.0000000 137.2843407 137.2187905 
1103.0000000 137.0879221 137.0223720 
1104.0000000 136.8915036 136.8259534 
1105.0000000 136.6950850 136.6295349 
1106.0000000 136.4986665 136.4331163 
1107.0000000 136.3022479 136.2366978 
1108.0000000 136.1058294 136.0402792 
1109.0000000 135.9094108 135.8438607 
1110.0000000 135.7129923 135.6474421 
1111.0000000 135.5165737 135.4510236 
1112.0000000 135.3201552 135.2546050 
1113.0000000 135.1237366 135.0581865 
1114.0000000 134.9273181 134.8617679 
1115.0000000 134.7308995 134.6653494 
1116.0000000 134.5344810 134.4689308 
1117.0000000 134.3380624 134.2725123 
1118.0000000 134.1416439 134.0760937 
1119.0000000 133.9452253 133.8796752 
1120.0000000 133.7488068 133.6832566 
1121.0000000 133.5523882 133.4868381 
1122.0000000 133.3559697 133.2904195 
1123.0000000 133.1595511 133.0940010 
1124.0000000 132.9631326 132.8975824 
1125.0000000 132.7667140 132.7011639 
1126.0000000 132.5702955 132.5047453 
1127.0000000 132.3738769 132.3083268 
1128.0000000 132.1774584 132.1119082 
1129.0000000 131.9810398 131.9154897 
1130.0000000 131.7846213 131.7190711 
1131.0000000 131.5882027 131.5226526 
1132.0000000 131.3917842 131.3262340 
1133.0000000 131.1953656 131.1298155 
1134.0000000 130.9989471 130.9333969 
1135.0000000 130.8025285 130.7369784 
1136.0000000 130.6061100 130.5405598 
1137.0000000 130.4096914 130.3441413 
1138.0000000 130.2132729 130.1477227 
1139.0000000 130.0168543 129.9513042 
1140.0000000 129.8204358 129.7548856 
1141.0000000 129.6240172 129.5584671 
1142.0000000 129.4275987 129.3620485 
1143.0000000 129.2311801 129.1656300 
1144.0000000 129.0347616 128.9692114 
1145.0000000 128.8383430 128.7727929 
1146.0000000 128.6419245 128.5763743 
1147.0000000 128.4455059 128.3799558 
1148.0000000 128.2490874 128.1835372 
1149.0000000 128.0526688 127.9871187 
1150.0000000 127.8562503 127.7907001 
1151.0000000 127.6598317 127.5942816 
1152.0000000 127.4634132 127.3978630 
1153.0000000 127.2669946 127.2014445 
1154.0000000 127.0705761 127.0050259 
1155.0000000 126.8741575 126.8086074 
1156.0000000 126.6777390 126.6121888 
1157.0000000 126.4813204 126.4157703 
1158.0000000 126.2849019 126.2193517 
1159.0000000 126.0884833 126.0229332 
1160.0000000 125.8920648 125.8265146 
1161.0000000 125.6956462 125.6300961 
1162.0000000 125.4992277 125.4336775 
1163.0000000 125.3028091 125.2372590 
1164.0000000 125.1063906 125.0408404 
1165.0000000 124.9099720 124.8444219 
1166.0000000 124.7135535 124.6480033 
1167.0000000 124.5171349 124.4515848 
1168.0000000 124.3207164 124.2551662 
1169.0000000 124.1242978 124.0587477 
1170.0000000 123.9278793 123.8623291 
1171.0000000 123.7314607 123.6659106 
1172.0000000 123.5350422 123.4694920 
1173.0000000 123.3386236 123.2730735 
1174.0000000 123.1422051 123.0766549 
1175.0000000 122.9457865 122.8802364 
1176.0000000 122.7493680 122.6838178 
1177.0000000 122.5529494 122.4873993 
1178.0000000 122.3565308 122.2909807 
1179.0000000 122.1601123 122.0945621 
1180.0000000 121.9636937 121.8981436 
1181.0000000 121.7672752 121.7017250 
1182.0000000 121.5708566 121.5053065 
1183.0000000 121.3744381 121.3088879 
1184.0000000 121.1780195 121.1124694 
1185.0000000 120.9816010 120.9160508 
1186.0000000 120.7851824 120.7196323 
1187.0000000 120.5887639 120.5232137 
1188.0000000 120.3923453 120.3267952 
1189.0000000 120.1959268 120.1303766 
1190.0000000 119.9995082 119.9339581 
1191.0000000 119.8030897 119.7375395 
1192.0000000 119.6066711 119.5411210 
1193.0000000 119.4102526 119.3447024 
1194.0000000 119.2138340 119.1482839 
1195.0000000 119.0174155 118.9518653 
1196.0000000 118.8209969 118.7554468 
1197.0000000 118.6245784 118.5590282 
1198.0000000 118.4281598 118.3626097 
1199.0000000 118.2317413 118.1661911 
1200.0000000 118.0353227 117.9697726 
1201.0000000 117.8389042 117.7733540 
1202.0000000 117.6424856 117.5769355 
1203.0000000 117.4460671 117.3805169 
1204.0000000 117.2496485 117.1840984 
1205.0000000 117.0532300 116.9876798 
1206.0000000 116.8568114 116.7912613 
1207.0000000 116.6603929 116.5948427 
1208.0000000 116.4639743 116.3984242 
1209.0000000 116.2675558 116.2020056 
1210.0000000 116.0711372 116.0055871 
1211.0000000 115.8747187 115.8091685 
1212.0000000 115.6783001 115.6127500 
1213.0000000 115.4818816 115.4163314 
1214.0000000 115.2854630 115.2199129 
1215.0000000 115.0890445 115.0234943 
1216.0000000 114.8926259 114.8270758 
1217.0000000 114.6962074 114.6306572 
1218.0000000 114.4997888 114.4342387 
1219.0000000 114.3033703 114.2378201 
1220.0000000 114.1069517 114.0414016 
1221.0000000 113.9105332 113.8449830 
1222.0000000 113.7141146 113.6485645 
1223.0000000 113.5176961 113.4521459 
1224.0000000 113.3212775 113.2557274 
1225.0000000 113.1248590 113.0593088 
1226.0000000 112.9284404 112.8628903 
1227.0000000 112.7320219 112.6664717 
1228.0000000 112.5356033 112.4700532 
1229.0000000 112.3391848 112.2736346 
1230.0000000 112.1427662 112.0772161 
1231.0000000 111.9463477 111.8807975 
1232.0000000 111.7499291 111.6843790 
1233.0000000 111.5535106 111.4879604 
1234.0000000 111.3570920 111.2915419 
1235.0000000 111.1606735 111.0951233 
1236.0000000 110.9642549 110.8987048 
1237.0000000 110.7678364 110.7022862 
1238.0000000 110.5714178 110.5058677 
1239.0000000 110.3749993 110.3094491 
1240.0000000 110.1785807 110.1130306 
1241.0000000 109.9821622 109.9166120 
1242.0000000 109.7857436 109.7201935 
1243.0000000 109.5893251 109.5237749 
1244.0000000 109.3929065 109.3273564 
1245.0000000 109.1964880 109.1309378 
1246.0000000 109.0000694 108.9345193 
1247.0000000 108.8036509 108.7381007 
1248.0000000 108.6072323 108.5416822 
1249.0000000 108.4108138 108.3452636 
1250.0000000 108.2143952 108.1488451 
1251.0000000 108.0179767 107.9524265 
1252.0000000 107.8215581 107.7560080 
1253.0000000 107.6251396 107.5595894 
1254.0000000 107.4287210 107.3631709 
1255.0000000 107.2323025 107.1667523 
1256.0000000 107.0358839 106.9703338 
1257.0000000 106.8394654 106.7739152 
1258.0000000 106.6430468 106.5774967 
1259.0000000 106.4466283 106.3810781 
1260.0000000 106.2502097 106.1846596 
1261.0000000 106.0537912 105.9882410 
1262.0000000 105.8573726 105.7918225 
1263.0000000 105.6609541 105.5954039 
1264.0000000 105.4645355 105.3989854 
1265.0000000 105.2681170 105.2025668 
1266.0000000 105.0716984 105.0061483 
1267.0000000 104.8752799 104.8097297 
1268.0000000 104.6788613 104.6133112 
1269.0000000 104.4824428 104.4168926 
1270.0000000 104.2860242 104.2204741 
1271.0000000 104.0896057 104.0240555 
1272.0000000 103.8931871 103.8276370 
1273.0000000 103.6967686 103.6312184 
1274.0000000 103.5003500 103.4347999 
1275.0000000 103.3039315 103.2383813 
1276.0000000 103.1075129 103.0419628 
1277.0000000 102.9110944 102.8455442 
1278.0000000 102.7146758 102.6491257 
1279.0000000 102.5182573 102.4527071 
1280.0000000 102.3218387 102.2562886 
1281.0000000 102.1254202 102.0598700 
1282.0000000 101.9290016 101.8634515 
1283.0000000 101.7325831 101.6670329 
1284.0000000 101.5361645 101.4706144 
1285.0000000 101.3397460 101.2741958 
1286.0000000 101.1433274 101.0777773 
1287.0000000 100.9469089 100.8813587 
1288.0000000 100.7504903 100.6849402 
1289.0000000 100.5540718 100.4885216 
1290.0000000 100.3576532 100.2921031 
1291.0000000 100.1612347 100.0956845 
1292.0000000 99.9648161 99.8992660 
1293.0000000 99.7683976 99.7028474 
1294.0000000 99.5719790 99.5064289 
1295.0000000 99.3755605 99.3100103 
1296.0000000 99.1791419 99.1135918 
1297.0000000 98.9827234 98.9171732 
1298.0000000 98.7863048 98.7207547 
1299.0000000 98.5898863 98.5243361 
1300.0000000 98.3934677 98.3279176 
1301.0000000 98.1970492 98.1314990 
1302.0000000 98.0006306 97.9350805 
1303.0000000 97.8042121 97.7386619 
1304.0000000 97.6077935 97.5422434 
1305.0000000 97.4113750 97.3458248 
1306.0000000 97.2149564 97.1494063 
1307.0000000 97.0185379 96.9529877 
1308.0000000 96.8221193 96.7565692 
1309.0000000 96.6257008 96.5601506 
1310.0000000 96.4292822 96.3637321 
1311.0000000 96.2328637 96.1673135 
1312.0000000 96.0364451 95.9708950 
1313.0000000 95.8400266 95.7744764 
1314.0000000 95.6436080 95.5780579 
1315.0000000 95.4471895 95.3816393 
1316.0000000 95.2507709 95.1852208 
1317.0000000 95.0543524 94.9888022 
1318.0000000 94.8579338 94.7923837 
1319.0000000 94.6615153 94.5959651 
1320.0000000 94.4650967 94.3995466 
1321.0000000 94.2686782 94.2031280 
1322.0000000 94.0722596 94.0067095 
1323.0000000 93.8758411 93.8102909 
1324.0000000 93.6794225 93.6138724 
1325.0000000 93.4830040 93.4174538 
1326.0000000 93.2865854 93.2210353 
1327.0000000 93.0901669 93.0246167 
1328.0000000 92.8937483 92.8281982 
1329.0000000 92.6973298 92.6317796 
1330.0000000 92.5009112 92.4353610 
1331.0000000 92.3044926 92.2389425 
1332.0000000 92.1080741 92.0425239 
1333.0000000 91.9116555 91.8461054 
1334.0000000 91.7152370 91.6496868 
1335.0000000 91.5188184 91.4532683 
1336.0000000 91.3223999 91.2568497 
1337.0000000 91.1259813 91.0604312 
1338.0000000 90.9295628 90.8640126 
1339.0000000 90.7331442 90.6675941 
1340.0000000 90.5367257 90.4711755 
1341.0000000 90.3403071 90.2747570 
1342.0000000 90.1438886 90.0783384 
1343.0000000 89.9474700 89.8819199 
1344.0000000 89.7510515 89.6855013 
1345.0000000 89.5546329 89.4890828 
1346.0000000 89.3582144 89.2926642 
1347.0000000 89.1617958 89.0962457 
1348.0000000 88.9653773 88.8998271 
1349.0000000 88.7689587 88.7034086 
1350.0000000 88.5725402 88.5069900 
1351.0000000 88.3761216 88.3105715 
1352.0000000 88.1797031 88.1141529 
1353.0000000 87.9832845 87.9177344 
1354.0000000 87.7868660 87.7213158 
1355.0000000 87.5904474 87.5248973 
1356.0000000 87.3940289 87.3284787 
1357.0000000 87.1976103 87.1320602 
1358.0000000 87.0011918 86.9356416 
1359.0000000 86.8047732 86.7392231 
1360.0000000 86.6083547 86.5428045 
1361.0000000 86.4119361 86.3463860 
1362.0000000 86.2155176 86.1499674 
1363.0000000 86.0190990 85.9535489 
1364.0000000 85.8226805 85.7571303 
1365.0000000 85.6262619 85.5607118 
1366.0000000 85.4298434 85.3642932 
1367.0000000 85.2334248 85.1678747 
1368.0000000 85.0370063 84.9714561 
1369.0000000 84.8405877 84.7750376 
1370.0000000 84.6441692 84.5786190 
1371.0000000 84.4477506 84.3822005 
1372.0000000 84.2513321 84.1857819 
1373.0000000 84.0549135 83.9893634 
1374.0000000 83.8584950 83.7929448 
1375.0000000 83.6620764 83.5965263 
1376.0000000 83.4656579 83.4001077 
1377.0000000 83.2692393 83.2036892 
1378.0000000 83.0728208 83.0072706 
1379.0000000 82.8764022 82.8108521 
1380.0000000 82.6799837 82.6144335 
1381.0000000 82.4835651 82.4180150 
1382.0000000 82.2871466 82.2215964 
1383.0000000 82.0907280 82.0251779 
1384.0000000 81.8943095 81.8287593 
1385.0000000 81.6978909 81.6323408 
1386.0000000 81.5014724 81.4359222 
1387.0000000 81.3050538 81.2395037 
1388.0000000 81.1086353 81.0430851 
1389.0000000 80.9122167 80.8466666 
1390.0000000 80.7157982 80.6502480 
1391.0000000 80.5193796 80.4538295 
1392.0000000 80.3229611 80.2574109 
1393.0000000 80.1265425 80.0609924 
1394.0000000 79.9301240 79.8645738 
1395.0000000 79.7337054 79.6681553 
1396.0000000 79.5372869 79.4717367 
1397.0000000 79.3408683 79.2753182 
1398.0000000 79.1444498 79.0788996 
1399.0000000 78.9480312 78.8824811 
1400.0000000 78.7516127 78.6860625 
1401.0000000 78.5551941 78.4896440 
1402.0000000 78.3587756 78.2932254 
1403.0000000 78.1623570 78.0968069 
1404.0000000 77.9659385 77.9003883 
1405.0000000 77.7695199 77.7039698 
1406.0000000 77.5731014 77.5075512 
1407.0000000 77.3766828 77.3111327 
1408.0000000 77.1802643 77.1147141 
1409.0000000 76.9838457 76.9182956 
1410.0000000 76.7874272 76.7218770 
1411.0000000 76.5910086 76.5254585 
1412.0000000 76.3945901 76.3290399 
1413.0000000 76.1981715 76.1326214 
1414.0000000 76.0017530 75.9362028 
1415.0000000 75.8053344 75.7397843 
1416.0000000 75.6089159 75.5433657 
1417.0000000 75.4124973 75.3469472 
1418.0000000 75.2160788 75.1505286 
1419.0000000 75.0196602 74.9541101 
1420.0000000 74.8232417 74.7576915 
1421.0000000 74.6268231 74.5612730 
1422.0000000 74.4304046 74.3648544 
1423.0000000 74.2339860 74.1684359 
1424.0000000 74.0375675 73.9720173 
1425.0000000 73.8411489 73.7755988 
1426.0000000 73.6447304 73.5791802 
1427.0000000 73.4483118 73.3827617 
1428.0000000 73.2518933 73.1863431 
1429.0000000 73.0554747 72.9899246 
1430.0000000 72.8590562 72.7935060 
1431.0000000 72.6626376 72.5970875 
1432.0000000 72.4662191 72.4006689 
1433.0000000 72.2698005 72.2042504 
1434.0000000 72.0733820 72.0078318 
1435.0000000 71.8769634 71.8114133 
1436.0000000 71.6805449 71.6149947 
1437.0000000 71.4841263 71.4185762 
1438.0000000 71.2877078 71.2221576 
1439.0000000 71.0912892 71.0257391 
1440.0000000 70.8948707 70.8293205 
1441.0000000 70.6984521 70.6329020 
1442.0000000 70.5020336 70.4364834 
1443.0000000 70.3056150 70.2400649 
1444.0000000 70.1091965 70.0436463 
1445.0000000 69.9127779 69.8472278 
1446.0000000 69.7163594 69.6508092 
1447.0000000 69.5199408 69.4543907 
1448.0000000 69.3235223 69.2579721 
1449.0000000 69.1271037 69.0615536 
1450.0000000 68.9306852 68.8651350 
1451.0000000 68.7342666 68.6687165 
1452.0000000 68.5378481 68.4722979 
1453.0000000 68.3414295 68.2758794 
1454.0000000 68.1450110 68.0794608 
1455.0000000 67.9485924 67.8830423 
1456.0000000 67.7521739 67.6866237 
1457.0000000 67.5557553 67.4902052 
1458.0000000 67.3593368 67.2937866 
1459.0000000 67.1629182 67.0973681 
1460.0000000 66.9664997 66.9009495 
1461.0000000 66.7700811 66.7045310 
1462.0000000 66.5736626 66.5081124 
1463.0000000 66.3772440 66.3116939 
1464.0000000 66.1808255 66.1152753 
1465.0000000 65.9844069 65.9188568 
1466.0000000 65.7879884 65.7224382 
1467.0000000 65.5915698 65.5260197 
1468.0000000 65.3951513 65.3296011 
1469.0000000 65.1987327 65.1331826 
1470.0000000 65.0023142 64.9367640 
1471.0000000 64.8058956 64.7403455 
1472.0000000 64.6094771 64.5439269 
1473.0000000 64.4130585 64.3475084 
1474.0000000 64.2166400 64.1510898 
1475.0000000 64.0202214 63.9546713 
1476.0000000 63.8238029 63.7582527 
1477.0000000 63.6273843 63.5618342 
1478.0000000 63.4309658 63.3654156 
1479.0000000 63.2345472 63.1689971 
1480.0000000 63.0381287 62.9725785 
1481.0000000 62.8417101 62.7761600 
1482.0000000 62.6452915 62.5797414 
1483.0000000 62.4488730 62.3833228 
1484.0000000 62.2524544 62.1869043 
1485.0000000 62.0560359 61.9904857 
1486.0000000 61.8596173 61.7940672 
1487.0000000 61.6631988 61.5976486 
1488.0000000 61.4667802 61.4012301 
1489.0000000 61.2703617 61.2048115 
1490.0000000 61.0739431 61.0083930 
1491.0000000 60.8775246 60.8119744 
1492.0000000 60.6811060 60.6155559 
1493.0000000 60.4846875 60.4191373 
1494.0000000 60.2882689 60.2227188 
1495.0000000 60.0918504 60.0263002 
1496.0000000 59.8954318 59.8298817 
1497.0000000 59.6990133 59.6334631 
1498.0000000 59.5025947 59.4370446 
1499.0000000 59.3061762 59.2406260 
1500.0000000 59.1097576 59.0442075 
1501.0000000 58.9133391 58.8477889 
1502.0000000 58.7169205 58.6513704 
1503.0000000 58.5205020 58.4549518 
1504.0000000 58.3240834 58.2585333 
1505.0000000 58.1276649 58.0621147 
1506.0000000 57.9312463 57.8656962 
1507.0000000 57.7348278 57.6692776 
1508.0000000 57.5384092 57.4728591 
1509.0000000 57.3419907 57.2764405 
1510.0000000 57.1455721 57.0800220 
1511.0000000 56.9491536 56.8836034 
1512.0000000 56.7527350 56.6871849 
1513.0000000 56.5563165 56.4907663 
1514.0000000 56.3598979 56.2943478 
1515.0000000 56.1634794 56.0979292 
1516.0000000 55.9670608 55.9015107 
1517.0000000 55.7706423 55.7050921 
1518.0000000 55.5742237 55.5086736 
1519.0000000 55.3778052 55.3122550 
1520.0000000 55.1813866 55.1158365 
1521.0000000 54.9849681 54.9194179 
1522.0000000 54.7885495 54.7229994 
1523.0000000 54.5921310 54.5265808 
1524.0000000 54.3957124 54.3301623 
1525.0000000 54.1992939 54.1337437 
1526.0000000 54.0028753 53.9373252 
1527.0000000 53.8064568 53.7409066 
1528.0000000 53.6100382 53.5444881 
1529.0000000 53.4136197 53.3480695 
1530.0000000 53.2172011 53.1516510 
1531.0000000 53.0207826 52.9552324 
1532.0000000 52.8243640 52.7588139 
1533.0000000 52.6279455 52.5623953 
1534.0000000 52.4315269 52.3659768 
1535.0000000 52.2351084 52.1695582 
1536.0000000 52.0386898 51.9731397 
1537.0000000 51.8422713 51.7767211 
1538.0000000 51.6458527 51.5803026 
1539.0000000 51.4494342 51.3838840 
1540.0000000 51.2530156 51.1874655 
1541.0000000 51.0565971 50.9910469 
1542.0000000 50.8601785 50.7946284 
1543.0000000 50.6637600 50.5982098 
1544.0000000 50.4673414 50.4017913 
1545.0000000 50.2709229 50.2053727 
1546.0000000 50.0745043 50.0089542 
1547.0000000 49.8780858 49.8125356 
1548.0000000 49.6816672 49.6161171 
1549.0000000 49.4852487 49.4196985 
1550.0000000 49.2888301 49.2232800 
1551.0000000 49.0924116 49.0268614 
1552.0000000 48.8959930 48.8304429 
1553.0000000 48.6995745 48.6340243 
1554.0000000 48.5031559 48.4376058 
1555.0000000 48.3067374 48.2411872 
1556.0000000 48.1103188 48.0447687 
1557.0000000 47.9139003 47.8483501 
1558.0000000 47.7174817 47.6519316 
1559.0000000 47.5210632 47.4555130 
1560.0000000 47.3246446 47.2590945 
1561.0000000 47.1282261 47.0626759 
1562.0000000 46.9318075 46.8662574 
1563.0000000 46.7353890 46.6698388 
1564.0000000 46.5389704 46.4734203 
1565.0000000 46.3425519 46.2770017 
1566.0000000 46.1461333 46.0805832 
1567.0000000 45.9497148 45.8841646 
1568.0000000 45.7532962 45.6877461 
1569.0000000 45.5568777 45.4913275 
1570.0000000 45.3604591 45.2949090 
1571.0000000 45.1640406 45.0984904 
1572.0000000 44.9676220 44.9020719 
1573.0000000 44.7712035 44.7056533 
1574.0000000 44.5747849 44.5092348 
1575.0000000 44.3783664 44.3128162 
1576.0000000 44.1819478 44.1163977 
1577.0000000 43.9855293 43.9199791 
1578.0000000 43.7891107 43.7235606 
1579.0000000 43.5926922 43.5271420 
1580.0000000 43.3962736 43.3307235 
1581.0000000 43.1998551 43.1343049 
1582.0000000 43.0034365 42.9378864 
1583.0000000 42.8070180 42.7414678 
1584.0000000 42.6105994 42.5450493 
1585.0000000 42.4141809 42.3486307 
1586.0000000 42.2177623 42.1522122 
1587.0000000 42.0213438 41.9557936 
1588.0000000 41.8249252 41.7593751 
1589.0000000 41.6285067 41.5629565 
1590.0000000 41.4320881 41.3665380 
1591.0000000 41.2356696 41.1701194 
1592.0000000 41.0392510 40.9737009 
1593.0000000 40.8428325 40.7772823 
1594.0000000 40.6464139 40.5808638 
1595.0000000 40.4499954 40.3844452 
1596.0000000 40.2535768 40.1880267 
1597.0000000 40.0571583 39.9916081 
1598.0000000 39.8607397 39.7951896 
1599.0000000 39.6643212 39.5987710 
1600.0000000 39.4679026 39.4023525 
1601.0000000 39.2714841 39.2059339 
1602.0000000 39.0750655 39.0095154 
1603.0000000 38.8786470 38.8130968 
1604.0000000 38.6822284 38.6166783 
1605.0000000 38.4858099 38.4202597 
1606.0000000 38.2893913 38.2238412 
1607.0000000 38.0929728 38.0274226 
1608.0000000 37.8965542 37.8310041 
1609.0000000 37.7001357 37.6345855 
1610.0000000 37.5037171 37.4381670 
1611.0000000 37.3072986 37.2417484 
1612.0000000 37.1108800 37.0453299 
1613.0000000 36.9144615 36.8489113 
1614.0000000 36.7180429 36.6524928 
1615.0000000 36.5216244 36.4560742 
1616.0000000 36.3252058 36.2596557 
1617.0000000 36.1287873 36.0632371 
1618.0000000 35.9323687 35.8668186 
1619.0000000 35.7359502 35.6704000 
1620.0000000 35.5395316 35.4739815 
1621.0000000 35.3431131 35.2775629 
1622.0000000 35.1466945 35.0811444 
1623.0000000 34.9502760 34.8847258 
1624.0000000 34.7538574 34.6883073 
1625.0000000 34.5574389 34.4918887 
1626.0000000 34.3610203 34.2954702 
1627.0000000 34.1646018 34.0990516 
1628.0000000 33.9681832 33.9026331 
1629.0000000 33.7717647 33.7062145 
1630.0000000 33.5753461 33.5097960 
1631.0000000 33.3789276 33.3133774 
1632.0000000 33.1825090 33.1169589 
1633.0000000 32.9860904 32.9205403 
1634.0000000 32.7896719 32.7241217 
1635.0000000 32.5932533 32.5277032 
1636.0000000 32.3968348 32.3312846 
1637.0000000 32.2004162 32.1348661 
1638.0000000 32.0039977 31.9384475 
1639.0000000 31.8075791 31.7420290 
1640.0000000 31.6111606 31.5456104 
1641.0000000 31.4147420 31.3491919 
1642.0000000 31.2183235 31.1527733 
1643.0000000 31.0219049 30.9563548 
1644.0000000 30.8254864 30.7599362 
1645.0000000 30.6290678 30.5635177 
1646.0000000 30.4326493 30.3670991 
1647.0000000 30.2362307 30.1706806 
1648.0000000 30.0398122 29.9742620 
1649.0000000 29.8433936 29.7778435 
1650.0000000 29.6469751 29.5814249 
1651.0000000 29.4505565 29.3850064 
1652.0000000 29.2541380 29.1885878 
1653.0000000 29.0577194 28.9921693 
1654.0000000 28.8613009 28.7957507 
1655.0000000 28.6648823 28.5993322 
1656.0000000 28.4684638 28.4029136 
1657.0000000 28.2720452 28.2064951 
1658.0000000 28.0756267 28.0100765 
1659.0000000 27.8792081 27.8136580 
1660.0000000 27.6827896 27.6172394 
1661.0000000 27.4863710 27.4208209 
1662.0000000 27.2899525 27.2244023 
1663.0000000 27.0935339 27.0279838 
1664.0000000 26.8971154 26.8315652 
1665.0000000 26.7006968 26.6351467 
1666.0000000 26.5042783 26.4387281 
1667.0000000 26.3078597 26.2423096 
1668.0000000 26.1114412 26.0458910 
1669.0000000 25.9150226 25.8494725 
1670.0000000 25.7186041 25.6530539 
1671.0000000 25.5221855 25.4566354 
1672.0000000 25.3257670 25.2602168 
1673.0000000 25.1293484 25.0637983 
1674.0000000 24.9329299 24.8673797 
1675.0000000 24.7365113 24.6709612 
1676.0000000 24.5400928 24.4745426 
1677.0000000 24.3436742 24.2781241 
1678.0000000 24.1472557 24.0817055 
1679.0000000 23.9508371 23.8852870 
1680.0000000 23.7544186 23.6888684 
1681.0000000 23.5580000 23.4924499 
1682.0000000 23.3615815 23.2960313 
1683.0000000 23.1651629 23.0996128 
1684.0000000 22.9687444 22.9031942 
1685.0000000 22.7723258 22.7067757 
1686.0000000 22.5759073 22.5103571 
1687.0000000 22.3794887 22.3139386 
1688.0000000 22.1830702 22.1175200 
1689.0000000 21.9866516 21.9211015 
1690.0000000 21.7902331 21.7246829 
1691.0000000 21.5938145 21.5282644 
1692.0000000 21.3973960 21.3318458 
1693.0000000 21.2009774 21.1354273 
1694.0000000 21.0045589 20.9390087 
1695.0000000 20.8081403 20.7425902 
1696.0000000 20.6117218 20.5461716 
1697.0000000 20.4153032 20.3497531 
1698.0000000 20.2188847 20.1533345 
1699.0000000 20.0224661 19.9569160 
1700.0000000 19.8260476 19.7604974 
1701.0000000 19.6296290 19.5640789 
1702.0000000 19.4332105 19.3676603 
1703.0000000 19.2367919 19.1712418 
1704.0000000 19.0403734 18.9748232 
1705.0000000 18.8439548 18.7784047 
1706.0000000 18.6475363 18.5819861 
1707.0000000 18.4511177 18.3855676 
1708.0000000 18.2546992 18.1891490 
1709.0000000 18.0582806 17.9927305 
1710.0000000 17.8618621 17.7963119 
1711.0000000 17.6654435 17.5998934 
1712.0000000 17.4690250 17.4034748 
1713.0000000 17.2726064 17.2070563 
1714.0000000 17.0761879 17.0106377 
1715.0000000 16.8797693 16.8142192 
1716.0000000 16.6833508 16.6178006 
1717.0000000 16.4869322 16.4213821 
1718.0000000 16.2905137 16.2249635 
1719.0000000 16.0940951 16.0285450 
1720.0000000 15.8976766 15.8321264 
1721.0000000 15.7012580 15.6357079 
1722.0000000 15.5048395 15.4392893 
1723.0000000 15.3084209 15.2428708 
1724.0000000 15.1120024 15.0464522 
1725.0000000 14.9155838 14.8500337 
1726.0000000 14.7191653 14.6536151 
1727.0000000 14.5227467 14.4571966 
1728.0000000 14.3263282 14.2607780 
1729.0000000 14.1299096 14.0643595 
1730.0000000 13.9334911 13.8679409 
1731.0000000 13.7370725 13.6715224 
1732.0000000 13.5406540 13.4751038 
1733.0000000 13.3442354 13.2786853 
1734.0000000 13.1478169 13.0822667 
1735.0000000 12.9513983 12.8858482 
1736.0000000 12.7549798 12.6894296 
1737.0000000 12.5585612 12.4930111 
1738.0000000 12.3621427 12.2965925 
1739.0000000 12.1657241 12.1001740 
1740.0000000 11.9693056 11.9037554 
1741.0000000 11.7728870 11.7073369 
1742.0000000 11.5764685 11.5109183 
1743.0000000 11.3800499 11.3144998 
1744.0000000 11.1836314 11.1180812 
1745.0000000 10.9872128 10.9216627 
1746.0000000 10.7907943 10.7252441 
1747.0000000 10.5943757 10.5288256 
1748.0000000 10.3979572 10.3324070 
1749.0000000 10.2015386 10.1359885 
1750.0000000 10.0051201 9.9395699 
1751.0000000 9.8087015 9.7431514 
1752.0000000 9.6122830 9.5467328 
1753.0000000 9.4158644 9.3503143 
1754.0000000 9.2194459 9.1538957 
1755.0000000 9.0230273 8.9574772 
1756.0000000 8.8266088 8.7610586 
1757.0000000 8.6301902 8.5646401 
1758.0000000 8.4337717 8.3682215 
1759.0000000 8.2373531 8.1718030 
1760.0000000 8.0409346 7.9753844 
1761.0000000 7.8445160 7.7789659 
1762.0000000 7.6480975 7.5825473 
1763.0000000 7.4516789 7.3861288 
1764.0000000 7.2552604 7.1897102 
1765.0000000 7.0588418 6.9932917 
1766.0000000 6.8624233 6.7968731 
1767.0000000 6.6660047 6.6004546 
1768.0000000 6.4695862 6.4040360 
1769.0000000 6.2731676 6.2076175 
1770.0000000 6.0767491 6.0111989 
1771.0000000 5.8803305 5.8147804 
1772.0000000 5.6839120 5.6183618 
1773.0000000 5.4874934 5.4219433 
1774.0000000 5.2910749 5.2255247 
1775.0000000 5.0946563 5.0291062 
1776.0000000 4.8982378 4.8326876 
1777.0000000 4.7018192 4.6362691 
1778.0000000 4.5054007 4.4398505 
1779.0000000 4.3089821 4.2434320 
1780.0000000 4.1125636 4.0470134 
1781.0000000 3.9161450 3.8505949 
1782.0000000 3.7197265 3.6541763 
1783.0000000 3.5233079 3.4577578 
1784.0000000 3.3268894 3.2613392 
1785.0000000 3.1304708 3.0649206 
1786.0000000 2.9340522 2.8685021 
1787.0000000 2.7376337 2.6720835 
1788.0000000 2.5412151 2.4756650 
1789.0000000 2.3447966 2.2792464 
1790.0000000 2.1483780 2.0828279 
1791.0000000 1.9519595 1.8864093 
1792.0000000 1.7555409 1.6899908 
1793.0000000 1.5591224 1.4935722 
1794.0000000 1.3627038 1.2971537 
1795.0000000 1.1662853 1.1007351 
1796.0000000 0.9698667 0.9043166 
1797.0000000 0.7734482 0.7078980 
1798.0000000 0.5770296 0.5114795 
1799.0000000 0.3806111 0.3150609 
1800.0000000 0.1841925 0.1186424 

