1.0000000 353.4901722 353.5013811 
2.0000000 353.2937536 353.3049625 
3.0000000 353.0973351 353.1085440 
4.0000000 352.9009165 352.9121254 
5.0000000 352.7044979 352.7157069 
6.0000000 352.5080794 352.5192883 
7.0000000 352.3116608 352.3228698 
8.0000000 352.1152423 352.1264512 
9.0000000 351.9188237 351.9300327 
10.0000000 351.7224052 351.7336141 
11.0000000 351.5259866 351.5371956 
12.0000000 351.3295681 351.3407770 
13.0000000 351.1331495 351.1443585 
14.0000000 350.9367310 350.9479399 
15.0000000 350.7403124 350.7515214 
16.0000000 350.5438939 350.5551028 
17.0000000 350.3474753 350.3586843 
18.0000000 350.1510568 350.1622657 
19.0000000 349.9546382 349.9658472 
20.0000000 349.7582197 349.7694286 
21.0000000 349.5618011 349.5730101 
22.0000000 349.3653826 349.3765915 
23.0000000 349.1689640 349.1801730 
24.0000000 348.9725455 348.9837544 
25.0000000 348.7761269 348.7873359 
26.0000000 348.5797084 348.5909173 
27.0000000 348.3832898 348.3944988 
28.0000000 348.1868713 348.1980802 
29.0000000 347.9904527 348.0016617 
30.0000000 347.7940342 347.8052431 
31.0000000 347.5976156 347.6088246 
32.0000000 347.4011971 347.4124060 
33.0000000 347.2047785 347.2159875 
34.0000000 347.0083600 347.0195689 
35.0000000 346.8119414 346.8231504 
36.0000000 346.6155229 346.6267318 
37.0000000 346.4191043 346.4303133 
38.0000000 346.2226858 346.2338947 
39.0000000 346.0262672 346.0374762 
40.0000000 345.8298487 345.8410576 
41.0000000 345.6334301 345.6446391 
42.0000000 345.4370116 345.4482205 
43.0000000 345.2405930 345.2518020 
44.0000000 345.0441745 345.0553834 
45.0000000 344.8477559 344.8589649 
46.0000000 344.6513374 344.6625463 
47.0000000 344.4549188 344.4661278 
48.0000000 344.2585003 344.2697092 
49.0000000 344.0620817 344.0732907 
50.0000000 343.8656632 343.8768721 
51.0000000 343.6692446 343.6804536 
52.0000000 343.4728261 343.4840350 
53.0000000 343.2764075 343.2876165 
54.0000000 343.0799890 343.0911979 
55.0000000 342.8835704 342.8947794 
56.0000000 342.6871519 342.6983608 
57.0000000 342.4907333 342.5019423 
58.0000000 342.2943148 342.3055237 
59.0000000 342.0978962 342.1091052 
60.0000000 341.9014777 341.9126866 
61.0000000 341.7050591 341.7162681 
62.0000000 341.5086406 341.5198495 
63.0000000 341.3122220 341.3234310 
64.0000000 341.1158035 341.1270124 
65.0000000 340.9193849 340.9305939 
66.0000000 340.7229664 340.7341753 
67.0000000 340.5265478 340.5377568 
68.0000000 340.3301293 340.3413382 
69.0000000 340.1337107 340.1449197 
70.0000000 339.9372922 339.9485011 
71.0000000 339.7408736 339.7520826 
72.0000000 339.5444551 339.5556640 
73.0000000 339.3480365 339.3592455 
74.0000000 339.1516180 339.1628269 
75.0000000 338.9551994 338.9664084 
76.0000000 338.7587809 338.7699898 
77.0000000 338.5623623 338.5735713 
78.0000000 338.3659438 338.3771527 
79.0000000 338.1695252 338.1807342 
80.0000000 337.9731067 337.9843156 
81.0000000 337.7766881 337.7878971 
82.0000000 337.5802696 337.5914785 
83.0000000 337.3838510 337.3950600 
84.0000000 337.1874325 337.1986414 
85.0000000 336.9910139 337.0022229 
86.0000000 336.7945954 336.8058043 
87.0000000 336.5981768 336.6093858 
88.0000000 336.4017583 336.4129672 
89.0000000 336.2053397 336.2165487 
90.0000000 336.0089212 336.0201301 
91.0000000 335.8125026 335.8237116 
92.0000000 335.6160841 335.6272930 
93.0000000 335.4196655 335.4308745 
94.0000000 335.2232470 335.2344559 
95.0000000 335.0268284 335.0380374 
96.0000000 334.8304099 334.8416188 
97.0000000 334.6339913 334.6452003 
98.0000000 334.4375728 334.4487817 
99.0000000 334.2411542 334.2523632 
100.0000000 334.0447357 334.0559446 
101.0000000 333.8483171 333.8595261 
102.0000000 333.6518986 333.6631075 
103.0000000 333.4554800 333.4666890 
104.0000000 333.2590615 333.2702704 
105.0000000 333.0626429 333.0738519 
106.0000000 332.8662244 332.8774333 
107.0000000 332.6698058 332.6810148 
108.0000000 332.4733873 332.4845962 
109.0000000 332.2769687 332.2881777 
110.0000000 332.0805502 332.0917591 
111.0000000 331.8841316 331.8953406 
112.0000000 331.6877131 331.6989220 
113.0000000 331.4912945 331.5025035 
114.0000000 331.2948760 331.3060849 
115.0000000 331.0984574 331.1096664 
116.0000000 330.9020389 330.9132478 
117.0000000 330.7056203 330.7168293 
118.0000000 330.5092018 330.5204107 
119.0000000 330.3127832 330.3239922 
120.0000000 330.1163647 330.1275736 
121.0000000 329.9199461 329.9311551 
122.0000000 329.7235276 329.7347365 
123.0000000 329.5271090 329.5383180 
124.0000000 329.3306905 329.3418994 
125.0000000 329.1342719 329.1454809 
126.0000000 328.9378534 328.9490623 
127.0000000 328.7414348 328.7526438 
128.0000000 328.5450163 328.5562252 
129.0000000 328.3485977 328.3598067 
130.0000000 328.1521792 328.1633881 
131.0000000 327.9557606 327.9669696 
132.0000000 327.7593421 327.7705510 
133.0000000 327.5629235 327.5741325 
134.0000000 327.3665050 327.3777139 
135.0000000 327.1700864 327.1812954 
136.0000000 326.9736679 326.9848768 
137.0000000 326.7772493 326.7884583 
138.0000000 326.5808308 326.5920397 
139.0000000 326.3844122 326.3956212 
140.0000000 326.1879937 326.1992026 
141.0000000 325.9915751 326.0027841 
142.0000000 325.7951566 325.8063655 
143.0000000 325.5987380 325.6099470 
144.0000000 325.4023195 325.4135284 
145.0000000 325.2059009 325.2171099 
146.0000000 325.0094824 325.0206913 
147.0000000 324.8130638 324.8242728 
148.0000000 324.6166453 324.6278542 
149.0000000 324.4202267 324.4314356 
150.0000000 324.2238082 324.2350171 
151.0000000 324.0273896 324.0385985 
152.0000000 323.8309711 323.8421800 
153.0000000 323.6345525 323.6457614 
154.0000000 323.4381340 323.4493429 
155.0000000 323.2417154 323.2529243 
156.0000000 323.0452968 323.0565058 
157.0000000 322.8488783 322.8600872 
158.0000000 322.6524597 322.6636687 
159.0000000 322.4560412 322.4672501 
160.0000000 322.2596226 322.2708316 
161.0000000 322.0632041 322.0744130 
162.0000000 321.8667855 321.8779945 
163.0000000 321.6703670 321.6815759 
164.0000000 321.4739484 321.4851574 
165.0000000 321.2775299 321.2887388 
166.0000000 321.0811113 321.0923203 
167.0000000 320.8846928 320.8959017 
168.0000000 320.6882742 320.6994832 
169.0000000 320.4918557 320.5030646 
170.0000000 320.2954371 320.3066461 
171.0000000 320.0990186 320.1102275 
172.0000000 319.9026000 319.9138090 
173.0000000 319.7061815 319.7173904 
174.0000000 319.5097629 319.5209719 
175.0000000 319.3133444 319.3245533 
176.0000000 319.1169258 319.1281348 
177.0000000 318.9205073 318.9317162 
178.0000000 318.7240887 318.7352977 
179.0000000 318.5276702 318.5388791 
180.0000000 318.3312516 318.3424606 
181.0000000 318.1348331 318.1460420 
182.0000000 317.9384145 317.9496235 
183.0000000 317.7419960 317.7532049 
184.0000000 317.5455774 317.5567864 
185.0000000 317.3491589 317.3603678 
186.0000000 317.1527403 317.1639493 
187.0000000 316.9563218 316.9675307 
188.0000000 316.7599032 316.7711122 
189.0000000 316.5634847 316.5746936 
190.0000000 316.3670661 316.3782751 
191.0000000 316.1706476 316.1818565 
192.0000000 315.9742290 315.9854380 
193.0000000 315.7778105 315.7890194 
194.0000000 315.5813919 315.5926009 
195.0000000 315.3849734 315.3961823 
196.0000000 315.1885548 315.1997638 
197.0000000 314.9921363 315.0033452 
198.0000000 314.7957177 314.8069267 
199.0000000 314.5992992 314.6105081 
200.0000000 314.4028806 314.4140896 
201.0000000 314.2064621 314.2176710 
202.0000000 314.0100435 314.0212525 
203.0000000 313.8136250 313.8248339 
204.0000000 313.6172064 313.6284154 
205.0000000 313.4207879 313.4319968 
206.0000000 313.2243693 313.2355783 
207.0000000 313.0279508 313.0391597 
208.0000000 312.8315322 312.8427412 
209.0000000 312.6351137 312.6463226 
210.0000000 312.4386951 312.4499041 
211.0000000 312.2422766 312.2534855 
212.0000000 312.0458580 312.0570670 
213.0000000 311.8494395 311.8606484 
214.0000000 311.6530209 311.6642299 
215.0000000 311.4566024 311.4678113 
216.0000000 311.2601838 311.2713928 
217.0000000 311.0637653 311.0749742 
218.0000000 310.8673467 310.8785557 
219.0000000 310.6709282 310.6821371 
220.0000000 310.4745096 310.4857186 
221.0000000 310.2780911 310.2893000 
222.0000000 310.0816725 310.0928815 
223.0000000 309.8852540 309.8964629 
224.0000000 309.6888354 309.7000444 
225.0000000 309.4924169 309.5036258 
226.0000000 309.2959983 309.3072073 
227.0000000 309.0995798 309.1107887 
228.0000000 308.9031612 308.9143702 
229.0000000 308.7067427 308.7179516 
230.0000000 308.5103241 308.5215331 
231.0000000 308.3139056 308.3251145 
232.0000000 308.1174870 308.1286960 
233.0000000 307.9210685 307.9322774 
234.0000000 307.7246499 307.7358589 
235.0000000 307.5282314 307.5394403 
236.0000000 307.3318128 307.3430218 
237.0000000 307.1353943 307.1466032 
238.0000000 306.9389757 306.9501847 
239.0000000 306.7425572 306.7537661 
240.0000000 306.5461386 306.5573476 
241.0000000 306.3497201 306.3609290 
242.0000000 306.1533015 306.1645105 
243.0000000 305.9568830 305.9680919 
244.0000000 305.7604644 305.7716734 
245.0000000 305.5640459 305.5752548 
246.0000000 305.3676273 305.3788363 
247.0000000 305.1712088 305.1824177 
248.0000000 304.9747902 304.9859992 
249.0000000 304.7783717 304.7895806 
250.0000000 304.5819531 304.5931621 
251.0000000 304.3855346 304.3967435 
252.0000000 304.1891160 304.2003250 
253.0000000 303.9926975 304.0039064 
254.0000000 303.7962789 303.8074879 
255.0000000 303.5998604 303.6110693 
256.0000000 303.4034418 303.4146508 
257.0000000 303.2070233 303.2182322 
258.0000000 303.0106047 303.0218137 
259.0000000 302.8141862 302.8253951 
260.0000000 302.6177676 302.6289766 
261.0000000 302.4213491 302.4325580 
262.0000000 302.2249305 302.2361395 
263.0000000 302.0285120 302.0397209 
264.0000000 301.8320934 301.8433024 
265.0000000 301.6356749 301.6468838 
266.0000000 301.4392563 301.4504653 
267.0000000 301.2428378 301.2540467 
268.0000000 301.0464192 301.0576282 
269.0000000 300.8500007 300.8612096 
270.0000000 300.6535821 300.6647911 
271.0000000 300.4571636 300.4683725 
272.0000000 300.2607450 300.2719540 
273.0000000 300.0643265 300.0755354 
274.0000000 299.8679079 299.8791169 
275.0000000 299.6714894 299.6826983 
276.0000000 299.4750708 299.4862798 
277.0000000 299.2786523 299.2898612 
278.0000000 299.0822337 299.0934427 
279.0000000 298.8858152 298.8970241 
280.0000000 298.6893966 298.7006056 
281.0000000 298.4929781 298.5041870 
282.0000000 298.2965595 298.3077685 
283.0000000 298.1001410 298.1113499 
284.0000000 297.9037224 297.9149314 
285.0000000 297.7073039 297.7185128 
286.0000000 297.5108853 297.5220943 
287.0000000 297.3144668 297.3256757 
288.0000000 297.1180482 297.1292572 
289.0000000 296.9216297 296.9328386 
290.0000000 296.7252111 296.7364201 
291.0000000 296.5287926 296.5400015 
292.0000000 296.3323740 296.3435830 
293.0000000 296.1359555 296.1471644 
294.0000000 295.9395369 295.9507459 
295.0000000 295.7431184 295.7543273 
296.0000000 295.5466998 295.5579088 
297.0000000 295.3502813 295.3614902 
298.0000000 295.1538627 295.1650717 
299.0000000 294.9574442 294.9686531 
300.0000000 294.7610256 294.7722345 
301.0000000 294.5646071 294.5758160 
302.0000000 294.3681885 294.3793974 
303.0000000 294.1717700 294.1829789 
304.0000000 293.9753514 293.9865603 
305.0000000 293.7789329 293.7901418 
306.0000000 293.5825143 293.5937232 
307.0000000 293.3860958 293.3973047 
308.0000000 293.1896772 293.2008861 
309.0000000 292.9932586 293.0044676 
310.0000000 292.7968401 292.8080490 
311.0000000 292.6004215 292.6116305 
312.0000000 292.4040030 292.4152119 
313.0000000 292.2075844 292.2187934 
314.0000000 292.0111659 292.0223748 
315.0000000 291.8147473 291.8259563 
316.0000000 291.6183288 291.6295377 
317.0000000 291.4219102 291.4331192 
318.0000000 291.2254917 291.2367006 
319.0000000 291.0290731 291.0402821 
320.0000000 290.8326546 290.8438635 
321.0000000 290.6362360 290.6474450 
322.0000000 290.4398175 290.4510264 
323.0000000 290.2433989 290.2546079 
324.0000000 290.0469804 290.0581893 
325.0000000 289.8505618 289.8617708 
326.0000000 289.6541433 289.6653522 
327.0000000 289.4577247 289.4689337 
328.0000000 289.2613062 289.2725151 
329.0000000 289.0648876 289.0760966 
330.0000000 288.8684691 288.8796780 
331.0000000 288.6720505 288.6832595 
332.0000000 288.4756320 288.4868409 
333.0000000 288.2792134 288.2904224 
334.0000000 288.0827949 288.0940038 
335.0000000 287.8863763 287.8975853 
336.0000000 287.6899578 287.7011667 
337.0000000 287.4935392 287.5047482 
338.0000000 287.2971207 287.3083296 
339.0000000 287.1007021 287.1119111 
340.0000000 286.9042836 286.9154925 
341.0000000 286.7078650 286.7190740 
342.0000000 286.5114465 286.5226554 
343.0000000 286.3150279 286.3262369 
344.0000000 286.1186094 286.1298183 
345.0000000 285.9221908 285.9333998 
346.0000000 285.7257723 285.7369812 
347.0000000 285.5293537 285.5405627 
348.0000000 285.3329352 285.3441441 
349.0000000 285.1365166 285.1477256 
350.0000000 284.9400981 284.9513070 
351.0000000 284.7436795 284.7548885 
352.0000000 284.5472610 284.5584699 
353.0000000 284.3508424 284.3620514 
354.0000000 284.1544239 284.1656328 
355.0000000 283.9580053 283.9692143 
356.0000000 283.7615868 283.7727957 
357.0000000 283.5651682 283.5763772 
358.0000000 283.3687497 283.3799586 
359.0000000 283.1723311 283.1835401 
360.0000000 282.9759126 282.9871215 
361.0000000 282.7794940 282.7907030 
362.0000000 282.5830755 282.5942844 
363.0000000 282.3866569 282.3978659 
364.0000000 282.1902384 282.2014473 
365.0000000 281.9938198 282.0050288 
366.0000000 281.7974013 281.8086102 
367.0000000 281.6009827 281.6121917 
368.0000000 281.4045642 281.4157731 
369.0000000 281.2081456 281.2193546 
370.0000000 281.0117271 281.0229360 
371.0000000 280.8153085 280.8265175 
372.0000000 280.6188900 280.6300989 
373.0000000 280.4224714 280.4336804 
374.0000000 280.2260529 280.2372618 
375.0000000 280.0296343 280.0408433 
376.0000000 279.8332158 279.8444247 
377.0000000 279.6367972 279.6480062 
378.0000000 279.4403787 279.4515876 
379.0000000 279.2439601 279.2551691 
380.0000000 279.0475416 279.0587505 
381.0000000 278.8511230 278.8623320 
382.0000000 278.6547045 278.6659134 
383.0000000 278.4582859 278.4694949 
384.0000000 278.2618674 278.2730763 
385.0000000 278.0654488 278.0766578 
386.0000000 277.8690303 277.8802392 
387.0000000 277.6726117 277.6838207 
388.0000000 277.4761932 277.4874021 
389.0000000 277.2797746 277.2909836 
390.0000000 277.0833561 277.0945650 
391.0000000 276.8869375 276.8981465 
392.0000000 276.6905190 276.7017279 
393.0000000 276.4941004 276.5053094 
394.0000000 276.2976819 276.3088908 
395.0000000 276.1012633 276.1124723 
396.0000000 275.9048448 275.9160537 
397.0000000 275.7084262 275.7196352 
398.0000000 275.5120077 275.5232166 
399.0000000 275.3155891 275.3267981 
400.0000000 275.1191706 275.1303795 
401.0000000 274.9227520 274.9339610 
402.0000000 274.7263335 274.7375424 
403.0000000 274.5299149 274.5411239 
404.0000000 274.3334964 274.3447053 
405.0000000 274.1370778 274.1482868 
406.0000000 273.9406593 273.9518682 
407.0000000 273.7442407 273.7554497 
408.0000000 273.5478222 273.5590311 
409.0000000 273.3514036 273.3626126 
410.0000000 273.1549851 273.1661940 
411.0000000 272.9585665 272.9697755 
412.0000000 272.7621480 272.7733569 
413.0000000 272.5657294 272.5769384 
414.0000000 272.3693109 272.3805198 
415.0000000 272.1728923 272.1841013 
416.0000000 271.9764738 271.9876827 
417.0000000 271.7800552 271.7912642 
418.0000000 271.5836367 271.5948456 
419.0000000 271.3872181 271.3984271 
420.0000000 271.1907996 271.2020085 
421.0000000 270.9943810 271.0055900 
422.0000000 270.7979625 270.8091714 
423.0000000 270.6015439 270.6127529 
424.0000000 270.4051254 270.4163343 
425.0000000 270.2087068 270.2199158 
426.0000000 270.0122883 270.0234972 
427.0000000 269.8158697 269.8270787 
428.0000000 269.6194512 269.6306601 
429.0000000 269.4230326 269.4342416 
430.0000000 269.2266141 269.2378230 
431.0000000 269.0301955 269.0414045 
432.0000000 268.8337770 268.8449859 
433.0000000 268.6373584 268.6485674 
434.0000000 268.4409399 268.4521488 
435.0000000 268.2445213 268.2557303 
436.0000000 268.0481028 268.0593117 
437.0000000 267.8516842 267.8628932 
438.0000000 267.6552657 267.6664746 
439.0000000 267.4588471 267.4700561 
440.0000000 267.2624286 267.2736375 
441.0000000 267.0660100 267.0772190 
442.0000000 266.8695915 266.8808004 
443.0000000 266.6731729 266.6843819 
444.0000000 266.4767544 266.4879633 
445.0000000 266.2803358 266.2915448 
446.0000000 266.0839173 266.0951262 
447.0000000 265.8874987 265.8987077 
448.0000000 265.6910802 265.7022891 
449.0000000 265.4946616 265.5058706 
450.0000000 265.2982431 265.3094520 
451.0000000 265.1018245 265.1130335 
452.0000000 264.9054060 264.9166149 
453.0000000 264.7089874 264.7201963 
454.0000000 264.5125689 264.5237778 
455.0000000 264.3161503 264.3273592 
456.0000000 264.1197318 264.1309407 
457.0000000 263.9233132 263.9345221 
458.0000000 263.7268947 263.7381036 
459.0000000 263.5304761 263.5416850 
460.0000000 263.3340575 263.3452665 
461.0000000 263.1376390 263.1488479 
462.0000000 262.9412204 262.9524294 
463.0000000 262.7448019 262.7560108 
464.0000000 262.5483833 262.5595923 
465.0000000 262.3519648 262.3631737 
466.0000000 262.1555462 262.1667552 
467.0000000 261.9591277 261.9703366 
468.0000000 261.7627091 261.7739181 
469.0000000 261.5662906 261.5774995 
470.0000000 261.3698720 261.3810810 
471.0000000 261.1734535 261.1846624 
472.0000000 260.9770349 260.9882439 
473.0000000 260.7806164 260.7918253 
474.0000000 260.5841978 260.5954068 
475.0000000 260.3877793 260.3989882 
476.0000000 260.1913607 260.2025697 
477.0000000 259.9949422 260.0061511 
478.0000000 259.7985236 259.8097326 
479.0000000 259.6021051 259.6133140 
480.0000000 259.4056865 259.4168955 
481.0000000 259.2092680 259.2204769 
482.0000000 259.0128494 259.0240584 
483.0000000 258.8164309 258.8276398 
484.0000000 258.6200123 258.6312213 
485.0000000 258.4235938 258.4348027 
486.0000000 258.2271752 258.2383842 
487.0000000 258.0307567 258.0419656 
488.0000000 257.8343381 257.8455471 
489.0000000 257.6379196 257.6491285 
490.0000000 257.4415010 257.4527100 
491.0000000 257.2450825 257.2562914 
492.0000000 257.0486639 257.0598729 
493.0000000 256.8522454 256.8634543 
494.0000000 256.6558268 256.6670358 
495.0000000 256.4594083 256.4706172 
496.0000000 256.2629897 256.2741987 
497.0000000 256.0665712 256.0777801 
498.0000000 255.8701526 255.8813616 
499.0000000 255.6737341 255.6849430 
500.0000000 255.4773155 255.4885245 
501.0000000 255.2808970 255.2921059 
502.0000000 255.0844784 255.0956874 
503.0000000 254.8880599 254.8992688 
504.0000000 254.6916413 254.7028503 
505.0000000 254.4952228 254.5064317 
506.0000000 254.2988042 254.3100132 
507.0000000 254.1023857 254.1135946 
508.0000000 253.9059671 253.9171761 
509.0000000 253.7095486 253.7207575 
510.0000000 253.5131300 253.5243390 
511.0000000 253.3167115 253.3279204 
512.0000000 253.1202929 253.1315019 
513.0000000 252.9238744 252.9350833 
514.0000000 252.7274558 252.7386648 
515.0000000 252.5310373 252.5422462 
516.0000000 252.3346187 252.3458277 
517.0000000 252.1382002 252.1494091 
518.0000000 251.9417816 251.9529906 
519.0000000 251.7453631 251.7565720 
520.0000000 251.5489445 251.5601535 
521.0000000 251.3525260 251.3637349 
522.0000000 251.1561074 251.1673164 
523.0000000 250.9596889 250.9708978 
524.0000000 250.7632703 250.7744793 
525.0000000 250.5668518 250.5780607 
526.0000000 250.3704332 250.3816422 
527.0000000 250.1740147 250.1852236 
528.0000000 249.9775961 249.9888051 
529.0000000 249.7811776 249.7923865 
530.0000000 249.5847590 249.5959680 
531.0000000 249.3883405 249.3995494 
532.0000000 249.1919219 249.2031309 
533.0000000 248.9955034 249.0067123 
534.0000000 248.7990848 248.8102938 
535.0000000 248.6026663 248.6138752 
536.0000000 248.4062477 248.4174567 
537.0000000 248.2098292 248.2210381 
538.0000000 248.0134106 248.0246196 
539.0000000 247.8169921 247.8282010 
540.0000000 247.6205735 247.6317825 
541.0000000 247.4241550 247.4353639 
542.0000000 247.2277364 247.2389454 
543.0000000 247.0313179 247.0425268 
544.0000000 246.8348993 246.8461083 
545.0000000 246.6384808 246.6496897 
546.0000000 246.4420622 246.4532712 
547.0000000 246.2456437 246.2568526 
548.0000000 246.0492251 246.0604341 
549.0000000 245.8528066 245.8640155 
550.0000000 245.6563880 245.6675970 
551.0000000 245.4599695 245.4711784 
552.0000000 245.2635509 245.2747599 
553.0000000 245.0671324 245.0783413 
554.0000000 244.8707138 244.8819228 
555.0000000 244.6742953 244.6855042 
556.0000000 244.4778767 244.4890857 
557.0000000 244.2814582 244.2926671 
558.0000000 244.0850396 244.0962486 
559.0000000 243.8886211 243.8998300 
560.0000000 243.6922025 243.7034115 
561.0000000 243.4957840 243.5069929 
562.0000000 243.2993654 243.3105744 
563.0000000 243.1029469 243.1141558 
564.0000000 242.9065283 242.9177373 
565.0000000 242.7101098 242.7213187 
566.0000000 242.5136912 242.5249002 
567.0000000 242.3172727 242.3284816 
568.0000000 242.1208541 242.1320631 
569.0000000 241.9244356 241.9356445 
570.0000000 241.7280170 241.7392260 
571.0000000 241.5315985 241.5428074 
572.0000000 241.3351799 241.3463889 
573.0000000 241.1387614 241.1499703 
574.0000000 240.9423428 240.9535518 
575.0000000 240.7459243 240.7571332 
576.0000000 240.5495057 240.5607147 
577.0000000 240.3530872 240.3642961 
578.0000000 240.1566686 240.1678776 
579.0000000 239.9602501 239.9714590 
580.0000000 239.7638315 239.7750405 
581.0000000 239.5674130 239.5786219 
582.0000000 239.3709944 239.3822034 
583.0000000 239.1745759 239.1857848 
584.0000000 238.9781573 238.9893663 
585.0000000 238.7817388 238.7929477 
586.0000000 238.5853202 238.5965292 
587.0000000 238.3889017 238.4001106 
588.0000000 238.1924831 238.2036921 
589.0000000 237.9960646 238.0072735 
590.0000000 237.7996460 237.8108550 
591.0000000 237.6032275 237.6144364 
592.0000000 237.4068089 237.4180179 
593.0000000 237.2103904 237.2215993 
594.0000000 237.0139718 237.0251808 
595.0000000 236.8175533 236.8287622 
596.0000000 236.6211347 236.6323437 
597.0000000 236.4247162 236.4359251 
598.0000000 236.2282976 236.2395066 
599.0000000 236.0318791 236.0430880 
600.0000000 235.8354605 235.8466695 
601.0000000 235.6390420 235.6502509 
602.0000000 235.4426234 235.4538324 
603.0000000 235.2462049 235.2574138 
604.0000000 235.0497863 235.0609952 
605.0000000 234.8533678 234.8645767 
606.0000000 234.6569492 234.6681581 
607.0000000 234.4605307 234.4717396 
608.0000000 234.2641121 234.2753210 
609.0000000 234.0676936 234.0789025 
610.0000000 233.8712750 233.8824839 
611.0000000 233.6748564 233.6860654 
612.0000000 233.4784379 233.4896468 
613.0000000 233.2820193 233.2932283 
614.0000000 233.0856008 233.0968097 
615.0000000 232.8891822 232.9003912 
616.0000000 232.6927637 232.7039726 
617.0000000 232.4963451 232.5075541 
618.0000000 232.2999266 232.3111355 
619.0000000 232.1035080 232.1147170 
620.0000000 231.9070895 231.9182984 
621.0000000 231.7106709 231.7218799 
622.0000000 231.5142524 231.5254613 
623.0000000 231.3178338 231.3290428 
624.0000000 231.1214153 231.1326242 
625.0000000 230.9249967 230.9362057 
626.0000000 230.7285782 230.7397871 
627.0000000 230.5321596 230.5433686 
628.0000000 230.3357411 230.3469500 
629.0000000 230.1393225 230.1505315 
630.0000000 229.9429040 229.9541129 
631.0000000 229.7464854 229.7576944 
632.0000000 229.5500669 229.5612758 
633.0000000 229.3536483 229.3648573 
634.0000000 229.1572298 229.1684387 
635.0000000 228.9608112 228.9720202 
636.0000000 228.7643927 228.7756016 
637.0000000 228.5679741 228.5791831 
638.0000000 228.3715556 228.3827645 
639.0000000 228.1751370 228.1863460 
640.0000000 227.9787185 227.9899274 
641.0000000 227.7822999 227.7935089 
642.0000000 227.5858814 227.5970903 
643.0000000 227.3894628 227.4006718 
644.0000000 227.1930443 227.2042532 
645.0000000 226.9966257 227.0078347 
646.0000000 226.8002072 226.8114161 
647.0000000 226.6037886 226.6149976 
648.0000000 226.4073701 226.4185790 
649.0000000 226.2109515 226.2221605 
650.0000000 226.0145330 226.0257419 
651.0000000 225.8181144 225.8293234 
652.0000000 225.6216959 225.6329048 
653.0000000 225.4252773 225.4364863 
654.0000000 225.2288588 225.2400677 
655.0000000 225.0324402 225.0436492 
656.0000000 224.8360217 224.8472306 
657.0000000 224.6396031 224.6508121 
658.0000000 224.4431846 224.4543935 
659.0000000 224.2467660 224.2579750 
660.0000000 224.0503475 224.0615564 
661.0000000 223.8539289 223.8651379 
662.0000000 223.6575104 223.6687193 
663.0000000 223.4610918 223.4723008 
664.0000000 223.2646733 223.2758822 
665.0000000 223.0682547 223.0794637 
666.0000000 222.8718362 222.8830451 
667.0000000 222.6754176 222.6866266 
668.0000000 222.4789991 222.4902080 
669.0000000 222.2825805 222.2937895 
670.0000000 222.0861620 222.0973709 
671.0000000 221.8897434 221.9009524 
672.0000000 221.6933249 221.7045338 
673.0000000 221.4969063 221.5081153 
674.0000000 221.3004878 221.3116967 
675.0000000 221.1040692 221.1152782 
676.0000000 220.9076507 220.9188596 
677.0000000 220.7112321 220.7224411 
678.0000000 220.5148136 220.5260225 
679.0000000 220.3183950 220.3296040 
680.0000000 220.1219765 220.1331854 
681.0000000 219.9255579 219.9367669 
682.0000000 219.7291394 219.7403483 
683.0000000 219.5327208 219.5439298 
684.0000000 219.3363023 219.3475112 
685.0000000 219.1398837 219.1510927 
686.0000000 218.9434652 218.9546741 
687.0000000 218.7470466 218.7582556 
688.0000000 218.5506281 218.5618370 
689.0000000 218.3542095 218.3654185 
690.0000000 218.1577910 218.1689999 
691.0000000 217.9613724 217.9725814 
692.0000000 217.7649539 217.7761628 
693.0000000 217.5685353 217.5797443 
694.0000000 217.3721168 217.3833257 
695.0000000 217.1756982 217.1869072 
696.0000000 216.9792797 216.9904886 
697.0000000 216.7828611 216.7940701 
698.0000000 216.5864426 216.5976515 
699.0000000 216.3900240 216.4012330 
700.0000000 216.1936055 216.2048144 
701.0000000 215.9971869 216.0083959 
702.0000000 215.8007684 215.8119773 
703.0000000 215.6043498 215.6155588 
704.0000000 215.4079313 215.4191402 
705.0000000 215.2115127 215.2227217 
706.0000000 215.0150942 215.0263031 
707.0000000 214.8186756 214.8298846 
708.0000000 214.6222571 214.6334660 
709.0000000 214.4258385 214.4370475 
710.0000000 214.2294200 214.2406289 
711.0000000 214.0330014 214.0442104 
712.0000000 213.8365829 213.8477918 
713.0000000 213.6401643 213.6513733 
714.0000000 213.4437458 213.4549547 
715.0000000 213.2473272 213.2585362 
716.0000000 213.0509087 213.0621176 
717.0000000 212.8544901 212.8656991 
718.0000000 212.6580716 212.6692805 
719.0000000 212.4616530 212.4728620 
720.0000000 212.2652345 212.2764434 
721.0000000 212.0688159 212.0800249 
722.0000000 211.8723974 211.8836063 
723.0000000 211.6759788 211.6871878 
724.0000000 211.4795603 211.4907692 
725.0000000 211.2831417 211.2943507 
726.0000000 211.0867232 211.0979321 
727.0000000 210.8903046 210.9015136 
728.0000000 210.6938861 210.7050950 
729.0000000 210.4974675 210.5086765 
730.0000000 210.3010490 210.3122579 
731.0000000 210.1046304 210.1158394 
732.0000000 209.9082119 209.9194208 
733.0000000 209.7117933 209.7230023 
734.0000000 209.5153748 209.5265837 
735.0000000 209.3189562 209.3301652 
736.0000000 209.1225377 209.1337466 
737.0000000 208.9261191 208.9373281 
738.0000000 208.7297006 208.7409095 
739.0000000 208.5332820 208.5444910 
740.0000000 208.3368635 208.3480724 
741.0000000 208.1404449 208.1516539 
742.0000000 207.9440264 207.9552353 
743.0000000 207.7476078 207.7588168 
744.0000000 207.5511893 207.5623982 
745.0000000 207.3547707 207.3659797 
746.0000000 207.1583522 207.1695611 
747.0000000 206.9619336 206.9731426 
748.0000000 206.7655151 206.7767240 
749.0000000 206.5690965 206.5803055 
750.0000000 206.3726780 206.3838869 
751.0000000 206.1762594 206.1874684 
752.0000000 205.9798409 205.9910498 
753.0000000 205.7834223 205.7946313 
754.0000000 205.5870038 205.5982127 
755.0000000 205.3905852 205.4017941 
756.0000000 205.1941667 205.2053756 
757.0000000 204.9977481 205.0089570 
758.0000000 204.8013296 204.8125385 
759.0000000 204.6049110 204.6161199 
760.0000000 204.4084925 204.4197014 
761.0000000 204.2120739 204.2232828 
762.0000000 204.0156554 204.0268643 
763.0000000 203.8192368 203.8304457 
764.0000000 203.6228182 203.6340272 
765.0000000 203.4263997 203.4376086 
766.0000000 203.2299811 203.2411901 
767.0000000 203.0335626 203.0447715 
768.0000000 202.8371440 202.8483530 
769.0000000 202.6407255 202.6519344 
770.0000000 202.4443069 202.4555159 
771.0000000 202.2478884 202.2590973 
772.0000000 202.0514698 202.0626788 
773.0000000 201.8550513 201.8662602 
774.0000000 201.6586327 201.6698417 
775.0000000 201.4622142 201.4734231 
776.0000000 201.2657956 201.2770046 
777.0000000 201.0693771 201.0805860 
778.0000000 200.8729585 200.8841675 
779.0000000 200.6765400 200.6877489 
780.0000000 200.4801214 200.4913304 
781.0000000 200.2837029 200.2949118 
782.0000000 200.0872843 200.0984933 
783.0000000 199.8908658 199.9020747 
784.0000000 199.6944472 199.7056562 
785.0000000 199.4980287 199.5092376 
786.0000000 199.3016101 199.3128191 
787.0000000 199.1051916 199.1164005 
788.0000000 198.9087730 198.9199820 
789.0000000 198.7123545 198.7235634 
790.0000000 198.5159359 198.5271449 
791.0000000 198.3195174 198.3307263 
792.0000000 198.1230988 198.1343078 
793.0000000 197.9266803 197.9378892 
794.0000000 197.7302617 197.7414707 
795.0000000 197.5338432 197.5450521 
796.0000000 197.3374246 197.3486336 
797.0000000 197.1410061 197.1522150 
798.0000000 196.9445875 196.9557965 
799.0000000 196.7481690 196.7593779 
800.0000000 196.5517504 196.5629594 
801.0000000 196.3553319 196.3665408 
802.0000000 196.1589133 196.1701223 
803.0000000 195.9624948 195.9737037 
804.0000000 195.7660762 195.7772852 
805.0000000 195.5696577 195.5808666 
806.0000000 195.3732391 195.3844481 
807.0000000 195.1768206 195.1880295 
808.0000000 194.9804020 194.9916110 
809.0000000 194.7839835 194.7951924 
810.0000000 194.5875649 194.5987739 
811.0000000 194.3911464 194.4023553 
812.0000000 194.1947278 194.2059368 
813.0000000 193.9983093 194.0095182 
814.0000000 193.8018907 193.8130997 
815.0000000 193.6054722 193.6166811 
816.0000000 193.4090536 193.4202626 
817.0000000 193.2126351 193.2238440 
818.0000000 193.0162165 193.0274255 
819.0000000 192.8197980 192.8310069 
820.0000000 192.6233794 192.6345884 
821.0000000 192.4269609 192.4381698 
822.0000000 192.2305423 192.2417513 
823.0000000 192.0341238 192.0453327 
824.0000000 191.8377052 191.8489142 
825.0000000 191.6412867 191.6524956 
826.0000000 191.4448681 191.4560771 
827.0000000 191.2484496 191.2596585 
828.0000000 191.0520310 191.0632400 
829.0000000 190.8556125 190.8668214 
830.0000000 190.6591939 190.6704029 
831.0000000 190.4627754 190.4739843 
832.0000000 190.2663568 190.2775658 
833.0000000 190.0699383 190.0811472 
834.0000000 189.8735197 189.8847287 
835.0000000 189.6771012 189.6883101 
836.0000000 189.4806826 189.4918916 
837.0000000 189.2842641 189.2954730 
838.0000000 189.0878455 189.0990545 
839.0000000 188.8914270 188.9026359 
840.0000000 188.6950084 188.7062174 
841.0000000 188.4985899 188.5097988 
842.0000000 188.3021713 188.3133803 
843.0000000 188.1057528 188.1169617 
844.0000000 187.9093342 187.9205432 
845.0000000 187.7129157 187.7241246 
846.0000000 187.5164971 187.5277061 
847.0000000 187.3200786 187.3312875 
848.0000000 187.1236600 187.1348690 
849.0000000 186.9272415 186.9384504 
850.0000000 186.7308229 186.7420319 
851.0000000 186.5344044 186.5456133 
852.0000000 186.3379858 186.3491948 
853.0000000 186.1415673 186.1527762 
854.0000000 185.9451487 185.9563577 
855.0000000 185.7487302 185.7599391 
856.0000000 185.5523116 185.5635206 
857.0000000 185.3558931 185.3671020 
858.0000000 185.1594745 185.1706835 
859.0000000 184.9630560 184.9742649 
860.0000000 184.7666374 184.7778464 
861.0000000 184.5702189 184.5814278 
862.0000000 184.3738003 184.3850093 
863.0000000 184.1773818 184.1885907 
864.0000000 183.9809632 183.9921722 
865.0000000 183.7845447 183.7957536 
866.0000000 183.5881261 183.5993351 
867.0000000 183.3917076 183.4029165 
868.0000000 183.1952890 183.2064980 
869.0000000 182.9988705 183.0100794 
870.0000000 182.8024519 182.8136609 
871.0000000 182.6060334 182.6172423 
872.0000000 182.4096148 182.4208238 
873.0000000 182.2131963 182.2244052 
874.0000000 182.0167777 182.0279867 
875.0000000 181.8203592 181.8315681 
876.0000000 181.6239406 181.6351496 
877.0000000 181.4275221 181.4387310 
878.0000000 181.2311035 181.2423125 
879.0000000 181.0346850 181.0458939 
880.0000000 180.8382664 180.8494754 
881.0000000 180.6418479 180.6530568 
882.0000000 180.4454293 180.4566383 
883.0000000 180.2490108 180.2602197 
884.0000000 180.0525922 180.0638012 
885.0000000 179.8561737 179.8673826 
886.0000000 179.6597551 179.6709641 
887.0000000 179.4633366 179.4745455 
888.0000000 179.2669180 179.2781270 
889.0000000 179.0704995 179.0817084 
890.0000000 178.8740809 178.8852899 
891.0000000 178.6776624 178.6888713 
892.0000000 178.4812438 178.4924528 
893.0000000 178.2848253 178.2960342 
894.0000000 178.0884067 178.0996157 
895.0000000 177.8919882 177.9031971 
896.0000000 177.6955696 177.7067786 
897.0000000 177.4991511 177.5103600 
898.0000000 177.3027325 177.3139415 
899.0000000 177.1063140 177.1175229 
900.0000000 176.9098954 176.9211044 
901.0000000 176.7134769 176.7246858 
902.0000000 176.5170583 176.5282673 
903.0000000 176.3206398 176.3318487 
904.0000000 176.1242212 176.1354302 
905.0000000 175.9278027 175.9390116 
906.0000000 175.7313841 175.7425931 
907.0000000 175.5349656 175.5461745 
908.0000000 175.3385470 175.3497559 
909.0000000 175.1421285 175.1533374 
910.0000000 174.9457099 174.9569188 
911.0000000 174.7492914 174.7605003 
912.0000000 174.5528728 174.5640817 
913.0000000 174.3564543 174.3676632 
914.0000000 174.1600357 174.1712446 
915.0000000 173.9636171 173.9748261 
916.0000000 173.7671986 173.7784075 
917.0000000 173.5707800 173.5819890 
918.0000000 173.3743615 173.3855704 
919.0000000 173.1779429 173.1891519 
920.0000000 172.9815244 172.9927333 
921.0000000 172.7851058 172.7963148 
922.0000000 172.5886873 172.5998962 
923.0000000 172.3922687 172.4034777 
924.0000000 172.1958502 172.2070591 
925.0000000 171.9994316 172.0106406 
926.0000000 171.8030131 171.8142220 
927.0000000 171.6065945 171.6178035 
928.0000000 171.4101760 171.4213849 
929.0000000 171.2137574 171.2249664 
930.0000000 171.0173389 171.0285478 
931.0000000 170.8209203 170.8321293 
932.0000000 170.6245018 170.6357107 
933.0000000 170.4280832 170.4392922 
934.0000000 170.2316647 170.2428736 
935.0000000 170.0352461 170.0464551 
936.0000000 169.8388276 169.8500365 
937.0000000 169.6424090 169.6536180 
938.0000000 169.4459905 169.4571994 
939.0000000 169.2495719 169.2607809 
940.0000000 169.0531534 169.0643623 
941.0000000 168.8567348 168.8679438 
942.0000000 168.6603163 168.6715252 
943.0000000 168.4638977 168.4751067 
944.0000000 168.2674792 168.2786881 
945.0000000 168.0710606 168.0822696 
946.0000000 167.8746421 167.8858510 
947.0000000 167.6782235 167.6894325 
948.0000000 167.4818050 167.4930139 
949.0000000 167.2853864 167.2965954 
950.0000000 167.0889679 167.1001768 
951.0000000 166.8925493 166.9037583 
952.0000000 166.6961308 166.7073397 
953.0000000 166.4997122 166.5109212 
954.0000000 166.3032937 166.3145026 
955.0000000 166.1068751 166.1180841 
956.0000000 165.9104566 165.9216655 
957.0000000 165.7140380 165.7252470 
958.0000000 165.5176195 165.5288284 
959.0000000 165.3212009 165.3324099 
960.0000000 165.1247824 165.1359913 
961.0000000 164.9283638 164.9395728 
962.0000000 164.7319453 164.7431542 
963.0000000 164.5355267 164.5467357 
964.0000000 164.3391082 164.3503171 
965.0000000 164.1426896 164.1538986 
966.0000000 163.9462711 163.9574800 
967.0000000 163.7498525 163.7610615 
968.0000000 163.5534340 163.5646429 
969.0000000 163.3570154 163.3682244 
970.0000000 163.1605969 163.1718058 
971.0000000 162.9641783 162.9753873 
972.0000000 162.7677598 162.7789687 
973.0000000 162.5713412 162.5825502 
974.0000000 162.3749227 162.3861316 
975.0000000 162.1785041 162.1897131 
976.0000000 161.9820856 161.9932945 
977.0000000 161.7856670 161.7968760 
978.0000000 161.5892485 161.6004574 
979.0000000 161.3928299 161.4040389 
980.0000000 161.1964114 161.2076203 
981.0000000 160.9999928 161.0112018 
982.0000000 160.8035743 160.8147832 
983.0000000 160.6071557 160.6183647 
984.0000000 160.4107372 160.4219461 
985.0000000 160.2143186 160.2255276 
986.0000000 160.0179001 160.0291090 
987.0000000 159.8214815 159.8326905 
988.0000000 159.6250630 159.6362719 
989.0000000 159.4286444 159.4398534 
990.0000000 159.2322259 159.2434348 
991.0000000 159.0358073 159.0470163 
992.0000000 158.8393888 158.8505977 
993.0000000 158.6429702 158.6541792 
994.0000000 158.4465517 158.4577606 
995.0000000 158.2501331 158.2613421 
996.0000000 158.0537146 158.0649235 
997.0000000 157.8572960 157.8685050 
998.0000000 157.6608775 157.6720864 
999.0000000 157.4644589 157.4756679 
1000.0000000 157.2680404 157.2792493 
1001.0000000 157.0716218 157.0828308 
1002.0000000 156.8752033 156.8864122 
1003.0000000 156.6787847 156.6899937 
1004.0000000 156.4823662 156.4935751 
1005.0000000 156.2859476 156.2971566 
1006.0000000 156.0895291 156.1007380 
1007.0000000 155.8931105 155.9043195 
1008.0000000 155.6966920 155.7079009 
1009.0000000 155.5002734 155.5114824 
1010.0000000 155.3038549 155.3150638 
1011.0000000 155.1074363 155.1186453 
1012.0000000 154.9110178 154.9222267 
1013.0000000 154.7145992 154.7258082 
1014.0000000 154.5181807 154.5293896 
1015.0000000 154.3217621 154.3329711 
1016.0000000 154.1253436 154.1365525 
1017.0000000 153.9289250 153.9401340 
1018.0000000 153.7325065 153.7437154 
1019.0000000 153.5360879 153.5472969 
1020.0000000 153.3396694 153.3508783 
1021.0000000 153.1432508 153.1544598 
1022.0000000 152.9468323 152.9580412 
1023.0000000 152.7504137 152.7616227 
1024.0000000 152.5539952 152.5652041 
1025.0000000 152.3575766 152.3687856 
1026.0000000 152.1611581 152.1723670 
1027.0000000 151.9647395 151.9759485 
1028.0000000 151.7683210 151.7795299 
1029.0000000 151.5719024 151.5831114 
1030.0000000 151.3754839 151.3866928 
1031.0000000 151.1790653 151.1902743 
1032.0000000 150.9826468 150.9938557 
1033.0000000 150.7862282 150.7974372 
1034.0000000 150.5898097 150.6010186 
1035.0000000 150.3933911 150.4046001 
1036.0000000 150.1969726 150.2081815 
1037.0000000 150.0005540 150.0117630 
1038.0000000 149.8041355 149.8153444 
1039.0000000 149.6077169 149.6189259 
1040.0000000 149.4112984 149.4225073 
1041.0000000 149.2148798 149.2260888 
1042.0000000 149.0184613 149.0296702 
1043.0000000 148.8220427 148.8332517 
1044.0000000 148.6256242 148.6368331 
1045.0000000 148.4292056 148.4404146 
1046.0000000 148.2327871 148.2439960 
1047.0000000 148.0363685 148.0475775 
1048.0000000 147.8399500 147.8511589 
1049.0000000 147.6435314 147.6547404 
1050.0000000 147.4471129 147.4583218 
1051.0000000 147.2506943 147.2619033 
1052.0000000 147.0542758 147.0654847 
1053.0000000 146.8578572 146.8690662 
1054.0000000 146.6614387 146.6726476 
1055.0000000 146.4650201 146.4762291 
1056.0000000 146.2686016 146.2798105 
1057.0000000 146.0721830 146.0833920 
1058.0000000 145.8757645 145.8869734 
1059.0000000 145.6793459 145.6905548 
1060.0000000 145.4829274 145.4941363 
1061.0000000 145.2865088 145.2977177 
1062.0000000 145.0900903 145.1012992 
1063.0000000 144.8936717 144.9048806 
1064.0000000 144.6972532 144.7084621 
1065.0000000 144.5008346 144.5120435 
1066.0000000 144.3044160 144.3156250 
1067.0000000 144.1079975 144.1192064 
1068.0000000 143.9115789 143.9227879 
1069.0000000 143.7151604 143.7263693 
1070.0000000 143.5187418 143.5299508 
1071.0000000 143.3223233 143.3335322 
1072.0000000 143.1259047 143.1371137 
1073.0000000 142.9294862 142.9406951 
1074.0000000 142.7330676 142.7442766 
1075.0000000 142.5366491 142.5478580 
1076.0000000 142.3402305 142.3514395 
1077.0000000 142.1438120 142.1550209 
1078.0000000 141.9473934 141.9586024 
1079.0000000 141.7509749 141.7621838 
1080.0000000 141.5545563 141.5657653 
1081.0000000 141.3581378 141.3693467 
1082.0000000 141.1617192 141.1729282 
1083.0000000 140.9653007 140.9765096 
1084.0000000 140.7688821 140.7800911 
1085.0000000 140.5724636 140.5836725 
1086.0000000 140.3760450 140.3872540 
1087.0000000 140.1796265 140.1908354 
1088.0000000 139.9832079 139.9944169 
1089.0000000 139.7867894 139.7979983 
1090.0000000 139.5903708 139.6015798 
1091.0000000 139.3939523 139.4051612 
1092.0000000 139.1975337 139.2087427 
1093.0000000 139.0011152 139.0123241 
1094.0000000 138.8046966 138.8159056 
1095.0000000 138.6082781 138.6194870 
1096.0000000 138.4118595 138.4230685 
1097.0000000 138.2154410 138.2266499 
1098.0000000 138.0190224 138.0302314 
1099.0000000 137.8226039 137.8338128 
1100.0000000 137.6261853 137.6373943 
1101.0000000 137.4297668 137.4409757 
1102.0000000 137.2333482 137.2445572 
1103.0000000 137.0369297 137.0481386 
1104.0000000 136.8405111 136.8517201 
1105.0000000 136.6440926 136.6553015 
1106.0000000 136.4476740 136.4588830 
1107.0000000 136.2512555 136.2624644 
1108.0000000 136.0548369 136.0660459 
1109.0000000 135.8584184 135.8696273 
1110.0000000 135.6619998 135.6732088 
1111.0000000 135.4655813 135.4767902 
1112.0000000 135.2691627 135.2803717 
1113.0000000 135.0727442 135.0839531 
1114.0000000 134.8763256 134.8875346 
1115.0000000 134.6799071 134.6911160 
1116.0000000 134.4834885 134.4946975 
1117.0000000 134.2870700 134.2982789 
1118.0000000 134.0906514 134.1018604 
1119.0000000 133.8942329 133.9054418 
1120.0000000 133.6978143 133.7090233 
1121.0000000 133.5013958 133.5126047 
1122.0000000 133.3049772 133.3161862 
1123.0000000 133.1085587 133.1197676 
1124.0000000 132.9121401 132.9233491 
1125.0000000 132.7157216 132.7269305 
1126.0000000 132.5193030 132.5305120 
1127.0000000 132.3228845 132.3340934 
1128.0000000 132.1264659 132.1376749 
1129.0000000 131.9300474 131.9412563 
1130.0000000 131.7336288 131.7448378 
1131.0000000 131.5372103 131.5484192 
1132.0000000 131.3407917 131.3520007 
1133.0000000 131.1443732 131.1555821 
1134.0000000 130.9479546 130.9591636 
1135.0000000 130.7515361 130.7627450 
1136.0000000 130.5551175 130.5663265 
1137.0000000 130.3586990 130.3699079 
1138.0000000 130.1622804 130.1734894 
1139.0000000 129.9658619 129.9770708 
1140.0000000 129.7694433 129.7806523 
1141.0000000 129.5730248 129.5842337 
1142.0000000 129.3766062 129.3878152 
1143.0000000 129.1801877 129.1913966 
1144.0000000 128.9837691 128.9949781 
1145.0000000 128.7873506 128.7985595 
1146.0000000 128.5909320 128.6021410 
1147.0000000 128.3945135 128.4057224 
1148.0000000 128.1980949 128.2093039 
1149.0000000 128.0016764 128.0128853 
1150.0000000 127.8052578 127.8164668 
1151.0000000 127.6088393 127.6200482 
1152.0000000 127.4124207 127.4236297 
1153.0000000 127.2160022 127.2272111 
1154.0000000 127.0195836 127.0307926 
1155.0000000 126.8231651 126.8343740 
1156.0000000 126.6267465 126.6379555 
1157.0000000 126.4303280 126.4415369 
1158.0000000 126.2339094 126.2451184 
1159.0000000 126.0374909 126.0486998 
1160.0000000 125.8410723 125.8522813 
1161.0000000 125.6446538 125.6558627 
1162.0000000 125.4482352 125.4594442 
1163.0000000 125.2518167 125.2630256 
1164.0000000 125.0553981 125.0666071 
1165.0000000 124.8589796 124.8701885 
1166.0000000 124.6625610 124.6737700 
1167.0000000 124.4661425 124.4773514 
1168.0000000 124.2697239 124.2809329 
1169.0000000 124.0733054 124.0845143 
1170.0000000 123.8768868 123.8880958 
1171.0000000 123.6804683 123.6916772 
1172.0000000 123.4840497 123.4952587 
1173.0000000 123.2876312 123.2988401 
1174.0000000 123.0912126 123.1024216 
1175.0000000 122.8947941 122.9060030 
1176.0000000 122.6983755 122.7095845 
1177.0000000 122.5019570 122.5131659 
1178.0000000 122.3055384 122.3167474 
1179.0000000 122.1091199 122.1203288 
1180.0000000 121.9127013 121.9239103 
1181.0000000 121.7162828 121.7274917 
1182.0000000 121.5198642 121.5310732 
1183.0000000 121.3234457 121.3346546 
1184.0000000 121.1270271 121.1382361 
1185.0000000 120.9306086 120.9418175 
1186.0000000 120.7341900 120.7453990 
1187.0000000 120.5377715 120.5489804 
1188.0000000 120.3413529 120.3525619 
1189.0000000 120.1449344 120.1561433 
1190.0000000 119.9485158 119.9597248 
1191.0000000 119.7520973 119.7633062 
1192.0000000 119.5556787 119.5668877 
1193.0000000 119.3592602 119.3704691 
1194.0000000 119.1628416 119.1740506 
1195.0000000 118.9664231 118.9776320 
1196.0000000 118.7700045 118.7812135 
1197.0000000 118.5735860 118.5847949 
1198.0000000 118.3771674 118.3883764 
1199.0000000 118.1807489 118.1919578 
1200.0000000 117.9843303 117.9955393 
1201.0000000 117.7879118 117.7991207 
1202.0000000 117.5914932 117.6027022 
1203.0000000 117.3950747 117.4062836 
1204.0000000 117.1986561 117.2098651 
1205.0000000 117.0022376 117.0134465 
1206.0000000 116.8058190 116.8170280 
1207.0000000 116.6094005 116.6206094 
1208.0000000 116.4129819 116.4241909 
1209.0000000 116.2165634 116.2277723 
1210.0000000 116.0201448 116.0313537 
1211.0000000 115.8237263 115.8349352 
1212.0000000 115.6273077 115.6385166 
1213.0000000 115.4308892 115.4420981 
1214.0000000 115.2344706 115.2456795 
1215.0000000 115.0380521 115.0492610 
1216.0000000 114.8416335 114.8528424 
1217.0000000 114.6452150 114.6564239 
1218.0000000 114.4487964 114.4600053 
1219.0000000 114.2523778 114.2635868 
1220.0000000 114.0559593 114.0671682 
1221.0000000 113.8595407 113.8707497 
1222.0000000 113.6631222 113.6743311 
1223.0000000 113.4667036 113.4779126 
1224.0000000 113.2702851 113.2814940 
1225.0000000 113.0738665 113.0850755 
1226.0000000 112.8774480 112.8886569 
1227.0000000 112.6810294 112.6922384 
1228.0000000 112.4846109 112.4958198 
1229.0000000 112.2881923 112.2994013 
1230.0000000 112.0917738 112.1029827 
1231.0000000 111.8953552 111.9065642 
1232.0000000 111.6989367 111.7101456 
1233.0000000 111.5025181 111.5137271 
1234.0000000 111.3060996 111.3173085 
1235.0000000 111.1096810 111.1208900 
1236.0000000 110.9132625 110.9244714 
1237.0000000 110.7168439 110.7280529 
1238.0000000 110.5204254 110.5316343 
1239.0000000 110.3240068 110.3352158 
1240.0000000 110.1275883 110.1387972 
1241.0000000 109.9311697 109.9423787 
1242.0000000 109.7347512 109.7459601 
1243.0000000 109.5383326 109.5495416 
1244.0000000 109.3419141 109.3531230 
1245.0000000 109.1454955 109.1567045 
1246.0000000 108.9490770 108.9602859 
1247.0000000 108.7526584 108.7638674 
1248.0000000 108.5562399 108.5674488 
1249.0000000 108.3598213 108.3710303 
1250.0000000 108.1634028 108.1746117 
1251.0000000 107.9669842 107.9781932 
1252.0000000 107.7705657 107.7817746 
1253.0000000 107.5741471 107.5853561 
1254.0000000 107.3777286 107.3889375 
1255.0000000 107.1813100 107.1925190 
1256.0000000 106.9848915 106.9961004 
1257.0000000 106.7884729 106.7996819 
1258.0000000 106.5920544 106.6032633 
1259.0000000 106.3956358 106.4068448 
1260.0000000 106.1992173 106.2104262 
1261.0000000 106.0027987 106.0140077 
1262.0000000 105.8063802 105.8175891 
1263.0000000 105.6099616 105.6211706 
1264.0000000 105.4135431 105.4247520 
1265.0000000 105.2171245 105.2283335 
1266.0000000 105.0207060 105.0319149 
1267.0000000 104.8242874 104.8354964 
1268.0000000 104.6278689 104.6390778 
1269.0000000 104.4314503 104.4426593 
1270.0000000 104.2350318 104.2462407 
1271.0000000 104.0386132 104.0498222 
1272.0000000 103.8421947 103.8534036 
1273.0000000 103.6457761 103.6569851 
1274.0000000 103.4493576 103.4605665 
1275.0000000 103.2529390 103.2641480 
1276.0000000 103.0565205 103.0677294 
1277.0000000 102.8601019 102.8713109 
1278.0000000 102.6636834 102.6748923 
1279.0000000 102.4672648 102.4784738 
1280.0000000 102.2708463 102.2820552 
1281.0000000 102.0744277 102.0856367 
1282.0000000 101.8780092 101.8892181 
1283.0000000 101.6815906 101.6927996 
1284.0000000 101.4851721 101.4963810 
1285.0000000 101.2887535 101.2999625 
1286.0000000 101.0923350 101.1035439 
1287.0000000 100.8959164 100.9071254 
1288.0000000 100.6994979 100.7107068 
1289.0000000 100.5030793 100.5142883 
1290.0000000 100.3066608 100.3178697 
1291.0000000 100.1102422 100.1214512 
1292.0000000 99.9138237 99.9250326 
1293.0000000 99.7174051 99.7286141 
1294.0000000 99.5209866 99.5321955 
1295.0000000 99.3245680 99.3357770 
1296.0000000 99.1281495 99.1393584 
1297.0000000 98.9317309 98.9429399 
1298.0000000 98.7353124 98.7465213 
1299.0000000 98.5388938 98.5501028 
1300.0000000 98.3424753 98.3536842 
1301.0000000 98.1460567 98.1572657 
1302.0000000 97.9496382 97.9608471 
1303.0000000 97.7532196 97.7644286 
1304.0000000 97.5568011 97.5680100 
1305.0000000 97.3603825 97.3715915 
1306.0000000 97.1639640 97.1751729 
1307.0000000 96.9675454 96.9787544 
1308.0000000 96.7711269 96.7823358 
1309.0000000 96.5747083 96.5859173 
1310.0000000 96.3782898 96.3894987 
1311.0000000 96.1818712 96.1930802 
1312.0000000 95.9854527 95.9966616 
1313.0000000 95.7890341 95.8002431 
1314.0000000 95.5926156 95.6038245 
1315.0000000 95.3961970 95.4074060 
1316.0000000 95.1997785 95.2109874 
1317.0000000 95.0033599 95.0145689 
1318.0000000 94.8069414 94.8181503 
1319.0000000 94.6105228 94.6217318 
1320.0000000 94.4141043 94.4253132 
1321.0000000 94.2176857 94.2288947 
1322.0000000 94.0212672 94.0324761 
1323.0000000 93.8248486 93.8360576 
1324.0000000 93.6284301 93.6396390 
1325.0000000 93.4320115 93.4432205 
1326.0000000 93.2355930 93.2468019 
1327.0000000 93.0391744 93.0503834 
1328.0000000 92.8427559 92.8539648 
1329.0000000 92.6463373 92.6575463 
1330.0000000 92.4499188 92.4611277 
1331.0000000 92.2535002 92.2647092 
1332.0000000 92.0570817 92.0682906 
1333.0000000 91.8606631 91.8718721 
1334.0000000 91.6642446 91.6754535 
1335.0000000 91.4678260 91.4790350 
1336.0000000 91.2714075 91.2826164 
1337.0000000 91.0749889 91.0861979 
1338.0000000 90.8785704 90.8897793 
1339.0000000 90.6821518 90.6933608 
1340.0000000 90.4857333 90.4969422 
1341.0000000 90.2893147 90.3005237 
1342.0000000 90.0928962 90.1041051 
1343.0000000 89.8964776 89.9076866 
1344.0000000 89.7000591 89.7112680 
1345.0000000 89.5036405 89.5148495 
1346.0000000 89.3072220 89.3184309 
1347.0000000 89.1108034 89.1220124 
1348.0000000 88.9143849 88.9255938 
1349.0000000 88.7179663 88.7291753 
1350.0000000 88.5215478 88.5327567 
1351.0000000 88.3251292 88.3363382 
1352.0000000 88.1287107 88.1399196 
1353.0000000 87.9322921 87.9435011 
1354.0000000 87.7358736 87.7470825 
1355.0000000 87.5394550 87.5506640 
1356.0000000 87.3430365 87.3542454 
1357.0000000 87.1466179 87.1578269 
1358.0000000 86.9501994 86.9614083 
1359.0000000 86.7537808 86.7649898 
1360.0000000 86.5573623 86.5685712 
1361.0000000 86.3609437 86.3721527 
1362.0000000 86.1645252 86.1757341 
1363.0000000 85.9681066 85.9793155 
1364.0000000 85.7716881 85.7828970 
1365.0000000 85.5752695 85.5864784 
1366.0000000 85.3788510 85.3900599 
1367.0000000 85.1824324 85.1936413 
1368.0000000 84.9860139 84.9972228 
1369.0000000 84.7895953 84.8008042 
1370.0000000 84.5931767 84.6043857 
1371.0000000 84.3967582 84.4079671 
1372.0000000 84.2003396 84.2115486 
1373.0000000 84.0039211 84.0151300 
1374.0000000 83.8075025 83.8187115 
1375.0000000 83.6110840 83.6222929 
1376.0000000 83.4146654 83.4258744 
1377.0000000 83.2182469 83.2294558 
1378.0000000 83.0218283 83.0330373 
1379.0000000 82.8254098 82.8366187 
1380.0000000 82.6289912 82.6402002 
1381.0000000 82.4325727 82.4437816 
1382.0000000 82.2361541 82.2473631 
1383.0000000 82.0397356 82.0509445 
1384.0000000 81.8433170 81.8545260 
1385.0000000 81.6468985 81.6581074 
1386.0000000 81.4504799 81.4616889 
1387.0000000 81.2540614 81.2652703 
1388.0000000 81.0576428 81.0688518 
1389.0000000 80.8612243 80.8724332 
1390.0000000 80.6648057 80.6760147 
1391.0000000 80.4683872 80.4795961 
1392.0000000 80.2719686 80.2831776 
1393.0000000 80.0755501 80.0867590 
1394.0000000 79.8791315 79.8903405 
1395.0000000 79.6827130 79.6939219 
1396.0000000 79.4862944 79.4975034 
1397.0000000 79.2898759 79.3010848 
1398.0000000 79.0934573 79.1046663 
1399.0000000 78.8970388 78.9082477 
1400.0000000 78.7006202 78.7118292 
1401.0000000 78.5042017 78.5154106 
1402.0000000 78.3077831 78.3189921 
1403.0000000 78.1113646 78.1225735 
1404.0000000 77.9149460 77.9261550 
1405.0000000 77.7185275 77.7297364 
1406.0000000 77.5221089 77.5333179 
1407.0000000 77.3256904 77.3368993 
1408.0000000 77.1292718 77.1404808 
1409.0000000 76.9328533 76.9440622 
1410.0000000 76.7364347 76.7476437 
1411.0000000 76.5400162 76.5512251 
1412.0000000 76.3435976 76.3548066 
1413.0000000 76.1471791 76.1583880 
1414.0000000 75.9507605 75.9619695 
1415.0000000 75.7543420 75.7655509 
1416.0000000 75.5579234 75.5691324 
1417.0000000 75.3615049 75.3727138 
1418.0000000 75.1650863 75.1762953 
1419.0000000 74.9686678 74.9798767 
1420.0000000 74.7722492 74.7834582 
1421.0000000 74.5758307 74.5870396 
1422.0000000 74.3794121 74.3906211 
1423.0000000 74.1829936 74.1942025 
1424.0000000 73.9865750 73.9977840 
1425.0000000 73.7901565 73.8013654 
1426.0000000 73.5937379 73.6049469 
1427.0000000 73.3973194 73.4085283 
1428.0000000 73.2009008 73.2121098 
1429.0000000 73.0044823 73.0156912 
1430.0000000 72.8080637 72.8192727 
1431.0000000 72.6116452 72.6228541 
1432.0000000 72.4152266 72.4264356 
1433.0000000 72.2188081 72.2300170 
1434.0000000 72.0223895 72.0335985 
1435.0000000 71.8259710 71.8371799 
1436.0000000 71.6295524 71.6407614 
1437.0000000 71.4331339 71.4443428 
1438.0000000 71.2367153 71.2479243 
1439.0000000 71.0402968 71.0515057 
1440.0000000 70.8438782 70.8550872 
1441.0000000 70.6474597 70.6586686 
1442.0000000 70.4510411 70.4622501 
1443.0000000 70.2546226 70.2658315 
1444.0000000 70.0582040 70.0694130 
1445.0000000 69.8617855 69.8729944 
1446.0000000 69.6653669 69.6765759 
1447.0000000 69.4689484 69.4801573 
1448.0000000 69.2725298 69.2837388 
1449.0000000 69.0761113 69.0873202 
1450.0000000 68.8796927 68.8909017 
1451.0000000 68.6832742 68.6944831 
1452.0000000 68.4868556 68.4980646 
1453.0000000 68.2904371 68.3016460 
1454.0000000 68.0940185 68.1052275 
1455.0000000 67.8976000 67.9088089 
1456.0000000 67.7011814 67.7123904 
1457.0000000 67.5047629 67.5159718 
1458.0000000 67.3083443 67.3195533 
1459.0000000 67.1119258 67.1231347 
1460.0000000 66.9155072 66.9267162 
1461.0000000 66.7190887 66.7302976 
1462.0000000 66.5226701 66.5338791 
1463.0000000 66.3262516 66.3374605 
1464.0000000 66.1298330 66.1410420 
1465.0000000 65.9334145 65.9446234 
1466.0000000 65.7369959 65.7482049 
1467.0000000 65.5405774 65.5517863 
1468.0000000 65.3441588 65.3553678 
1469.0000000 65.1477403 65.1589492 
1470.0000000 64.9513217 64.9625307 
1471.0000000 64.7549032 64.7661121 
1472.0000000 64.5584846 64.5696936 
1473.0000000 64.3620661 64.3732750 
1474.0000000 64.1656475 64.1768565 
1475.0000000 63.9692290 63.9804379 
1476.0000000 63.7728104 63.7840194 
1477.0000000 63.5763919 63.5876008 
1478.0000000 63.3799733 63.3911823 
1479.0000000 63.1835548 63.1947637 
1480.0000000 62.9871362 62.9983452 
1481.0000000 62.7907177 62.8019266 
1482.0000000 62.5942991 62.6055081 
1483.0000000 62.3978806 62.4090895 
1484.0000000 62.2014620 62.2126710 
1485.0000000 62.0050435 62.0162524 
1486.0000000 61.8086249 61.8198339 
1487.0000000 61.6122064 61.6234153 
1488.0000000 61.4157878 61.4269968 
1489.0000000 61.2193693 61.2305782 
1490.0000000 61.0229507 61.0341597 
1491.0000000 60.8265322 60.8377411 
1492.0000000 60.6301136 60.6413226 
1493.0000000 60.4336951 60.4449040 
1494.0000000 60.2372765 60.2484855 
1495.0000000 60.0408580 60.0520669 
1496.0000000 59.8444394 59.8556484 
1497.0000000 59.6480209 59.6592298 
1498.0000000 59.4516023 59.4628113 
1499.0000000 59.2551838 59.2663927 
1500.0000000 59.0587652 59.0699742 
1501.0000000 58.8623467 58.8735556 
1502.0000000 58.6659281 58.6771371 
1503.0000000 58.4695096 58.4807185 
1504.0000000 58.2730910 58.2843000 
1505.0000000 58.0766725 58.0878814 
1506.0000000 57.8802539 57.8914629 
1507.0000000 57.6838354 57.6950443 
1508.0000000 57.4874168 57.4986258 
1509.0000000 57.2909983 57.3022072 
1510.0000000 57.0945797 57.1057887 
1511.0000000 56.8981612 56.9093701 
1512.0000000 56.7017426 56.7129516 
1513.0000000 56.5053241 56.5165330 
1514.0000000 56.3089055 56.3201144 
1515.0000000 56.1124870 56.1236959 
1516.0000000 55.9160684 55.9272773 
1517.0000000 55.7196499 55.7308588 
1518.0000000 55.5232313 55.5344402 
1519.0000000 55.3268128 55.3380217 
1520.0000000 55.1303942 55.1416031 
1521.0000000 54.9339756 54.9451846 
1522.0000000 54.7375571 54.7487660 
1523.0000000 54.5411385 54.5523475 
1524.0000000 54.3447200 54.3559289 
1525.0000000 54.1483014 54.1595104 
1526.0000000 53.9518829 53.9630918 
1527.0000000 53.7554643 53.7666733 
1528.0000000 53.5590458 53.5702547 
1529.0000000 53.3626272 53.3738362 
1530.0000000 53.1662087 53.1774176 
1531.0000000 52.9697901 52.9809991 
1532.0000000 52.7733716 52.7845805 
1533.0000000 52.5769530 52.5881620 
1534.0000000 52.3805345 52.3917434 
1535.0000000 52.1841159 52.1953249 
1536.0000000 51.9876974 51.9989063 
1537.0000000 51.7912788 51.8024878 
1538.0000000 51.5948603 51.6060692 
1539.0000000 51.3984417 51.4096507 
1540.0000000 51.2020232 51.2132321 
1541.0000000 51.0056046 51.0168136 
1542.0000000 50.8091861 50.8203950 
1543.0000000 50.6127675 50.6239765 
1544.0000000 50.4163490 50.4275579 
1545.0000000 50.2199304 50.2311394 
1546.0000000 50.0235119 50.0347208 
1547.0000000 49.8270933 49.8383023 
1548.0000000 49.6306748 49.6418837 
1549.0000000 49.4342562 49.4454652 
1550.0000000 49.2378377 49.2490466 
1551.0000000 49.0414191 49.0526281 
1552.0000000 48.8450006 48.8562095 
1553.0000000 48.6485820 48.6597910 
1554.0000000 48.4521635 48.4633724 
1555.0000000 48.2557449 48.2669539 
1556.0000000 48.0593264 48.0705353 
1557.0000000 47.8629078 47.8741168 
1558.0000000 47.6664893 47.6776982 
1559.0000000 47.4700707 47.4812797 
1560.0000000 47.2736522 47.2848611 
1561.0000000 47.0772336 47.0884426 
1562.0000000 46.8808151 46.8920240 
1563.0000000 46.6843965 46.6956055 
1564.0000000 46.4879780 46.4991869 
1565.0000000 46.2915594 46.3027684 
1566.0000000 46.0951409 46.1063498 
1567.0000000 45.8987223 45.9099313 
1568.0000000 45.7023038 45.7135127 
1569.0000000 45.5058852 45.5170942 
1570.0000000 45.3094667 45.3206756 
1571.0000000 45.1130481 45.1242571 
1572.0000000 44.9166296 44.9278385 
1573.0000000 44.7202110 44.7314200 
1574.0000000 44.5237925 44.5350014 
1575.0000000 44.3273739 44.3385829 
1576.0000000 44.1309554 44.1421643 
1577.0000000 43.9345368 43.9457458 
1578.0000000 43.7381183 43.7493272 
1579.0000000 43.5416997 43.5529087 
1580.0000000 43.3452812 43.3564901 
1581.0000000 43.1488626 43.1600716 
1582.0000000 42.9524441 42.9636530 
1583.0000000 42.7560255 42.7672345 
1584.0000000 42.5596070 42.5708159 
1585.0000000 42.3631884 42.3743974 
1586.0000000 42.1667699 42.1779788 
1587.0000000 41.9703513 41.9815603 
1588.0000000 41.7739328 41.7851417 
1589.0000000 41.5775142 41.5887232 
1590.0000000 41.3810957 41.3923046 
1591.0000000 41.1846771 41.1958861 
1592.0000000 40.9882586 40.9994675 
1593.0000000 40.7918400 40.8030490 
1594.0000000 40.5954215 40.6066304 
1595.0000000 40.3990029 40.4102119 
1596.0000000 40.2025844 40.2137933 
1597.0000000 40.0061658 40.0173748 
1598.0000000 39.8097473 39.8209562 
1599.0000000 39.6133287 39.6245377 
1600.0000000 39.4169102 39.4281191 
1601.0000000 39.2204916 39.2317006 
1602.0000000 39.0240731 39.0352820 
1603.0000000 38.8276545 38.8388635 
1604.0000000 38.6312360 38.6424449 
1605.0000000 38.4348174 38.4460264 
1606.0000000 38.2383989 38.2496078 
1607.0000000 38.0419803 38.0531893 
1608.0000000 37.8455618 37.8567707 
1609.0000000 37.6491432 37.6603522 
1610.0000000 37.4527247 37.4639336 
1611.0000000 37.2563061 37.2675151 
1612.0000000 37.0598876 37.0710965 
1613.0000000 36.8634690 36.8746780 
1614.0000000 36.6670505 36.6782594 
1615.0000000 36.4706319 36.4818409 
1616.0000000 36.2742134 36.2854223 
1617.0000000 36.0777948 36.0890038 
1618.0000000 35.8813763 35.8925852 
1619.0000000 35.6849577 35.6961667 
1620.0000000 35.4885392 35.4997481 
1621.0000000 35.2921206 35.3033296 
1622.0000000 35.0957021 35.1069110 
1623.0000000 34.8992835 34.9104925 
1624.0000000 34.7028650 34.7140739 
1625.0000000 34.5064464 34.5176554 
1626.0000000 34.3100279 34.3212368 
1627.0000000 34.1136093 34.1248183 
1628.0000000 33.9171908 33.9283997 
1629.0000000 33.7207722 33.7319812 
1630.0000000 33.5243537 33.5355626 
1631.0000000 33.3279351 33.3391441 
1632.0000000 33.1315166 33.1427255 
1633.0000000 32.9350980 32.9463070 
1634.0000000 32.7386795 32.7498884 
1635.0000000 32.5422609 32.5534699 
1636.0000000 32.3458424 32.3570513 
1637.0000000 32.1494238 32.1606328 
1638.0000000 31.9530053 31.9642142 
1639.0000000 31.7565867 31.7677957 
1640.0000000 31.5601682 31.5713771 
1641.0000000 31.3637496 31.3749586 
1642.0000000 31.1673311 31.1785400 
1643.0000000 30.9709125 30.9821215 
1644.0000000 30.7744940 30.7857029 
1645.0000000 30.5780754 30.5892844 
1646.0000000 30.3816569 30.3928658 
1647.0000000 30.1852383 30.1964473 
1648.0000000 29.9888198 30.0000287 
1649.0000000 29.7924012 29.8036102 
1650.0000000 29.5959827 29.6071916 
1651.0000000 29.3995641 29.4107731 
1652.0000000 29.2031456 29.2143545 
1653.0000000 29.0067270 29.0179360 
1654.0000000 28.8103085 28.8215174 
1655.0000000 28.6138899 28.6250989 
1656.0000000 28.4174714 28.4286803 
1657.0000000 28.2210528 28.2322618 
1658.0000000 28.0246343 28.0358432 
1659.0000000 27.8282157 27.8394247 
1660.0000000 27.6317972 27.6430061 
1661.0000000 27.4353786 27.4465876 
1662.0000000 27.2389601 27.2501690 
1663.0000000 27.0425415 27.0537505 
1664.0000000 26.8461230 26.8573319 
1665.0000000 26.6497044 26.6609133 
1666.0000000 26.4532859 26.4644948 
1667.0000000 26.2568673 26.2680762 
1668.0000000 26.0604488 26.0716577 
1669.0000000 25.8640302 25.8752391 
1670.0000000 25.6676117 25.6788206 
1671.0000000 25.4711931 25.4824020 
1672.0000000 25.2747746 25.2859835 
1673.0000000 25.0783560 25.0895649 
1674.0000000 24.8819374 24.8931464 
1675.0000000 24.6855189 24.6967278 
1676.0000000 24.4891003 24.5003093 
1677.0000000 24.2926818 24.3038907 
1678.0000000 24.0962632 24.1074722 
1679.0000000 23.8998447 23.9110536 
1680.0000000 23.7034261 23.7146351 
1681.0000000 23.5070076 23.5182165 
1682.0000000 23.3105890 23.3217980 
1683.0000000 23.1141705 23.1253794 
1684.0000000 22.9177519 22.9289609 
1685.0000000 22.7213334 22.7325423 
1686.0000000 22.5249148 22.5361238 
1687.0000000 22.3284963 22.3397052 
1688.0000000 22.1320777 22.1432867 
1689.0000000 21.9356592 21.9468681 
1690.0000000 21.7392406 21.7504496 
1691.0000000 21.5428221 21.5540310 
1692.0000000 21.3464035 21.3576125 
1693.0000000 21.1499850 21.1611939 
1694.0000000 20.9535664 20.9647754 
1695.0000000 20.7571479 20.7683568 
1696.0000000 20.5607293 20.5719383 
1697.0000000 20.3643108 20.3755197 
1698.0000000 20.1678922 20.1791012 
1699.0000000 19.9714737 19.9826826 
1700.0000000 19.7750551 19.7862641 
1701.0000000 19.5786366 19.5898455 
1702.0000000 19.3822180 19.3934270 
1703.0000000 19.1857995 19.1970084 
1704.0000000 18.9893809 19.0005899 
1705.0000000 18.7929624 18.8041713 
1706.0000000 18.5965438 18.6077528 
1707.0000000 18.4001253 18.4113342 
1708.0000000 18.2037067 18.2149157 
1709.0000000 18.0072882 18.0184971 
1710.0000000 17.8108696 17.8220786 
1711.0000000 17.6144511 17.6256600 
1712.0000000 17.4180325 17.4292415 
1713.0000000 17.2216140 17.2328229 
1714.0000000 17.0251954 17.0364044 
1715.0000000 16.8287769 16.8399858 
1716.0000000 16.6323583 16.6435673 
1717.0000000 16.4359398 16.4471487 
1718.0000000 16.2395212 16.2507302 
1719.0000000 16.0431027 16.0543116 
1720.0000000 15.8466841 15.8578931 
1721.0000000 15.6502656 15.6614745 
1722.0000000 15.4538470 15.4650560 
1723.0000000 15.2574285 15.2686374 
1724.0000000 15.0610099 15.0722189 
1725.0000000 14.8645914 14.8758003 
1726.0000000 14.6681728 14.6793818 
1727.0000000 14.4717543 14.4829632 
1728.0000000 14.2753357 14.2865447 
1729.0000000 14.0789172 14.0901261 
1730.0000000 13.8824986 13.8937076 
1731.0000000 13.6860801 13.6972890 
1732.0000000 13.4896615 13.5008705 
1733.0000000 13.2932430 13.3044519 
1734.0000000 13.0968244 13.1080334 
1735.0000000 12.9004059 12.9116148 
1736.0000000 12.7039873 12.7151963 
1737.0000000 12.5075688 12.5187777 
1738.0000000 12.3111502 12.3223592 
1739.0000000 12.1147317 12.1259406 
1740.0000000 11.9183131 11.9295221 
1741.0000000 11.7218946 11.7331035 
1742.0000000 11.5254760 11.5366850 
1743.0000000 11.3290575 11.3402664 
1744.0000000 11.1326389 11.1438479 
1745.0000000 10.9362204 10.9474293 
1746.0000000 10.7398018 10.7510108 
1747.0000000 10.5433833 10.5545922 
1748.0000000 10.3469647 10.3581737 
1749.0000000 10.1505462 10.1617551 
1750.0000000 9.9541276 9.9653366 
1751.0000000 9.7577091 9.7689180 
1752.0000000 9.5612905 9.5724995 
1753.0000000 9.3648720 9.3760809 
1754.0000000 9.1684534 9.1796624 
1755.0000000 8.9720349 8.9832438 
1756.0000000 8.7756163 8.7868253 
1757.0000000 8.5791978 8.5904067 
1758.0000000 8.3827792 8.3939882 
1759.0000000 8.1863607 8.1975696 
1760.0000000 7.9899421 8.0011511 
1761.0000000 7.7935236 7.8047325 
1762.0000000 7.5971050 7.6083140 
1763.0000000 7.4006865 7.4118954 
1764.0000000 7.2042679 7.2154769 
1765.0000000 7.0078494 7.0190583 
1766.0000000 6.8114308 6.8226398 
1767.0000000 6.6150123 6.6262212 
1768.0000000 6.4185937 6.4298027 
1769.0000000 6.2221752 6.2333841 
1770.0000000 6.0257566 6.0369656 
1771.0000000 5.8293381 5.8405470 
1772.0000000 5.6329195 5.6441285 
1773.0000000 5.4365010 5.4477099 
1774.0000000 5.2400824 5.2512914 
1775.0000000 5.0436639 5.0548728 
1776.0000000 4.8472453 4.8584543 
1777.0000000 4.6508268 4.6620357 
1778.0000000 4.4544082 4.4656172 
1779.0000000 4.2579897 4.2691986 
1780.0000000 4.0615711 4.0727801 
1781.0000000 3.8651526 3.8763615 
1782.0000000 3.6687340 3.6799430 
1783.0000000 3.4723155 3.4835244 
1784.0000000 3.2758969 3.2871059 
1785.0000000 3.0794784 3.0906873 
1786.0000000 2.8830598 2.8942688 
1787.0000000 2.6866413 2.6978502 
1788.0000000 2.4902227 2.5014317 
1789.0000000 2.2938042 2.3050131 
1790.0000000 2.0973856 2.1085946 
1791.0000000 1.9009671 1.9121760 
1792.0000000 1.7045485 1.7157575 
1793.0000000 1.5081300 1.5193389 
1794.0000000 1.3117114 1.3229204 
1795.0000000 1.1152929 1.1265018 
1796.0000000 0.9188743 0.9300833 
1797.0000000 0.7224558 0.7336647 
1798.0000000 0.5260372 0.5372462 
1799.0000000 0.3296187 0.3408276 
1800.0000000 0.1332001 0.1444091 

