1.0000000 353.5723698 353.5058329 
2.0000000 353.3759513 353.3094144 
3.0000000 353.1795327 353.1129958 
4.0000000 352.9831142 352.9165773 
5.0000000 352.7866956 352.7201587 
6.0000000 352.5902771 352.5237402 
7.0000000 352.3938585 352.3273216 
8.0000000 352.1974400 352.1309031 
9.0000000 352.0010214 351.9344845 
10.0000000 351.8046029 351.7380660 
11.0000000 351.6081843 351.5416474 
12.0000000 351.4117658 351.3452289 
13.0000000 351.2153472 351.1488103 
14.0000000 351.0189287 350.9523918 
15.0000000 350.8225101 350.7559732 
16.0000000 350.6260916 350.5595547 
17.0000000 350.4296730 350.3631361 
18.0000000 350.2332545 350.1667176 
19.0000000 350.0368359 349.9702990 
20.0000000 349.8404174 349.7738805 
21.0000000 349.6439988 349.5774619 
22.0000000 349.4475803 349.3810434 
23.0000000 349.2511617 349.1846248 
24.0000000 349.0547432 348.9882063 
25.0000000 348.8583246 348.7917877 
26.0000000 348.6619060 348.5953692 
27.0000000 348.4654875 348.3989506 
28.0000000 348.2690689 348.2025321 
29.0000000 348.0726504 348.0061135 
30.0000000 347.8762318 347.8096950 
31.0000000 347.6798133 347.6132764 
32.0000000 347.4833947 347.4168579 
33.0000000 347.2869762 347.2204393 
34.0000000 347.0905576 347.0240208 
35.0000000 346.8941391 346.8276022 
36.0000000 346.6977205 346.6311837 
37.0000000 346.5013020 346.4347651 
38.0000000 346.3048834 346.2383466 
39.0000000 346.1084649 346.0419280 
40.0000000 345.9120463 345.8455095 
41.0000000 345.7156278 345.6490909 
42.0000000 345.5192092 345.4526724 
43.0000000 345.3227907 345.2562538 
44.0000000 345.1263721 345.0598353 
45.0000000 344.9299536 344.8634167 
46.0000000 344.7335350 344.6669982 
47.0000000 344.5371165 344.4705796 
48.0000000 344.3406979 344.2741611 
49.0000000 344.1442794 344.0777425 
50.0000000 343.9478608 343.8813240 
51.0000000 343.7514423 343.6849054 
52.0000000 343.5550237 343.4884869 
53.0000000 343.3586052 343.2920683 
54.0000000 343.1621866 343.0956498 
55.0000000 342.9657681 342.8992312 
56.0000000 342.7693495 342.7028127 
57.0000000 342.5729310 342.5063941 
58.0000000 342.3765124 342.3099756 
59.0000000 342.1800939 342.1135570 
60.0000000 341.9836753 341.9171385 
61.0000000 341.7872568 341.7207199 
62.0000000 341.5908382 341.5243014 
63.0000000 341.3944197 341.3278828 
64.0000000 341.1980011 341.1314643 
65.0000000 341.0015826 340.9350457 
66.0000000 340.8051640 340.7386272 
67.0000000 340.6087455 340.5422086 
68.0000000 340.4123269 340.3457901 
69.0000000 340.2159084 340.1493715 
70.0000000 340.0194898 339.9529530 
71.0000000 339.8230713 339.7565344 
72.0000000 339.6266527 339.5601159 
73.0000000 339.4302342 339.3636973 
74.0000000 339.2338156 339.1672788 
75.0000000 339.0373971 338.9708602 
76.0000000 338.8409785 338.7744417 
77.0000000 338.6445600 338.5780231 
78.0000000 338.4481414 338.3816046 
79.0000000 338.2517229 338.1851860 
80.0000000 338.0553043 337.9887675 
81.0000000 337.8588858 337.7923489 
82.0000000 337.6624672 337.5959304 
83.0000000 337.4660487 337.3995118 
84.0000000 337.2696301 337.2030933 
85.0000000 337.0732116 337.0066747 
86.0000000 336.8767930 336.8102562 
87.0000000 336.6803745 336.6138376 
88.0000000 336.4839559 336.4174191 
89.0000000 336.2875374 336.2210005 
90.0000000 336.0911188 336.0245820 
91.0000000 335.8947003 335.8281634 
92.0000000 335.6982817 335.6317449 
93.0000000 335.5018632 335.4353263 
94.0000000 335.3054446 335.2389078 
95.0000000 335.1090261 335.0424892 
96.0000000 334.9126075 334.8460707 
97.0000000 334.7161890 334.6496521 
98.0000000 334.5197704 334.4532336 
99.0000000 334.3233519 334.2568150 
100.0000000 334.1269333 334.0603965 
101.0000000 333.9305148 333.8639779 
102.0000000 333.7340962 333.6675594 
103.0000000 333.5376777 333.4711408 
104.0000000 333.3412591 333.2747223 
105.0000000 333.1448406 333.0783037 
106.0000000 332.9484220 332.8818852 
107.0000000 332.7520035 332.6854666 
108.0000000 332.5555849 332.4890481 
109.0000000 332.3591664 332.2926295 
110.0000000 332.1627478 332.0962110 
111.0000000 331.9663293 331.8997924 
112.0000000 331.7699107 331.7033739 
113.0000000 331.5734922 331.5069553 
114.0000000 331.3770736 331.3105368 
115.0000000 331.1806551 331.1141182 
116.0000000 330.9842365 330.9176997 
117.0000000 330.7878180 330.7212811 
118.0000000 330.5913994 330.5248626 
119.0000000 330.3949809 330.3284440 
120.0000000 330.1985623 330.1320255 
121.0000000 330.0021438 329.9356069 
122.0000000 329.8057252 329.7391884 
123.0000000 329.6093067 329.5427698 
124.0000000 329.4128881 329.3463513 
125.0000000 329.2164696 329.1499327 
126.0000000 329.0200510 328.9535142 
127.0000000 328.8236325 328.7570956 
128.0000000 328.6272139 328.5606771 
129.0000000 328.4307954 328.3642585 
130.0000000 328.2343768 328.1678400 
131.0000000 328.0379583 327.9714214 
132.0000000 327.8415397 327.7750028 
133.0000000 327.6451212 327.5785843 
134.0000000 327.4487026 327.3821657 
135.0000000 327.2522841 327.1857472 
136.0000000 327.0558655 326.9893286 
137.0000000 326.8594470 326.7929101 
138.0000000 326.6630284 326.5964915 
139.0000000 326.4666099 326.4000730 
140.0000000 326.2701913 326.2036544 
141.0000000 326.0737728 326.0072359 
142.0000000 325.8773542 325.8108173 
143.0000000 325.6809357 325.6143988 
144.0000000 325.4845171 325.4179802 
145.0000000 325.2880986 325.2215617 
146.0000000 325.0916800 325.0251431 
147.0000000 324.8952615 324.8287246 
148.0000000 324.6988429 324.6323060 
149.0000000 324.5024244 324.4358875 
150.0000000 324.3060058 324.2394689 
151.0000000 324.1095873 324.0430504 
152.0000000 323.9131687 323.8466318 
153.0000000 323.7167502 323.6502133 
154.0000000 323.5203316 323.4537947 
155.0000000 323.3239131 323.2573762 
156.0000000 323.1274945 323.0609576 
157.0000000 322.9310760 322.8645391 
158.0000000 322.7346574 322.6681205 
159.0000000 322.5382389 322.4717020 
160.0000000 322.3418203 322.2752834 
161.0000000 322.1454018 322.0788649 
162.0000000 321.9489832 321.8824463 
163.0000000 321.7525647 321.6860278 
164.0000000 321.5561461 321.4896092 
165.0000000 321.3597276 321.2931907 
166.0000000 321.1633090 321.0967721 
167.0000000 320.9668905 320.9003536 
168.0000000 320.7704719 320.7039350 
169.0000000 320.5740534 320.5075165 
170.0000000 320.3776348 320.3110979 
171.0000000 320.1812163 320.1146794 
172.0000000 319.9847977 319.9182608 
173.0000000 319.7883792 319.7218423 
174.0000000 319.5919606 319.5254237 
175.0000000 319.3955421 319.3290052 
176.0000000 319.1991235 319.1325866 
177.0000000 319.0027050 318.9361681 
178.0000000 318.8062864 318.7397495 
179.0000000 318.6098678 318.5433310 
180.0000000 318.4134493 318.3469124 
181.0000000 318.2170307 318.1504939 
182.0000000 318.0206122 317.9540753 
183.0000000 317.8241936 317.7576568 
184.0000000 317.6277751 317.5612382 
185.0000000 317.4313565 317.3648197 
186.0000000 317.2349380 317.1684011 
187.0000000 317.0385194 316.9719826 
188.0000000 316.8421009 316.7755640 
189.0000000 316.6456823 316.5791455 
190.0000000 316.4492638 316.3827269 
191.0000000 316.2528452 316.1863084 
192.0000000 316.0564267 315.9898898 
193.0000000 315.8600081 315.7934713 
194.0000000 315.6635896 315.5970527 
195.0000000 315.4671710 315.4006342 
196.0000000 315.2707525 315.2042156 
197.0000000 315.0743339 315.0077971 
198.0000000 314.8779154 314.8113785 
199.0000000 314.6814968 314.6149600 
200.0000000 314.4850783 314.4185414 
201.0000000 314.2886597 314.2221229 
202.0000000 314.0922412 314.0257043 
203.0000000 313.8958226 313.8292858 
204.0000000 313.6994041 313.6328672 
205.0000000 313.5029855 313.4364487 
206.0000000 313.3065670 313.2400301 
207.0000000 313.1101484 313.0436116 
208.0000000 312.9137299 312.8471930 
209.0000000 312.7173113 312.6507745 
210.0000000 312.5208928 312.4543559 
211.0000000 312.3244742 312.2579374 
212.0000000 312.1280557 312.0615188 
213.0000000 311.9316371 311.8651003 
214.0000000 311.7352186 311.6686817 
215.0000000 311.5388000 311.4722632 
216.0000000 311.3423815 311.2758446 
217.0000000 311.1459629 311.0794261 
218.0000000 310.9495444 310.8830075 
219.0000000 310.7531258 310.6865890 
220.0000000 310.5567073 310.4901704 
221.0000000 310.3602887 310.2937519 
222.0000000 310.1638702 310.0973333 
223.0000000 309.9674516 309.9009148 
224.0000000 309.7710331 309.7044962 
225.0000000 309.5746145 309.5080777 
226.0000000 309.3781960 309.3116591 
227.0000000 309.1817774 309.1152406 
228.0000000 308.9853589 308.9188220 
229.0000000 308.7889403 308.7224035 
230.0000000 308.5925218 308.5259849 
231.0000000 308.3961032 308.3295664 
232.0000000 308.1996847 308.1331478 
233.0000000 308.0032661 307.9367293 
234.0000000 307.8068476 307.7403107 
235.0000000 307.6104290 307.5438922 
236.0000000 307.4140105 307.3474736 
237.0000000 307.2175919 307.1510551 
238.0000000 307.0211734 306.9546365 
239.0000000 306.8247548 306.7582180 
240.0000000 306.6283363 306.5617994 
241.0000000 306.4319177 306.3653809 
242.0000000 306.2354992 306.1689623 
243.0000000 306.0390806 305.9725438 
244.0000000 305.8426621 305.7761252 
245.0000000 305.6462435 305.5797067 
246.0000000 305.4498250 305.3832881 
247.0000000 305.2534064 305.1868696 
248.0000000 305.0569879 304.9904510 
249.0000000 304.8605693 304.7940325 
250.0000000 304.6641508 304.5976139 
251.0000000 304.4677322 304.4011954 
252.0000000 304.2713137 304.2047768 
253.0000000 304.0748951 304.0083583 
254.0000000 303.8784766 303.8119397 
255.0000000 303.6820580 303.6155212 
256.0000000 303.4856395 303.4191026 
257.0000000 303.2892209 303.2226841 
258.0000000 303.0928024 303.0262655 
259.0000000 302.8963838 302.8298470 
260.0000000 302.6999653 302.6334284 
261.0000000 302.5035467 302.4370099 
262.0000000 302.3071282 302.2405913 
263.0000000 302.1107096 302.0441728 
264.0000000 301.9142911 301.8477542 
265.0000000 301.7178725 301.6513357 
266.0000000 301.5214540 301.4549171 
267.0000000 301.3250354 301.2584986 
268.0000000 301.1286169 301.0620800 
269.0000000 300.9321983 300.8656615 
270.0000000 300.7357798 300.6692429 
271.0000000 300.5393612 300.4728244 
272.0000000 300.3429427 300.2764058 
273.0000000 300.1465241 300.0799873 
274.0000000 299.9501056 299.8835687 
275.0000000 299.7536870 299.6871502 
276.0000000 299.5572685 299.4907316 
277.0000000 299.3608499 299.2943131 
278.0000000 299.1644314 299.0978945 
279.0000000 298.9680128 298.9014760 
280.0000000 298.7715943 298.7050574 
281.0000000 298.5751757 298.5086389 
282.0000000 298.3787572 298.3122203 
283.0000000 298.1823386 298.1158017 
284.0000000 297.9859201 297.9193832 
285.0000000 297.7895015 297.7229646 
286.0000000 297.5930830 297.5265461 
287.0000000 297.3966644 297.3301275 
288.0000000 297.2002459 297.1337090 
289.0000000 297.0038273 296.9372904 
290.0000000 296.8074088 296.7408719 
291.0000000 296.6109902 296.5444533 
292.0000000 296.4145717 296.3480348 
293.0000000 296.2181531 296.1516162 
294.0000000 296.0217346 295.9551977 
295.0000000 295.8253160 295.7587791 
296.0000000 295.6288975 295.5623606 
297.0000000 295.4324789 295.3659420 
298.0000000 295.2360604 295.1695235 
299.0000000 295.0396418 294.9731049 
300.0000000 294.8432233 294.7766864 
301.0000000 294.6468047 294.5802678 
302.0000000 294.4503862 294.3838493 
303.0000000 294.2539676 294.1874307 
304.0000000 294.0575491 293.9910122 
305.0000000 293.8611305 293.7945936 
306.0000000 293.6647120 293.5981751 
307.0000000 293.4682934 293.4017565 
308.0000000 293.2718749 293.2053380 
309.0000000 293.0754563 293.0089194 
310.0000000 292.8790378 292.8125009 
311.0000000 292.6826192 292.6160823 
312.0000000 292.4862007 292.4196638 
313.0000000 292.2897821 292.2232452 
314.0000000 292.0933636 292.0268267 
315.0000000 291.8969450 291.8304081 
316.0000000 291.7005265 291.6339896 
317.0000000 291.5041079 291.4375710 
318.0000000 291.3076894 291.2411525 
319.0000000 291.1112708 291.0447339 
320.0000000 290.9148523 290.8483154 
321.0000000 290.7184337 290.6518968 
322.0000000 290.5220152 290.4554783 
323.0000000 290.3255966 290.2590597 
324.0000000 290.1291781 290.0626412 
325.0000000 289.9327595 289.8662226 
326.0000000 289.7363410 289.6698041 
327.0000000 289.5399224 289.4733855 
328.0000000 289.3435039 289.2769670 
329.0000000 289.1470853 289.0805484 
330.0000000 288.9506667 288.8841299 
331.0000000 288.7542482 288.6877113 
332.0000000 288.5578296 288.4912928 
333.0000000 288.3614111 288.2948742 
334.0000000 288.1649925 288.0984557 
335.0000000 287.9685740 287.9020371 
336.0000000 287.7721554 287.7056186 
337.0000000 287.5757369 287.5092000 
338.0000000 287.3793183 287.3127815 
339.0000000 287.1828998 287.1163629 
340.0000000 286.9864812 286.9199444 
341.0000000 286.7900627 286.7235258 
342.0000000 286.5936441 286.5271073 
343.0000000 286.3972256 286.3306887 
344.0000000 286.2008070 286.1342702 
345.0000000 286.0043885 285.9378516 
346.0000000 285.8079699 285.7414331 
347.0000000 285.6115514 285.5450145 
348.0000000 285.4151328 285.3485960 
349.0000000 285.2187143 285.1521774 
350.0000000 285.0222957 284.9557589 
351.0000000 284.8258772 284.7593403 
352.0000000 284.6294586 284.5629218 
353.0000000 284.4330401 284.3665032 
354.0000000 284.2366215 284.1700847 
355.0000000 284.0402030 283.9736661 
356.0000000 283.8437844 283.7772476 
357.0000000 283.6473659 283.5808290 
358.0000000 283.4509473 283.3844105 
359.0000000 283.2545288 283.1879919 
360.0000000 283.0581102 282.9915734 
361.0000000 282.8616917 282.7951548 
362.0000000 282.6652731 282.5987363 
363.0000000 282.4688546 282.4023177 
364.0000000 282.2724360 282.2058992 
365.0000000 282.0760175 282.0094806 
366.0000000 281.8795989 281.8130621 
367.0000000 281.6831804 281.6166435 
368.0000000 281.4867618 281.4202250 
369.0000000 281.2903433 281.2238064 
370.0000000 281.0939247 281.0273879 
371.0000000 280.8975062 280.8309693 
372.0000000 280.7010876 280.6345508 
373.0000000 280.5046691 280.4381322 
374.0000000 280.3082505 280.2417137 
375.0000000 280.1118320 280.0452951 
376.0000000 279.9154134 279.8488766 
377.0000000 279.7189949 279.6524580 
378.0000000 279.5225763 279.4560395 
379.0000000 279.3261578 279.2596209 
380.0000000 279.1297392 279.0632024 
381.0000000 278.9333207 278.8667838 
382.0000000 278.7369021 278.6703653 
383.0000000 278.5404836 278.4739467 
384.0000000 278.3440650 278.2775282 
385.0000000 278.1476465 278.0811096 
386.0000000 277.9512279 277.8846911 
387.0000000 277.7548094 277.6882725 
388.0000000 277.5583908 277.4918540 
389.0000000 277.3619723 277.2954354 
390.0000000 277.1655537 277.0990169 
391.0000000 276.9691352 276.9025983 
392.0000000 276.7727166 276.7061798 
393.0000000 276.5762981 276.5097612 
394.0000000 276.3798795 276.3133427 
395.0000000 276.1834610 276.1169241 
396.0000000 275.9870424 275.9205056 
397.0000000 275.7906239 275.7240870 
398.0000000 275.5942053 275.5276685 
399.0000000 275.3977868 275.3312499 
400.0000000 275.2013682 275.1348314 
401.0000000 275.0049497 274.9384128 
402.0000000 274.8085311 274.7419943 
403.0000000 274.6121126 274.5455757 
404.0000000 274.4156940 274.3491572 
405.0000000 274.2192755 274.1527386 
406.0000000 274.0228569 273.9563201 
407.0000000 273.8264384 273.7599015 
408.0000000 273.6300198 273.5634830 
409.0000000 273.4336013 273.3670644 
410.0000000 273.2371827 273.1706459 
411.0000000 273.0407642 272.9742273 
412.0000000 272.8443456 272.7778088 
413.0000000 272.6479271 272.5813902 
414.0000000 272.4515085 272.3849717 
415.0000000 272.2550900 272.1885531 
416.0000000 272.0586714 271.9921346 
417.0000000 271.8622529 271.7957160 
418.0000000 271.6658343 271.5992975 
419.0000000 271.4694158 271.4028789 
420.0000000 271.2729972 271.2064604 
421.0000000 271.0765787 271.0100418 
422.0000000 270.8801601 270.8136233 
423.0000000 270.6837416 270.6172047 
424.0000000 270.4873230 270.4207862 
425.0000000 270.2909045 270.2243676 
426.0000000 270.0944859 270.0279491 
427.0000000 269.8980674 269.8315305 
428.0000000 269.7016488 269.6351120 
429.0000000 269.5052303 269.4386934 
430.0000000 269.3088117 269.2422749 
431.0000000 269.1123932 269.0458563 
432.0000000 268.9159746 268.8494378 
433.0000000 268.7195561 268.6530192 
434.0000000 268.5231375 268.4566007 
435.0000000 268.3267190 268.2601821 
436.0000000 268.1303004 268.0637635 
437.0000000 267.9338819 267.8673450 
438.0000000 267.7374633 267.6709264 
439.0000000 267.5410448 267.4745079 
440.0000000 267.3446262 267.2780893 
441.0000000 267.1482077 267.0816708 
442.0000000 266.9517891 266.8852522 
443.0000000 266.7553706 266.6888337 
444.0000000 266.5589520 266.4924151 
445.0000000 266.3625335 266.2959966 
446.0000000 266.1661149 266.0995780 
447.0000000 265.9696964 265.9031595 
448.0000000 265.7732778 265.7067409 
449.0000000 265.5768593 265.5103224 
450.0000000 265.3804407 265.3139038 
451.0000000 265.1840222 265.1174853 
452.0000000 264.9876036 264.9210667 
453.0000000 264.7911851 264.7246482 
454.0000000 264.5947665 264.5282296 
455.0000000 264.3983480 264.3318111 
456.0000000 264.2019294 264.1353925 
457.0000000 264.0055109 263.9389740 
458.0000000 263.8090923 263.7425554 
459.0000000 263.6126738 263.5461369 
460.0000000 263.4162552 263.3497183 
461.0000000 263.2198367 263.1532998 
462.0000000 263.0234181 262.9568812 
463.0000000 262.8269996 262.7604627 
464.0000000 262.6305810 262.5640441 
465.0000000 262.4341625 262.3676256 
466.0000000 262.2377439 262.1712070 
467.0000000 262.0413254 261.9747885 
468.0000000 261.8449068 261.7783699 
469.0000000 261.6484883 261.5819514 
470.0000000 261.4520697 261.3855328 
471.0000000 261.2556512 261.1891143 
472.0000000 261.0592326 260.9926957 
473.0000000 260.8628141 260.7962772 
474.0000000 260.6663955 260.5998586 
475.0000000 260.4699770 260.4034401 
476.0000000 260.2735584 260.2070215 
477.0000000 260.0771399 260.0106030 
478.0000000 259.8807213 259.8141844 
479.0000000 259.6843028 259.6177659 
480.0000000 259.4878842 259.4213473 
481.0000000 259.2914656 259.2249288 
482.0000000 259.0950471 259.0285102 
483.0000000 258.8986285 258.8320917 
484.0000000 258.7022100 258.6356731 
485.0000000 258.5057914 258.4392546 
486.0000000 258.3093729 258.2428360 
487.0000000 258.1129543 258.0464175 
488.0000000 257.9165358 257.8499989 
489.0000000 257.7201172 257.6535804 
490.0000000 257.5236987 257.4571618 
491.0000000 257.3272801 257.2607433 
492.0000000 257.1308616 257.0643247 
493.0000000 256.9344430 256.8679062 
494.0000000 256.7380245 256.6714876 
495.0000000 256.5416059 256.4750691 
496.0000000 256.3451874 256.2786505 
497.0000000 256.1487688 256.0822320 
498.0000000 255.9523503 255.8858134 
499.0000000 255.7559317 255.6893949 
500.0000000 255.5595132 255.4929763 
501.0000000 255.3630946 255.2965578 
502.0000000 255.1666761 255.1001392 
503.0000000 254.9702575 254.9037207 
504.0000000 254.7738390 254.7073021 
505.0000000 254.5774204 254.5108836 
506.0000000 254.3810019 254.3144650 
507.0000000 254.1845833 254.1180465 
508.0000000 253.9881648 253.9216279 
509.0000000 253.7917462 253.7252094 
510.0000000 253.5953277 253.5287908 
511.0000000 253.3989091 253.3323723 
512.0000000 253.2024906 253.1359537 
513.0000000 253.0060720 252.9395352 
514.0000000 252.8096535 252.7431166 
515.0000000 252.6132349 252.5466981 
516.0000000 252.4168164 252.3502795 
517.0000000 252.2203978 252.1538610 
518.0000000 252.0239793 251.9574424 
519.0000000 251.8275607 251.7610239 
520.0000000 251.6311422 251.5646053 
521.0000000 251.4347236 251.3681868 
522.0000000 251.2383051 251.1717682 
523.0000000 251.0418865 250.9753497 
524.0000000 250.8454680 250.7789311 
525.0000000 250.6490494 250.5825126 
526.0000000 250.4526309 250.3860940 
527.0000000 250.2562123 250.1896755 
528.0000000 250.0597938 249.9932569 
529.0000000 249.8633752 249.7968384 
530.0000000 249.6669567 249.6004198 
531.0000000 249.4705381 249.4040013 
532.0000000 249.2741196 249.2075827 
533.0000000 249.0777010 249.0111642 
534.0000000 248.8812825 248.8147456 
535.0000000 248.6848639 248.6183271 
536.0000000 248.4884454 248.4219085 
537.0000000 248.2920268 248.2254900 
538.0000000 248.0956083 248.0290714 
539.0000000 247.8991897 247.8326529 
540.0000000 247.7027712 247.6362343 
541.0000000 247.5063526 247.4398158 
542.0000000 247.3099341 247.2433972 
543.0000000 247.1135155 247.0469787 
544.0000000 246.9170970 246.8505601 
545.0000000 246.7206784 246.6541416 
546.0000000 246.5242599 246.4577230 
547.0000000 246.3278413 246.2613045 
548.0000000 246.1314228 246.0648859 
549.0000000 245.9350042 245.8684674 
550.0000000 245.7385857 245.6720488 
551.0000000 245.5421671 245.4756303 
552.0000000 245.3457486 245.2792117 
553.0000000 245.1493300 245.0827932 
554.0000000 244.9529115 244.8863746 
555.0000000 244.7564929 244.6899561 
556.0000000 244.5600744 244.4935375 
557.0000000 244.3636558 244.2971190 
558.0000000 244.1672373 244.1007004 
559.0000000 243.9708187 243.9042819 
560.0000000 243.7744002 243.7078633 
561.0000000 243.5779816 243.5114448 
562.0000000 243.3815631 243.3150262 
563.0000000 243.1851445 243.1186077 
564.0000000 242.9887260 242.9221891 
565.0000000 242.7923074 242.7257706 
566.0000000 242.5958889 242.5293520 
567.0000000 242.3994703 242.3329335 
568.0000000 242.2030518 242.1365149 
569.0000000 242.0066332 241.9400964 
570.0000000 241.8102147 241.7436778 
571.0000000 241.6137961 241.5472593 
572.0000000 241.4173776 241.3508407 
573.0000000 241.2209590 241.1544222 
574.0000000 241.0245405 240.9580036 
575.0000000 240.8281219 240.7615851 
576.0000000 240.6317034 240.5651665 
577.0000000 240.4352848 240.3687480 
578.0000000 240.2388663 240.1723294 
579.0000000 240.0424477 239.9759109 
580.0000000 239.8460292 239.7794923 
581.0000000 239.6496106 239.5830738 
582.0000000 239.4531921 239.3866552 
583.0000000 239.2567735 239.1902367 
584.0000000 239.0603550 238.9938181 
585.0000000 238.8639364 238.7973996 
586.0000000 238.6675179 238.6009810 
587.0000000 238.4710993 238.4045624 
588.0000000 238.2746808 238.2081439 
589.0000000 238.0782622 238.0117253 
590.0000000 237.8818437 237.8153068 
591.0000000 237.6854251 237.6188882 
592.0000000 237.4890066 237.4224697 
593.0000000 237.2925880 237.2260511 
594.0000000 237.0961695 237.0296326 
595.0000000 236.8997509 236.8332140 
596.0000000 236.7033324 236.6367955 
597.0000000 236.5069138 236.4403769 
598.0000000 236.3104953 236.2439584 
599.0000000 236.1140767 236.0475398 
600.0000000 235.9176582 235.8511213 
601.0000000 235.7212396 235.6547027 
602.0000000 235.5248211 235.4582842 
603.0000000 235.3284025 235.2618656 
604.0000000 235.1319840 235.0654471 
605.0000000 234.9355654 234.8690285 
606.0000000 234.7391469 234.6726100 
607.0000000 234.5427283 234.4761914 
608.0000000 234.3463098 234.2797729 
609.0000000 234.1498912 234.0833543 
610.0000000 233.9534727 233.8869358 
611.0000000 233.7570541 233.6905172 
612.0000000 233.5606356 233.4940987 
613.0000000 233.3642170 233.2976801 
614.0000000 233.1677985 233.1012616 
615.0000000 232.9713799 232.9048430 
616.0000000 232.7749614 232.7084245 
617.0000000 232.5785428 232.5120059 
618.0000000 232.3821243 232.3155874 
619.0000000 232.1857057 232.1191688 
620.0000000 231.9892872 231.9227503 
621.0000000 231.7928686 231.7263317 
622.0000000 231.5964501 231.5299132 
623.0000000 231.4000315 231.3334946 
624.0000000 231.2036130 231.1370761 
625.0000000 231.0071944 230.9406575 
626.0000000 230.8107759 230.7442390 
627.0000000 230.6143573 230.5478204 
628.0000000 230.4179388 230.3514019 
629.0000000 230.2215202 230.1549833 
630.0000000 230.0251017 229.9585648 
631.0000000 229.8286831 229.7621462 
632.0000000 229.6322646 229.5657277 
633.0000000 229.4358460 229.3693091 
634.0000000 229.2394274 229.1728906 
635.0000000 229.0430089 228.9764720 
636.0000000 228.8465903 228.7800535 
637.0000000 228.6501718 228.5836349 
638.0000000 228.4537532 228.3872164 
639.0000000 228.2573347 228.1907978 
640.0000000 228.0609161 227.9943793 
641.0000000 227.8644976 227.7979607 
642.0000000 227.6680790 227.6015422 
643.0000000 227.4716605 227.4051236 
644.0000000 227.2752419 227.2087051 
645.0000000 227.0788234 227.0122865 
646.0000000 226.8824048 226.8158680 
647.0000000 226.6859863 226.6194494 
648.0000000 226.4895677 226.4230309 
649.0000000 226.2931492 226.2266123 
650.0000000 226.0967306 226.0301938 
651.0000000 225.9003121 225.8337752 
652.0000000 225.7038935 225.6373567 
653.0000000 225.5074750 225.4409381 
654.0000000 225.3110564 225.2445196 
655.0000000 225.1146379 225.0481010 
656.0000000 224.9182193 224.8516825 
657.0000000 224.7218008 224.6552639 
658.0000000 224.5253822 224.4588454 
659.0000000 224.3289637 224.2624268 
660.0000000 224.1325451 224.0660083 
661.0000000 223.9361266 223.8695897 
662.0000000 223.7397080 223.6731712 
663.0000000 223.5432895 223.4767526 
664.0000000 223.3468709 223.2803341 
665.0000000 223.1504524 223.0839155 
666.0000000 222.9540338 222.8874970 
667.0000000 222.7576153 222.6910784 
668.0000000 222.5611967 222.4946599 
669.0000000 222.3647782 222.2982413 
670.0000000 222.1683596 222.1018228 
671.0000000 221.9719411 221.9054042 
672.0000000 221.7755225 221.7089857 
673.0000000 221.5791040 221.5125671 
674.0000000 221.3826854 221.3161486 
675.0000000 221.1862669 221.1197300 
676.0000000 220.9898483 220.9233115 
677.0000000 220.7934298 220.7268929 
678.0000000 220.5970112 220.5304744 
679.0000000 220.4005927 220.3340558 
680.0000000 220.2041741 220.1376373 
681.0000000 220.0077556 219.9412187 
682.0000000 219.8113370 219.7448002 
683.0000000 219.6149185 219.5483816 
684.0000000 219.4184999 219.3519631 
685.0000000 219.2220814 219.1555445 
686.0000000 219.0256628 218.9591260 
687.0000000 218.8292443 218.7627074 
688.0000000 218.6328257 218.5662889 
689.0000000 218.4364072 218.3698703 
690.0000000 218.2399886 218.1734518 
691.0000000 218.0435701 217.9770332 
692.0000000 217.8471515 217.7806147 
693.0000000 217.6507330 217.5841961 
694.0000000 217.4543144 217.3877776 
695.0000000 217.2578959 217.1913590 
696.0000000 217.0614773 216.9949405 
697.0000000 216.8650588 216.7985219 
698.0000000 216.6686402 216.6021034 
699.0000000 216.4722217 216.4056848 
700.0000000 216.2758031 216.2092663 
701.0000000 216.0793846 216.0128477 
702.0000000 215.8829660 215.8164292 
703.0000000 215.6865475 215.6200106 
704.0000000 215.4901289 215.4235921 
705.0000000 215.2937104 215.2271735 
706.0000000 215.0972918 215.0307550 
707.0000000 214.9008733 214.8343364 
708.0000000 214.7044547 214.6379179 
709.0000000 214.5080362 214.4414993 
710.0000000 214.3116176 214.2450808 
711.0000000 214.1151991 214.0486622 
712.0000000 213.9187805 213.8522437 
713.0000000 213.7223620 213.6558251 
714.0000000 213.5259434 213.4594066 
715.0000000 213.3295249 213.2629880 
716.0000000 213.1331063 213.0665695 
717.0000000 212.9366878 212.8701509 
718.0000000 212.7402692 212.6737324 
719.0000000 212.5438507 212.4773138 
720.0000000 212.3474321 212.2808953 
721.0000000 212.1510136 212.0844767 
722.0000000 211.9545950 211.8880582 
723.0000000 211.7581765 211.6916396 
724.0000000 211.5617579 211.4952211 
725.0000000 211.3653394 211.2988025 
726.0000000 211.1689208 211.1023840 
727.0000000 210.9725023 210.9059654 
728.0000000 210.7760837 210.7095469 
729.0000000 210.5796652 210.5131283 
730.0000000 210.3832466 210.3167098 
731.0000000 210.1868281 210.1202912 
732.0000000 209.9904095 209.9238727 
733.0000000 209.7939910 209.7274541 
734.0000000 209.5975724 209.5310356 
735.0000000 209.4011539 209.3346170 
736.0000000 209.2047353 209.1381985 
737.0000000 209.0083168 208.9417799 
738.0000000 208.8118982 208.7453613 
739.0000000 208.6154797 208.5489428 
740.0000000 208.4190611 208.3525242 
741.0000000 208.2226426 208.1561057 
742.0000000 208.0262240 207.9596871 
743.0000000 207.8298055 207.7632686 
744.0000000 207.6333869 207.5668500 
745.0000000 207.4369684 207.3704315 
746.0000000 207.2405498 207.1740129 
747.0000000 207.0441313 206.9775944 
748.0000000 206.8477127 206.7811758 
749.0000000 206.6512942 206.5847573 
750.0000000 206.4548756 206.3883387 
751.0000000 206.2584571 206.1919202 
752.0000000 206.0620385 205.9955016 
753.0000000 205.8656200 205.7990831 
754.0000000 205.6692014 205.6026645 
755.0000000 205.4727829 205.4062460 
756.0000000 205.2763643 205.2098274 
757.0000000 205.0799458 205.0134089 
758.0000000 204.8835272 204.8169903 
759.0000000 204.6871087 204.6205718 
760.0000000 204.4906901 204.4241532 
761.0000000 204.2942716 204.2277347 
762.0000000 204.0978530 204.0313161 
763.0000000 203.9014345 203.8348976 
764.0000000 203.7050159 203.6384790 
765.0000000 203.5085974 203.4420605 
766.0000000 203.3121788 203.2456419 
767.0000000 203.1157603 203.0492234 
768.0000000 202.9193417 202.8528048 
769.0000000 202.7229232 202.6563863 
770.0000000 202.5265046 202.4599677 
771.0000000 202.3300861 202.2635492 
772.0000000 202.1336675 202.0671306 
773.0000000 201.9372490 201.8707121 
774.0000000 201.7408304 201.6742935 
775.0000000 201.5444119 201.4778750 
776.0000000 201.3479933 201.2814564 
777.0000000 201.1515748 201.0850379 
778.0000000 200.9551562 200.8886193 
779.0000000 200.7587377 200.6922008 
780.0000000 200.5623191 200.4957822 
781.0000000 200.3659006 200.2993637 
782.0000000 200.1694820 200.1029451 
783.0000000 199.9730635 199.9065266 
784.0000000 199.7766449 199.7101080 
785.0000000 199.5802263 199.5136895 
786.0000000 199.3838078 199.3172709 
787.0000000 199.1873892 199.1208524 
788.0000000 198.9909707 198.9244338 
789.0000000 198.7945521 198.7280153 
790.0000000 198.5981336 198.5315967 
791.0000000 198.4017150 198.3351782 
792.0000000 198.2052965 198.1387596 
793.0000000 198.0088779 197.9423411 
794.0000000 197.8124594 197.7459225 
795.0000000 197.6160408 197.5495040 
796.0000000 197.4196223 197.3530854 
797.0000000 197.2232037 197.1566669 
798.0000000 197.0267852 196.9602483 
799.0000000 196.8303666 196.7638298 
800.0000000 196.6339481 196.5674112 
801.0000000 196.4375295 196.3709927 
802.0000000 196.2411110 196.1745741 
803.0000000 196.0446924 195.9781556 
804.0000000 195.8482739 195.7817370 
805.0000000 195.6518553 195.5853185 
806.0000000 195.4554368 195.3888999 
807.0000000 195.2590182 195.1924814 
808.0000000 195.0625997 194.9960628 
809.0000000 194.8661811 194.7996443 
810.0000000 194.6697626 194.6032257 
811.0000000 194.4733440 194.4068072 
812.0000000 194.2769255 194.2103886 
813.0000000 194.0805069 194.0139701 
814.0000000 193.8840884 193.8175515 
815.0000000 193.6876698 193.6211330 
816.0000000 193.4912513 193.4247144 
817.0000000 193.2948327 193.2282959 
818.0000000 193.0984142 193.0318773 
819.0000000 192.9019956 192.8354588 
820.0000000 192.7055771 192.6390402 
821.0000000 192.5091585 192.4426217 
822.0000000 192.3127400 192.2462031 
823.0000000 192.1163214 192.0497846 
824.0000000 191.9199029 191.8533660 
825.0000000 191.7234843 191.6569475 
826.0000000 191.5270658 191.4605289 
827.0000000 191.3306472 191.2641104 
828.0000000 191.1342287 191.0676918 
829.0000000 190.9378101 190.8712733 
830.0000000 190.7413916 190.6748547 
831.0000000 190.5449730 190.4784362 
832.0000000 190.3485545 190.2820176 
833.0000000 190.1521359 190.0855991 
834.0000000 189.9557174 189.8891805 
835.0000000 189.7592988 189.6927620 
836.0000000 189.5628803 189.4963434 
837.0000000 189.3664617 189.2999249 
838.0000000 189.1700432 189.1035063 
839.0000000 188.9736246 188.9070878 
840.0000000 188.7772061 188.7106692 
841.0000000 188.5807875 188.5142507 
842.0000000 188.3843690 188.3178321 
843.0000000 188.1879504 188.1214136 
844.0000000 187.9915319 187.9249950 
845.0000000 187.7951133 187.7285765 
846.0000000 187.5986948 187.5321579 
847.0000000 187.4022762 187.3357394 
848.0000000 187.2058577 187.1393208 
849.0000000 187.0094391 186.9429023 
850.0000000 186.8130206 186.7464837 
851.0000000 186.6166020 186.5500652 
852.0000000 186.4201835 186.3536466 
853.0000000 186.2237649 186.1572281 
854.0000000 186.0273464 185.9608095 
855.0000000 185.8309278 185.7643910 
856.0000000 185.6345093 185.5679724 
857.0000000 185.4380907 185.3715539 
858.0000000 185.2416722 185.1751353 
859.0000000 185.0452536 184.9787168 
860.0000000 184.8488351 184.7822982 
861.0000000 184.6524165 184.5858797 
862.0000000 184.4559980 184.3894611 
863.0000000 184.2595794 184.1930426 
864.0000000 184.0631609 183.9966240 
865.0000000 183.8667423 183.8002055 
866.0000000 183.6703238 183.6037869 
867.0000000 183.4739052 183.4073684 
868.0000000 183.2774867 183.2109498 
869.0000000 183.0810681 183.0145313 
870.0000000 182.8846496 182.8181127 
871.0000000 182.6882310 182.6216942 
872.0000000 182.4918125 182.4252756 
873.0000000 182.2953939 182.2288571 
874.0000000 182.0989754 182.0324385 
875.0000000 181.9025568 181.8360200 
876.0000000 181.7061383 181.6396014 
877.0000000 181.5097197 181.4431829 
878.0000000 181.3133012 181.2467643 
879.0000000 181.1168826 181.0503458 
880.0000000 180.9204641 180.8539272 
881.0000000 180.7240455 180.6575087 
882.0000000 180.5276270 180.4610901 
883.0000000 180.3312084 180.2646716 
884.0000000 180.1347899 180.0682530 
885.0000000 179.9383713 179.8718345 
886.0000000 179.7419528 179.6754159 
887.0000000 179.5455342 179.4789974 
888.0000000 179.3491157 179.2825788 
889.0000000 179.1526971 179.0861603 
890.0000000 178.9562786 178.8897417 
891.0000000 178.7598600 178.6933231 
892.0000000 178.5634415 178.4969046 
893.0000000 178.3670229 178.3004860 
894.0000000 178.1706044 178.1040675 
895.0000000 177.9741858 177.9076489 
896.0000000 177.7777673 177.7112304 
897.0000000 177.5813487 177.5148118 
898.0000000 177.3849302 177.3183933 
899.0000000 177.1885116 177.1219747 
900.0000000 176.9920931 176.9255562 
901.0000000 176.7956745 176.7291376 
902.0000000 176.5992560 176.5327191 
903.0000000 176.4028374 176.3363005 
904.0000000 176.2064189 176.1398820 
905.0000000 176.0100003 175.9434634 
906.0000000 175.8135818 175.7470449 
907.0000000 175.6171632 175.5506263 
908.0000000 175.4207447 175.3542078 
909.0000000 175.2243261 175.1577892 
910.0000000 175.0279076 174.9613707 
911.0000000 174.8314890 174.7649521 
912.0000000 174.6350705 174.5685336 
913.0000000 174.4386519 174.3721150 
914.0000000 174.2422334 174.1756965 
915.0000000 174.0458148 173.9792779 
916.0000000 173.8493963 173.7828594 
917.0000000 173.6529777 173.5864408 
918.0000000 173.4565592 173.3900223 
919.0000000 173.2601406 173.1936037 
920.0000000 173.0637221 172.9971852 
921.0000000 172.8673035 172.8007666 
922.0000000 172.6708850 172.6043481 
923.0000000 172.4744664 172.4079295 
924.0000000 172.2780479 172.2115110 
925.0000000 172.0816293 172.0150924 
926.0000000 171.8852108 171.8186739 
927.0000000 171.6887922 171.6222553 
928.0000000 171.4923737 171.4258368 
929.0000000 171.2959551 171.2294182 
930.0000000 171.0995366 171.0329997 
931.0000000 170.9031180 170.8365811 
932.0000000 170.7066995 170.6401626 
933.0000000 170.5102809 170.4437440 
934.0000000 170.3138624 170.2473255 
935.0000000 170.1174438 170.0509069 
936.0000000 169.9210252 169.8544884 
937.0000000 169.7246067 169.6580698 
938.0000000 169.5281881 169.4616513 
939.0000000 169.3317696 169.2652327 
940.0000000 169.1353510 169.0688142 
941.0000000 168.9389325 168.8723956 
942.0000000 168.7425139 168.6759771 
943.0000000 168.5460954 168.4795585 
944.0000000 168.3496768 168.2831400 
945.0000000 168.1532583 168.0867214 
946.0000000 167.9568397 167.8903029 
947.0000000 167.7604212 167.6938843 
948.0000000 167.5640026 167.4974658 
949.0000000 167.3675841 167.3010472 
950.0000000 167.1711655 167.1046287 
951.0000000 166.9747470 166.9082101 
952.0000000 166.7783284 166.7117916 
953.0000000 166.5819099 166.5153730 
954.0000000 166.3854913 166.3189545 
955.0000000 166.1890728 166.1225359 
956.0000000 165.9926542 165.9261174 
957.0000000 165.7962357 165.7296988 
958.0000000 165.5998171 165.5332803 
959.0000000 165.4033986 165.3368617 
960.0000000 165.2069800 165.1404432 
961.0000000 165.0105615 164.9440246 
962.0000000 164.8141429 164.7476061 
963.0000000 164.6177244 164.5511875 
964.0000000 164.4213058 164.3547690 
965.0000000 164.2248873 164.1583504 
966.0000000 164.0284687 163.9619319 
967.0000000 163.8320502 163.7655133 
968.0000000 163.6356316 163.5690948 
969.0000000 163.4392131 163.3726762 
970.0000000 163.2427945 163.1762577 
971.0000000 163.0463760 162.9798391 
972.0000000 162.8499574 162.7834206 
973.0000000 162.6535389 162.5870020 
974.0000000 162.4571203 162.3905835 
975.0000000 162.2607018 162.1941649 
976.0000000 162.0642832 161.9977464 
977.0000000 161.8678647 161.8013278 
978.0000000 161.6714461 161.6049093 
979.0000000 161.4750276 161.4084907 
980.0000000 161.2786090 161.2120722 
981.0000000 161.0821905 161.0156536 
982.0000000 160.8857719 160.8192351 
983.0000000 160.6893534 160.6228165 
984.0000000 160.4929348 160.4263980 
985.0000000 160.2965163 160.2299794 
986.0000000 160.1000977 160.0335609 
987.0000000 159.9036792 159.8371423 
988.0000000 159.7072606 159.6407238 
989.0000000 159.5108421 159.4443052 
990.0000000 159.3144235 159.2478867 
991.0000000 159.1180050 159.0514681 
992.0000000 158.9215864 158.8550496 
993.0000000 158.7251679 158.6586310 
994.0000000 158.5287493 158.4622125 
995.0000000 158.3323308 158.2657939 
996.0000000 158.1359122 158.0693754 
997.0000000 157.9394937 157.8729568 
998.0000000 157.7430751 157.6765383 
999.0000000 157.5466566 157.4801197 
1000.0000000 157.3502380 157.2837012 
1001.0000000 157.1538195 157.0872826 
1002.0000000 156.9574009 156.8908641 
1003.0000000 156.7609824 156.6944455 
1004.0000000 156.5645638 156.4980270 
1005.0000000 156.3681453 156.3016084 
1006.0000000 156.1717267 156.1051899 
1007.0000000 155.9753082 155.9087713 
1008.0000000 155.7788896 155.7123528 
1009.0000000 155.5824711 155.5159342 
1010.0000000 155.3860525 155.3195157 
1011.0000000 155.1896340 155.1230971 
1012.0000000 154.9932154 154.9266786 
1013.0000000 154.7967969 154.7302600 
1014.0000000 154.6003783 154.5338415 
1015.0000000 154.4039598 154.3374229 
1016.0000000 154.2075412 154.1410044 
1017.0000000 154.0111227 153.9445858 
1018.0000000 153.8147041 153.7481673 
1019.0000000 153.6182856 153.5517487 
1020.0000000 153.4218670 153.3553302 
1021.0000000 153.2254485 153.1589116 
1022.0000000 153.0290299 152.9624931 
1023.0000000 152.8326114 152.7660745 
1024.0000000 152.6361928 152.5696560 
1025.0000000 152.4397743 152.3732374 
1026.0000000 152.2433557 152.1768189 
1027.0000000 152.0469372 151.9804003 
1028.0000000 151.8505186 151.7839818 
1029.0000000 151.6541001 151.5875632 
1030.0000000 151.4576815 151.3911447 
1031.0000000 151.2612630 151.1947261 
1032.0000000 151.0648444 150.9983076 
1033.0000000 150.8684259 150.8018890 
1034.0000000 150.6720073 150.6054705 
1035.0000000 150.4755888 150.4090519 
1036.0000000 150.2791702 150.2126334 
1037.0000000 150.0827517 150.0162148 
1038.0000000 149.8863331 149.8197963 
1039.0000000 149.6899146 149.6233777 
1040.0000000 149.4934960 149.4269592 
1041.0000000 149.2970775 149.2305406 
1042.0000000 149.1006589 149.0341220 
1043.0000000 148.9042404 148.8377035 
1044.0000000 148.7078218 148.6412849 
1045.0000000 148.5114033 148.4448664 
1046.0000000 148.3149847 148.2484478 
1047.0000000 148.1185662 148.0520293 
1048.0000000 147.9221476 147.8556107 
1049.0000000 147.7257291 147.6591922 
1050.0000000 147.5293105 147.4627736 
1051.0000000 147.3328920 147.2663551 
1052.0000000 147.1364734 147.0699365 
1053.0000000 146.9400549 146.8735180 
1054.0000000 146.7436363 146.6770994 
1055.0000000 146.5472178 146.4806809 
1056.0000000 146.3507992 146.2842623 
1057.0000000 146.1543807 146.0878438 
1058.0000000 145.9579621 145.8914252 
1059.0000000 145.7615436 145.6950067 
1060.0000000 145.5651250 145.4985881 
1061.0000000 145.3687065 145.3021696 
1062.0000000 145.1722879 145.1057510 
1063.0000000 144.9758694 144.9093325 
1064.0000000 144.7794508 144.7129139 
1065.0000000 144.5830323 144.5164954 
1066.0000000 144.3866137 144.3200768 
1067.0000000 144.1901952 144.1236583 
1068.0000000 143.9937766 143.9272397 
1069.0000000 143.7973581 143.7308212 
1070.0000000 143.6009395 143.5344026 
1071.0000000 143.4045210 143.3379841 
1072.0000000 143.2081024 143.1415655 
1073.0000000 143.0116839 142.9451470 
1074.0000000 142.8152653 142.7487284 
1075.0000000 142.6188468 142.5523099 
1076.0000000 142.4224282 142.3558913 
1077.0000000 142.2260097 142.1594728 
1078.0000000 142.0295911 141.9630542 
1079.0000000 141.8331726 141.7666357 
1080.0000000 141.6367540 141.5702171 
1081.0000000 141.4403355 141.3737986 
1082.0000000 141.2439169 141.1773800 
1083.0000000 141.0474984 140.9809615 
1084.0000000 140.8510798 140.7845429 
1085.0000000 140.6546613 140.5881244 
1086.0000000 140.4582427 140.3917058 
1087.0000000 140.2618242 140.1952873 
1088.0000000 140.0654056 139.9988687 
1089.0000000 139.8689870 139.8024502 
1090.0000000 139.6725685 139.6060316 
1091.0000000 139.4761499 139.4096131 
1092.0000000 139.2797314 139.2131945 
1093.0000000 139.0833128 139.0167760 
1094.0000000 138.8868943 138.8203574 
1095.0000000 138.6904757 138.6239389 
1096.0000000 138.4940572 138.4275203 
1097.0000000 138.2976386 138.2311018 
1098.0000000 138.1012201 138.0346832 
1099.0000000 137.9048015 137.8382647 
1100.0000000 137.7083830 137.6418461 
1101.0000000 137.5119644 137.4454276 
1102.0000000 137.3155459 137.2490090 
1103.0000000 137.1191273 137.0525905 
1104.0000000 136.9227088 136.8561719 
1105.0000000 136.7262902 136.6597534 
1106.0000000 136.5298717 136.4633348 
1107.0000000 136.3334531 136.2669163 
1108.0000000 136.1370346 136.0704977 
1109.0000000 135.9406160 135.8740792 
1110.0000000 135.7441975 135.6776606 
1111.0000000 135.5477789 135.4812421 
1112.0000000 135.3513604 135.2848235 
1113.0000000 135.1549418 135.0884050 
1114.0000000 134.9585233 134.8919864 
1115.0000000 134.7621047 134.6955679 
1116.0000000 134.5656862 134.4991493 
1117.0000000 134.3692676 134.3027308 
1118.0000000 134.1728491 134.1063122 
1119.0000000 133.9764305 133.9098937 
1120.0000000 133.7800120 133.7134751 
1121.0000000 133.5835934 133.5170566 
1122.0000000 133.3871749 133.3206380 
1123.0000000 133.1907563 133.1242195 
1124.0000000 132.9943378 132.9278009 
1125.0000000 132.7979192 132.7313824 
1126.0000000 132.6015007 132.5349638 
1127.0000000 132.4050821 132.3385453 
1128.0000000 132.2086636 132.1421267 
1129.0000000 132.0122450 131.9457082 
1130.0000000 131.8158265 131.7492896 
1131.0000000 131.6194079 131.5528711 
1132.0000000 131.4229894 131.3564525 
1133.0000000 131.2265708 131.1600340 
1134.0000000 131.0301523 130.9636154 
1135.0000000 130.8337337 130.7671969 
1136.0000000 130.6373152 130.5707783 
1137.0000000 130.4408966 130.3743598 
1138.0000000 130.2444781 130.1779412 
1139.0000000 130.0480595 129.9815227 
1140.0000000 129.8516410 129.7851041 
1141.0000000 129.6552224 129.5886856 
1142.0000000 129.4588039 129.3922670 
1143.0000000 129.2623853 129.1958485 
1144.0000000 129.0659668 128.9994299 
1145.0000000 128.8695482 128.8030114 
1146.0000000 128.6731297 128.6065928 
1147.0000000 128.4767111 128.4101743 
1148.0000000 128.2802926 128.2137557 
1149.0000000 128.0838740 128.0173372 
1150.0000000 127.8874555 127.8209186 
1151.0000000 127.6910369 127.6245001 
1152.0000000 127.4946184 127.4280815 
1153.0000000 127.2981998 127.2316630 
1154.0000000 127.1017813 127.0352444 
1155.0000000 126.9053627 126.8388259 
1156.0000000 126.7089442 126.6424073 
1157.0000000 126.5125256 126.4459888 
1158.0000000 126.3161071 126.2495702 
1159.0000000 126.1196885 126.0531517 
1160.0000000 125.9232700 125.8567331 
1161.0000000 125.7268514 125.6603146 
1162.0000000 125.5304329 125.4638960 
1163.0000000 125.3340143 125.2674775 
1164.0000000 125.1375958 125.0710589 
1165.0000000 124.9411772 124.8746404 
1166.0000000 124.7447587 124.6782218 
1167.0000000 124.5483401 124.4818033 
1168.0000000 124.3519216 124.2853847 
1169.0000000 124.1555030 124.0889662 
1170.0000000 123.9590845 123.8925476 
1171.0000000 123.7626659 123.6961291 
1172.0000000 123.5662474 123.4997105 
1173.0000000 123.3698288 123.3032920 
1174.0000000 123.1734103 123.1068734 
1175.0000000 122.9769917 122.9104549 
1176.0000000 122.7805732 122.7140363 
1177.0000000 122.5841546 122.5176178 
1178.0000000 122.3877361 122.3211992 
1179.0000000 122.1913175 122.1247807 
1180.0000000 121.9948990 121.9283621 
1181.0000000 121.7984804 121.7319436 
1182.0000000 121.6020619 121.5355250 
1183.0000000 121.4056433 121.3391065 
1184.0000000 121.2092248 121.1426879 
1185.0000000 121.0128062 120.9462694 
1186.0000000 120.8163877 120.7498508 
1187.0000000 120.6199691 120.5534323 
1188.0000000 120.4235506 120.3570137 
1189.0000000 120.2271320 120.1605952 
1190.0000000 120.0307135 119.9641766 
1191.0000000 119.8342949 119.7677581 
1192.0000000 119.6378764 119.5713395 
1193.0000000 119.4414578 119.3749209 
1194.0000000 119.2450393 119.1785024 
1195.0000000 119.0486207 118.9820838 
1196.0000000 118.8522022 118.7856653 
1197.0000000 118.6557836 118.5892467 
1198.0000000 118.4593651 118.3928282 
1199.0000000 118.2629465 118.1964096 
1200.0000000 118.0665280 117.9999911 
1201.0000000 117.8701094 117.8035725 
1202.0000000 117.6736909 117.6071540 
1203.0000000 117.4772723 117.4107354 
1204.0000000 117.2808538 117.2143169 
1205.0000000 117.0844352 117.0178983 
1206.0000000 116.8880167 116.8214798 
1207.0000000 116.6915981 116.6250612 
1208.0000000 116.4951796 116.4286427 
1209.0000000 116.2987610 116.2322241 
1210.0000000 116.1023425 116.0358056 
1211.0000000 115.9059239 115.8393870 
1212.0000000 115.7095054 115.6429685 
1213.0000000 115.5130868 115.4465499 
1214.0000000 115.3166683 115.2501314 
1215.0000000 115.1202497 115.0537128 
1216.0000000 114.9238312 114.8572943 
1217.0000000 114.7274126 114.6608757 
1218.0000000 114.5309941 114.4644572 
1219.0000000 114.3345755 114.2680386 
1220.0000000 114.1381570 114.0716201 
1221.0000000 113.9417384 113.8752015 
1222.0000000 113.7453199 113.6787830 
1223.0000000 113.5489013 113.4823644 
1224.0000000 113.3524828 113.2859459 
1225.0000000 113.1560642 113.0895273 
1226.0000000 112.9596457 112.8931088 
1227.0000000 112.7632271 112.6966902 
1228.0000000 112.5668086 112.5002717 
1229.0000000 112.3703900 112.3038531 
1230.0000000 112.1739715 112.1074346 
1231.0000000 111.9775529 111.9110160 
1232.0000000 111.7811344 111.7145975 
1233.0000000 111.5847158 111.5181789 
1234.0000000 111.3882973 111.3217604 
1235.0000000 111.1918787 111.1253418 
1236.0000000 110.9954602 110.9289233 
1237.0000000 110.7990416 110.7325047 
1238.0000000 110.6026231 110.5360862 
1239.0000000 110.4062045 110.3396676 
1240.0000000 110.2097859 110.1432491 
1241.0000000 110.0133674 109.9468305 
1242.0000000 109.8169488 109.7504120 
1243.0000000 109.6205303 109.5539934 
1244.0000000 109.4241117 109.3575749 
1245.0000000 109.2276932 109.1611563 
1246.0000000 109.0312746 108.9647378 
1247.0000000 108.8348561 108.7683192 
1248.0000000 108.6384375 108.5719007 
1249.0000000 108.4420190 108.3754821 
1250.0000000 108.2456004 108.1790636 
1251.0000000 108.0491819 107.9826450 
1252.0000000 107.8527633 107.7862265 
1253.0000000 107.6563448 107.5898079 
1254.0000000 107.4599262 107.3933894 
1255.0000000 107.2635077 107.1969708 
1256.0000000 107.0670891 107.0005523 
1257.0000000 106.8706706 106.8041337 
1258.0000000 106.6742520 106.6077152 
1259.0000000 106.4778335 106.4112966 
1260.0000000 106.2814149 106.2148781 
1261.0000000 106.0849964 106.0184595 
1262.0000000 105.8885778 105.8220410 
1263.0000000 105.6921593 105.6256224 
1264.0000000 105.4957407 105.4292039 
1265.0000000 105.2993222 105.2327853 
1266.0000000 105.1029036 105.0363668 
1267.0000000 104.9064851 104.8399482 
1268.0000000 104.7100665 104.6435297 
1269.0000000 104.5136480 104.4471111 
1270.0000000 104.3172294 104.2506926 
1271.0000000 104.1208109 104.0542740 
1272.0000000 103.9243923 103.8578555 
1273.0000000 103.7279738 103.6614369 
1274.0000000 103.5315552 103.4650184 
1275.0000000 103.3351367 103.2685998 
1276.0000000 103.1387181 103.0721813 
1277.0000000 102.9422996 102.8757627 
1278.0000000 102.7458810 102.6793442 
1279.0000000 102.5494625 102.4829256 
1280.0000000 102.3530439 102.2865071 
1281.0000000 102.1566254 102.0900885 
1282.0000000 101.9602068 101.8936700 
1283.0000000 101.7637883 101.6972514 
1284.0000000 101.5673697 101.5008329 
1285.0000000 101.3709512 101.3044143 
1286.0000000 101.1745326 101.1079958 
1287.0000000 100.9781141 100.9115772 
1288.0000000 100.7816955 100.7151587 
1289.0000000 100.5852770 100.5187401 
1290.0000000 100.3888584 100.3223216 
1291.0000000 100.1924399 100.1259030 
1292.0000000 99.9960213 99.9294845 
1293.0000000 99.7996028 99.7330659 
1294.0000000 99.6031842 99.5366474 
1295.0000000 99.4067657 99.3402288 
1296.0000000 99.2103471 99.1438103 
1297.0000000 99.0139286 98.9473917 
1298.0000000 98.8175100 98.7509732 
1299.0000000 98.6210915 98.5545546 
1300.0000000 98.4246729 98.3581361 
1301.0000000 98.2282544 98.1617175 
1302.0000000 98.0318358 97.9652990 
1303.0000000 97.8354173 97.7688804 
1304.0000000 97.6389987 97.5724619 
1305.0000000 97.4425802 97.3760433 
1306.0000000 97.2461616 97.1796248 
1307.0000000 97.0497431 96.9832062 
1308.0000000 96.8533245 96.7867877 
1309.0000000 96.6569060 96.5903691 
1310.0000000 96.4604874 96.3939506 
1311.0000000 96.2640689 96.1975320 
1312.0000000 96.0676503 96.0011135 
1313.0000000 95.8712318 95.8046949 
1314.0000000 95.6748132 95.6082764 
1315.0000000 95.4783947 95.4118578 
1316.0000000 95.2819761 95.2154393 
1317.0000000 95.0855576 95.0190207 
1318.0000000 94.8891390 94.8226022 
1319.0000000 94.6927205 94.6261836 
1320.0000000 94.4963019 94.4297651 
1321.0000000 94.2998834 94.2333465 
1322.0000000 94.1034648 94.0369280 
1323.0000000 93.9070463 93.8405094 
1324.0000000 93.7106277 93.6440909 
1325.0000000 93.5142092 93.4476723 
1326.0000000 93.3177906 93.2512538 
1327.0000000 93.1213721 93.0548352 
1328.0000000 92.9249535 92.8584167 
1329.0000000 92.7285350 92.6619981 
1330.0000000 92.5321164 92.4655796 
1331.0000000 92.3356979 92.2691610 
1332.0000000 92.1392793 92.0727425 
1333.0000000 91.9428608 91.8763239 
1334.0000000 91.7464422 91.6799054 
1335.0000000 91.5500237 91.4834868 
1336.0000000 91.3536051 91.2870683 
1337.0000000 91.1571866 91.0906497 
1338.0000000 90.9607680 90.8942312 
1339.0000000 90.7643495 90.6978126 
1340.0000000 90.5679309 90.5013941 
1341.0000000 90.3715124 90.3049755 
1342.0000000 90.1750938 90.1085570 
1343.0000000 89.9786753 89.9121384 
1344.0000000 89.7822567 89.7157199 
1345.0000000 89.5858382 89.5193013 
1346.0000000 89.3894196 89.3228827 
1347.0000000 89.1930011 89.1264642 
1348.0000000 88.9965825 88.9300456 
1349.0000000 88.8001640 88.7336271 
1350.0000000 88.6037454 88.5372085 
1351.0000000 88.4073269 88.3407900 
1352.0000000 88.2109083 88.1443714 
1353.0000000 88.0144898 87.9479529 
1354.0000000 87.8180712 87.7515343 
1355.0000000 87.6216527 87.5551158 
1356.0000000 87.4252341 87.3586972 
1357.0000000 87.2288156 87.1622787 
1358.0000000 87.0323970 86.9658601 
1359.0000000 86.8359785 86.7694416 
1360.0000000 86.6395599 86.5730230 
1361.0000000 86.4431414 86.3766045 
1362.0000000 86.2467228 86.1801859 
1363.0000000 86.0503043 85.9837674 
1364.0000000 85.8538857 85.7873488 
1365.0000000 85.6574672 85.5909303 
1366.0000000 85.4610486 85.3945117 
1367.0000000 85.2646301 85.1980932 
1368.0000000 85.0682115 85.0016746 
1369.0000000 84.8717930 84.8052561 
1370.0000000 84.6753744 84.6088375 
1371.0000000 84.4789559 84.4124190 
1372.0000000 84.2825373 84.2160004 
1373.0000000 84.0861188 84.0195819 
1374.0000000 83.8897002 83.8231633 
1375.0000000 83.6932817 83.6267448 
1376.0000000 83.4968631 83.4303262 
1377.0000000 83.3004446 83.2339077 
1378.0000000 83.1040260 83.0374891 
1379.0000000 82.9076075 82.8410706 
1380.0000000 82.7111889 82.6446520 
1381.0000000 82.5147704 82.4482335 
1382.0000000 82.3183518 82.2518149 
1383.0000000 82.1219333 82.0553964 
1384.0000000 81.9255147 81.8589778 
1385.0000000 81.7290962 81.6625593 
1386.0000000 81.5326776 81.4661407 
1387.0000000 81.3362591 81.2697222 
1388.0000000 81.1398405 81.0733036 
1389.0000000 80.9434220 80.8768851 
1390.0000000 80.7470034 80.6804665 
1391.0000000 80.5505848 80.4840480 
1392.0000000 80.3541663 80.2876294 
1393.0000000 80.1577477 80.0912109 
1394.0000000 79.9613292 79.8947923 
1395.0000000 79.7649106 79.6983738 
1396.0000000 79.5684921 79.5019552 
1397.0000000 79.3720735 79.3055367 
1398.0000000 79.1756550 79.1091181 
1399.0000000 78.9792364 78.9126996 
1400.0000000 78.7828179 78.7162810 
1401.0000000 78.5863993 78.5198625 
1402.0000000 78.3899808 78.3234439 
1403.0000000 78.1935622 78.1270254 
1404.0000000 77.9971437 77.9306068 
1405.0000000 77.8007251 77.7341883 
1406.0000000 77.6043066 77.5377697 
1407.0000000 77.4078880 77.3413512 
1408.0000000 77.2114695 77.1449326 
1409.0000000 77.0150509 76.9485141 
1410.0000000 76.8186324 76.7520955 
1411.0000000 76.6222138 76.5556770 
1412.0000000 76.4257953 76.3592584 
1413.0000000 76.2293767 76.1628399 
1414.0000000 76.0329582 75.9664213 
1415.0000000 75.8365396 75.7700028 
1416.0000000 75.6401211 75.5735842 
1417.0000000 75.4437025 75.3771657 
1418.0000000 75.2472840 75.1807471 
1419.0000000 75.0508654 74.9843286 
1420.0000000 74.8544469 74.7879100 
1421.0000000 74.6580283 74.5914915 
1422.0000000 74.4616098 74.3950729 
1423.0000000 74.2651912 74.1986544 
1424.0000000 74.0687727 74.0022358 
1425.0000000 73.8723541 73.8058173 
1426.0000000 73.6759356 73.6093987 
1427.0000000 73.4795170 73.4129802 
1428.0000000 73.2830985 73.2165616 
1429.0000000 73.0866799 73.0201431 
1430.0000000 72.8902614 72.8237245 
1431.0000000 72.6938428 72.6273060 
1432.0000000 72.4974243 72.4308874 
1433.0000000 72.3010057 72.2344689 
1434.0000000 72.1045872 72.0380503 
1435.0000000 71.9081686 71.8416318 
1436.0000000 71.7117501 71.6452132 
1437.0000000 71.5153315 71.4487947 
1438.0000000 71.3189130 71.2523761 
1439.0000000 71.1224944 71.0559576 
1440.0000000 70.9260759 70.8595390 
1441.0000000 70.7296573 70.6631205 
1442.0000000 70.5332388 70.4667019 
1443.0000000 70.3368202 70.2702834 
1444.0000000 70.1404017 70.0738648 
1445.0000000 69.9439831 69.8774463 
1446.0000000 69.7475646 69.6810277 
1447.0000000 69.5511460 69.4846092 
1448.0000000 69.3547275 69.2881906 
1449.0000000 69.1583089 69.0917721 
1450.0000000 68.9618904 68.8953535 
1451.0000000 68.7654718 68.6989350 
1452.0000000 68.5690533 68.5025164 
1453.0000000 68.3726347 68.3060979 
1454.0000000 68.1762162 68.1096793 
1455.0000000 67.9797976 67.9132608 
1456.0000000 67.7833791 67.7168422 
1457.0000000 67.5869605 67.5204237 
1458.0000000 67.3905420 67.3240051 
1459.0000000 67.1941234 67.1275866 
1460.0000000 66.9977049 66.9311680 
1461.0000000 66.8012863 66.7347495 
1462.0000000 66.6048678 66.5383309 
1463.0000000 66.4084492 66.3419124 
1464.0000000 66.2120307 66.1454938 
1465.0000000 66.0156121 65.9490753 
1466.0000000 65.8191936 65.7526567 
1467.0000000 65.6227750 65.5562382 
1468.0000000 65.4263565 65.3598196 
1469.0000000 65.2299379 65.1634011 
1470.0000000 65.0335194 64.9669825 
1471.0000000 64.8371008 64.7705640 
1472.0000000 64.6406823 64.5741454 
1473.0000000 64.4442637 64.3777269 
1474.0000000 64.2478452 64.1813083 
1475.0000000 64.0514266 63.9848898 
1476.0000000 63.8550081 63.7884712 
1477.0000000 63.6585895 63.5920527 
1478.0000000 63.4621710 63.3956341 
1479.0000000 63.2657524 63.1992156 
1480.0000000 63.0693339 63.0027970 
1481.0000000 62.8729153 62.8063785 
1482.0000000 62.6764968 62.6099599 
1483.0000000 62.4800782 62.4135414 
1484.0000000 62.2836597 62.2171228 
1485.0000000 62.0872411 62.0207043 
1486.0000000 61.8908226 61.8242857 
1487.0000000 61.6944040 61.6278672 
1488.0000000 61.4979855 61.4314486 
1489.0000000 61.3015669 61.2350301 
1490.0000000 61.1051484 61.0386115 
1491.0000000 60.9087298 60.8421930 
1492.0000000 60.7123113 60.6457744 
1493.0000000 60.5158927 60.4493559 
1494.0000000 60.3194742 60.2529373 
1495.0000000 60.1230556 60.0565188 
1496.0000000 59.9266371 59.8601002 
1497.0000000 59.7302185 59.6636816 
1498.0000000 59.5338000 59.4672631 
1499.0000000 59.3373814 59.2708445 
1500.0000000 59.1409629 59.0744260 
1501.0000000 58.9445443 58.8780074 
1502.0000000 58.7481258 58.6815889 
1503.0000000 58.5517072 58.4851703 
1504.0000000 58.3552887 58.2887518 
1505.0000000 58.1588701 58.0923332 
1506.0000000 57.9624516 57.8959147 
1507.0000000 57.7660330 57.6994961 
1508.0000000 57.5696145 57.5030776 
1509.0000000 57.3731959 57.3066590 
1510.0000000 57.1767774 57.1102405 
1511.0000000 56.9803588 56.9138219 
1512.0000000 56.7839403 56.7174034 
1513.0000000 56.5875217 56.5209848 
1514.0000000 56.3911032 56.3245663 
1515.0000000 56.1946846 56.1281477 
1516.0000000 55.9982661 55.9317292 
1517.0000000 55.8018475 55.7353106 
1518.0000000 55.6054290 55.5388921 
1519.0000000 55.4090104 55.3424735 
1520.0000000 55.2125919 55.1460550 
1521.0000000 55.0161733 54.9496364 
1522.0000000 54.8197548 54.7532179 
1523.0000000 54.6233362 54.5567993 
1524.0000000 54.4269177 54.3603808 
1525.0000000 54.2304991 54.1639622 
1526.0000000 54.0340806 53.9675437 
1527.0000000 53.8376620 53.7711251 
1528.0000000 53.6412435 53.5747066 
1529.0000000 53.4448249 53.3782880 
1530.0000000 53.2484064 53.1818695 
1531.0000000 53.0519878 52.9854509 
1532.0000000 52.8555693 52.7890324 
1533.0000000 52.6591507 52.5926138 
1534.0000000 52.4627322 52.3961953 
1535.0000000 52.2663136 52.1997767 
1536.0000000 52.0698951 52.0033582 
1537.0000000 51.8734765 51.8069396 
1538.0000000 51.6770580 51.6105211 
1539.0000000 51.4806394 51.4141025 
1540.0000000 51.2842209 51.2176840 
1541.0000000 51.0878023 51.0212654 
1542.0000000 50.8913838 50.8248469 
1543.0000000 50.6949652 50.6284283 
1544.0000000 50.4985466 50.4320098 
1545.0000000 50.3021281 50.2355912 
1546.0000000 50.1057095 50.0391727 
1547.0000000 49.9092910 49.8427541 
1548.0000000 49.7128724 49.6463356 
1549.0000000 49.5164539 49.4499170 
1550.0000000 49.3200353 49.2534985 
1551.0000000 49.1236168 49.0570799 
1552.0000000 48.9271982 48.8606614 
1553.0000000 48.7307797 48.6642428 
1554.0000000 48.5343611 48.4678243 
1555.0000000 48.3379426 48.2714057 
1556.0000000 48.1415240 48.0749872 
1557.0000000 47.9451055 47.8785686 
1558.0000000 47.7486869 47.6821501 
1559.0000000 47.5522684 47.4857315 
1560.0000000 47.3558498 47.2893130 
1561.0000000 47.1594313 47.0928944 
1562.0000000 46.9630127 46.8964759 
1563.0000000 46.7665942 46.7000573 
1564.0000000 46.5701756 46.5036388 
1565.0000000 46.3737571 46.3072202 
1566.0000000 46.1773385 46.1108017 
1567.0000000 45.9809200 45.9143831 
1568.0000000 45.7845014 45.7179646 
1569.0000000 45.5880829 45.5215460 
1570.0000000 45.3916643 45.3251275 
1571.0000000 45.1952458 45.1287089 
1572.0000000 44.9988272 44.9322904 
1573.0000000 44.8024087 44.7358718 
1574.0000000 44.6059901 44.5394533 
1575.0000000 44.4095716 44.3430347 
1576.0000000 44.2131530 44.1466162 
1577.0000000 44.0167345 43.9501976 
1578.0000000 43.8203159 43.7537791 
1579.0000000 43.6238974 43.5573605 
1580.0000000 43.4274788 43.3609420 
1581.0000000 43.2310603 43.1645234 
1582.0000000 43.0346417 42.9681049 
1583.0000000 42.8382232 42.7716863 
1584.0000000 42.6418046 42.5752678 
1585.0000000 42.4453861 42.3788492 
1586.0000000 42.2489675 42.1824307 
1587.0000000 42.0525490 41.9860121 
1588.0000000 41.8561304 41.7895936 
1589.0000000 41.6597119 41.5931750 
1590.0000000 41.4632933 41.3967565 
1591.0000000 41.2668748 41.2003379 
1592.0000000 41.0704562 41.0039194 
1593.0000000 40.8740377 40.8075008 
1594.0000000 40.6776191 40.6110823 
1595.0000000 40.4812006 40.4146637 
1596.0000000 40.2847820 40.2182452 
1597.0000000 40.0883635 40.0218266 
1598.0000000 39.8919449 39.8254081 
1599.0000000 39.6955264 39.6289895 
1600.0000000 39.4991078 39.4325710 
1601.0000000 39.3026893 39.2361524 
1602.0000000 39.1062707 39.0397339 
1603.0000000 38.9098522 38.8433153 
1604.0000000 38.7134336 38.6468968 
1605.0000000 38.5170151 38.4504782 
1606.0000000 38.3205965 38.2540597 
1607.0000000 38.1241780 38.0576411 
1608.0000000 37.9277594 37.8612226 
1609.0000000 37.7313409 37.6648040 
1610.0000000 37.5349223 37.4683855 
1611.0000000 37.3385038 37.2719669 
1612.0000000 37.1420852 37.0755484 
1613.0000000 36.9456667 36.8791298 
1614.0000000 36.7492481 36.6827113 
1615.0000000 36.5528296 36.4862927 
1616.0000000 36.3564110 36.2898742 
1617.0000000 36.1599925 36.0934556 
1618.0000000 35.9635739 35.8970371 
1619.0000000 35.7671554 35.7006185 
1620.0000000 35.5707368 35.5042000 
1621.0000000 35.3743183 35.3077814 
1622.0000000 35.1778997 35.1113629 
1623.0000000 34.9814812 34.9149443 
1624.0000000 34.7850626 34.7185258 
1625.0000000 34.5886441 34.5221072 
1626.0000000 34.3922255 34.3256887 
1627.0000000 34.1958070 34.1292701 
1628.0000000 33.9993884 33.9328516 
1629.0000000 33.8029699 33.7364330 
1630.0000000 33.6065513 33.5400145 
1631.0000000 33.4101328 33.3435959 
1632.0000000 33.2137142 33.1471774 
1633.0000000 33.0172957 32.9507588 
1634.0000000 32.8208771 32.7543403 
1635.0000000 32.6244586 32.5579217 
1636.0000000 32.4280400 32.3615032 
1637.0000000 32.2316215 32.1650846 
1638.0000000 32.0352029 31.9686661 
1639.0000000 31.8387844 31.7722475 
1640.0000000 31.6423658 31.5758290 
1641.0000000 31.4459473 31.3794104 
1642.0000000 31.2495287 31.1829919 
1643.0000000 31.0531102 30.9865733 
1644.0000000 30.8566916 30.7901548 
1645.0000000 30.6602731 30.5937362 
1646.0000000 30.4638545 30.3973177 
1647.0000000 30.2674360 30.2008991 
1648.0000000 30.0710174 30.0044805 
1649.0000000 29.8745989 29.8080620 
1650.0000000 29.6781803 29.6116434 
1651.0000000 29.4817618 29.4152249 
1652.0000000 29.2853432 29.2188063 
1653.0000000 29.0889247 29.0223878 
1654.0000000 28.8925061 28.8259692 
1655.0000000 28.6960876 28.6295507 
1656.0000000 28.4996690 28.4331321 
1657.0000000 28.3032505 28.2367136 
1658.0000000 28.1068319 28.0402950 
1659.0000000 27.9104134 27.8438765 
1660.0000000 27.7139948 27.6474579 
1661.0000000 27.5175763 27.4510394 
1662.0000000 27.3211577 27.2546208 
1663.0000000 27.1247392 27.0582023 
1664.0000000 26.9283206 26.8617837 
1665.0000000 26.7319021 26.6653652 
1666.0000000 26.5354835 26.4689466 
1667.0000000 26.3390650 26.2725281 
1668.0000000 26.1426464 26.0761095 
1669.0000000 25.9462279 25.8796910 
1670.0000000 25.7498093 25.6832724 
1671.0000000 25.5533908 25.4868539 
1672.0000000 25.3569722 25.2904353 
1673.0000000 25.1605537 25.0940168 
1674.0000000 24.9641351 24.8975982 
1675.0000000 24.7677166 24.7011797 
1676.0000000 24.5712980 24.5047611 
1677.0000000 24.3748795 24.3083426 
1678.0000000 24.1784609 24.1119240 
1679.0000000 23.9820424 23.9155055 
1680.0000000 23.7856238 23.7190869 
1681.0000000 23.5892053 23.5226684 
1682.0000000 23.3927867 23.3262498 
1683.0000000 23.1963682 23.1298313 
1684.0000000 22.9999496 22.9334127 
1685.0000000 22.8035311 22.7369942 
1686.0000000 22.6071125 22.5405756 
1687.0000000 22.4106940 22.3441571 
1688.0000000 22.2142754 22.1477385 
1689.0000000 22.0178569 21.9513200 
1690.0000000 21.8214383 21.7549014 
1691.0000000 21.6250198 21.5584829 
1692.0000000 21.4286012 21.3620643 
1693.0000000 21.2321827 21.1656458 
1694.0000000 21.0357641 20.9692272 
1695.0000000 20.8393455 20.7728087 
1696.0000000 20.6429270 20.5763901 
1697.0000000 20.4465084 20.3799716 
1698.0000000 20.2500899 20.1835530 
1699.0000000 20.0536713 19.9871345 
1700.0000000 19.8572528 19.7907159 
1701.0000000 19.6608342 19.5942974 
1702.0000000 19.4644157 19.3978788 
1703.0000000 19.2679971 19.2014603 
1704.0000000 19.0715786 19.0050417 
1705.0000000 18.8751600 18.8086232 
1706.0000000 18.6787415 18.6122046 
1707.0000000 18.4823229 18.4157861 
1708.0000000 18.2859044 18.2193675 
1709.0000000 18.0894858 18.0229490 
1710.0000000 17.8930673 17.8265304 
1711.0000000 17.6966487 17.6301119 
1712.0000000 17.5002302 17.4336933 
1713.0000000 17.3038116 17.2372748 
1714.0000000 17.1073931 17.0408562 
1715.0000000 16.9109745 16.8444377 
1716.0000000 16.7145560 16.6480191 
1717.0000000 16.5181374 16.4516006 
1718.0000000 16.3217189 16.2551820 
1719.0000000 16.1253003 16.0587635 
1720.0000000 15.9288818 15.8623449 
1721.0000000 15.7324632 15.6659264 
1722.0000000 15.5360447 15.4695078 
1723.0000000 15.3396261 15.2730893 
1724.0000000 15.1432076 15.0766707 
1725.0000000 14.9467890 14.8802522 
1726.0000000 14.7503705 14.6838336 
1727.0000000 14.5539519 14.4874151 
1728.0000000 14.3575334 14.2909965 
1729.0000000 14.1611148 14.0945780 
1730.0000000 13.9646963 13.8981594 
1731.0000000 13.7682777 13.7017409 
1732.0000000 13.5718592 13.5053223 
1733.0000000 13.3754406 13.3089038 
1734.0000000 13.1790221 13.1124852 
1735.0000000 12.9826035 12.9160667 
1736.0000000 12.7861850 12.7196481 
1737.0000000 12.5897664 12.5232296 
1738.0000000 12.3933479 12.3268110 
1739.0000000 12.1969293 12.1303925 
1740.0000000 12.0005108 11.9339739 
1741.0000000 11.8040922 11.7375554 
1742.0000000 11.6076737 11.5411368 
1743.0000000 11.4112551 11.3447183 
1744.0000000 11.2148366 11.1482997 
1745.0000000 11.0184180 10.9518812 
1746.0000000 10.8219995 10.7554626 
1747.0000000 10.6255809 10.5590441 
1748.0000000 10.4291624 10.3626255 
1749.0000000 10.2327438 10.1662070 
1750.0000000 10.0363253 9.9697884 
1751.0000000 9.8399067 9.7733699 
1752.0000000 9.6434882 9.5769513 
1753.0000000 9.4470696 9.3805328 
1754.0000000 9.2506511 9.1841142 
1755.0000000 9.0542325 8.9876957 
1756.0000000 8.8578140 8.7912771 
1757.0000000 8.6613954 8.5948586 
1758.0000000 8.4649769 8.3984400 
1759.0000000 8.2685583 8.2020215 
1760.0000000 8.0721398 8.0056029 
1761.0000000 7.8757212 7.8091844 
1762.0000000 7.6793027 7.6127658 
1763.0000000 7.4828841 7.4163473 
1764.0000000 7.2864656 7.2199287 
1765.0000000 7.0900470 7.0235102 
1766.0000000 6.8936285 6.8270916 
1767.0000000 6.6972099 6.6306731 
1768.0000000 6.5007914 6.4342545 
1769.0000000 6.3043728 6.2378360 
1770.0000000 6.1079543 6.0414174 
1771.0000000 5.9115357 5.8449989 
1772.0000000 5.7151172 5.6485803 
1773.0000000 5.5186986 5.4521618 
1774.0000000 5.3222801 5.2557432 
1775.0000000 5.1258615 5.0593247 
1776.0000000 4.9294430 4.8629061 
1777.0000000 4.7330244 4.6664876 
1778.0000000 4.5366059 4.4700690 
1779.0000000 4.3401873 4.2736505 
1780.0000000 4.1437688 4.0772319 
1781.0000000 3.9473502 3.8808134 
1782.0000000 3.7509317 3.6843948 
1783.0000000 3.5545131 3.4879763 
1784.0000000 3.3580946 3.2915577 
1785.0000000 3.1616760 3.0951392 
1786.0000000 2.9652575 2.8987206 
1787.0000000 2.7688389 2.7023021 
1788.0000000 2.5724204 2.5058835 
1789.0000000 2.3760018 2.3094650 
1790.0000000 2.1795833 2.1130464 
1791.0000000 1.9831647 1.9166279 
1792.0000000 1.7867462 1.7202093 
1793.0000000 1.5903276 1.5237908 
1794.0000000 1.3939091 1.3273722 
1795.0000000 1.1974905 1.1309537 
1796.0000000 1.0010720 0.9345351 
1797.0000000 0.8046534 0.7381166 
1798.0000000 0.6082349 0.5416980 
1799.0000000 0.4118163 0.3452795 
1800.0000000 0.2153978 0.1488609 

