1.0000000 353.6339338 353.6423480 
2.0000000 353.4375153 353.4459295 
3.0000000 353.2410967 353.2495109 
4.0000000 353.0446782 353.0530924 
5.0000000 352.8482596 352.8566738 
6.0000000 352.6518411 352.6602553 
7.0000000 352.4554225 352.4638367 
8.0000000 352.2590040 352.2674182 
9.0000000 352.0625854 352.0709996 
10.0000000 351.8661669 351.8745811 
11.0000000 351.6697483 351.6781625 
12.0000000 351.4733298 351.4817440 
13.0000000 351.2769112 351.2853254 
14.0000000 351.0804927 351.0889069 
15.0000000 350.8840741 350.8924883 
16.0000000 350.6876556 350.6960698 
17.0000000 350.4912370 350.4996512 
18.0000000 350.2948185 350.3032327 
19.0000000 350.0983999 350.1068141 
20.0000000 349.9019814 349.9103956 
21.0000000 349.7055628 349.7139770 
22.0000000 349.5091443 349.5175585 
23.0000000 349.3127257 349.3211399 
24.0000000 349.1163072 349.1247214 
25.0000000 348.9198886 348.9283028 
26.0000000 348.7234701 348.7318843 
27.0000000 348.5270515 348.5354657 
28.0000000 348.3306330 348.3390472 
29.0000000 348.1342144 348.1426286 
30.0000000 347.9377959 347.9462101 
31.0000000 347.7413773 347.7497915 
32.0000000 347.5449588 347.5533730 
33.0000000 347.3485402 347.3569544 
34.0000000 347.1521217 347.1605359 
35.0000000 346.9557031 346.9641173 
36.0000000 346.7592846 346.7676988 
37.0000000 346.5628660 346.5712802 
38.0000000 346.3664475 346.3748617 
39.0000000 346.1700289 346.1784431 
40.0000000 345.9736104 345.9820246 
41.0000000 345.7771918 345.7856060 
42.0000000 345.5807733 345.5891875 
43.0000000 345.3843547 345.3927689 
44.0000000 345.1879362 345.1963504 
45.0000000 344.9915176 344.9999318 
46.0000000 344.7950991 344.8035133 
47.0000000 344.5986805 344.6070947 
48.0000000 344.4022619 344.4106762 
49.0000000 344.2058434 344.2142576 
50.0000000 344.0094248 344.0178391 
51.0000000 343.8130063 343.8214205 
52.0000000 343.6165877 343.6250020 
53.0000000 343.4201692 343.4285834 
54.0000000 343.2237506 343.2321649 
55.0000000 343.0273321 343.0357463 
56.0000000 342.8309135 342.8393278 
57.0000000 342.6344950 342.6429092 
58.0000000 342.4380764 342.4464907 
59.0000000 342.2416579 342.2500721 
60.0000000 342.0452393 342.0536536 
61.0000000 341.8488208 341.8572350 
62.0000000 341.6524022 341.6608165 
63.0000000 341.4559837 341.4643979 
64.0000000 341.2595651 341.2679794 
65.0000000 341.0631466 341.0715608 
66.0000000 340.8667280 340.8751423 
67.0000000 340.6703095 340.6787237 
68.0000000 340.4738909 340.4823052 
69.0000000 340.2774724 340.2858866 
70.0000000 340.0810538 340.0894681 
71.0000000 339.8846353 339.8930495 
72.0000000 339.6882167 339.6966310 
73.0000000 339.4917982 339.5002124 
74.0000000 339.2953796 339.3037939 
75.0000000 339.0989611 339.1073753 
76.0000000 338.9025425 338.9109568 
77.0000000 338.7061240 338.7145382 
78.0000000 338.5097054 338.5181197 
79.0000000 338.3132869 338.3217011 
80.0000000 338.1168683 338.1252826 
81.0000000 337.9204498 337.9288640 
82.0000000 337.7240312 337.7324455 
83.0000000 337.5276127 337.5360269 
84.0000000 337.3311941 337.3396084 
85.0000000 337.1347756 337.1431898 
86.0000000 336.9383570 336.9467713 
87.0000000 336.7419385 336.7503527 
88.0000000 336.5455199 336.5539342 
89.0000000 336.3491014 336.3575156 
90.0000000 336.1526828 336.1610971 
91.0000000 335.9562643 335.9646785 
92.0000000 335.7598457 335.7682600 
93.0000000 335.5634272 335.5718414 
94.0000000 335.3670086 335.3754229 
95.0000000 335.1705901 335.1790043 
96.0000000 334.9741715 334.9825857 
97.0000000 334.7777530 334.7861672 
98.0000000 334.5813344 334.5897486 
99.0000000 334.3849159 334.3933301 
100.0000000 334.1884973 334.1969115 
101.0000000 333.9920788 334.0004930 
102.0000000 333.7956602 333.8040744 
103.0000000 333.5992417 333.6076559 
104.0000000 333.4028231 333.4112373 
105.0000000 333.2064046 333.2148188 
106.0000000 333.0099860 333.0184002 
107.0000000 332.8135675 332.8219817 
108.0000000 332.6171489 332.6255631 
109.0000000 332.4207304 332.4291446 
110.0000000 332.2243118 332.2327260 
111.0000000 332.0278933 332.0363075 
112.0000000 331.8314747 331.8398889 
113.0000000 331.6350562 331.6434704 
114.0000000 331.4386376 331.4470518 
115.0000000 331.2422191 331.2506333 
116.0000000 331.0458005 331.0542147 
117.0000000 330.8493820 330.8577962 
118.0000000 330.6529634 330.6613776 
119.0000000 330.4565449 330.4649591 
120.0000000 330.2601263 330.2685405 
121.0000000 330.0637078 330.0721220 
122.0000000 329.8672892 329.8757034 
123.0000000 329.6708707 329.6792849 
124.0000000 329.4744521 329.4828663 
125.0000000 329.2780336 329.2864478 
126.0000000 329.0816150 329.0900292 
127.0000000 328.8851965 328.8936107 
128.0000000 328.6887779 328.6971921 
129.0000000 328.4923594 328.5007736 
130.0000000 328.2959408 328.3043550 
131.0000000 328.0995223 328.1079365 
132.0000000 327.9031037 327.9115179 
133.0000000 327.7066852 327.7150994 
134.0000000 327.5102666 327.5186808 
135.0000000 327.3138481 327.3222623 
136.0000000 327.1174295 327.1258437 
137.0000000 326.9210110 326.9294252 
138.0000000 326.7245924 326.7330066 
139.0000000 326.5281739 326.5365881 
140.0000000 326.3317553 326.3401695 
141.0000000 326.1353368 326.1437510 
142.0000000 325.9389182 325.9473324 
143.0000000 325.7424997 325.7509139 
144.0000000 325.5460811 325.5544953 
145.0000000 325.3496626 325.3580768 
146.0000000 325.1532440 325.1616582 
147.0000000 324.9568255 324.9652397 
148.0000000 324.7604069 324.7688211 
149.0000000 324.5639884 324.5724026 
150.0000000 324.3675698 324.3759840 
151.0000000 324.1711513 324.1795655 
152.0000000 323.9747327 323.9831469 
153.0000000 323.7783142 323.7867284 
154.0000000 323.5818956 323.5903098 
155.0000000 323.3854771 323.3938913 
156.0000000 323.1890585 323.1974727 
157.0000000 322.9926400 323.0010542 
158.0000000 322.7962214 322.8046356 
159.0000000 322.5998029 322.6082171 
160.0000000 322.4033843 322.4117985 
161.0000000 322.2069658 322.2153800 
162.0000000 322.0105472 322.0189614 
163.0000000 321.8141287 321.8225429 
164.0000000 321.6177101 321.6261243 
165.0000000 321.4212916 321.4297058 
166.0000000 321.2248730 321.2332872 
167.0000000 321.0284545 321.0368687 
168.0000000 320.8320359 320.8404501 
169.0000000 320.6356174 320.6440316 
170.0000000 320.4391988 320.4476130 
171.0000000 320.2427803 320.2511945 
172.0000000 320.0463617 320.0547759 
173.0000000 319.8499432 319.8583574 
174.0000000 319.6535246 319.6619388 
175.0000000 319.4571061 319.4655203 
176.0000000 319.2606875 319.2691017 
177.0000000 319.0642690 319.0726832 
178.0000000 318.8678504 318.8762646 
179.0000000 318.6714319 318.6798461 
180.0000000 318.4750133 318.4834275 
181.0000000 318.2785948 318.2870090 
182.0000000 318.0821762 318.0905904 
183.0000000 317.8857577 317.8941719 
184.0000000 317.6893391 317.6977533 
185.0000000 317.4929206 317.5013348 
186.0000000 317.2965020 317.3049162 
187.0000000 317.1000835 317.1084977 
188.0000000 316.9036649 316.9120791 
189.0000000 316.7072464 316.7156606 
190.0000000 316.5108278 316.5192420 
191.0000000 316.3144093 316.3228235 
192.0000000 316.1179907 316.1264049 
193.0000000 315.9215722 315.9299864 
194.0000000 315.7251536 315.7335678 
195.0000000 315.5287351 315.5371493 
196.0000000 315.3323165 315.3407307 
197.0000000 315.1358980 315.1443122 
198.0000000 314.9394794 314.9478936 
199.0000000 314.7430608 314.7514751 
200.0000000 314.5466423 314.5550565 
201.0000000 314.3502237 314.3586380 
202.0000000 314.1538052 314.1622194 
203.0000000 313.9573866 313.9658009 
204.0000000 313.7609681 313.7693823 
205.0000000 313.5645495 313.5729638 
206.0000000 313.3681310 313.3765452 
207.0000000 313.1717124 313.1801267 
208.0000000 312.9752939 312.9837081 
209.0000000 312.7788753 312.7872896 
210.0000000 312.5824568 312.5908710 
211.0000000 312.3860382 312.3944525 
212.0000000 312.1896197 312.1980339 
213.0000000 311.9932011 312.0016154 
214.0000000 311.7967826 311.8051968 
215.0000000 311.6003640 311.6087783 
216.0000000 311.4039455 311.4123597 
217.0000000 311.2075269 311.2159412 
218.0000000 311.0111084 311.0195226 
219.0000000 310.8146898 310.8231041 
220.0000000 310.6182713 310.6266855 
221.0000000 310.4218527 310.4302670 
222.0000000 310.2254342 310.2338484 
223.0000000 310.0290156 310.0374299 
224.0000000 309.8325971 309.8410113 
225.0000000 309.6361785 309.6445928 
226.0000000 309.4397600 309.4481742 
227.0000000 309.2433414 309.2517557 
228.0000000 309.0469229 309.0553371 
229.0000000 308.8505043 308.8589186 
230.0000000 308.6540858 308.6625000 
231.0000000 308.4576672 308.4660815 
232.0000000 308.2612487 308.2696629 
233.0000000 308.0648301 308.0732444 
234.0000000 307.8684116 307.8768258 
235.0000000 307.6719930 307.6804073 
236.0000000 307.4755745 307.4839887 
237.0000000 307.2791559 307.2875702 
238.0000000 307.0827374 307.0911516 
239.0000000 306.8863188 306.8947331 
240.0000000 306.6899003 306.6983145 
241.0000000 306.4934817 306.5018960 
242.0000000 306.2970632 306.3054774 
243.0000000 306.1006446 306.1090589 
244.0000000 305.9042261 305.9126403 
245.0000000 305.7078075 305.7162218 
246.0000000 305.5113890 305.5198032 
247.0000000 305.3149704 305.3233847 
248.0000000 305.1185519 305.1269661 
249.0000000 304.9221333 304.9305475 
250.0000000 304.7257148 304.7341290 
251.0000000 304.5292962 304.5377104 
252.0000000 304.3328777 304.3412919 
253.0000000 304.1364591 304.1448733 
254.0000000 303.9400406 303.9484548 
255.0000000 303.7436220 303.7520362 
256.0000000 303.5472035 303.5556177 
257.0000000 303.3507849 303.3591991 
258.0000000 303.1543664 303.1627806 
259.0000000 302.9579478 302.9663620 
260.0000000 302.7615293 302.7699435 
261.0000000 302.5651107 302.5735249 
262.0000000 302.3686922 302.3771064 
263.0000000 302.1722736 302.1806878 
264.0000000 301.9758551 301.9842693 
265.0000000 301.7794365 301.7878507 
266.0000000 301.5830180 301.5914322 
267.0000000 301.3865994 301.3950136 
268.0000000 301.1901809 301.1985951 
269.0000000 300.9937623 301.0021765 
270.0000000 300.7973438 300.8057580 
271.0000000 300.6009252 300.6093394 
272.0000000 300.4045067 300.4129209 
273.0000000 300.2080881 300.2165023 
274.0000000 300.0116696 300.0200838 
275.0000000 299.8152510 299.8236652 
276.0000000 299.6188325 299.6272467 
277.0000000 299.4224139 299.4308281 
278.0000000 299.2259954 299.2344096 
279.0000000 299.0295768 299.0379910 
280.0000000 298.8331583 298.8415725 
281.0000000 298.6367397 298.6451539 
282.0000000 298.4403212 298.4487354 
283.0000000 298.2439026 298.2523168 
284.0000000 298.0474841 298.0558983 
285.0000000 297.8510655 297.8594797 
286.0000000 297.6546470 297.6630612 
287.0000000 297.4582284 297.4666426 
288.0000000 297.2618099 297.2702241 
289.0000000 297.0653913 297.0738055 
290.0000000 296.8689728 296.8773870 
291.0000000 296.6725542 296.6809684 
292.0000000 296.4761357 296.4845499 
293.0000000 296.2797171 296.2881313 
294.0000000 296.0832986 296.0917128 
295.0000000 295.8868800 295.8952942 
296.0000000 295.6904615 295.6988757 
297.0000000 295.4940429 295.5024571 
298.0000000 295.2976244 295.3060386 
299.0000000 295.1012058 295.1096200 
300.0000000 294.9047873 294.9132015 
301.0000000 294.7083687 294.7167829 
302.0000000 294.5119502 294.5203644 
303.0000000 294.3155316 294.3239458 
304.0000000 294.1191131 294.1275273 
305.0000000 293.9226945 293.9311087 
306.0000000 293.7262760 293.7346902 
307.0000000 293.5298574 293.5382716 
308.0000000 293.3334389 293.3418531 
309.0000000 293.1370203 293.1454345 
310.0000000 292.9406018 292.9490160 
311.0000000 292.7441832 292.7525974 
312.0000000 292.5477647 292.5561789 
313.0000000 292.3513461 292.3597603 
314.0000000 292.1549276 292.1633418 
315.0000000 291.9585090 291.9669232 
316.0000000 291.7620905 291.7705047 
317.0000000 291.5656719 291.5740861 
318.0000000 291.3692534 291.3776676 
319.0000000 291.1728348 291.1812490 
320.0000000 290.9764163 290.9848305 
321.0000000 290.7799977 290.7884119 
322.0000000 290.5835792 290.5919934 
323.0000000 290.3871606 290.3955748 
324.0000000 290.1907421 290.1991563 
325.0000000 289.9943235 290.0027377 
326.0000000 289.7979050 289.8063192 
327.0000000 289.6014864 289.6099006 
328.0000000 289.4050679 289.4134821 
329.0000000 289.2086493 289.2170635 
330.0000000 289.0122308 289.0206450 
331.0000000 288.8158122 288.8242264 
332.0000000 288.6193937 288.6278079 
333.0000000 288.4229751 288.4313893 
334.0000000 288.2265566 288.2349708 
335.0000000 288.0301380 288.0385522 
336.0000000 287.8337195 287.8421337 
337.0000000 287.6373009 287.6457151 
338.0000000 287.4408824 287.4492966 
339.0000000 287.2444638 287.2528780 
340.0000000 287.0480453 287.0564595 
341.0000000 286.8516267 286.8600409 
342.0000000 286.6552082 286.6636224 
343.0000000 286.4587896 286.4672038 
344.0000000 286.2623711 286.2707853 
345.0000000 286.0659525 286.0743667 
346.0000000 285.8695340 285.8779482 
347.0000000 285.6731154 285.6815296 
348.0000000 285.4766969 285.4851111 
349.0000000 285.2802783 285.2886925 
350.0000000 285.0838598 285.0922740 
351.0000000 284.8874412 284.8958554 
352.0000000 284.6910226 284.6994369 
353.0000000 284.4946041 284.5030183 
354.0000000 284.2981855 284.3065998 
355.0000000 284.1017670 284.1101812 
356.0000000 283.9053484 283.9137627 
357.0000000 283.7089299 283.7173441 
358.0000000 283.5125113 283.5209256 
359.0000000 283.3160928 283.3245070 
360.0000000 283.1196742 283.1280885 
361.0000000 282.9232557 282.9316699 
362.0000000 282.7268371 282.7352514 
363.0000000 282.5304186 282.5388328 
364.0000000 282.3340000 282.3424143 
365.0000000 282.1375815 282.1459957 
366.0000000 281.9411629 281.9495772 
367.0000000 281.7447444 281.7531586 
368.0000000 281.5483258 281.5567401 
369.0000000 281.3519073 281.3603215 
370.0000000 281.1554887 281.1639030 
371.0000000 280.9590702 280.9674844 
372.0000000 280.7626516 280.7710659 
373.0000000 280.5662331 280.5746473 
374.0000000 280.3698145 280.3782288 
375.0000000 280.1733960 280.1818102 
376.0000000 279.9769774 279.9853917 
377.0000000 279.7805589 279.7889731 
378.0000000 279.5841403 279.5925546 
379.0000000 279.3877218 279.3961360 
380.0000000 279.1913032 279.1997175 
381.0000000 278.9948847 279.0032989 
382.0000000 278.7984661 278.8068804 
383.0000000 278.6020476 278.6104618 
384.0000000 278.4056290 278.4140433 
385.0000000 278.2092105 278.2176247 
386.0000000 278.0127919 278.0212062 
387.0000000 277.8163734 277.8247876 
388.0000000 277.6199548 277.6283691 
389.0000000 277.4235363 277.4319505 
390.0000000 277.2271177 277.2355320 
391.0000000 277.0306992 277.0391134 
392.0000000 276.8342806 276.8426949 
393.0000000 276.6378621 276.6462763 
394.0000000 276.4414435 276.4498578 
395.0000000 276.2450250 276.2534392 
396.0000000 276.0486064 276.0570207 
397.0000000 275.8521879 275.8606021 
398.0000000 275.6557693 275.6641836 
399.0000000 275.4593508 275.4677650 
400.0000000 275.2629322 275.2713464 
401.0000000 275.0665137 275.0749279 
402.0000000 274.8700951 274.8785093 
403.0000000 274.6736766 274.6820908 
404.0000000 274.4772580 274.4856722 
405.0000000 274.2808395 274.2892537 
406.0000000 274.0844209 274.0928351 
407.0000000 273.8880024 273.8964166 
408.0000000 273.6915838 273.6999980 
409.0000000 273.4951653 273.5035795 
410.0000000 273.2987467 273.3071609 
411.0000000 273.1023282 273.1107424 
412.0000000 272.9059096 272.9143238 
413.0000000 272.7094911 272.7179053 
414.0000000 272.5130725 272.5214867 
415.0000000 272.3166540 272.3250682 
416.0000000 272.1202354 272.1286496 
417.0000000 271.9238169 271.9322311 
418.0000000 271.7273983 271.7358125 
419.0000000 271.5309798 271.5393940 
420.0000000 271.3345612 271.3429754 
421.0000000 271.1381427 271.1465569 
422.0000000 270.9417241 270.9501383 
423.0000000 270.7453056 270.7537198 
424.0000000 270.5488870 270.5573012 
425.0000000 270.3524685 270.3608827 
426.0000000 270.1560499 270.1644641 
427.0000000 269.9596314 269.9680456 
428.0000000 269.7632128 269.7716270 
429.0000000 269.5667943 269.5752085 
430.0000000 269.3703757 269.3787899 
431.0000000 269.1739572 269.1823714 
432.0000000 268.9775386 268.9859528 
433.0000000 268.7811201 268.7895343 
434.0000000 268.5847015 268.5931157 
435.0000000 268.3882830 268.3966972 
436.0000000 268.1918644 268.2002786 
437.0000000 267.9954459 268.0038601 
438.0000000 267.7990273 267.8074415 
439.0000000 267.6026088 267.6110230 
440.0000000 267.4061902 267.4146044 
441.0000000 267.2097717 267.2181859 
442.0000000 267.0133531 267.0217673 
443.0000000 266.8169346 266.8253488 
444.0000000 266.6205160 266.6289302 
445.0000000 266.4240975 266.4325117 
446.0000000 266.2276789 266.2360931 
447.0000000 266.0312604 266.0396746 
448.0000000 265.8348418 265.8432560 
449.0000000 265.6384233 265.6468375 
450.0000000 265.4420047 265.4504189 
451.0000000 265.2455862 265.2540004 
452.0000000 265.0491676 265.0575818 
453.0000000 264.8527491 264.8611633 
454.0000000 264.6563305 264.6647447 
455.0000000 264.4599120 264.4683262 
456.0000000 264.2634934 264.2719076 
457.0000000 264.0670749 264.0754891 
458.0000000 263.8706563 263.8790705 
459.0000000 263.6742378 263.6826520 
460.0000000 263.4778192 263.4862334 
461.0000000 263.2814007 263.2898149 
462.0000000 263.0849821 263.0933963 
463.0000000 262.8885636 262.8969778 
464.0000000 262.6921450 262.7005592 
465.0000000 262.4957265 262.5041407 
466.0000000 262.2993079 262.3077221 
467.0000000 262.1028894 262.1113036 
468.0000000 261.9064708 261.9148850 
469.0000000 261.7100523 261.7184665 
470.0000000 261.5136337 261.5220479 
471.0000000 261.3172152 261.3256294 
472.0000000 261.1207966 261.1292108 
473.0000000 260.9243781 260.9327923 
474.0000000 260.7279595 260.7363737 
475.0000000 260.5315410 260.5399552 
476.0000000 260.3351224 260.3435366 
477.0000000 260.1387039 260.1471181 
478.0000000 259.9422853 259.9506995 
479.0000000 259.7458668 259.7542810 
480.0000000 259.5494482 259.5578624 
481.0000000 259.3530297 259.3614439 
482.0000000 259.1566111 259.1650253 
483.0000000 258.9601926 258.9686068 
484.0000000 258.7637740 258.7721882 
485.0000000 258.5673555 258.5757697 
486.0000000 258.3709369 258.3793511 
487.0000000 258.1745184 258.1829326 
488.0000000 257.9780998 257.9865140 
489.0000000 257.7816813 257.7900955 
490.0000000 257.5852627 257.5936769 
491.0000000 257.3888442 257.3972584 
492.0000000 257.1924256 257.2008398 
493.0000000 256.9960071 257.0044213 
494.0000000 256.7995885 256.8080027 
495.0000000 256.6031700 256.6115842 
496.0000000 256.4067514 256.4151656 
497.0000000 256.2103329 256.2187471 
498.0000000 256.0139143 256.0223285 
499.0000000 255.8174958 255.8259100 
500.0000000 255.6210772 255.6294914 
501.0000000 255.4246587 255.4330729 
502.0000000 255.2282401 255.2366543 
503.0000000 255.0318215 255.0402358 
504.0000000 254.8354030 254.8438172 
505.0000000 254.6389844 254.6473987 
506.0000000 254.4425659 254.4509801 
507.0000000 254.2461473 254.2545616 
508.0000000 254.0497288 254.0581430 
509.0000000 253.8533102 253.8617245 
510.0000000 253.6568917 253.6653059 
511.0000000 253.4604731 253.4688874 
512.0000000 253.2640546 253.2724688 
513.0000000 253.0676360 253.0760503 
514.0000000 252.8712175 252.8796317 
515.0000000 252.6747989 252.6832132 
516.0000000 252.4783804 252.4867946 
517.0000000 252.2819618 252.2903761 
518.0000000 252.0855433 252.0939575 
519.0000000 251.8891247 251.8975390 
520.0000000 251.6927062 251.7011204 
521.0000000 251.4962876 251.5047019 
522.0000000 251.2998691 251.3082833 
523.0000000 251.1034505 251.1118648 
524.0000000 250.9070320 250.9154462 
525.0000000 250.7106134 250.7190277 
526.0000000 250.5141949 250.5226091 
527.0000000 250.3177763 250.3261906 
528.0000000 250.1213578 250.1297720 
529.0000000 249.9249392 249.9333535 
530.0000000 249.7285207 249.7369349 
531.0000000 249.5321021 249.5405164 
532.0000000 249.3356836 249.3440978 
533.0000000 249.1392650 249.1476793 
534.0000000 248.9428465 248.9512607 
535.0000000 248.7464279 248.7548422 
536.0000000 248.5500094 248.5584236 
537.0000000 248.3535908 248.3620051 
538.0000000 248.1571723 248.1655865 
539.0000000 247.9607537 247.9691680 
540.0000000 247.7643352 247.7727494 
541.0000000 247.5679166 247.5763309 
542.0000000 247.3714981 247.3799123 
543.0000000 247.1750795 247.1834938 
544.0000000 246.9786610 246.9870752 
545.0000000 246.7822424 246.7906567 
546.0000000 246.5858239 246.5942381 
547.0000000 246.3894053 246.3978196 
548.0000000 246.1929868 246.2014010 
549.0000000 245.9965682 246.0049825 
550.0000000 245.8001497 245.8085639 
551.0000000 245.6037311 245.6121453 
552.0000000 245.4073126 245.4157268 
553.0000000 245.2108940 245.2193082 
554.0000000 245.0144755 245.0228897 
555.0000000 244.8180569 244.8264711 
556.0000000 244.6216384 244.6300526 
557.0000000 244.4252198 244.4336340 
558.0000000 244.2288013 244.2372155 
559.0000000 244.0323827 244.0407969 
560.0000000 243.8359642 243.8443784 
561.0000000 243.6395456 243.6479598 
562.0000000 243.4431271 243.4515413 
563.0000000 243.2467085 243.2551227 
564.0000000 243.0502900 243.0587042 
565.0000000 242.8538714 242.8622856 
566.0000000 242.6574529 242.6658671 
567.0000000 242.4610343 242.4694485 
568.0000000 242.2646158 242.2730300 
569.0000000 242.0681972 242.0766114 
570.0000000 241.8717787 241.8801929 
571.0000000 241.6753601 241.6837743 
572.0000000 241.4789416 241.4873558 
573.0000000 241.2825230 241.2909372 
574.0000000 241.0861045 241.0945187 
575.0000000 240.8896859 240.8981001 
576.0000000 240.6932674 240.7016816 
577.0000000 240.4968488 240.5052630 
578.0000000 240.3004303 240.3088445 
579.0000000 240.1040117 240.1124259 
580.0000000 239.9075932 239.9160074 
581.0000000 239.7111746 239.7195888 
582.0000000 239.5147561 239.5231703 
583.0000000 239.3183375 239.3267517 
584.0000000 239.1219190 239.1303332 
585.0000000 238.9255004 238.9339146 
586.0000000 238.7290819 238.7374961 
587.0000000 238.5326633 238.5410775 
588.0000000 238.3362448 238.3446590 
589.0000000 238.1398262 238.1482404 
590.0000000 237.9434077 237.9518219 
591.0000000 237.7469891 237.7554033 
592.0000000 237.5505706 237.5589848 
593.0000000 237.3541520 237.3625662 
594.0000000 237.1577335 237.1661477 
595.0000000 236.9613149 236.9697291 
596.0000000 236.7648964 236.7733106 
597.0000000 236.5684778 236.5768920 
598.0000000 236.3720593 236.3804735 
599.0000000 236.1756407 236.1840549 
600.0000000 235.9792222 235.9876364 
601.0000000 235.7828036 235.7912178 
602.0000000 235.5863851 235.5947993 
603.0000000 235.3899665 235.3983807 
604.0000000 235.1935480 235.2019622 
605.0000000 234.9971294 235.0055436 
606.0000000 234.8007109 234.8091251 
607.0000000 234.6042923 234.6127065 
608.0000000 234.4078738 234.4162880 
609.0000000 234.2114552 234.2198694 
610.0000000 234.0150367 234.0234509 
611.0000000 233.8186181 233.8270323 
612.0000000 233.6221996 233.6306138 
613.0000000 233.4257810 233.4341952 
614.0000000 233.2293625 233.2377767 
615.0000000 233.0329439 233.0413581 
616.0000000 232.8365254 232.8449396 
617.0000000 232.6401068 232.6485210 
618.0000000 232.4436883 232.4521025 
619.0000000 232.2472697 232.2556839 
620.0000000 232.0508512 232.0592654 
621.0000000 231.8544326 231.8628468 
622.0000000 231.6580141 231.6664283 
623.0000000 231.4615955 231.4700097 
624.0000000 231.2651770 231.2735912 
625.0000000 231.0687584 231.0771726 
626.0000000 230.8723399 230.8807541 
627.0000000 230.6759213 230.6843355 
628.0000000 230.4795028 230.4879170 
629.0000000 230.2830842 230.2914984 
630.0000000 230.0866657 230.0950799 
631.0000000 229.8902471 229.8986613 
632.0000000 229.6938286 229.7022428 
633.0000000 229.4974100 229.5058242 
634.0000000 229.3009915 229.3094057 
635.0000000 229.1045729 229.1129871 
636.0000000 228.9081544 228.9165686 
637.0000000 228.7117358 228.7201500 
638.0000000 228.5153173 228.5237315 
639.0000000 228.3188987 228.3273129 
640.0000000 228.1224802 228.1308944 
641.0000000 227.9260616 227.9344758 
642.0000000 227.7296431 227.7380573 
643.0000000 227.5332245 227.5416387 
644.0000000 227.3368060 227.3452202 
645.0000000 227.1403874 227.1488016 
646.0000000 226.9439689 226.9523831 
647.0000000 226.7475503 226.7559645 
648.0000000 226.5511318 226.5595460 
649.0000000 226.3547132 226.3631274 
650.0000000 226.1582947 226.1667089 
651.0000000 225.9618761 225.9702903 
652.0000000 225.7654576 225.7738718 
653.0000000 225.5690390 225.5774532 
654.0000000 225.3726205 225.3810347 
655.0000000 225.1762019 225.1846161 
656.0000000 224.9797833 224.9881976 
657.0000000 224.7833648 224.7917790 
658.0000000 224.5869462 224.5953605 
659.0000000 224.3905277 224.3989419 
660.0000000 224.1941091 224.2025234 
661.0000000 223.9976906 224.0061048 
662.0000000 223.8012720 223.8096863 
663.0000000 223.6048535 223.6132677 
664.0000000 223.4084349 223.4168492 
665.0000000 223.2120164 223.2204306 
666.0000000 223.0155978 223.0240121 
667.0000000 222.8191793 222.8275935 
668.0000000 222.6227607 222.6311750 
669.0000000 222.4263422 222.4347564 
670.0000000 222.2299236 222.2383379 
671.0000000 222.0335051 222.0419193 
672.0000000 221.8370865 221.8455008 
673.0000000 221.6406680 221.6490822 
674.0000000 221.4442494 221.4526637 
675.0000000 221.2478309 221.2562451 
676.0000000 221.0514123 221.0598266 
677.0000000 220.8549938 220.8634080 
678.0000000 220.6585752 220.6669895 
679.0000000 220.4621567 220.4705709 
680.0000000 220.2657381 220.2741524 
681.0000000 220.0693196 220.0777338 
682.0000000 219.8729010 219.8813153 
683.0000000 219.6764825 219.6848967 
684.0000000 219.4800639 219.4884782 
685.0000000 219.2836454 219.2920596 
686.0000000 219.0872268 219.0956411 
687.0000000 218.8908083 218.8992225 
688.0000000 218.6943897 218.7028040 
689.0000000 218.4979712 218.5063854 
690.0000000 218.3015526 218.3099669 
691.0000000 218.1051341 218.1135483 
692.0000000 217.9087155 217.9171298 
693.0000000 217.7122970 217.7207112 
694.0000000 217.5158784 217.5242927 
695.0000000 217.3194599 217.3278741 
696.0000000 217.1230413 217.1314556 
697.0000000 216.9266228 216.9350370 
698.0000000 216.7302042 216.7386185 
699.0000000 216.5337857 216.5421999 
700.0000000 216.3373671 216.3457814 
701.0000000 216.1409486 216.1493628 
702.0000000 215.9445300 215.9529443 
703.0000000 215.7481115 215.7565257 
704.0000000 215.5516929 215.5601071 
705.0000000 215.3552744 215.3636886 
706.0000000 215.1588558 215.1672700 
707.0000000 214.9624373 214.9708515 
708.0000000 214.7660187 214.7744329 
709.0000000 214.5696002 214.5780144 
710.0000000 214.3731816 214.3815958 
711.0000000 214.1767631 214.1851773 
712.0000000 213.9803445 213.9887587 
713.0000000 213.7839260 213.7923402 
714.0000000 213.5875074 213.5959216 
715.0000000 213.3910889 213.3995031 
716.0000000 213.1946703 213.2030845 
717.0000000 212.9982518 213.0066660 
718.0000000 212.8018332 212.8102474 
719.0000000 212.6054147 212.6138289 
720.0000000 212.4089961 212.4174103 
721.0000000 212.2125776 212.2209918 
722.0000000 212.0161590 212.0245732 
723.0000000 211.8197405 211.8281547 
724.0000000 211.6233219 211.6317361 
725.0000000 211.4269034 211.4353176 
726.0000000 211.2304848 211.2388990 
727.0000000 211.0340663 211.0424805 
728.0000000 210.8376477 210.8460619 
729.0000000 210.6412292 210.6496434 
730.0000000 210.4448106 210.4532248 
731.0000000 210.2483921 210.2568063 
732.0000000 210.0519735 210.0603877 
733.0000000 209.8555550 209.8639692 
734.0000000 209.6591364 209.6675506 
735.0000000 209.4627179 209.4711321 
736.0000000 209.2662993 209.2747135 
737.0000000 209.0698808 209.0782950 
738.0000000 208.8734622 208.8818764 
739.0000000 208.6770437 208.6854579 
740.0000000 208.4806251 208.4890393 
741.0000000 208.2842066 208.2926208 
742.0000000 208.0877880 208.0962022 
743.0000000 207.8913695 207.8997837 
744.0000000 207.6949509 207.7033651 
745.0000000 207.4985324 207.5069466 
746.0000000 207.3021138 207.3105280 
747.0000000 207.1056953 207.1141095 
748.0000000 206.9092767 206.9176909 
749.0000000 206.7128582 206.7212724 
750.0000000 206.5164396 206.5248538 
751.0000000 206.3200211 206.3284353 
752.0000000 206.1236025 206.1320167 
753.0000000 205.9271840 205.9355982 
754.0000000 205.7307654 205.7391796 
755.0000000 205.5343469 205.5427611 
756.0000000 205.3379283 205.3463425 
757.0000000 205.1415098 205.1499240 
758.0000000 204.9450912 204.9535054 
759.0000000 204.7486727 204.7570869 
760.0000000 204.5522541 204.5606683 
761.0000000 204.3558356 204.3642498 
762.0000000 204.1594170 204.1678312 
763.0000000 203.9629985 203.9714127 
764.0000000 203.7665799 203.7749941 
765.0000000 203.5701614 203.5785756 
766.0000000 203.3737428 203.3821570 
767.0000000 203.1773243 203.1857385 
768.0000000 202.9809057 202.9893199 
769.0000000 202.7844872 202.7929014 
770.0000000 202.5880686 202.5964828 
771.0000000 202.3916501 202.4000643 
772.0000000 202.1952315 202.2036457 
773.0000000 201.9988130 202.0072272 
774.0000000 201.8023944 201.8108086 
775.0000000 201.6059759 201.6143901 
776.0000000 201.4095573 201.4179715 
777.0000000 201.2131388 201.2215530 
778.0000000 201.0167202 201.0251344 
779.0000000 200.8203017 200.8287159 
780.0000000 200.6238831 200.6322973 
781.0000000 200.4274646 200.4358788 
782.0000000 200.2310460 200.2394602 
783.0000000 200.0346275 200.0430417 
784.0000000 199.8382089 199.8466231 
785.0000000 199.6417904 199.6502046 
786.0000000 199.4453718 199.4537860 
787.0000000 199.2489533 199.2573675 
788.0000000 199.0525347 199.0609489 
789.0000000 198.8561162 198.8645304 
790.0000000 198.6596976 198.6681118 
791.0000000 198.4632791 198.4716933 
792.0000000 198.2668605 198.2752747 
793.0000000 198.0704420 198.0788562 
794.0000000 197.8740234 197.8824376 
795.0000000 197.6776049 197.6860191 
796.0000000 197.4811863 197.4896005 
797.0000000 197.2847678 197.2931820 
798.0000000 197.0883492 197.0967634 
799.0000000 196.8919307 196.9003449 
800.0000000 196.6955121 196.7039263 
801.0000000 196.4990936 196.5075078 
802.0000000 196.3026750 196.3110892 
803.0000000 196.1062565 196.1146707 
804.0000000 195.9098379 195.9182521 
805.0000000 195.7134194 195.7218336 
806.0000000 195.5170008 195.5254150 
807.0000000 195.3205822 195.3289965 
808.0000000 195.1241637 195.1325779 
809.0000000 194.9277451 194.9361594 
810.0000000 194.7313266 194.7397408 
811.0000000 194.5349080 194.5433223 
812.0000000 194.3384895 194.3469037 
813.0000000 194.1420709 194.1504852 
814.0000000 193.9456524 193.9540666 
815.0000000 193.7492338 193.7576481 
816.0000000 193.5528153 193.5612295 
817.0000000 193.3563967 193.3648110 
818.0000000 193.1599782 193.1683924 
819.0000000 192.9635596 192.9719739 
820.0000000 192.7671411 192.7755553 
821.0000000 192.5707225 192.5791368 
822.0000000 192.3743040 192.3827182 
823.0000000 192.1778854 192.1862997 
824.0000000 191.9814669 191.9898811 
825.0000000 191.7850483 191.7934626 
826.0000000 191.5886298 191.5970440 
827.0000000 191.3922112 191.4006255 
828.0000000 191.1957927 191.2042069 
829.0000000 190.9993741 191.0077884 
830.0000000 190.8029556 190.8113698 
831.0000000 190.6065370 190.6149513 
832.0000000 190.4101185 190.4185327 
833.0000000 190.2136999 190.2221142 
834.0000000 190.0172814 190.0256956 
835.0000000 189.8208628 189.8292771 
836.0000000 189.6244443 189.6328585 
837.0000000 189.4280257 189.4364400 
838.0000000 189.2316072 189.2400214 
839.0000000 189.0351886 189.0436029 
840.0000000 188.8387701 188.8471843 
841.0000000 188.6423515 188.6507658 
842.0000000 188.4459330 188.4543472 
843.0000000 188.2495144 188.2579287 
844.0000000 188.0530959 188.0615101 
845.0000000 187.8566773 187.8650916 
846.0000000 187.6602588 187.6686730 
847.0000000 187.4638402 187.4722545 
848.0000000 187.2674217 187.2758359 
849.0000000 187.0710031 187.0794174 
850.0000000 186.8745846 186.8829988 
851.0000000 186.6781660 186.6865803 
852.0000000 186.4817475 186.4901617 
853.0000000 186.2853289 186.2937432 
854.0000000 186.0889104 186.0973246 
855.0000000 185.8924918 185.9009060 
856.0000000 185.6960733 185.7044875 
857.0000000 185.4996547 185.5080689 
858.0000000 185.3032362 185.3116504 
859.0000000 185.1068176 185.1152318 
860.0000000 184.9103991 184.9188133 
861.0000000 184.7139805 184.7223947 
862.0000000 184.5175620 184.5259762 
863.0000000 184.3211434 184.3295576 
864.0000000 184.1247249 184.1331391 
865.0000000 183.9283063 183.9367205 
866.0000000 183.7318878 183.7403020 
867.0000000 183.5354692 183.5438834 
868.0000000 183.3390507 183.3474649 
869.0000000 183.1426321 183.1510463 
870.0000000 182.9462136 182.9546278 
871.0000000 182.7497950 182.7582092 
872.0000000 182.5533765 182.5617907 
873.0000000 182.3569579 182.3653721 
874.0000000 182.1605394 182.1689536 
875.0000000 181.9641208 181.9725350 
876.0000000 181.7677023 181.7761165 
877.0000000 181.5712837 181.5796979 
878.0000000 181.3748652 181.3832794 
879.0000000 181.1784466 181.1868608 
880.0000000 180.9820281 180.9904423 
881.0000000 180.7856095 180.7940237 
882.0000000 180.5891910 180.5976052 
883.0000000 180.3927724 180.4011866 
884.0000000 180.1963539 180.2047681 
885.0000000 179.9999353 180.0083495 
886.0000000 179.8035168 179.8119310 
887.0000000 179.6070982 179.6155124 
888.0000000 179.4106797 179.4190939 
889.0000000 179.2142611 179.2226753 
890.0000000 179.0178426 179.0262568 
891.0000000 178.8214240 178.8298382 
892.0000000 178.6250055 178.6334197 
893.0000000 178.4285869 178.4370011 
894.0000000 178.2321684 178.2405826 
895.0000000 178.0357498 178.0441640 
896.0000000 177.8393313 177.8477455 
897.0000000 177.6429127 177.6513269 
898.0000000 177.4464942 177.4549084 
899.0000000 177.2500756 177.2584898 
900.0000000 177.0536571 177.0620713 
901.0000000 176.8572385 176.8656527 
902.0000000 176.6608200 176.6692342 
903.0000000 176.4644014 176.4728156 
904.0000000 176.2679829 176.2763971 
905.0000000 176.0715643 176.0799785 
906.0000000 175.8751458 175.8835600 
907.0000000 175.6787272 175.6871414 
908.0000000 175.4823087 175.4907229 
909.0000000 175.2858901 175.2943043 
910.0000000 175.0894716 175.0978858 
911.0000000 174.8930530 174.9014672 
912.0000000 174.6966345 174.7050487 
913.0000000 174.5002159 174.5086301 
914.0000000 174.3037974 174.3122116 
915.0000000 174.1073788 174.1157930 
916.0000000 173.9109603 173.9193745 
917.0000000 173.7145417 173.7229559 
918.0000000 173.5181232 173.5265374 
919.0000000 173.3217046 173.3301188 
920.0000000 173.1252861 173.1337003 
921.0000000 172.9288675 172.9372817 
922.0000000 172.7324490 172.7408632 
923.0000000 172.5360304 172.5444446 
924.0000000 172.3396119 172.3480261 
925.0000000 172.1431933 172.1516075 
926.0000000 171.9467748 171.9551890 
927.0000000 171.7503562 171.7587704 
928.0000000 171.5539377 171.5623519 
929.0000000 171.3575191 171.3659333 
930.0000000 171.1611006 171.1695148 
931.0000000 170.9646820 170.9730962 
932.0000000 170.7682635 170.7766777 
933.0000000 170.5718449 170.5802591 
934.0000000 170.3754264 170.3838406 
935.0000000 170.1790078 170.1874220 
936.0000000 169.9825893 169.9910035 
937.0000000 169.7861707 169.7945849 
938.0000000 169.5897522 169.5981664 
939.0000000 169.3933336 169.4017478 
940.0000000 169.1969151 169.2053293 
941.0000000 169.0004965 169.0089107 
942.0000000 168.8040780 168.8124922 
943.0000000 168.6076594 168.6160736 
944.0000000 168.4112409 168.4196551 
945.0000000 168.2148223 168.2232365 
946.0000000 168.0184038 168.0268180 
947.0000000 167.8219852 167.8303994 
948.0000000 167.6255667 167.6339809 
949.0000000 167.4291481 167.4375623 
950.0000000 167.2327296 167.2411438 
951.0000000 167.0363110 167.0447252 
952.0000000 166.8398925 166.8483067 
953.0000000 166.6434739 166.6518881 
954.0000000 166.4470554 166.4554696 
955.0000000 166.2506368 166.2590510 
956.0000000 166.0542183 166.0626325 
957.0000000 165.8577997 165.8662139 
958.0000000 165.6613811 165.6697954 
959.0000000 165.4649626 165.4733768 
960.0000000 165.2685440 165.2769583 
961.0000000 165.0721255 165.0805397 
962.0000000 164.8757069 164.8841212 
963.0000000 164.6792884 164.6877026 
964.0000000 164.4828698 164.4912841 
965.0000000 164.2864513 164.2948655 
966.0000000 164.0900327 164.0984470 
967.0000000 163.8936142 163.9020284 
968.0000000 163.6971956 163.7056099 
969.0000000 163.5007771 163.5091913 
970.0000000 163.3043585 163.3127728 
971.0000000 163.1079400 163.1163542 
972.0000000 162.9115214 162.9199357 
973.0000000 162.7151029 162.7235171 
974.0000000 162.5186843 162.5270986 
975.0000000 162.3222658 162.3306800 
976.0000000 162.1258472 162.1342615 
977.0000000 161.9294287 161.9378429 
978.0000000 161.7330101 161.7414244 
979.0000000 161.5365916 161.5450058 
980.0000000 161.3401730 161.3485873 
981.0000000 161.1437545 161.1521687 
982.0000000 160.9473359 160.9557502 
983.0000000 160.7509174 160.7593316 
984.0000000 160.5544988 160.5629131 
985.0000000 160.3580803 160.3664945 
986.0000000 160.1616617 160.1700760 
987.0000000 159.9652432 159.9736574 
988.0000000 159.7688246 159.7772389 
989.0000000 159.5724061 159.5808203 
990.0000000 159.3759875 159.3844018 
991.0000000 159.1795690 159.1879832 
992.0000000 158.9831504 158.9915647 
993.0000000 158.7867319 158.7951461 
994.0000000 158.5903133 158.5987276 
995.0000000 158.3938948 158.4023090 
996.0000000 158.1974762 158.2058905 
997.0000000 158.0010577 158.0094719 
998.0000000 157.8046391 157.8130534 
999.0000000 157.6082206 157.6166348 
1000.0000000 157.4118020 157.4202163 
1001.0000000 157.2153835 157.2237977 
1002.0000000 157.0189649 157.0273792 
1003.0000000 156.8225464 156.8309606 
1004.0000000 156.6261278 156.6345421 
1005.0000000 156.4297093 156.4381235 
1006.0000000 156.2332907 156.2417049 
1007.0000000 156.0368722 156.0452864 
1008.0000000 155.8404536 155.8488678 
1009.0000000 155.6440351 155.6524493 
1010.0000000 155.4476165 155.4560307 
1011.0000000 155.2511980 155.2596122 
1012.0000000 155.0547794 155.0631936 
1013.0000000 154.8583609 154.8667751 
1014.0000000 154.6619423 154.6703565 
1015.0000000 154.4655238 154.4739380 
1016.0000000 154.2691052 154.2775194 
1017.0000000 154.0726867 154.0811009 
1018.0000000 153.8762681 153.8846823 
1019.0000000 153.6798496 153.6882638 
1020.0000000 153.4834310 153.4918452 
1021.0000000 153.2870125 153.2954267 
1022.0000000 153.0905939 153.0990081 
1023.0000000 152.8941754 152.9025896 
1024.0000000 152.6977568 152.7061710 
1025.0000000 152.5013383 152.5097525 
1026.0000000 152.3049197 152.3133339 
1027.0000000 152.1085012 152.1169154 
1028.0000000 151.9120826 151.9204968 
1029.0000000 151.7156641 151.7240783 
1030.0000000 151.5192455 151.5276597 
1031.0000000 151.3228270 151.3312412 
1032.0000000 151.1264084 151.1348226 
1033.0000000 150.9299899 150.9384041 
1034.0000000 150.7335713 150.7419855 
1035.0000000 150.5371528 150.5455670 
1036.0000000 150.3407342 150.3491484 
1037.0000000 150.1443157 150.1527299 
1038.0000000 149.9478971 149.9563113 
1039.0000000 149.7514786 149.7598928 
1040.0000000 149.5550600 149.5634742 
1041.0000000 149.3586415 149.3670557 
1042.0000000 149.1622229 149.1706371 
1043.0000000 148.9658044 148.9742186 
1044.0000000 148.7693858 148.7778000 
1045.0000000 148.5729673 148.5813815 
1046.0000000 148.3765487 148.3849629 
1047.0000000 148.1801302 148.1885444 
1048.0000000 147.9837116 147.9921258 
1049.0000000 147.7872931 147.7957073 
1050.0000000 147.5908745 147.5992887 
1051.0000000 147.3944560 147.4028702 
1052.0000000 147.1980374 147.2064516 
1053.0000000 147.0016189 147.0100331 
1054.0000000 146.8052003 146.8136145 
1055.0000000 146.6087818 146.6171960 
1056.0000000 146.4123632 146.4207774 
1057.0000000 146.2159447 146.2243589 
1058.0000000 146.0195261 146.0279403 
1059.0000000 145.8231076 145.8315218 
1060.0000000 145.6266890 145.6351032 
1061.0000000 145.4302705 145.4386847 
1062.0000000 145.2338519 145.2422661 
1063.0000000 145.0374334 145.0458476 
1064.0000000 144.8410148 144.8494290 
1065.0000000 144.6445963 144.6530105 
1066.0000000 144.4481777 144.4565919 
1067.0000000 144.2517592 144.2601734 
1068.0000000 144.0553406 144.0637548 
1069.0000000 143.8589221 143.8673363 
1070.0000000 143.6625035 143.6709177 
1071.0000000 143.4660850 143.4744992 
1072.0000000 143.2696664 143.2780806 
1073.0000000 143.0732479 143.0816621 
1074.0000000 142.8768293 142.8852435 
1075.0000000 142.6804108 142.6888250 
1076.0000000 142.4839922 142.4924064 
1077.0000000 142.2875737 142.2959879 
1078.0000000 142.0911551 142.0995693 
1079.0000000 141.8947366 141.9031508 
1080.0000000 141.6983180 141.7067322 
1081.0000000 141.5018995 141.5103137 
1082.0000000 141.3054809 141.3138951 
1083.0000000 141.1090624 141.1174766 
1084.0000000 140.9126438 140.9210580 
1085.0000000 140.7162253 140.7246395 
1086.0000000 140.5198067 140.5282209 
1087.0000000 140.3233882 140.3318024 
1088.0000000 140.1269696 140.1353838 
1089.0000000 139.9305511 139.9389653 
1090.0000000 139.7341325 139.7425467 
1091.0000000 139.5377140 139.5461282 
1092.0000000 139.3412954 139.3497096 
1093.0000000 139.1448769 139.1532911 
1094.0000000 138.9484583 138.9568725 
1095.0000000 138.7520398 138.7604540 
1096.0000000 138.5556212 138.5640354 
1097.0000000 138.3592027 138.3676169 
1098.0000000 138.1627841 138.1711983 
1099.0000000 137.9663656 137.9747798 
1100.0000000 137.7699470 137.7783612 
1101.0000000 137.5735285 137.5819427 
1102.0000000 137.3771099 137.3855241 
1103.0000000 137.1806914 137.1891056 
1104.0000000 136.9842728 136.9926870 
1105.0000000 136.7878543 136.7962685 
1106.0000000 136.5914357 136.5998499 
1107.0000000 136.3950172 136.4034314 
1108.0000000 136.1985986 136.2070128 
1109.0000000 136.0021801 136.0105943 
1110.0000000 135.8057615 135.8141757 
1111.0000000 135.6093429 135.6177572 
1112.0000000 135.4129244 135.4213386 
1113.0000000 135.2165058 135.2249201 
1114.0000000 135.0200873 135.0285015 
1115.0000000 134.8236687 134.8320830 
1116.0000000 134.6272502 134.6356644 
1117.0000000 134.4308316 134.4392459 
1118.0000000 134.2344131 134.2428273 
1119.0000000 134.0379945 134.0464088 
1120.0000000 133.8415760 133.8499902 
1121.0000000 133.6451574 133.6535717 
1122.0000000 133.4487389 133.4571531 
1123.0000000 133.2523203 133.2607346 
1124.0000000 133.0559018 133.0643160 
1125.0000000 132.8594832 132.8678975 
1126.0000000 132.6630647 132.6714789 
1127.0000000 132.4666461 132.4750604 
1128.0000000 132.2702276 132.2786418 
1129.0000000 132.0738090 132.0822233 
1130.0000000 131.8773905 131.8858047 
1131.0000000 131.6809719 131.6893862 
1132.0000000 131.4845534 131.4929676 
1133.0000000 131.2881348 131.2965491 
1134.0000000 131.0917163 131.1001305 
1135.0000000 130.8952977 130.9037120 
1136.0000000 130.6988792 130.7072934 
1137.0000000 130.5024606 130.5108749 
1138.0000000 130.3060421 130.3144563 
1139.0000000 130.1096235 130.1180378 
1140.0000000 129.9132050 129.9216192 
1141.0000000 129.7167864 129.7252007 
1142.0000000 129.5203679 129.5287821 
1143.0000000 129.3239493 129.3323636 
1144.0000000 129.1275308 129.1359450 
1145.0000000 128.9311122 128.9395265 
1146.0000000 128.7346937 128.7431079 
1147.0000000 128.5382751 128.5466894 
1148.0000000 128.3418566 128.3502708 
1149.0000000 128.1454380 128.1538523 
1150.0000000 127.9490195 127.9574337 
1151.0000000 127.7526009 127.7610152 
1152.0000000 127.5561824 127.5645966 
1153.0000000 127.3597638 127.3681781 
1154.0000000 127.1633453 127.1717595 
1155.0000000 126.9669267 126.9753410 
1156.0000000 126.7705082 126.7789224 
1157.0000000 126.5740896 126.5825039 
1158.0000000 126.3776711 126.3860853 
1159.0000000 126.1812525 126.1896667 
1160.0000000 125.9848340 125.9932482 
1161.0000000 125.7884154 125.7968296 
1162.0000000 125.5919969 125.6004111 
1163.0000000 125.3955783 125.4039925 
1164.0000000 125.1991598 125.2075740 
1165.0000000 125.0027412 125.0111554 
1166.0000000 124.8063227 124.8147369 
1167.0000000 124.6099041 124.6183183 
1168.0000000 124.4134856 124.4218998 
1169.0000000 124.2170670 124.2254812 
1170.0000000 124.0206485 124.0290627 
1171.0000000 123.8242299 123.8326441 
1172.0000000 123.6278114 123.6362256 
1173.0000000 123.4313928 123.4398070 
1174.0000000 123.2349743 123.2433885 
1175.0000000 123.0385557 123.0469699 
1176.0000000 122.8421372 122.8505514 
1177.0000000 122.6457186 122.6541328 
1178.0000000 122.4493001 122.4577143 
1179.0000000 122.2528815 122.2612957 
1180.0000000 122.0564630 122.0648772 
1181.0000000 121.8600444 121.8684586 
1182.0000000 121.6636259 121.6720401 
1183.0000000 121.4672073 121.4756215 
1184.0000000 121.2707888 121.2792030 
1185.0000000 121.0743702 121.0827844 
1186.0000000 120.8779517 120.8863659 
1187.0000000 120.6815331 120.6899473 
1188.0000000 120.4851146 120.4935288 
1189.0000000 120.2886960 120.2971102 
1190.0000000 120.0922775 120.1006917 
1191.0000000 119.8958589 119.9042731 
1192.0000000 119.6994404 119.7078546 
1193.0000000 119.5030218 119.5114360 
1194.0000000 119.3066033 119.3150175 
1195.0000000 119.1101847 119.1185989 
1196.0000000 118.9137662 118.9221804 
1197.0000000 118.7173476 118.7257618 
1198.0000000 118.5209291 118.5293433 
1199.0000000 118.3245105 118.3329247 
1200.0000000 118.1280920 118.1365062 
1201.0000000 117.9316734 117.9400876 
1202.0000000 117.7352549 117.7436691 
1203.0000000 117.5388363 117.5472505 
1204.0000000 117.3424178 117.3508320 
1205.0000000 117.1459992 117.1544134 
1206.0000000 116.9495807 116.9579949 
1207.0000000 116.7531621 116.7615763 
1208.0000000 116.5567436 116.5651578 
1209.0000000 116.3603250 116.3687392 
1210.0000000 116.1639065 116.1723207 
1211.0000000 115.9674879 115.9759021 
1212.0000000 115.7710694 115.7794836 
1213.0000000 115.5746508 115.5830650 
1214.0000000 115.3782323 115.3866465 
1215.0000000 115.1818137 115.1902279 
1216.0000000 114.9853952 114.9938094 
1217.0000000 114.7889766 114.7973908 
1218.0000000 114.5925581 114.6009723 
1219.0000000 114.3961395 114.4045537 
1220.0000000 114.1997210 114.2081352 
1221.0000000 114.0033024 114.0117166 
1222.0000000 113.8068839 113.8152981 
1223.0000000 113.6104653 113.6188795 
1224.0000000 113.4140468 113.4224610 
1225.0000000 113.2176282 113.2260424 
1226.0000000 113.0212097 113.0296239 
1227.0000000 112.8247911 112.8332053 
1228.0000000 112.6283726 112.6367868 
1229.0000000 112.4319540 112.4403682 
1230.0000000 112.2355355 112.2439497 
1231.0000000 112.0391169 112.0475311 
1232.0000000 111.8426984 111.8511126 
1233.0000000 111.6462798 111.6546940 
1234.0000000 111.4498613 111.4582755 
1235.0000000 111.2534427 111.2618569 
1236.0000000 111.0570242 111.0654384 
1237.0000000 110.8606056 110.8690198 
1238.0000000 110.6641871 110.6726013 
1239.0000000 110.4677685 110.4761827 
1240.0000000 110.2713500 110.2797642 
1241.0000000 110.0749314 110.0833456 
1242.0000000 109.8785129 109.8869271 
1243.0000000 109.6820943 109.6905085 
1244.0000000 109.4856758 109.4940900 
1245.0000000 109.2892572 109.2976714 
1246.0000000 109.0928387 109.1012529 
1247.0000000 108.8964201 108.9048343 
1248.0000000 108.7000016 108.7084158 
1249.0000000 108.5035830 108.5119972 
1250.0000000 108.3071645 108.3155787 
1251.0000000 108.1107459 108.1191601 
1252.0000000 107.9143274 107.9227416 
1253.0000000 107.7179088 107.7263230 
1254.0000000 107.5214903 107.5299045 
1255.0000000 107.3250717 107.3334859 
1256.0000000 107.1286532 107.1370674 
1257.0000000 106.9322346 106.9406488 
1258.0000000 106.7358161 106.7442303 
1259.0000000 106.5393975 106.5478117 
1260.0000000 106.3429790 106.3513932 
1261.0000000 106.1465604 106.1549746 
1262.0000000 105.9501418 105.9585561 
1263.0000000 105.7537233 105.7621375 
1264.0000000 105.5573047 105.5657190 
1265.0000000 105.3608862 105.3693004 
1266.0000000 105.1644676 105.1728819 
1267.0000000 104.9680491 104.9764633 
1268.0000000 104.7716305 104.7800448 
1269.0000000 104.5752120 104.5836262 
1270.0000000 104.3787934 104.3872077 
1271.0000000 104.1823749 104.1907891 
1272.0000000 103.9859563 103.9943706 
1273.0000000 103.7895378 103.7979520 
1274.0000000 103.5931192 103.6015335 
1275.0000000 103.3967007 103.4051149 
1276.0000000 103.2002821 103.2086964 
1277.0000000 103.0038636 103.0122778 
1278.0000000 102.8074450 102.8158593 
1279.0000000 102.6110265 102.6194407 
1280.0000000 102.4146079 102.4230222 
1281.0000000 102.2181894 102.2266036 
1282.0000000 102.0217708 102.0301851 
1283.0000000 101.8253523 101.8337665 
1284.0000000 101.6289337 101.6373480 
1285.0000000 101.4325152 101.4409294 
1286.0000000 101.2360966 101.2445109 
1287.0000000 101.0396781 101.0480923 
1288.0000000 100.8432595 100.8516738 
1289.0000000 100.6468410 100.6552552 
1290.0000000 100.4504224 100.4588367 
1291.0000000 100.2540039 100.2624181 
1292.0000000 100.0575853 100.0659996 
1293.0000000 99.8611668 99.8695810 
1294.0000000 99.6647482 99.6731625 
1295.0000000 99.4683297 99.4767439 
1296.0000000 99.2719111 99.2803254 
1297.0000000 99.0754926 99.0839068 
1298.0000000 98.8790740 98.8874883 
1299.0000000 98.6826555 98.6910697 
1300.0000000 98.4862369 98.4946512 
1301.0000000 98.2898184 98.2982326 
1302.0000000 98.0933998 98.1018141 
1303.0000000 97.8969813 97.9053955 
1304.0000000 97.7005627 97.7089770 
1305.0000000 97.5041442 97.5125584 
1306.0000000 97.3077256 97.3161399 
1307.0000000 97.1113071 97.1197213 
1308.0000000 96.9148885 96.9233028 
1309.0000000 96.7184700 96.7268842 
1310.0000000 96.5220514 96.5304656 
1311.0000000 96.3256329 96.3340471 
1312.0000000 96.1292143 96.1376285 
1313.0000000 95.9327958 95.9412100 
1314.0000000 95.7363772 95.7447914 
1315.0000000 95.5399587 95.5483729 
1316.0000000 95.3435401 95.3519543 
1317.0000000 95.1471216 95.1555358 
1318.0000000 94.9507030 94.9591172 
1319.0000000 94.7542845 94.7626987 
1320.0000000 94.5578659 94.5662801 
1321.0000000 94.3614474 94.3698616 
1322.0000000 94.1650288 94.1734430 
1323.0000000 93.9686103 93.9770245 
1324.0000000 93.7721917 93.7806059 
1325.0000000 93.5757732 93.5841874 
1326.0000000 93.3793546 93.3877688 
1327.0000000 93.1829361 93.1913503 
1328.0000000 92.9865175 92.9949317 
1329.0000000 92.7900990 92.7985132 
1330.0000000 92.5936804 92.6020946 
1331.0000000 92.3972619 92.4056761 
1332.0000000 92.2008433 92.2092575 
1333.0000000 92.0044248 92.0128390 
1334.0000000 91.8080062 91.8164204 
1335.0000000 91.6115877 91.6200019 
1336.0000000 91.4151691 91.4235833 
1337.0000000 91.2187506 91.2271648 
1338.0000000 91.0223320 91.0307462 
1339.0000000 90.8259135 90.8343277 
1340.0000000 90.6294949 90.6379091 
1341.0000000 90.4330764 90.4414906 
1342.0000000 90.2366578 90.2450720 
1343.0000000 90.0402393 90.0486535 
1344.0000000 89.8438207 89.8522349 
1345.0000000 89.6474022 89.6558164 
1346.0000000 89.4509836 89.4593978 
1347.0000000 89.2545651 89.2629793 
1348.0000000 89.0581465 89.0665607 
1349.0000000 88.8617280 88.8701422 
1350.0000000 88.6653094 88.6737236 
1351.0000000 88.4688909 88.4773051 
1352.0000000 88.2724723 88.2808865 
1353.0000000 88.0760538 88.0844680 
1354.0000000 87.8796352 87.8880494 
1355.0000000 87.6832167 87.6916309 
1356.0000000 87.4867981 87.4952123 
1357.0000000 87.2903796 87.2987938 
1358.0000000 87.0939610 87.1023752 
1359.0000000 86.8975425 86.9059567 
1360.0000000 86.7011239 86.7095381 
1361.0000000 86.5047054 86.5131196 
1362.0000000 86.3082868 86.3167010 
1363.0000000 86.1118683 86.1202825 
1364.0000000 85.9154497 85.9238639 
1365.0000000 85.7190312 85.7274454 
1366.0000000 85.5226126 85.5310268 
1367.0000000 85.3261941 85.3346083 
1368.0000000 85.1297755 85.1381897 
1369.0000000 84.9333570 84.9417712 
1370.0000000 84.7369384 84.7453526 
1371.0000000 84.5405199 84.5489341 
1372.0000000 84.3441013 84.3525155 
1373.0000000 84.1476828 84.1560970 
1374.0000000 83.9512642 83.9596784 
1375.0000000 83.7548457 83.7632599 
1376.0000000 83.5584271 83.5668413 
1377.0000000 83.3620086 83.3704228 
1378.0000000 83.1655900 83.1740042 
1379.0000000 82.9691715 82.9775857 
1380.0000000 82.7727529 82.7811671 
1381.0000000 82.5763344 82.5847486 
1382.0000000 82.3799158 82.3883300 
1383.0000000 82.1834973 82.1919115 
1384.0000000 81.9870787 81.9954929 
1385.0000000 81.7906602 81.7990744 
1386.0000000 81.5942416 81.6026558 
1387.0000000 81.3978231 81.4062373 
1388.0000000 81.2014045 81.2098187 
1389.0000000 81.0049860 81.0134002 
1390.0000000 80.8085674 80.8169816 
1391.0000000 80.6121489 80.6205631 
1392.0000000 80.4157303 80.4241445 
1393.0000000 80.2193118 80.2277260 
1394.0000000 80.0228932 80.0313074 
1395.0000000 79.8264747 79.8348889 
1396.0000000 79.6300561 79.6384703 
1397.0000000 79.4336376 79.4420518 
1398.0000000 79.2372190 79.2456332 
1399.0000000 79.0408005 79.0492147 
1400.0000000 78.8443819 78.8527961 
1401.0000000 78.6479634 78.6563776 
1402.0000000 78.4515448 78.4599590 
1403.0000000 78.2551263 78.2635405 
1404.0000000 78.0587077 78.0671219 
1405.0000000 77.8622892 77.8707034 
1406.0000000 77.6658706 77.6742848 
1407.0000000 77.4694521 77.4778663 
1408.0000000 77.2730335 77.2814477 
1409.0000000 77.0766150 77.0850292 
1410.0000000 76.8801964 76.8886106 
1411.0000000 76.6837779 76.6921921 
1412.0000000 76.4873593 76.4957735 
1413.0000000 76.2909407 76.2993550 
1414.0000000 76.0945222 76.1029364 
1415.0000000 75.8981036 75.9065179 
1416.0000000 75.7016851 75.7100993 
1417.0000000 75.5052665 75.5136808 
1418.0000000 75.3088480 75.3172622 
1419.0000000 75.1124294 75.1208437 
1420.0000000 74.9160109 74.9244251 
1421.0000000 74.7195923 74.7280066 
1422.0000000 74.5231738 74.5315880 
1423.0000000 74.3267552 74.3351695 
1424.0000000 74.1303367 74.1387509 
1425.0000000 73.9339181 73.9423324 
1426.0000000 73.7374996 73.7459138 
1427.0000000 73.5410810 73.5494953 
1428.0000000 73.3446625 73.3530767 
1429.0000000 73.1482439 73.1566582 
1430.0000000 72.9518254 72.9602396 
1431.0000000 72.7554068 72.7638211 
1432.0000000 72.5589883 72.5674025 
1433.0000000 72.3625697 72.3709840 
1434.0000000 72.1661512 72.1745654 
1435.0000000 71.9697326 71.9781469 
1436.0000000 71.7733141 71.7817283 
1437.0000000 71.5768955 71.5853098 
1438.0000000 71.3804770 71.3888912 
1439.0000000 71.1840584 71.1924727 
1440.0000000 70.9876399 70.9960541 
1441.0000000 70.7912213 70.7996356 
1442.0000000 70.5948028 70.6032170 
1443.0000000 70.3983842 70.4067985 
1444.0000000 70.2019657 70.2103799 
1445.0000000 70.0055471 70.0139614 
1446.0000000 69.8091286 69.8175428 
1447.0000000 69.6127100 69.6211243 
1448.0000000 69.4162915 69.4247057 
1449.0000000 69.2198729 69.2282872 
1450.0000000 69.0234544 69.0318686 
1451.0000000 68.8270358 68.8354501 
1452.0000000 68.6306173 68.6390315 
1453.0000000 68.4341987 68.4426130 
1454.0000000 68.2377802 68.2461944 
1455.0000000 68.0413616 68.0497759 
1456.0000000 67.8449431 67.8533573 
1457.0000000 67.6485245 67.6569388 
1458.0000000 67.4521060 67.4605202 
1459.0000000 67.2556874 67.2641017 
1460.0000000 67.0592689 67.0676831 
1461.0000000 66.8628503 66.8712645 
1462.0000000 66.6664318 66.6748460 
1463.0000000 66.4700132 66.4784274 
1464.0000000 66.2735947 66.2820089 
1465.0000000 66.0771761 66.0855903 
1466.0000000 65.8807576 65.8891718 
1467.0000000 65.6843390 65.6927532 
1468.0000000 65.4879205 65.4963347 
1469.0000000 65.2915019 65.2999161 
1470.0000000 65.0950834 65.1034976 
1471.0000000 64.8986648 64.9070790 
1472.0000000 64.7022463 64.7106605 
1473.0000000 64.5058277 64.5142419 
1474.0000000 64.3094092 64.3178234 
1475.0000000 64.1129906 64.1214048 
1476.0000000 63.9165721 63.9249863 
1477.0000000 63.7201535 63.7285677 
1478.0000000 63.5237350 63.5321492 
1479.0000000 63.3273164 63.3357306 
1480.0000000 63.1308979 63.1393121 
1481.0000000 62.9344793 62.9428935 
1482.0000000 62.7380608 62.7464750 
1483.0000000 62.5416422 62.5500564 
1484.0000000 62.3452237 62.3536379 
1485.0000000 62.1488051 62.1572193 
1486.0000000 61.9523866 61.9608008 
1487.0000000 61.7559680 61.7643822 
1488.0000000 61.5595495 61.5679637 
1489.0000000 61.3631309 61.3715451 
1490.0000000 61.1667124 61.1751266 
1491.0000000 60.9702938 60.9787080 
1492.0000000 60.7738753 60.7822895 
1493.0000000 60.5774567 60.5858709 
1494.0000000 60.3810382 60.3894524 
1495.0000000 60.1846196 60.1930338 
1496.0000000 59.9882011 59.9966153 
1497.0000000 59.7917825 59.8001967 
1498.0000000 59.5953640 59.6037782 
1499.0000000 59.3989454 59.4073596 
1500.0000000 59.2025269 59.2109411 
1501.0000000 59.0061083 59.0145225 
1502.0000000 58.8096898 58.8181040 
1503.0000000 58.6132712 58.6216854 
1504.0000000 58.4168527 58.4252669 
1505.0000000 58.2204341 58.2288483 
1506.0000000 58.0240156 58.0324298 
1507.0000000 57.8275970 57.8360112 
1508.0000000 57.6311785 57.6395927 
1509.0000000 57.4347599 57.4431741 
1510.0000000 57.2383414 57.2467556 
1511.0000000 57.0419228 57.0503370 
1512.0000000 56.8455043 56.8539185 
1513.0000000 56.6490857 56.6574999 
1514.0000000 56.4526672 56.4610814 
1515.0000000 56.2562486 56.2646628 
1516.0000000 56.0598301 56.0682443 
1517.0000000 55.8634115 55.8718257 
1518.0000000 55.6669930 55.6754072 
1519.0000000 55.4705744 55.4789886 
1520.0000000 55.2741559 55.2825701 
1521.0000000 55.0777373 55.0861515 
1522.0000000 54.8813188 54.8897330 
1523.0000000 54.6849002 54.6933144 
1524.0000000 54.4884817 54.4968959 
1525.0000000 54.2920631 54.3004773 
1526.0000000 54.0956446 54.1040588 
1527.0000000 53.8992260 53.9076402 
1528.0000000 53.7028075 53.7112217 
1529.0000000 53.5063889 53.5148031 
1530.0000000 53.3099704 53.3183846 
1531.0000000 53.1135518 53.1219660 
1532.0000000 52.9171333 52.9255475 
1533.0000000 52.7207147 52.7291289 
1534.0000000 52.5242962 52.5327104 
1535.0000000 52.3278776 52.3362918 
1536.0000000 52.1314591 52.1398733 
1537.0000000 51.9350405 51.9434547 
1538.0000000 51.7386220 51.7470362 
1539.0000000 51.5422034 51.5506176 
1540.0000000 51.3457849 51.3541991 
1541.0000000 51.1493663 51.1577805 
1542.0000000 50.9529478 50.9613620 
1543.0000000 50.7565292 50.7649434 
1544.0000000 50.5601107 50.5685249 
1545.0000000 50.3636921 50.3721063 
1546.0000000 50.1672736 50.1756878 
1547.0000000 49.9708550 49.9792692 
1548.0000000 49.7744365 49.7828507 
1549.0000000 49.5780179 49.5864321 
1550.0000000 49.3815994 49.3900136 
1551.0000000 49.1851808 49.1935950 
1552.0000000 48.9887623 48.9971765 
1553.0000000 48.7923437 48.8007579 
1554.0000000 48.5959252 48.6043394 
1555.0000000 48.3995066 48.4079208 
1556.0000000 48.2030881 48.2115023 
1557.0000000 48.0066695 48.0150837 
1558.0000000 47.8102510 47.8186652 
1559.0000000 47.6138324 47.6222466 
1560.0000000 47.4174139 47.4258281 
1561.0000000 47.2209953 47.2294095 
1562.0000000 47.0245768 47.0329910 
1563.0000000 46.8281582 46.8365724 
1564.0000000 46.6317397 46.6401539 
1565.0000000 46.4353211 46.4437353 
1566.0000000 46.2389025 46.2473168 
1567.0000000 46.0424840 46.0508982 
1568.0000000 45.8460654 45.8544797 
1569.0000000 45.6496469 45.6580611 
1570.0000000 45.4532283 45.4616426 
1571.0000000 45.2568098 45.2652240 
1572.0000000 45.0603912 45.0688055 
1573.0000000 44.8639727 44.8723869 
1574.0000000 44.6675541 44.6759684 
1575.0000000 44.4711356 44.4795498 
1576.0000000 44.2747170 44.2831313 
1577.0000000 44.0782985 44.0867127 
1578.0000000 43.8818799 43.8902942 
1579.0000000 43.6854614 43.6938756 
1580.0000000 43.4890428 43.4974571 
1581.0000000 43.2926243 43.3010385 
1582.0000000 43.0962057 43.1046200 
1583.0000000 42.8997872 42.9082014 
1584.0000000 42.7033686 42.7117829 
1585.0000000 42.5069501 42.5153643 
1586.0000000 42.3105315 42.3189458 
1587.0000000 42.1141130 42.1225272 
1588.0000000 41.9176944 41.9261087 
1589.0000000 41.7212759 41.7296901 
1590.0000000 41.5248573 41.5332716 
1591.0000000 41.3284388 41.3368530 
1592.0000000 41.1320202 41.1404345 
1593.0000000 40.9356017 40.9440159 
1594.0000000 40.7391831 40.7475974 
1595.0000000 40.5427646 40.5511788 
1596.0000000 40.3463460 40.3547603 
1597.0000000 40.1499275 40.1583417 
1598.0000000 39.9535089 39.9619232 
1599.0000000 39.7570904 39.7655046 
1600.0000000 39.5606718 39.5690861 
1601.0000000 39.3642533 39.3726675 
1602.0000000 39.1678347 39.1762490 
1603.0000000 38.9714162 38.9798304 
1604.0000000 38.7749976 38.7834119 
1605.0000000 38.5785791 38.5869933 
1606.0000000 38.3821605 38.3905748 
1607.0000000 38.1857420 38.1941562 
1608.0000000 37.9893234 37.9977377 
1609.0000000 37.7929049 37.8013191 
1610.0000000 37.5964863 37.6049006 
1611.0000000 37.4000678 37.4084820 
1612.0000000 37.2036492 37.2120635 
1613.0000000 37.0072307 37.0156449 
1614.0000000 36.8108121 36.8192263 
1615.0000000 36.6143936 36.6228078 
1616.0000000 36.4179750 36.4263892 
1617.0000000 36.2215565 36.2299707 
1618.0000000 36.0251379 36.0335521 
1619.0000000 35.8287194 35.8371336 
1620.0000000 35.6323008 35.6407150 
1621.0000000 35.4358823 35.4442965 
1622.0000000 35.2394637 35.2478779 
1623.0000000 35.0430452 35.0514594 
1624.0000000 34.8466266 34.8550408 
1625.0000000 34.6502081 34.6586223 
1626.0000000 34.4537895 34.4622037 
1627.0000000 34.2573710 34.2657852 
1628.0000000 34.0609524 34.0693666 
1629.0000000 33.8645339 33.8729481 
1630.0000000 33.6681153 33.6765295 
1631.0000000 33.4716968 33.4801110 
1632.0000000 33.2752782 33.2836924 
1633.0000000 33.0788597 33.0872739 
1634.0000000 32.8824411 32.8908553 
1635.0000000 32.6860226 32.6944368 
1636.0000000 32.4896040 32.4980182 
1637.0000000 32.2931855 32.3015997 
1638.0000000 32.0967669 32.1051811 
1639.0000000 31.9003484 31.9087626 
1640.0000000 31.7039298 31.7123440 
1641.0000000 31.5075113 31.5159255 
1642.0000000 31.3110927 31.3195069 
1643.0000000 31.1146742 31.1230884 
1644.0000000 30.9182556 30.9266698 
1645.0000000 30.7218371 30.7302513 
1646.0000000 30.5254185 30.5338327 
1647.0000000 30.3290000 30.3374142 
1648.0000000 30.1325814 30.1409956 
1649.0000000 29.9361629 29.9445771 
1650.0000000 29.7397443 29.7481585 
1651.0000000 29.5433258 29.5517400 
1652.0000000 29.3469072 29.3553214 
1653.0000000 29.1504887 29.1589029 
1654.0000000 28.9540701 28.9624843 
1655.0000000 28.7576516 28.7660658 
1656.0000000 28.5612330 28.5696472 
1657.0000000 28.3648145 28.3732287 
1658.0000000 28.1683959 28.1768101 
1659.0000000 27.9719774 27.9803916 
1660.0000000 27.7755588 27.7839730 
1661.0000000 27.5791403 27.5875545 
1662.0000000 27.3827217 27.3911359 
1663.0000000 27.1863032 27.1947174 
1664.0000000 26.9898846 26.9982988 
1665.0000000 26.7934661 26.8018803 
1666.0000000 26.5970475 26.6054617 
1667.0000000 26.4006290 26.4090432 
1668.0000000 26.2042104 26.2126246 
1669.0000000 26.0077919 26.0162061 
1670.0000000 25.8113733 25.8197875 
1671.0000000 25.6149548 25.6233690 
1672.0000000 25.4185362 25.4269504 
1673.0000000 25.2221177 25.2305319 
1674.0000000 25.0256991 25.0341133 
1675.0000000 24.8292806 24.8376948 
1676.0000000 24.6328620 24.6412762 
1677.0000000 24.4364435 24.4448577 
1678.0000000 24.2400249 24.2484391 
1679.0000000 24.0436064 24.0520206 
1680.0000000 23.8471878 23.8556020 
1681.0000000 23.6507693 23.6591835 
1682.0000000 23.4543507 23.4627649 
1683.0000000 23.2579322 23.2663464 
1684.0000000 23.0615136 23.0699278 
1685.0000000 22.8650951 22.8735093 
1686.0000000 22.6686765 22.6770907 
1687.0000000 22.4722580 22.4806722 
1688.0000000 22.2758394 22.2842536 
1689.0000000 22.0794209 22.0878351 
1690.0000000 21.8830023 21.8914165 
1691.0000000 21.6865838 21.6949980 
1692.0000000 21.4901652 21.4985794 
1693.0000000 21.2937467 21.3021609 
1694.0000000 21.0973281 21.1057423 
1695.0000000 20.9009096 20.9093238 
1696.0000000 20.7044910 20.7129052 
1697.0000000 20.5080725 20.5164867 
1698.0000000 20.3116539 20.3200681 
1699.0000000 20.1152354 20.1236496 
1700.0000000 19.9188168 19.9272310 
1701.0000000 19.7223983 19.7308125 
1702.0000000 19.5259797 19.5343939 
1703.0000000 19.3295612 19.3379754 
1704.0000000 19.1331426 19.1415568 
1705.0000000 18.9367241 18.9451383 
1706.0000000 18.7403055 18.7487197 
1707.0000000 18.5438870 18.5523012 
1708.0000000 18.3474684 18.3558826 
1709.0000000 18.1510499 18.1594641 
1710.0000000 17.9546313 17.9630455 
1711.0000000 17.7582128 17.7666270 
1712.0000000 17.5617942 17.5702084 
1713.0000000 17.3653757 17.3737899 
1714.0000000 17.1689571 17.1773713 
1715.0000000 16.9725386 16.9809528 
1716.0000000 16.7761200 16.7845342 
1717.0000000 16.5797014 16.5881157 
1718.0000000 16.3832829 16.3916971 
1719.0000000 16.1868643 16.1952786 
1720.0000000 15.9904458 15.9988600 
1721.0000000 15.7940272 15.8024415 
1722.0000000 15.5976087 15.6060229 
1723.0000000 15.4011901 15.4096044 
1724.0000000 15.2047716 15.2131858 
1725.0000000 15.0083530 15.0167673 
1726.0000000 14.8119345 14.8203487 
1727.0000000 14.6155159 14.6239302 
1728.0000000 14.4190974 14.4275116 
1729.0000000 14.2226788 14.2310931 
1730.0000000 14.0262603 14.0346745 
1731.0000000 13.8298417 13.8382560 
1732.0000000 13.6334232 13.6418374 
1733.0000000 13.4370046 13.4454189 
1734.0000000 13.2405861 13.2490003 
1735.0000000 13.0441675 13.0525818 
1736.0000000 12.8477490 12.8561632 
1737.0000000 12.6513304 12.6597447 
1738.0000000 12.4549119 12.4633261 
1739.0000000 12.2584933 12.2669076 
1740.0000000 12.0620748 12.0704890 
1741.0000000 11.8656562 11.8740705 
1742.0000000 11.6692377 11.6776519 
1743.0000000 11.4728191 11.4812334 
1744.0000000 11.2764006 11.2848148 
1745.0000000 11.0799820 11.0883963 
1746.0000000 10.8835635 10.8919777 
1747.0000000 10.6871449 10.6955592 
1748.0000000 10.4907264 10.4991406 
1749.0000000 10.2943078 10.3027221 
1750.0000000 10.0978893 10.1063035 
1751.0000000 9.9014707 9.9098850 
1752.0000000 9.7050522 9.7134664 
1753.0000000 9.5086336 9.5170479 
1754.0000000 9.3122151 9.3206293 
1755.0000000 9.1157965 9.1242108 
1756.0000000 8.9193780 8.9277922 
1757.0000000 8.7229594 8.7313737 
1758.0000000 8.5265409 8.5349551 
1759.0000000 8.3301223 8.3385366 
1760.0000000 8.1337038 8.1421180 
1761.0000000 7.9372852 7.9456995 
1762.0000000 7.7408667 7.7492809 
1763.0000000 7.5444481 7.5528624 
1764.0000000 7.3480296 7.3564438 
1765.0000000 7.1516110 7.1600252 
1766.0000000 6.9551925 6.9636067 
1767.0000000 6.7587739 6.7671881 
1768.0000000 6.5623554 6.5707696 
1769.0000000 6.3659368 6.3743510 
1770.0000000 6.1695183 6.1779325 
1771.0000000 5.9730997 5.9815139 
1772.0000000 5.7766812 5.7850954 
1773.0000000 5.5802626 5.5886768 
1774.0000000 5.3838441 5.3922583 
1775.0000000 5.1874255 5.1958397 
1776.0000000 4.9910070 4.9994212 
1777.0000000 4.7945884 4.8030026 
1778.0000000 4.5981699 4.6065841 
1779.0000000 4.4017513 4.4101655 
1780.0000000 4.2053328 4.2137470 
1781.0000000 4.0089142 4.0173284 
1782.0000000 3.8124957 3.8209099 
1783.0000000 3.6160771 3.6244913 
1784.0000000 3.4196586 3.4280728 
1785.0000000 3.2232400 3.2316542 
1786.0000000 3.0268215 3.0352357 
1787.0000000 2.8304029 2.8388171 
1788.0000000 2.6339844 2.6423986 
1789.0000000 2.4375658 2.4459800 
1790.0000000 2.2411473 2.2495615 
1791.0000000 2.0447287 2.0531429 
1792.0000000 1.8483102 1.8567244 
1793.0000000 1.6518916 1.6603058 
1794.0000000 1.4554731 1.4638873 
1795.0000000 1.2590545 1.2674687 
1796.0000000 1.0626360 1.0710502 
1797.0000000 0.8662174 0.8746316 
1798.0000000 0.6697989 0.6782131 
1799.0000000 0.4733803 0.4817945 
1800.0000000 0.2769618 0.2853760 

